TrackNumber,Time(seconds),Latitude,Longitude,SOG,oceanic depth,Chlorophyll Concentration,Salinity,Water Surface Elevation,Sea Temperature,Thermocline Depth,Eastward Water Velocity,Northward Water Velocity
111859,0,60.691593,-1.15588,0.8,-7,-99999,35.2,-0.54,9.9,25.5,0.05,0.06
111859,903,60.691572,-1.181342,7.9,-9,20.76,35.2,-0.54,9.9,22.3,0.06,0.05
111859,1811,60.681172,-1.245322,8.2,-22,20.76,35.2,-0.54,10.,20.,0.07,0.06
111859,2721,60.673492,-1.313527,8.9,-22,17.9697,35.2,-0.54,10.100000000000001,20.400000000000002,0.07,0.06
111859,3631,60.660375,-1.354173,3.,-10,19.2561,35.2,-0.55,10.200000000000001,21.,0.07,0.06
111859,4585,60.648502,-1.356747,2.9,-10,19.2561,35.2,-0.55,10.200000000000001,21.,0.07,0.06
111859,5504,60.642387,-1.338008,2.4,-5,19.2561,35.2,-0.55,10.200000000000001,20.8,0.07,0.06
111859,6479,60.637437,-1.349838,2.3,-7,19.2561,-99999.,-99999.,-99999.,-99999.,-99999.,-99999.
111859,7572,60.640153,-1.373948,3.1,-14,19.2561,35.2,-0.54,10.200000000000001,24.8,0.01,0.04
111859,8561,60.651805,-1.365288,2.9,-12,19.2561,35.2,-0.55,10.200000000000001,22.1,0.05,0.05
111859,9512,60.662603,-1.36929,2.6,-13,19.2561,35.2,-0.55,10.200000000000001,21.900000000000002,0.05,0.06
111859,10509,60.668572,-1.374328,1.3,-25,15.790500000000002,35.2,-0.55,10.200000000000001,22.,0.05,0.06
111859,11520,60.667163,-1.357513,2.8,-25,17.2649,35.2,-0.55,10.200000000000001,21.1,0.06,0.06
111859,12461,60.658058,-1.351537,2.3,-9,19.2561,35.2,-0.55,10.200000000000001,21.,0.06,0.06
111859,13410,60.647325,-1.352703,2.5,-9,19.2561,35.2,-0.55,10.200000000000001,21.,0.06,0.06
111859,14381,60.638255,-1.337127,2.7,-4,19.2561,-99999.,-99999.,-99999.,-99999.,-99999.,-99999.
111859,15361,60.637393,-1.359212,2.6,-10,19.2561,-99999.,-99999.,-99999.,-99999.,-99999.,-99999.
111859,16342,60.64576,-1.369772,2.8,-13,19.2561,35.2,-0.55,10.200000000000001,23.3,0.03,0.05
111859,17252,60.657387,-1.36323,3.3,-12,19.2561,35.2,-0.55,10.200000000000001,21.6,0.05,0.05
111859,18164,60.669622,-1.354215,3.8,-25,17.4567,35.2,-0.55,10.200000000000001,21.1,0.06,0.06
111859,19071,60.667568,-1.377445,2.3,-25,18.8151,35.2,-0.55,10.200000000000001,22.200000000000003,0.04,0.05
111859,20011,60.668768,-1.394908,2.2,-26,16.124000000000002,35.2,-0.55,10.200000000000001,22.700000000000003,0.04,0.05
111859,20979,60.674037,-1.41091,2.4,-27,13.150500000000001,35.2,-0.55,10.200000000000001,22.8,0.04,0.05
111859,21940,60.668682,-1.399615,2.6,-26,15.437700000000001,35.2,-0.55,10.200000000000001,22.8,0.03,0.05
111859,22871,60.666412,-1.376643,2.7,-15,15.5023,35.2,-0.55,10.200000000000001,22.200000000000003,0.04,0.05
111859,25081,60.64694,-1.351045,2.4,-8,19.2561,35.2,-0.55,10.200000000000001,21.1,0.05,0.05
111859,26021,60.636982,-1.352303,0.5,-8,19.2561,-99999.,-99999.,-99999.,-99999.,-99999.,-99999.
111859,26922,60.63637,-1.353327,0.8,-8,19.2561,-99999.,-99999.,-99999.,-99999.,-99999.,-99999.
111859,27880,60.639277,-1.374025,6.1,-14,19.2561,35.2,-0.55,10.200000000000001,24.6,0.01,0.03
111859,28812,60.644147,-1.421652,5.2,-4,13.071900000000001,35.2,-0.55,10.200000000000001,24.3,0.01,0.04
111859,29741,60.631528,-1.449693,7.5,-11,14.6584,35.2,-0.55,10.200000000000001,24.6,0.01,0.03
111859,30650,60.606063,-1.474078,1.4,-18,9.829,35.2,-0.55,10.200000000000001,24.6,0.01,0.03
111859,32748,60.581647,-1.475675,2.5,-1,-99999,35.2,-0.55,10.200000000000001,24.6,0.01,0.03
111859,33732,60.575728,-1.49503,2.5,-1,-99999,35.2,-0.55,10.200000000000001,24.6,0.01,0.03
111859,34680,60.56715,-1.508512,2.6,-1,6.8383,35.2,-0.55,10.3,24.6,0.01,0.03
111859,35610,60.567215,-1.531613,2.9,-4,6.8383,35.2,-0.55,10.3,24.,0.01,0.03
111859,36676,60.558307,-1.551572,3.4,-6,6.8383,-99999.,-99999.,-99999.,-99999.,-99999.,-99999.
111859,38137,60.568907,-1.56828,2.5,-9,6.8383,35.2,-0.55,10.3,22.,0.01,0.03
111859,39169,60.573637,-1.545885,2.6,-6,6.8383,35.2,-0.55,10.3,23.200000000000003,0.01,0.03
111859,40150,60.57403,-1.522917,2.4,-3,6.8383,35.2,-0.55,10.3,24.400000000000002,0.01,0.03
111859,41129,60.573268,-1.49949,2.6,-2,-99999,35.2,-0.55,10.3,24.5,0.01,0.03
111859,43361,60.590892,-1.465225,2.3,-16,9.829,35.2,-0.55,10.200000000000001,24.400000000000002,0.,0.03
111859,44321,60.6002,-1.455705,2.7,-14,-99999,35.2,-0.55,10.200000000000001,24.400000000000002,0.,0.03
111859,45330,60.604583,-1.476062,2.5,-18,9.829,35.2,-0.55,10.200000000000001,24.400000000000002,0.,0.03
111859,46258,60.599662,-1.496772,2.8,-24,9.829,35.2,-0.55,10.3,24.5,0.,0.03
111859,47280,60.58792,-1.489018,2.7,-22,9.829,35.2,-0.55,10.3,24.400000000000002,0.,0.03
111859,48249,60.578238,-1.483817,2.5,-1,-99999,35.2,-0.55,10.3,24.400000000000002,0.,0.03
111859,49242,60.568675,-1.495725,2.5,-2,-99999,35.2,-0.55,10.3,24.400000000000002,0.,0.03
111859,50144,60.560145,-1.505602,3.4,-1,6.8383,35.2,-0.55,10.3,24.5,0.,0.03
111859,51101,60.568945,-1.520645,2.4,-3,6.8383,35.2,-0.55,10.3,24.5,0.,0.03
111859,52059,60.57818,-1.528963,0.6,-4,6.8383,35.2,-0.55,10.3,24.,0.,0.03
111859,52981,60.581497,-1.530457,0.9,-5,6.8383,35.2,-0.55,10.3,23.900000000000002,0.,0.03
111859,53920,60.575782,-1.555685,7.9,-8,6.8383,35.2,-0.55,10.3,22.6,0.,0.02
111859,54840,60.55789,-1.613255,7.9,-18,5.7233,35.2,-0.55,10.3,31.8,-0.01,0.03
111859,55759,60.540915,-1.669742,7.3,-24,1.6018000000000001,35.2,-0.56,10.200000000000001,30.900000000000002,-0.01,0.03
111859,56671,60.52449,-1.725792,7.7,-25,1.8778000000000001,35.2,-0.56,10.3,24.3,-0.03,0.02
111859,57602,60.506035,-1.765142,1.5,-25,1.4798,35.2,-0.56,10.3,20.3,-0.04,0.01
111859,58561,60.503177,-1.790757,2.7,-27,1.7904,35.2,-0.55,10.3,20.8,-0.04,0.01
111859,59523,60.50156,-1.813288,2.9,-28,1.3759000000000001,35.2,-0.55,10.4,21.200000000000003,-0.04,0.01
111859,60451,60.509645,-1.829692,3.2,-29,1.3531,35.2,-0.55,10.4,21.400000000000002,-0.04,0.01
111859,61411,60.52028,-1.817322,3.,-28,1.2021000000000002,35.2,-0.55,10.4,21.200000000000003,-0.04,0.01
111859,62374,60.521523,-1.793208,2.1,-27,1.1971,35.2,-0.55,10.4,20.700000000000003,-0.04,0.01
111859,63312,60.511877,-1.78826,2.3,-27,1.7001000000000002,35.2,-0.55,10.3,20.700000000000003,-0.04,0.01
111859,64271,60.505417,-1.770037,2.5,-26,1.5378,35.2,-0.56,10.3,20.5,-0.04,0.
111859,65210,60.496257,-1.775583,2.5,-25,1.4388,35.2,-0.56,10.3,20.6,-0.04,0.
111859,66119,60.497932,-1.797197,2.9,-26,1.3547,35.2,-0.56,10.3,21.,-0.05,0.01
111859,67050,60.504135,-1.817107,2.9,-28,1.3704,35.2,-0.55,10.4,21.3,-0.05,0.01
111859,67981,60.515803,-1.819925,3.2,-28,1.2526000000000002,35.2,-0.55,10.4,21.3,-0.04,0.01
111859,68890,60.51746,-1.797252,2.8,-27,1.2142000000000002,35.2,-0.55,10.4,20.900000000000002,-0.04,0.01
111859,69831,60.5093,-1.783985,2.7,-26,1.6719000000000002,35.2,-0.56,10.3,20.700000000000003,-0.04,0.
111859,70801,60.50289,-1.767322,2.5,-25,1.5168000000000001,35.2,-0.56,10.3,20.5,-0.04,0.
111859,71749,60.497955,-1.78233,3.,-26,1.3528,35.2,-0.56,10.3,20.8,-0.05,0.
111859,72700,60.500802,-1.805487,2.7,-27,1.3377000000000001,35.2,-0.56,10.4,21.200000000000003,-0.05,0.
111859,73670,60.508628,-1.822457,2.7,-28,1.3422,35.2,-0.55,10.4,21.400000000000002,-0.05,0.01
111859,74590,60.518797,-1.819242,3.4,-28,1.2186000000000001,35.2,-0.55,10.4,21.400000000000002,-0.04,0.01
111859,75551,60.519813,-1.795487,2.9,-27,1.2032,35.2,-0.55,10.4,20.900000000000002,-0.04,0.
111859,76491,60.510347,-1.783953,2.8,-26,1.6649,35.2,-0.56,10.4,20.8,-0.05,0.
111859,77432,60.503622,-1.766708,2.6,-25,1.5067000000000002,35.2,-0.56,10.3,20.5,-0.05,0.
111859,78361,60.495227,-1.778015,3.1,-25,1.4234,35.2,-0.56,10.3,20.8,-0.05,0.
111859,79381,60.483438,-1.787698,2.6,-25,1.3598000000000001,35.2,-0.56,10.3,21.,-0.06,0.
111859,80379,60.478605,-1.798498,0.5,-26,1.4454,35.2,-0.56,10.3,21.200000000000003,-0.06,0.
111859,81330,60.459653,-1.834547,8.,-25,1.3567,35.2,-0.56,10.3,22.400000000000002,-0.06,0.
111859,82235,60.439122,-1.868722,3.5,-26,1.2251,35.2,-0.56,10.3,23.700000000000003,-0.06,0.01
111859,83200,60.42861,-1.888067,2.6,-26,1.2745,35.2,-0.56,10.3,24.6,-0.06,0.01
111859,84149,60.420062,-1.904787,2.6,-27,1.1222,35.2,-0.56,10.3,25.5,-0.06,0.01
111859,85109,60.412127,-1.922773,2.7,-25,1.2878,35.2,-0.56,10.3,26.200000000000003,-0.07,0.01
111859,86031,60.41015,-1.944127,3.2,-26,1.2936,35.2,-0.56,10.3,25.3,-0.07,0.01
111859,86990,60.421415,-1.955068,2.8,-27,1.1107,35.2,-0.56,10.4,24.3,-0.07,0.01
111859,87941,60.432188,-1.965982,2.8,-27,1.2789000000000001,35.2,-0.56,10.4,23.5,-0.07,0.
111859,88891,60.443038,-1.976647,2.7,-28,1.2499,35.2,-0.56,10.5,22.900000000000002,-0.07,0.
111859,89851,60.45419,-1.98758,2.8,-29,1.2147000000000001,35.2,-0.56,10.5,22.400000000000002,-0.07,0.
111859,90810,60.465537,-1.999695,3.,-30,1.0143,35.2,-0.55,10.600000000000001,22.1,-0.07,0.
111859,91719,60.476438,-2.011162,3.,-30,1.1214,35.2,-0.55,10.600000000000001,22.1,-0.06,0.01
111859,92682,60.48842,-2.02109,3.,-31,1.0915000000000001,35.2,-0.55,10.700000000000001,22.200000000000003,-0.05,0.01
111859,93610,60.4985,-2.010568,2.6,-31,1.1025,35.2,-0.55,10.700000000000001,22.200000000000003,-0.05,0.01
111859,94555,60.498242,-1.989083,2.5,-30,1.07,35.2,-0.55,10.600000000000001,22.1,-0.05,0.01
111859,95511,60.49433,-1.96938,2.5,-30,1.1409,35.2,-0.55,10.600000000000001,22.,-0.06,0.01
111859,96471,60.488467,-1.953377,2.4,-29,1.0126,35.2,-0.55,10.600000000000001,22.,-0.07,0.01
111859,97430,60.481227,-1.939952,2.2,-28,1.0559,35.2,-0.55,10.5,22.,-0.07,0.01
111859,98379,60.473405,-1.926895,2.4,-27,1.0885,35.2,-0.55,10.5,22.400000000000002,-0.08,0.01
111859,99330,60.46655,-1.91125,2.4,-28,0.9368000000000001,35.2,-0.56,10.5,22.8,-0.08,0.01
111859,100271,60.460002,-1.895372,2.4,-27,0.9623,35.2,-0.56,10.4,23.1,-0.08,0.01
111859,101220,60.45166,-1.884598,2.3,-27,1.2590000000000001,35.2,-0.56,10.4,23.400000000000002,-0.07,0.
111859,102199,60.442703,-1.87685,2.,-26,1.3321,35.2,-0.56,10.4,23.700000000000003,-0.07,0.
111859,103150,60.433762,-1.874232,2.3,-26,1.2266000000000001,35.2,-0.56,10.4,24.1,-0.07,0.
111859,104097,60.426048,-1.884992,1.6,-26,1.3067,35.2,-0.56,10.3,24.6,-0.07,0.
111859,105027,60.426372,-1.895783,2.6,-27,1.2075,35.2,-0.56,10.4,24.8,-0.07,0.
111859,105931,60.428797,-1.901287,0.9,-27,1.1574,35.2,-0.56,10.4,24.8,-0.08,0.
111859,106891,60.421585,-1.916903,2.,-25,1.2943,35.2,-0.56,10.4,25.6,-0.08,0.01
111859,107851,60.413687,-1.926323,2.2,-25,1.2872000000000001,35.2,-0.56,10.4,25.8,-0.08,0.
111859,108950,60.404917,-1.93803,2.3,-25,1.2955,35.2,-0.56,10.4,25.8,-0.08,0.
111859,109890,60.399083,-1.953752,2.1,-26,1.2966,35.2,-0.56,10.4,25.200000000000003,-0.08,0.
111859,110820,60.392633,-1.967387,2.1,-26,1.2733,35.2,-0.56,10.4,24.200000000000003,-0.08,-0.01
111859,111778,60.385413,-1.980145,2.1,-26,1.2851000000000001,35.2,-0.56,10.4,23.3,-0.08,-0.01
111859,112700,60.379392,-1.993537,2.2,-26,1.2935,35.2,-0.56,10.4,22.700000000000003,-0.08,-0.02
111859,113622,60.372585,-2.007237,2.5,-25,1.6442,35.2,-0.56,10.4,22.400000000000002,-0.08,-0.02
111859,114585,60.369788,-2.026572,2.3,-26,1.4747000000000001,35.2,-0.56,10.4,22.5,-0.08,-0.02
111859,115543,60.369812,-2.046302,2.3,-27,1.5552000000000001,35.2,-0.56,10.4,22.700000000000003,-0.08,-0.02
111859,116493,60.370428,-2.065867,2.2,-28,1.5145000000000002,35.2,-0.56,10.5,22.8,-0.08,-0.02
111859,117452,60.371452,-2.087178,2.7,-27,1.3796000000000002,35.2,-0.56,10.5,23.,-0.08,-0.01
111859,118392,60.373522,-2.108325,2.5,-28,1.6042,35.2,-0.56,10.600000000000001,23.,-0.07,-0.01
111859,119310,60.377157,-2.127895,2.6,-29,1.8127,35.2,-0.56,10.600000000000001,23.1,-0.07,-0.01
111859,120253,60.383185,-2.146878,2.7,-30,1.8339,35.2,-0.56,10.700000000000001,23.1,-0.07,-0.01
111859,121193,60.388485,-2.166448,2.4,-31,1.8432000000000002,35.2,-0.56,10.700000000000001,23.200000000000003,-0.07,-0.01
111859,122165,60.393605,-2.186662,2.5,-31,2.0292,35.2,-0.56,10.8,23.200000000000003,-0.07,-0.01
111859,123111,60.40303,-2.197123,2.7,-31,2.0149,35.2,-0.55,10.8,23.3,-0.07,-0.01
111859,124973,60.422707,-2.214247,3.1,-33,2.0427,35.2,-0.55,10.9,23.900000000000002,-0.07,-0.01
111859,125972,60.420945,-2.23935,2.7,-34,2.116,35.2,-0.55,11.,24.1,-0.07,-0.01
111859,126922,60.420175,-2.262833,2.8,-32,2.0467,35.2,-0.55,11.,24.6,-0.07,-0.01
111859,127912,60.407595,-2.26516,2.5,-32,1.7833,35.2,-0.55,11.,24.3,-0.07,-0.01
111859,128857,60.400453,-2.265077,0.2,-32,1.7787000000000002,35.2,-0.55,11.,24.1,-0.08,-0.01
111859,129806,60.391597,-2.295837,8.1,-33,1.7265000000000001,35.2,-0.55,11.,25.,-0.07,-0.01
111859,130772,60.376932,-2.36394,8.,-34,1.9014000000000002,35.2,-0.55,11.100000000000001,26.1,-0.07,0.
111859,131702,60.363195,-2.427937,7.9,-34,1.7218,35.2,-0.55,11.100000000000001,27.,-0.06,0.01
111859,132613,60.351472,-2.49123,8.2,-37,1.8803,35.2,-0.56,11.,27.900000000000002,-0.06,0.03
111859,133592,60.33868,-2.526235,2.7,-35,1.8712000000000002,35.2,-0.56,11.,28.5,-0.05,0.04
111859,134553,60.330407,-2.541373,3.,-32,1.6052000000000002,35.2,-0.56,11.,29.1,-0.05,0.04
111859,135512,60.32653,-2.564048,2.6,-33,1.6729,35.2,-0.56,11.,28.8,-0.05,0.05
111859,136442,60.320387,-2.582725,2.7,-34,1.7465000000000002,35.2,-0.56,11.,27.900000000000002,-0.05,0.05
111859,137403,60.312475,-2.599585,2.6,-31,1.7675,35.2,-0.56,11.,26.900000000000002,-0.04,0.05
111859,138343,60.30305,-2.610457,2.4,-32,1.8028000000000002,35.2,-0.56,11.,26.5,-0.04,0.05
111859,139343,60.29322,-2.6232,2.5,-32,1.8181,35.2,-0.56,11.,26.200000000000003,-0.04,0.05
111859,140332,60.284243,-2.638388,2.7,-33,1.8522,35.2,-0.56,11.,25.900000000000002,-0.03,0.05
111859,141302,60.281393,-2.660378,2.9,-33,1.7483000000000002,35.2,-0.56,11.,26.200000000000003,-0.03,0.05
111859,142285,60.289498,-2.680057,2.7,-30,1.7296,35.2,-0.56,11.,25.8,-0.03,0.06
111859,143244,60.30117,-2.678655,2.5,-30,1.945,35.2,-0.56,11.,25.1,-0.03,0.07
111859,144244,60.309582,-2.664075,2.5,-33,2.2325,35.2,-0.56,11.,24.5,-0.03,0.07
111859,145191,60.31378,-2.644743,2.7,-32,1.983,35.2,-0.56,11.,24.200000000000003,-0.04,0.06
111859,146151,60.316207,-2.623777,2.4,-32,2.0187,35.2,-0.56,11.,25.200000000000003,-0.04,0.06
111859,147093,60.321227,-2.604815,2.4,-31,1.8666,35.2,-0.56,11.,26.400000000000002,-0.05,0.06
111859,148043,60.32801,-2.587448,2.6,-31,1.7115,35.2,-0.56,11.,27.200000000000003,-0.05,0.05
111859,149013,60.335797,-2.571398,2.4,-37,1.9743000000000002,35.2,-0.56,11.,27.6,-0.05,0.05
111859,149914,60.335197,-2.570088,3.3,-37,1.9554,35.2,-0.56,11.,27.8,-0.06,0.05
111859,150898,60.332737,-2.54677,1.4,-33,1.5898,35.2,-0.56,11.,28.8,-0.06,0.04
111859,151803,60.332382,-2.521552,2.4,-32,1.5450000000000002,35.2,-0.56,11.,29.3,-0.06,0.03
111859,152742,60.33199,-2.498787,2.7,-34,1.6511,35.2,-0.56,11.,29.8,-0.06,0.02
111859,153705,60.330825,-2.475542,2.7,-33,1.5301,35.2,-0.55,11.100000000000001,30.1,-0.07,0.01
111859,154652,60.329633,-2.451925,2.6,-32,1.6403,35.2,-0.55,11.100000000000001,29.700000000000003,-0.07,0.01
111859,155602,60.329255,-2.428195,2.8,-31,1.4816,35.2,-0.55,11.100000000000001,29.3,-0.07,0.
111859,156619,60.32954,-2.40191,2.7,-33,1.5384,35.2,-0.55,11.100000000000001,28.700000000000003,-0.07,-0.01
111859,157572,60.330168,-2.377208,3.,-32,1.4418,35.2,-0.55,11.100000000000001,27.8,-0.07,-0.02
111859,158531,60.329727,-2.352025,2.9,-31,1.5075,35.2,-0.55,11.,26.900000000000002,-0.07,-0.02
111859,159483,60.330262,-2.326822,2.9,-31,1.5516,35.2,-0.56,11.,25.900000000000002,-0.07,-0.03
111859,160435,60.328208,-2.302445,2.8,-30,1.7377,35.2,-0.56,11.,25.400000000000002,-0.07,-0.03
111859,161363,60.324062,-2.279073,2.9,-30,1.7493,35.2,-0.56,10.9,25.1,-0.07,-0.03
111859,162318,60.319312,-2.256065,2.7,-29,2.0812,35.2,-0.56,10.8,24.900000000000002,-0.07,-0.03
111859,163283,60.314803,-2.234235,2.7,-30,1.7584000000000002,35.2,-0.56,10.8,24.6,-0.07,-0.03
111859,164203,60.309898,-2.211377,2.7,-29,1.5922,35.2,-0.56,10.700000000000001,24.3,-0.07,-0.03
111859,165182,60.30514,-2.1877,2.9,-28,1.5376,35.2,-0.56,10.700000000000001,24.,-0.07,-0.03
111859,166124,60.298913,-2.167005,2.8,-26,1.3207,35.2,-0.56,10.600000000000001,23.700000000000003,-0.08,-0.03
111859,167074,60.287535,-2.160418,2.6,-26,1.2649000000000001,35.2,-0.56,10.600000000000001,23.5,-0.07,-0.03
111859,168011,60.277012,-2.16583,2.6,-26,1.2988,35.2,-0.56,10.600000000000001,23.5,-0.07,-0.03
111859,168950,60.267722,-2.176398,2.5,-26,1.1743000000000001,35.2,-0.56,10.600000000000001,23.5,-0.07,-0.03
111859,169903,60.25843,-2.18833,2.6,-26,1.1876,35.2,-0.56,10.600000000000001,23.6,-0.06,-0.04
111859,170856,60.247558,-2.197043,2.6,-26,1.2283000000000002,35.2,-0.56,10.600000000000001,23.6,-0.06,-0.04
111859,171812,60.236353,-2.206263,2.7,-26,1.2084000000000001,35.2,-0.56,10.700000000000001,23.700000000000003,-0.06,-0.04
111859,172767,60.226435,-2.217837,2.6,-26,1.1816,35.2,-0.56,10.700000000000001,23.8,-0.05,-0.05
111859,173725,60.21867,-2.21929,1.1,-26,1.1425,35.2,-0.56,10.700000000000001,23.8,-0.05,-0.05
111859,174654,60.2071,-2.207118,2.7,-25,0.9839,35.2,-0.56,10.600000000000001,23.6,-0.05,-0.05
111859,175584,60.195812,-2.208237,2.1,-25,0.9864,35.2,-0.56,10.600000000000001,23.6,-0.05,-0.06
111859,176492,60.186115,-2.216023,2.6,-25,1.0991,35.2,-0.56,10.600000000000001,23.6,-0.05,-0.06
111859,177462,60.176968,-2.230017,2.6,-25,1.0608,35.2,-0.56,10.600000000000001,23.6,-0.05,-0.07
111859,178435,60.168385,-2.244075,2.5,-25,1.0008000000000001,35.2,-0.56,10.600000000000001,23.700000000000003,-0.05,-0.07
111859,179413,60.167968,-2.268107,2.6,-25,1.2153,35.2,-0.56,10.700000000000001,24.3,-0.05,-0.08
111859,180383,60.173198,-2.288582,2.6,-26,1.2827,35.2,-0.55,10.8,24.900000000000002,-0.05,-0.08
111859,181319,60.180662,-2.305387,2.6,-27,1.2598,35.2,-0.55,10.8,25.200000000000003,-0.05,-0.07
111859,182262,60.190917,-2.316503,2.7,-27,1.3316000000000001,35.2,-0.55,10.9,25.400000000000002,-0.05,-0.07
111859,183214,60.2024,-2.322198,2.7,-28,1.3852,35.2,-0.55,10.9,25.400000000000002,-0.05,-0.07
111859,184163,60.213993,-2.323175,2.7,-28,1.6346,35.2,-0.55,10.9,25.400000000000002,-0.05,-0.07
111859,185116,60.225625,-2.32056,2.6,-28,1.6378000000000001,35.2,-0.55,11.,25.3,-0.05,-0.06
111859,186066,60.23225,-2.304908,2.5,-28,1.5214,35.2,-0.55,10.9,25.1,-0.06,-0.06
111859,187022,60.238195,-2.288198,2.2,-28,1.6278000000000001,35.2,-0.56,10.9,24.900000000000002,-0.06,-0.05
111859,187952,60.243395,-2.271577,2.4,-27,1.5146000000000002,35.2,-0.56,10.8,24.8,-0.06,-0.05
111859,188902,60.249412,-2.25472,2.3,-27,1.3881000000000001,35.2,-0.56,10.8,24.700000000000003,-0.07,-0.05
111859,189871,60.254533,-2.237163,2.4,-28,1.3862,35.2,-0.56,10.8,24.6,-0.07,-0.05
111859,190772,60.258008,-2.216753,2.6,-27,1.3881000000000001,35.2,-0.56,10.700000000000001,24.3,-0.07,-0.04
111859,191757,60.262138,-2.194897,2.6,-27,1.2428000000000001,35.2,-0.56,10.700000000000001,24.1,-0.08,-0.04
111859,192702,60.268062,-2.174937,2.9,-26,1.1699000000000002,35.2,-0.56,10.600000000000001,23.900000000000002,-0.08,-0.04
111859,193633,60.27667,-2.158873,2.9,-26,1.2666000000000002,35.2,-0.56,10.600000000000001,23.8,-0.09,-0.04
111859,194645,60.288932,-2.148893,2.9,-26,1.1768,35.2,-0.56,10.600000000000001,23.900000000000002,-0.09,-0.04
111859,195592,60.301367,-2.14521,3.,-26,1.343,35.2,-0.56,10.600000000000001,24.1,-0.1,-0.04
111859,196534,60.31183,-2.14046,0.8,-26,1.3664,35.2,-0.56,10.600000000000001,24.200000000000003,-0.1,-0.04
111859,197441,60.313892,-2.142653,3.3,-27,1.3839000000000001,35.2,-0.56,10.600000000000001,24.200000000000003,-0.1,-0.04
111859,198344,60.304267,-2.154443,2.5,-27,1.3839000000000001,35.2,-0.56,10.600000000000001,24.1,-0.1,-0.04
111859,199293,60.294542,-2.161977,2.3,-27,1.3371,35.2,-0.56,10.600000000000001,24.1,-0.09,-0.04
111859,200253,60.284858,-2.169367,2.4,-26,1.2843,35.2,-0.56,10.700000000000001,24.1,-0.09,-0.04
111859,201202,60.274715,-2.175718,2.3,-26,1.2207000000000001,35.2,-0.56,10.700000000000001,24.200000000000003,-0.09,-0.04
111859,202156,60.26483,-2.181808,2.5,-26,1.1827,35.2,-0.56,10.700000000000001,24.200000000000003,-0.09,-0.04
111859,203063,60.258865,-2.197437,2.5,-27,1.2483,35.2,-0.56,10.700000000000001,24.3,-0.08,-0.05
111859,204013,60.251813,-2.21282,2.5,-27,1.3503,35.2,-0.56,10.700000000000001,24.5,-0.08,-0.05
111859,204963,60.248572,-2.232195,2.4,-27,1.407,35.2,-0.56,10.8,24.700000000000003,-0.08,-0.05
111859,205953,60.245215,-2.252582,2.4,-27,1.3621,35.2,-0.56,10.8,24.900000000000002,-0.08,-0.05
111859,206892,60.239882,-2.270367,2.6,-27,1.4938,35.2,-0.56,10.9,25.,-0.07,-0.06
111859,207843,60.233048,-2.28721,2.4,-27,1.5975000000000001,35.2,-0.56,10.9,25.200000000000003,-0.07,-0.06
111859,208793,60.227662,-2.306032,2.6,-28,1.5198,35.2,-0.56,10.9,25.400000000000002,-0.07,-0.07
111859,209697,60.216902,-2.308747,2.6,-28,1.5171000000000001,35.2,-0.55,10.9,25.5,-0.07,-0.07
111859,210643,60.205143,-2.306152,2.8,-27,1.3095,35.2,-0.55,10.9,25.5,-0.07,-0.07
111859,211594,60.196998,-2.288663,3.,-27,1.3188,35.2,-0.56,10.9,25.3,-0.07,-0.08
111859,212553,60.194697,-2.263347,2.8,-26,1.2217,35.2,-0.56,10.8,24.900000000000002,-0.07,-0.07
111859,213503,60.192867,-2.239168,2.9,-26,1.1560000000000001,35.2,-0.56,10.700000000000001,24.5,-0.07,-0.07
111859,214452,60.201123,-2.226343,2.5,-26,1.1788,35.2,-0.56,10.700000000000001,24.5,-0.08,-0.07
111859,215369,60.20794,-2.210352,2.4,-26,1.1666,35.2,-0.56,10.700000000000001,24.400000000000002,-0.08,-0.06
111859,215370,60.20794,-2.210352,2.4,-26,1.1666,35.2,-0.56,10.700000000000001,24.400000000000002,-0.08,-0.06
111859,215419,60.20825,-2.209562,2.4,-26,1.1654,35.2,-0.56,10.700000000000001,24.400000000000002,-0.08,-0.06
111859,216353,60.217487,-2.204028,2.2,-26,1.0463,35.2,-0.56,10.700000000000001,24.400000000000002,-0.08,-0.06
111859,217312,60.2268,-2.203282,2.2,-26,1.1175000000000002,35.2,-0.56,10.700000000000001,24.400000000000002,-0.08,-0.06
111859,218273,60.237413,-2.20498,2.5,-26,1.2098,35.2,-0.56,10.700000000000001,24.5,-0.09,-0.06
111859,219231,60.248508,-2.205862,2.5,-26,1.3075,35.2,-0.56,10.700000000000001,24.6,-0.09,-0.05
111859,220185,60.25533,-2.19813,1.8,-26,1.2434,35.2,-0.56,10.700000000000001,24.6,-0.09,-0.05
111859,221113,60.257995,-2.190188,7.5,-26,1.1979,35.2,-0.56,10.700000000000001,24.6,-0.09,-0.05
111859,222036,60.286645,-2.161188,7.6,-26,1.2710000000000001,35.2,-0.56,10.700000000000001,24.400000000000002,-0.11,-0.04
111859,223003,60.305338,-2.164487,2.6,-27,1.4231,35.2,-0.56,10.700000000000001,24.6,-0.11,-0.04
111859,223912,60.308117,-2.182232,2.6,-27,1.4905000000000002,35.2,-0.56,10.700000000000001,24.900000000000002,-0.11,-0.04
111859,224852,60.314773,-2.20059,2.7,-28,1.7259,35.2,-0.56,10.8,25.200000000000003,-0.11,-0.04
111859,225802,60.31978,-2.222565,2.7,-29,1.7353,35.2,-0.56,10.8,25.5,-0.11,-0.04
111859,226813,60.325032,-2.246477,2.8,-31,1.7829000000000002,35.2,-0.56,10.9,25.8,-0.11,-0.04
111859,227773,60.330005,-2.269245,2.7,-29,1.9258000000000002,35.2,-0.56,11.,25.900000000000002,-0.11,-0.04
111859,228722,60.337572,-2.287135,2.8,-31,1.6397000000000002,35.2,-0.56,11.,26.1,-0.11,-0.04
111859,229732,60.336262,-2.290188,1.4,-31,1.6322,35.2,-0.56,11.,26.200000000000003,-0.11,-0.04
111859,230703,60.336348,-2.282142,4.2,-31,1.651,35.2,-0.56,11.,26.1,-0.11,-0.04
111859,231653,60.336593,-2.2566,2.5,-31,1.7094,35.2,-0.56,11.,25.900000000000002,-0.11,-0.04
111859,232603,60.333858,-2.235925,2.4,-31,1.9048,35.2,-0.56,10.9,25.700000000000003,-0.11,-0.04
111859,233532,60.33,-2.216345,2.3,-29,1.8133000000000001,35.2,-0.56,10.9,25.5,-0.12,-0.04
111859,234474,60.324833,-2.1982,2.5,-29,1.7528000000000001,35.2,-0.56,10.8,25.400000000000002,-0.12,-0.04
111859,235431,60.31869,-2.18053,2.4,-28,1.5015,35.2,-0.56,10.8,25.1,-0.12,-0.04
111859,236394,60.315938,-2.159235,2.9,-27,1.4771,35.2,-0.56,10.700000000000001,24.900000000000002,-0.12,-0.05
111859,237313,60.322855,-2.140448,2.8,-27,1.4039000000000001,35.2,-0.56,10.700000000000001,24.900000000000002,-0.13,-0.05
111859,238333,60.33257,-2.120755,3.,-27,1.3210000000000002,35.2,-0.56,10.700000000000001,24.900000000000002,-0.13,-0.05
111859,239283,60.341918,-2.103082,2.9,-27,1.5264,35.2,-0.56,10.700000000000001,24.8,-0.14,-0.05
111859,240193,60.350245,-2.085035,3.,-26,1.4604000000000001,35.2,-0.56,10.700000000000001,24.6,-0.14,-0.05
111859,241145,60.357362,-2.063197,3.1,-28,1.5225,35.2,-0.56,10.600000000000001,24.200000000000003,-0.14,-0.06
111859,242072,60.366662,-2.044417,3.1,-27,1.57,35.2,-0.56,10.600000000000001,23.900000000000002,-0.15,-0.06
111859,242991,60.376547,-2.026973,3.1,-26,1.2839,35.2,-0.5700000000000001,10.600000000000001,23.8,-0.15,-0.06
111859,243913,60.387788,-2.012542,3.1,-26,1.2962,35.2,-0.5700000000000001,10.600000000000001,23.8,-0.16,-0.06
111859,244883,60.394275,-1.989988,3.1,-26,1.2893000000000001,35.2,-0.5700000000000001,10.600000000000001,24.1,-0.16,-0.06
111859,245868,60.387503,-1.968672,3.,-26,1.2773,35.2,-0.5700000000000001,10.600000000000001,24.200000000000003,-0.15,-0.06
111859,246802,60.380905,-1.964447,2.,-25,1.2791000000000001,35.2,-0.5700000000000001,10.5,24.,-0.15,-0.06
111859,247709,60.371778,-1.951735,7.9,-25,1.3418,35.2,-0.5700000000000001,10.5,23.700000000000003,-0.14,-0.06
111859,248612,60.345082,-1.912938,7.8,-24,1.5190000000000001,35.2,-0.5700000000000001,10.4,22.400000000000002,-0.12,-0.05
111859,249555,60.315112,-1.873435,8.5,-20,2.3583000000000003,35.2,-0.58,10.3,22.,-0.08,-0.03
111859,250502,60.290408,-1.827893,2.8,-8,2.3123,35.2,-0.58,10.200000000000001,21.1,-0.05,-0.02
111859,251455,60.281577,-1.805113,2.9,-6,2.1630000000000003,35.2,-0.58,10.200000000000001,20.700000000000003,-0.05,-0.01
111859,252412,60.273913,-1.783993,3.,-5,2.1332,35.2,-0.58,10.100000000000001,20.8,-0.04,-0.01
111859,253361,60.26485,-1.76444,3.1,-4,2.1328,35.2,-0.58,10.,21.400000000000002,-0.03,-0.01
111859,254272,60.253352,-1.7503,3.2,-2,2.1444,35.2,-0.58,10.,21.6,-0.03,-0.01
111859,255213,60.239073,-1.742895,3.5,-3,2.5676,35.2,-0.58,10.,21.6,-0.03,-0.01
111859,256175,60.22398,-1.732703,3.6,-5,3.3009,35.2,-0.58,10.,21.400000000000002,-0.04,-0.01
111859,257104,60.213325,-1.71218,3.3,-10,4.8719,35.2,-0.58,10.,21.3,-0.06,-0.01
111859,258024,60.205503,-1.688393,3.3,-16,5.625500000000001,35.2,-0.58,9.9,21.5,-0.08,0.
111859,258988,60.19756,-1.665398,3.2,0,5.2826,35.2,-0.58,9.8,21.200000000000003,-0.08,0.
111859,260077,60.189485,-1.642918,3.1,-5,5.732200000000001,35.2,-0.58,9.8,20.5,-0.08,0.01
111859,261043,60.180882,-1.615353,2.9,-11,5.7773,35.2,-0.58,9.8,19.8,-0.09,0.01
111859,261993,60.17266,-1.597623,2.7,-15,5.7586,35.2,-0.58,9.700000000000001,19.3,-0.09,0.01
111859,262938,60.163495,-1.609125,2.6,-24,5.2090000000000005,35.2,-0.58,9.8,19.6,-0.09,0.01
111859,263859,60.156003,-1.625243,2.6,-23,4.3741,35.2,-0.58,9.8,20.3,-0.09,0.01
111859,264773,60.161028,-1.642952,3.,-24,5.069500000000001,35.2,-0.58,9.8,20.6,-0.09,0.01
111859,265722,60.17319,-1.648077,2.8,-4,5.766,35.2,-0.58,9.8,20.8,-0.09,0.01
111859,266632,60.185247,-1.64991,3.1,-4,5.6503000000000005,35.2,-0.58,9.8,20.900000000000002,-0.09,0.
111859,267553,60.195773,-1.66579,3.2,0,5.2748,35.2,-0.58,9.9,21.3,-0.09,0.
111859,268464,60.205845,-1.684743,3.3,-16,5.6936,35.2,-0.58,9.9,21.700000000000003,-0.08,0.
111859,269384,60.214343,-1.70644,3.3,-11,2.9189000000000003,35.2,-0.58,10.,21.5,-0.06,-0.01
111859,270311,60.222083,-1.729738,3.3,-5,3.5179,35.2,-0.58,10.,21.400000000000002,-0.05,-0.01
111859,271212,60.230028,-1.75198,3.3,-18,4.2106,35.2,-0.58,10.100000000000001,21.400000000000002,-0.04,-0.01
111859,272171,60.23825,-1.77646,3.3,-16,2.9083,35.2,-0.58,10.100000000000001,20.8,-0.04,-0.01
111859,273088,60.248032,-1.796122,3.4,-15,2.9786,35.2,-0.58,10.100000000000001,20.,-0.05,-0.02
111859,273992,60.256657,-1.808873,3.7,-3,2.1289000000000002,35.2,-0.58,10.200000000000001,19.8,-0.06,-0.02
111859,274701,60.261777,-1.812903,5.,-3,2.1491000000000002,35.2,-0.58,10.200000000000001,19.900000000000002,-0.06,-0.02
111859,274953,60.255315,-1.812398,6.8,-2,2.1315,35.2,-0.58,10.200000000000001,19.700000000000003,-0.06,-0.02
111859,275913,60.225752,-1.815152,6.5,-11,2.8161,35.2,-0.58,10.200000000000001,19.400000000000002,-0.07,-0.02
111859,276822,60.198393,-1.818165,6.3,-8,3.486,35.2,-0.58,10.200000000000001,20.200000000000003,-0.07,-0.02
111859,277782,60.173135,-1.818353,2.2,-5,4.3948,35.2,-0.58,10.200000000000001,20.900000000000002,-0.08,-0.03
111859,278763,60.165767,-1.816557,1.6,-19,3.0103,35.2,-0.58,10.200000000000001,21.200000000000003,-0.08,-0.03
111859,279714,60.159415,-1.808668,1.7,-20,2.9846000000000004,35.2,-0.58,10.200000000000001,21.3,-0.09,-0.03
111859,280662,60.15265,-1.800432,1.8,-21,2.8428,35.2,-0.58,10.200000000000001,21.3,-0.09,-0.02
111859,281620,60.145295,-1.79217,1.9,-21,2.58,35.2,-0.58,10.200000000000001,21.400000000000002,-0.09,-0.02
111859,282547,60.137958,-1.784292,2.,-22,4.9465,35.2,-0.58,10.200000000000001,21.5,-0.09,-0.02
111859,283492,60.129913,-1.775968,2.3,-22,4.5479,35.2,-0.58,10.200000000000001,21.700000000000003,-0.1,-0.02
111859,284423,60.124493,-1.758728,2.3,-24,2.556,35.2,-0.58,10.200000000000001,21.900000000000002,-0.1,-0.01
111859,285410,60.117072,-1.742245,2.5,-21,3.0925000000000002,35.2,-0.58,10.200000000000001,22.200000000000003,-0.1,-0.01
111859,286351,60.10758,-1.732052,2.8,-22,2.8495,35.2,-0.58,10.3,22.5,-0.1,-0.01
111859,287293,60.096638,-1.735477,2.6,-23,2.963,35.2,-0.58,10.3,22.8,-0.1,-0.01
111859,288219,60.092947,-1.755942,2.6,-24,2.4113,35.2,-0.58,10.3,22.900000000000002,-0.1,-0.01
111859,289141,60.093897,-1.777733,2.7,-22,2.8324000000000003,35.2,-0.58,10.4,22.6,-0.1,-0.01
111859,290095,60.099312,-1.796105,2.6,-21,2.5574000000000003,35.2,-0.58,10.3,22.200000000000003,-0.1,-0.02
111859,291054,60.09863,-1.816052,2.9,-19,2.564,35.2,-0.58,10.4,21.900000000000002,-0.11,-0.02
111859,292002,60.08976,-1.830205,2.6,-18,2.5867,35.2,-0.58,10.4,21.6,-0.11,-0.02
111859,292966,60.092182,-1.849473,2.2,-23,2.523,35.2,-0.58,10.4,21.5,-0.11,-0.02
111859,293893,60.101197,-1.848302,2.3,-23,2.4902,35.2,-0.58,10.4,21.6,-0.11,-0.03
111859,294813,60.105568,-1.833345,3.3,-24,2.3752,35.2,-0.58,10.4,21.6,-0.11,-0.02
111859,295783,60.104322,-1.808048,3.,-20,2.5586,35.2,-0.58,10.4,22.,-0.11,-0.02
111859,296731,60.105453,-1.784358,2.8,-22,2.8234000000000004,35.2,-0.58,10.3,22.3,-0.11,-0.02
111859,297744,60.105663,-1.757357,2.9,-24,2.4853,35.2,-0.58,10.3,22.700000000000003,-0.11,-0.01
111859,298708,60.102103,-1.73503,3.2,-23,2.9393000000000002,35.2,-0.58,10.3,22.8,-0.11,-0.01
111859,299661,60.09187,-1.740455,2.5,-23,3.1087000000000002,35.2,-0.58,10.4,23.1,-0.11,-0.01
111859,300577,60.092423,-1.748892,0.9,-23,3.3367,35.2,-0.58,10.4,23.1,-0.11,-0.01
111859,301500,60.07453,-1.74083,8.3,-24,2.2187,35.2,-0.58,10.4,23.400000000000002,-0.11,-0.01
111859,302414,60.039527,-1.733387,8.2,-24,2.027,35.2,-0.58,10.5,23.400000000000002,-0.11,0.
111859,303324,60.03545,-1.701405,2.5,-24,3.5158,35.2,-0.58,10.5,23.700000000000003,-0.11,0.01
111859,304263,60.037637,-1.680082,2.5,-24,2.6795,35.2,-0.58,10.5,23.8,-0.1,0.01
111859,305177,60.039245,-1.659882,2.4,-24,3.5102,35.2,-0.58,10.4,24.,-0.1,0.01
111859,306101,60.042723,-1.641082,2.4,-24,3.1963000000000004,35.2,-0.58,10.4,24.3,-0.1,0.01
111859,307054,60.047397,-1.621803,2.5,-24,3.2596000000000003,35.2,-0.58,10.3,24.6,-0.1,0.01
111859,307963,60.055913,-1.608748,2.5,-24,3.2774,35.2,-0.58,10.3,25.,-0.1,0.01
111859,308912,60.065847,-1.598568,2.5,-24,3.3379000000000003,35.2,-0.58,10.200000000000001,25.3,-0.1,0.01
111859,309836,60.070827,-1.5803,2.5,-24,3.4006000000000003,35.2,-0.58,10.200000000000001,25.200000000000003,-0.1,0.01
111859,310776,60.071042,-1.560655,2.3,-24,3.5476,35.2,-0.58,10.100000000000001,24.900000000000002,-0.09,0.01
111859,311690,60.070388,-1.540847,2.3,-25,4.2214,35.2,-0.58,10.,24.6,-0.09,0.01
111859,312626,60.070487,-1.52055,2.4,-25,4.056900000000001,35.2,-0.59,9.9,24.3,-0.09,0.
111859,313576,60.071593,-1.499475,2.5,-22,5.891900000000001,35.2,-0.59,9.8,24.400000000000002,-0.08,0.
111859,314503,60.072883,-1.47899,2.4,-22,4.9026000000000005,35.2,-0.59,9.8,24.5,-0.06,0.
111859,315445,60.067995,-1.462723,2.2,-20,4.1206000000000005,35.2,-0.59,9.700000000000001,24.6,-0.05,0.
111859,316381,60.062273,-1.448205,2.2,-19,5.1352,35.2,-0.59,9.700000000000001,24.700000000000003,-0.05,0.
111859,317307,60.055355,-1.434807,2.3,-17,4.3323,35.2,-0.59,9.700000000000001,24.6,-0.04,0.
111859,318235,60.047725,-1.425767,2.1,-14,4.0084,35.2,-0.59,9.8,24.6,-0.04,0.
111859,319183,60.03852,-1.43134,2.4,-12,2.8383000000000003,35.2,-0.58,9.8,24.5,-0.04,0.
111859,320101,60.029797,-1.440007,2.3,-11,3.1877,35.2,-0.58,9.8,24.5,-0.04,0.
111859,321027,60.020805,-1.446655,2.2,-9,3.4564000000000004,35.2,-0.58,9.9,24.5,-0.04,0.
111859,321945,60.011233,-1.450753,2.4,-8,3.6222000000000003,35.2,-0.58,10.,24.5,-0.04,0.
111859,322883,60.001373,-1.454648,2.4,-6,3.7805,35.2,-0.58,10.,24.6,-0.04,0.
111859,323853,59.99126,-1.458938,2.5,-21,2.3156000000000003,35.2,-0.58,10.100000000000001,24.700000000000003,-0.05,0.
111859,324777,59.980933,-1.463048,2.5,-18,2.3322000000000003,35.2,-0.58,10.100000000000001,24.8,-0.05,0.
111859,325726,59.970332,-1.462777,2.8,-16,2.3376,35.2,-0.58,10.200000000000001,24.900000000000002,-0.05,0.01
111859,326653,59.960657,-1.47076,2.3,-13,2.3247,35.2,-0.58,10.200000000000001,25.1,-0.05,0.01
111859,327602,59.950385,-1.471228,2.4,-10,2.0839000000000003,35.2,-0.58,10.3,25.200000000000003,-0.05,0.01
111859,328541,59.939448,-1.467048,2.7,-7,1.9959,35.2,-0.58,10.3,25.3,-0.05,0.01
111859,329541,59.934803,-1.474337,1.,-6,2.0523000000000002,35.2,-0.58,10.3,25.5,-0.05,0.01
111859,330479,59.942235,-1.489655,5.8,-8,2.2249000000000003,35.2,-0.58,10.3,25.6,-0.06,0.01
111859,331449,59.95288,-1.493132,2.4,-11,2.2583,35.2,-0.58,10.3,25.5,-0.06,0.01
111859,332431,59.96287,-1.49855,2.5,-13,2.2738,35.2,-0.58,10.3,25.6,-0.07,0.01
111859,333366,59.972947,-1.50286,2.4,-23,2.1354,35.2,-0.58,10.3,25.5,-0.07,0.01
111859,334303,59.981362,-1.489322,2.4,-18,2.3626,35.2,-0.58,10.200000000000001,25.3,-0.06,0.01
111859,335261,59.989487,-1.476033,2.4,-21,2.3606000000000003,35.2,-0.58,10.100000000000001,25.,-0.06,0.
111859,336193,59.997485,-1.463027,2.4,-23,2.3239,35.2,-0.58,10.100000000000001,24.700000000000003,-0.05,0.
111859,337220,60.00589,-1.448603,2.3,-6,3.5343,35.2,-0.58,10.,24.400000000000002,-0.04,0.
111859,338155,60.014178,-1.438518,2.2,-7,3.1247000000000003,35.2,-0.59,9.9,24.200000000000003,-0.04,-0.01
111859,339072,60.021462,-1.45114,2.3,-10,3.6386000000000003,35.2,-0.59,9.9,24.400000000000002,-0.05,-0.01
111859,340074,60.021403,-1.47354,2.7,-12,2.9306,35.2,-0.58,10.,24.700000000000003,-0.06,0.
111859,341004,60.020497,-1.496015,2.8,-14,3.7653000000000003,35.2,-0.58,10.100000000000001,25.,-0.08,0.
111859,341955,60.013837,-1.517415,2.9,-24,3.0714,35.2,-0.58,10.200000000000001,25.5,-0.09,0.
111859,342916,60.007537,-1.539127,2.9,-24,3.81,35.2,-0.58,10.3,25.3,-0.1,0.
111859,343865,60.002062,-1.561208,2.9,-23,3.1338000000000004,35.2,-0.58,10.4,25.1,-0.1,0.01
111859,344791,59.996643,-1.582463,2.8,-26,2.3934,35.2,-0.58,10.5,24.700000000000003,-0.11,0.01
111859,345744,59.991077,-1.603463,2.8,-22,3.7553,35.2,-0.58,10.5,24.5,-0.11,0.01
111859,346666,59.986113,-1.62447,2.7,-23,2.4192,35.2,-0.58,10.600000000000001,24.6,-0.12,0.01
111859,347597,59.982032,-1.646108,2.7,-24,3.9553000000000003,35.2,-0.58,10.600000000000001,24.700000000000003,-0.12,0.01
111859,348534,59.97894,-1.66212,3.1,-24,2.6479,35.2,-0.58,10.600000000000001,24.8,-0.13,0.01
111859,349443,59.962215,-1.67064,3.4,-23,4.9983,35.2,-0.58,10.600000000000001,24.900000000000002,-0.13,0.01
111859,350416,59.949223,-1.659687,2.9,-25,5.2289,35.2,-0.58,10.600000000000001,24.900000000000002,-0.13,0.02
111859,351413,59.941777,-1.636308,2.8,-24,3.859,35.2,-0.58,10.600000000000001,24.8,-0.12,0.02
111859,352333,59.93701,-1.615073,2.6,-24,3.714,35.2,-0.58,10.600000000000001,24.8,-0.12,0.02
111859,353331,59.932288,-1.61503,0.4,-24,3.378,35.2,-0.58,10.600000000000001,24.900000000000002,-0.12,0.02
111859,354296,59.930905,-1.59172,2.4,-23,3.1892,35.2,-0.58,10.600000000000001,25.,-0.11,0.02
111859,355203,59.930483,-1.571332,2.4,-24,2.2023,35.2,-0.58,10.5,25.400000000000002,-0.11,0.02
111859,356204,59.93232,-1.550035,2.3,-24,2.8559,35.2,-0.58,10.5,25.8,-0.1,0.02
111859,357152,59.93438,-1.529522,2.8,-24,2.1915,35.2,-0.58,10.4,26.200000000000003,-0.09,0.01
111859,358081,59.943188,-1.512517,2.8,-24,2.4862,35.2,-0.58,10.4,26.200000000000003,-0.09,0.01
111859,359004,59.951303,-1.495273,2.8,-10,2.2749,35.2,-0.58,10.3,25.900000000000002,-0.08,0.
111859,359972,59.963028,-1.483193,3.3,-13,2.3033,35.2,-0.58,10.3,25.6,-0.07,0.
111859,360892,59.975917,-1.479958,3.2,-17,2.3391,35.2,-0.58,10.200000000000001,25.3,-0.07,0.
111859,361852,59.985028,-1.461397,2.8,-20,2.3272,35.2,-0.58,10.100000000000001,24.8,-0.06,-0.01
111859,362822,59.996632,-1.449145,2.9,-23,2.2689,35.2,-0.59,10.,24.3,-0.05,-0.01
111859,363762,60.009052,-1.44148,3.1,-6,3.2444,35.2,-0.59,9.9,24.,-0.05,-0.02
111859,364680,60.022112,-1.442647,3.1,-9,3.2937000000000003,35.2,-0.59,9.9,24.,-0.05,-0.02
111859,365611,60.035495,-1.44213,3.1,-12,3.2746,35.2,-0.59,9.8,24.,-0.05,-0.02
111859,366516,60.047647,-1.44073,3.,-15,4.256600000000001,35.2,-0.59,9.700000000000001,24.,-0.05,-0.02
111859,367431,60.060318,-1.44354,3.,-18,4.8217,35.2,-0.59,9.700000000000001,24.,-0.06,-0.02
111859,368401,60.071678,-1.456022,2.9,-21,5.7675,35.2,-0.59,9.700000000000001,24.1,-0.07,-0.02
111859,368889,60.074795,-1.467635,2.9,-22,4.353000000000001,35.2,-0.59,9.700000000000001,24.3,-0.08,-0.02
111859,369321,60.07605,-1.478673,2.8,-22,4.8859,35.2,-0.59,9.8,24.400000000000002,-0.09,-0.02
111859,370271,60.073303,-1.501953,2.7,-26,3.9037,35.2,-0.59,9.9,24.700000000000003,-0.1,-0.02
111859,371192,60.069135,-1.522565,2.6,-25,4.1158,35.2,-0.59,10.,25.1,-0.12,-0.01
111859,372144,60.064063,-1.542942,2.7,-24,3.7288,35.2,-0.59,10.100000000000001,25.400000000000002,-0.12,-0.01
111859,373092,60.059733,-1.564483,2.7,-24,3.5735,35.2,-0.59,10.200000000000001,25.700000000000003,-0.13,-0.01
111859,374038,60.054228,-1.583703,2.6,-25,3.5982000000000003,35.2,-0.59,10.3,25.8,-0.14,-0.01
111859,374972,60.049635,-1.60467,2.7,-25,3.3909000000000002,35.2,-0.58,10.4,25.8,-0.14,-0.01
111859,375904,60.045572,-1.626045,1.1,-24,3.5892000000000004,35.2,-0.58,10.5,25.3,-0.14,-0.01
111859,376903,60.046185,-1.633005,0.3,-24,3.4123,35.2,-0.58,10.5,25.200000000000003,-0.15,-0.01
111859,377813,60.036028,-1.618752,2.5,-25,3.4182,35.2,-0.58,10.5,25.3,-0.14,-0.01
111859,378752,60.026747,-1.604387,2.7,-25,3.0026,35.2,-0.58,10.5,25.400000000000002,-0.14,-0.01
111859,379722,60.017145,-1.588392,2.8,-25,2.5399000000000003,35.2,-0.58,10.5,25.3,-0.13,-0.01
111859,380673,60.007833,-1.571802,2.8,-23,3.4595000000000002,35.2,-0.58,10.5,25.3,-0.13,-0.01
111859,381667,59.997558,-1.55597,2.9,-25,2.1287000000000003,35.2,-0.58,10.4,25.400000000000002,-0.12,0.
111859,382623,59.986423,-1.540433,3.1,-24,2.462,35.2,-0.58,10.4,25.8,-0.12,0.
111859,383555,59.975208,-1.52644,3.3,-24,2.3332,35.2,-0.58,10.4,26.1,-0.11,0.
111859,384511,59.96229,-1.511123,3.4,-24,2.3117,35.2,-0.58,10.4,26.3,-0.1,0.
111859,385427,59.94986,-1.498152,3.1,-10,2.2986,35.2,-0.58,10.4,26.400000000000002,-0.09,0.
111859,386332,59.938845,-1.484902,3.1,-7,2.1742,35.2,-0.58,10.4,26.5,-0.08,0.
111859,386378,59.938293,-1.484055,3.,-7,2.1646,35.2,-0.58,10.4,26.5,-0.08,0.
111859,386438,59.93762,-1.482977,3.1,-7,2.1523000000000003,35.2,-0.58,10.4,26.5,-0.08,0.
111859,387253,59.928038,-1.468308,3.3,-4,1.9542000000000002,35.2,-0.58,10.4,26.700000000000003,-0.07,0.
111859,388176,59.914513,-1.462205,3.3,-23,2.5344,35.2,-0.58,10.4,26.8,-0.07,0.
111859,389091,59.903843,-1.477822,2.7,-20,2.2152000000000003,35.2,-0.58,10.4,26.5,-0.1,0.
111859,390005,59.900588,-1.491173,2.,-19,2.0288,35.2,-0.58,10.4,26.6,-0.11,0.
111859,391256,59.909975,-1.4875,2.3,-22,2.1513,35.2,-0.58,10.4,26.8,-0.1,0.
111859,392215,59.915643,-1.471022,2.2,-23,2.4269000000000003,35.2,-0.58,10.4,26.900000000000002,-0.08,0.
111859,393164,59.923395,-1.463395,2.,-3,1.8677000000000001,35.2,-0.58,10.4,27.,-0.07,0.
111859,394072,59.931888,-1.466095,2.1,-5,1.9471,35.2,-0.58,10.4,26.700000000000003,-0.07,0.
111859,394632,59.937153,-1.462777,2.2,-6,1.9397000000000002,35.2,-0.58,10.4,26.5,-0.07,-0.01
111859,395001,59.940498,-1.460525,0.6,-7,1.937,35.2,-0.58,10.3,26.400000000000002,-0.07,-0.01
111859,395905,59.939902,-1.454945,1.,-7,2.3071,35.2,-0.58,10.3,26.400000000000002,-0.06,-0.01
111859,396866,59.953727,-1.450888,7.3,-11,2.2487,35.2,-0.58,10.3,25.8,-0.06,-0.02
111859,397783,59.985153,-1.445553,7.6,-20,2.2757,35.2,-0.59,10.100000000000001,24.5,-0.06,-0.03
111859,398697,60.017327,-1.431707,8.2,-7,2.8483,35.2,-0.59,9.9,23.6,-0.06,-0.04
111859,399633,60.051973,-1.419598,8.1,-15,3.9673000000000003,35.2,-0.59,9.700000000000001,23.5,-0.06,-0.04
111859,400567,60.085422,-1.404547,8.1,0,-99999,35.2,-0.59,9.600000000000001,23.5,-0.06,-0.04
111859,401480,60.108152,-1.354092,8.,-3,-99999,-99999.,-99999.,-99999.,-99999.,-99999.,-99999.
111859,402420,60.128985,-1.297263,8.2,-3,-99999,-99999.,-99999.,-99999.,-99999.,-99999.,-99999.
111859,403346,60.135103,-1.271498,0.,-4,-99999,-99999.,-99999.,-99999.,-99999.,-99999.,-99999.
111859,404253,60.135085,-1.271497,0.,-4,-99999,-99999.,-99999.,-99999.,-99999.,-99999.,-99999.
111859,405173,60.135083,-1.271512,0.,-4,-99999,-99999.,-99999.,-99999.,-99999.,-99999.,-99999.
111859,406098,60.135115,-1.271485,0.,-4,-99999,-99999.,-99999.,-99999.,-99999.,-99999.,-99999.
111859,407102,60.135118,-1.271435,0.,-4,-99999,-99999.,-99999.,-99999.,-99999.,-99999.,-99999.
111859,408024,60.1351,-1.271493,0.,-4,-99999,-99999.,-99999.,-99999.,-99999.,-99999.,-99999.
111859,409023,60.135097,-1.271497,0.,-4,-99999,-99999.,-99999.,-99999.,-99999.,-99999.,-99999.
111859,410002,60.135108,-1.271513,0.,-4,-99999,-99999.,-99999.,-99999.,-99999.,-99999.,-99999.
111859,410934,60.13512,-1.271525,0.,-4,-99999,-99999.,-99999.,-99999.,-99999.,-99999.,-99999.
111859,411913,60.135062,-1.271467,0.,-4,-99999,-99999.,-99999.,-99999.,-99999.,-99999.,-99999.
111859,412855,60.135115,-1.271513,0.,-4,-99999,-99999.,-99999.,-99999.,-99999.,-99999.,-99999.
111859,413831,60.134342,-1.272103,0.3,-4,-99999,-99999.,-99999.,-99999.,-99999.,-99999.,-99999.
111859,414831,60.134245,-1.272337,0.,-4,-99999,-99999.,-99999.,-99999.,-99999.,-99999.,-99999.
111859,415841,60.134258,-1.272337,0.,-4,-99999,-99999.,-99999.,-99999.,-99999.,-99999.,-99999.
111859,416830,60.134242,-1.272333,0.,-4,-99999,-99999.,-99999.,-99999.,-99999.,-99999.,-99999.
111859,417732,60.134242,-1.272277,0.,-4,-99999,-99999.,-99999.,-99999.,-99999.,-99999.,-99999.
111859,418702,60.134252,-1.272348,0.,-4,-99999,-99999.,-99999.,-99999.,-99999.,-99999.,-99999.
111859,419787,60.134297,-1.272383,0.,-4,-99999,-99999.,-99999.,-99999.,-99999.,-99999.,-99999.
111859,420734,60.134277,-1.272328,0.,-4,-99999,-99999.,-99999.,-99999.,-99999.,-99999.,-99999.
111859,421721,60.134277,-1.272333,0.,-4,-99999,-99999.,-99999.,-99999.,-99999.,-99999.,-99999.
111859,422659,60.134282,-1.272317,0.,-4,-99999,-99999.,-99999.,-99999.,-99999.,-99999.,-99999.
111859,423633,60.134232,-1.272328,0.,-4,-99999,-99999.,-99999.,-99999.,-99999.,-99999.,-99999.
111859,424641,60.13429,-1.272303,0.,-4,-99999,-99999.,-99999.,-99999.,-99999.,-99999.,-99999.
111859,425570,60.134247,-1.272325,0.,-4,-99999,-99999.,-99999.,-99999.,-99999.,-99999.,-99999.
111859,426609,60.134282,-1.27233,0.,-4,-99999,-99999.,-99999.,-99999.,-99999.,-99999.,-99999.
111859,427615,60.134258,-1.272352,0.,-4,-99999,-99999.,-99999.,-99999.,-99999.,-99999.,-99999.
111859,428559,60.134277,-1.272302,0.,-4,-99999,-99999.,-99999.,-99999.,-99999.,-99999.,-99999.
111859,429565,60.134263,-1.272293,0.,-4,-99999,-99999.,-99999.,-99999.,-99999.,-99999.,-99999.
111859,430501,60.134292,-1.272305,0.,-4,-99999,-99999.,-99999.,-99999.,-99999.,-99999.,-99999.
111859,431490,60.134258,-1.272293,0.,-4,-99999,-99999.,-99999.,-99999.,-99999.,-99999.,-99999.
111859,432472,60.134263,-1.272317,0.,-4,-99999,-99999.,-99999.,-99999.,-99999.,-99999.,-99999.
111859,433514,60.134165,-1.272297,0.,-4,-99999,-99999.,-99999.,-99999.,-99999.,-99999.,-99999.
111859,434469,60.134192,-1.272258,0.,-4,-99999,-99999.,-99999.,-99999.,-99999.,-99999.,-99999.
111859,435446,60.134222,-1.272303,0.,-4,-99999,-99999.,-99999.,-99999.,-99999.,-99999.,-99999.
111859,436382,60.134283,-1.272317,0.,-4,-99999,-99999.,-99999.,-99999.,-99999.,-99999.,-99999.
111859,437346,60.134267,-1.272325,0.,-4,-99999,-99999.,-99999.,-99999.,-99999.,-99999.,-99999.
111859,438433,60.134252,-1.272355,0.,-4,-99999,-99999.,-99999.,-99999.,-99999.,-99999.,-99999.
111859,439442,60.134288,-1.272355,0.,-4,-99999,-99999.,-99999.,-99999.,-99999.,-99999.,-99999.
111859,440384,60.134272,-1.272302,0.,-4,-99999,-99999.,-99999.,-99999.,-99999.,-99999.,-99999.
111859,441405,60.13422,-1.272457,0.,-4,-99999,-99999.,-99999.,-99999.,-99999.,-99999.,-99999.
111859,442313,60.13426,-1.272357,0.,-4,-99999,-99999.,-99999.,-99999.,-99999.,-99999.,-99999.
111859,443272,60.134255,-1.272333,0.,-4,-99999,-99999.,-99999.,-99999.,-99999.,-99999.,-99999.
111859,444212,60.134252,-1.272327,0.,-4,-99999,-99999.,-99999.,-99999.,-99999.,-99999.,-99999.
111859,445152,60.134258,-1.272345,0.,-4,-99999,-99999.,-99999.,-99999.,-99999.,-99999.,-99999.
111859,446195,60.134235,-1.272307,0.,-4,-99999,-99999.,-99999.,-99999.,-99999.,-99999.,-99999.
111859,447123,60.134278,-1.27234,0.,-4,-99999,-99999.,-99999.,-99999.,-99999.,-99999.,-99999.
111859,448093,60.134278,-1.272328,0.,-4,-99999,-99999.,-99999.,-99999.,-99999.,-99999.,-99999.
111859,449101,60.134262,-1.272352,0.,-4,-99999,-99999.,-99999.,-99999.,-99999.,-99999.,-99999.
111859,450012,60.13425,-1.272342,0.,-4,-99999,-99999.,-99999.,-99999.,-99999.,-99999.,-99999.
111859,451000,60.134262,-1.272297,0.,-4,-99999,-99999.,-99999.,-99999.,-99999.,-99999.,-99999.
111859,451912,60.134288,-1.272343,0.,-4,-99999,-99999.,-99999.,-99999.,-99999.,-99999.,-99999.
111859,452853,60.134285,-1.272332,0.,-4,-99999,-99999.,-99999.,-99999.,-99999.,-99999.,-99999.
111859,453791,60.134257,-1.272323,0.,-4,-99999,-99999.,-99999.,-99999.,-99999.,-99999.,-99999.
111859,454712,60.134275,-1.272317,0.,-4,-99999,-99999.,-99999.,-99999.,-99999.,-99999.,-99999.
111859,455792,60.134257,-1.272353,0.,-4,-99999,-99999.,-99999.,-99999.,-99999.,-99999.,-99999.
111859,456804,60.134218,-1.272362,0.,-4,-99999,-99999.,-99999.,-99999.,-99999.,-99999.,-99999.
111859,457743,60.134242,-1.272335,0.,-4,-99999,-99999.,-99999.,-99999.,-99999.,-99999.,-99999.
111859,458733,60.13423,-1.272328,0.,-4,-99999,-99999.,-99999.,-99999.,-99999.,-99999.,-99999.
111859,459673,60.134243,-1.272308,0.,-4,-99999,-99999.,-99999.,-99999.,-99999.,-99999.,-99999.
111859,460591,60.134205,-1.272387,0.,-4,-99999,-99999.,-99999.,-99999.,-99999.,-99999.,-99999.
111859,461572,60.134213,-1.272307,0.,-4,-99999,-99999.,-99999.,-99999.,-99999.,-99999.,-99999.
111859,462513,60.13428,-1.272295,0.,-4,-99999,-99999.,-99999.,-99999.,-99999.,-99999.,-99999.
111859,463432,60.134222,-1.272367,0.,-4,-99999,-99999.,-99999.,-99999.,-99999.,-99999.,-99999.
111859,464352,60.134263,-1.272302,0.,-4,-99999,-99999.,-99999.,-99999.,-99999.,-99999.,-99999.
111859,465353,60.134243,-1.272317,0.,-4,-99999,-99999.,-99999.,-99999.,-99999.,-99999.,-99999.
111859,466363,60.134285,-1.272343,0.,-4,-99999,-99999.,-99999.,-99999.,-99999.,-99999.,-99999.
111859,467344,60.134268,-1.27229,0.,-4,-99999,-99999.,-99999.,-99999.,-99999.,-99999.,-99999.
111859,468353,60.134283,-1.272305,0.,-4,-99999,-99999.,-99999.,-99999.,-99999.,-99999.,-99999.
111859,468940,60.134138,-1.272433,0.,-4,-99999,-99999.,-99999.,-99999.,-99999.,-99999.,-99999.
111859,469391,60.134288,-1.272293,0.,-4,-99999,-99999.,-99999.,-99999.,-99999.,-99999.,-99999.
111859,470312,60.134268,-1.27231,0.,-4,-99999,-99999.,-99999.,-99999.,-99999.,-99999.,-99999.
111859,471322,60.13426,-1.272287,0.,-4,-99999,-99999.,-99999.,-99999.,-99999.,-99999.,-99999.
111859,472233,60.134262,-1.272328,0.,-4,-99999,-99999.,-99999.,-99999.,-99999.,-99999.,-99999.
111859,473283,60.134243,-1.272258,0.,-4,-99999,-99999.,-99999.,-99999.,-99999.,-99999.,-99999.
111859,474297,60.134243,-1.27231,0.,-4,-99999,-99999.,-99999.,-99999.,-99999.,-99999.,-99999.
111859,475293,60.134193,-1.27235,0.,-4,-99999,-99999.,-99999.,-99999.,-99999.,-99999.,-99999.
111859,476243,60.134162,-1.272382,0.,-4,-99999,-99999.,-99999.,-99999.,-99999.,-99999.,-99999.
111859,477253,60.13415,-1.272393,0.,-4,-99999,-99999.,-99999.,-99999.,-99999.,-99999.,-99999.
111859,478163,60.134235,-1.272367,0.,-4,-99999,-99999.,-99999.,-99999.,-99999.,-99999.,-99999.
111859,479153,60.134142,-1.272365,0.,-4,-99999,-99999.,-99999.,-99999.,-99999.,-99999.,-99999.
111859,480153,60.134233,-1.272325,0.,-4,-99999,-99999.,-99999.,-99999.,-99999.,-99999.,-99999.
111859,481103,60.134237,-1.272345,0.,-4,-99999,-99999.,-99999.,-99999.,-99999.,-99999.,-99999.
111859,482013,60.135217,-1.271313,0.,-4,-99999,-99999.,-99999.,-99999.,-99999.,-99999.,-99999.
111859,482932,60.135192,-1.271322,0.,-4,-99999,-99999.,-99999.,-99999.,-99999.,-99999.,-99999.
111859,483948,60.135202,-1.271333,0.,-4,-99999,-99999.,-99999.,-99999.,-99999.,-99999.,-99999.
111859,484921,60.135197,-1.271365,0.,-4,-99999,-99999.,-99999.,-99999.,-99999.,-99999.,-99999.
111859,485931,60.135253,-1.271353,0.,-4,-99999,-99999.,-99999.,-99999.,-99999.,-99999.,-99999.
111859,486940,60.135197,-1.27135,0.,-4,-99999,-99999.,-99999.,-99999.,-99999.,-99999.,-99999.
111859,487923,60.135185,-1.271358,0.,-4,-99999,-99999.,-99999.,-99999.,-99999.,-99999.,-99999.
111859,488895,60.135232,-1.271328,0.,-4,-99999,-99999.,-99999.,-99999.,-99999.,-99999.,-99999.
111859,489833,60.135017,-1.271592,0.,-4,-99999,-99999.,-99999.,-99999.,-99999.,-99999.,-99999.
111859,490781,60.135032,-1.271602,0.,-4,-99999,-99999.,-99999.,-99999.,-99999.,-99999.,-99999.
111859,491732,60.13423,-1.270312,3.8,-4,-99999,-99999.,-99999.,-99999.,-99999.,-99999.,-99999.
111859,492643,60.119233,-1.323647,7.9,-2,-99999,-99999.,-99999.,-99999.,-99999.,-99999.,-99999.
111859,493581,60.102467,-1.381922,8.2,-1,-99999,35.2,-0.59,9.600000000000001,22.1,-0.08,-0.08
111859,494511,60.106265,-1.45049,8.1,-9,7.9728,35.2,-0.59,9.700000000000001,22.6,-0.09,-0.07
111859,495413,60.111543,-1.517833,8.1,-20,4.6446000000000005,35.2,-0.59,10.100000000000001,25.200000000000003,-0.16,-0.04
111859,496353,60.115882,-1.589583,8.3,-23,2.9205,35.2,-0.59,10.3,25.900000000000002,-0.2,-0.04
111859,497285,60.12102,-1.659033,8.6,-21,4.039000000000001,35.2,-0.59,10.5,25.8,-0.22,-0.04
111859,498236,60.12796,-1.737428,8.9,-21,5.2013,35.2,-0.59,10.600000000000001,24.900000000000002,-0.23,-0.06
111859,499145,60.13807,-1.802768,8.8,-20,3.1321000000000003,35.2,-0.59,10.700000000000001,24.6,-0.23,-0.07
111859,500064,60.147663,-1.877955,8.8,-22,2.8354,35.2,-0.58,10.8,25.3,-0.23,-0.08
111859,501023,60.1558,-1.939153,8.2,-15,3.2102,35.2,-0.58,10.8,25.5,-0.21,-0.09
111859,501932,60.165067,-2.023492,8.5,-2,2.3906,35.2,-0.58,10.9,26.3,-0.21,-0.09
111859,502899,60.176372,-2.086582,7.4,-5,2.3406000000000002,35.2,-0.58,11.,27.900000000000002,-0.22,-0.11
111859,503806,60.186948,-2.145785,8.6,-18,1.0252000000000001,35.2,-0.5700000000000001,11.,29.,-0.24,-0.13
111859,504732,60.204477,-2.206632,4.2,-25,0.9854,35.2,-0.5700000000000001,11.100000000000001,29.700000000000003,-0.26,-0.14
111859,505634,60.215253,-2.22441,2.8,-26,1.1622000000000001,35.2,-0.5700000000000001,11.200000000000001,30.,-0.26,-0.14
111859,506704,60.224335,-2.238525,2.7,-26,1.3221,35.2,-0.5700000000000001,11.200000000000001,30.200000000000003,-0.26,-0.14
111859,507634,60.234437,-2.253443,2.8,-26,1.3493000000000002,35.2,-0.5700000000000001,11.200000000000001,30.,-0.26,-0.14
111859,508581,60.244963,-2.261878,2.9,-27,1.439,35.2,-0.56,11.3,29.900000000000002,-0.26,-0.14
111859,509566,60.253795,-2.2477,2.7,-29,1.3867,35.2,-0.5700000000000001,11.200000000000001,30.200000000000003,-0.26,-0.13
111859,510552,60.256892,-2.226288,2.6,-28,1.3948,35.2,-0.5700000000000001,11.200000000000001,30.200000000000003,-0.27,-0.13
111859,511542,60.259833,-2.204833,2.6,-27,1.2974,35.2,-0.5700000000000001,11.200000000000001,29.900000000000002,-0.27,-0.13
111859,513403,60.275707,-2.170665,2.5,-26,1.212,35.2,-0.5700000000000001,11.200000000000001,29.5,-0.28,-0.13
111859,514326,60.28051,-2.163432,0.5,-26,1.2872000000000001,35.2,-0.5700000000000001,11.100000000000001,29.5,-0.28,-0.13
111859,515294,60.277335,-2.166755,0.3,-26,1.2142000000000002,35.2,-0.5700000000000001,11.200000000000001,29.5,-0.28,-0.14
111859,516288,60.276362,-2.162852,1.2,-26,1.2850000000000001,35.2,-0.5700000000000001,11.200000000000001,29.5,-0.28,-0.14
111859,517210,60.278153,-2.159965,0.2,-26,1.2703,35.2,-0.5700000000000001,11.100000000000001,29.5,-0.28,-0.14
111859,518163,60.282198,-2.15895,0.4,-26,1.2605,35.2,-0.5700000000000001,11.200000000000001,29.5,-0.28,-0.14
111859,519108,60.273368,-2.16628,3.3,-26,1.2987,35.2,-0.5700000000000001,11.200000000000001,29.6,-0.28,-0.14
111859,520068,60.261973,-2.180433,2.7,-26,1.1578000000000002,35.2,-0.5700000000000001,11.200000000000001,29.8,-0.28,-0.14
111859,521020,60.248493,-2.202258,3.1,-26,1.2775,35.2,-0.5700000000000001,11.200000000000001,30.,-0.28,-0.14
111859,521981,60.234892,-2.204663,3.1,-26,1.1876,35.2,-0.5700000000000001,11.200000000000001,30.1,-0.27,-0.14
111859,522886,60.222748,-2.204352,3.1,-26,1.0888,35.2,-0.5700000000000001,11.200000000000001,30.1,-0.27,-0.14
111859,524771,60.197278,-2.213802,3.,-25,1.1379000000000001,35.2,-0.5700000000000001,11.200000000000001,30.200000000000003,-0.27,-0.15
111859,525789,60.18653,-2.227662,2.9,-25,1.109,35.2,-0.5700000000000001,11.200000000000001,30.3,-0.27,-0.15
111859,526703,60.188008,-2.248928,2.3,-26,1.1346,35.2,-0.5700000000000001,11.200000000000001,30.5,-0.27,-0.16
111859,527721,60.195023,-2.263037,2.3,-26,1.2208,35.2,-0.5700000000000001,11.200000000000001,30.400000000000002,-0.27,-0.16
111859,528681,60.199228,-2.277918,2.4,-26,1.2810000000000001,35.2,-0.5700000000000001,11.3,30.3,-0.27,-0.15
111859,529665,60.202655,-2.303355,2.4,-27,1.2907,35.2,-0.56,11.3,30.1,-0.27,-0.15
111859,530649,60.209363,-2.321068,2.5,-28,1.6061,35.2,-0.56,11.3,29.8,-0.27,-0.15
111859,531573,60.219175,-2.32334,2.4,-28,1.6473,35.2,-0.56,11.3,29.700000000000003,-0.27,-0.15
111859,532518,60.228545,-2.319255,2.4,-28,1.6333,35.2,-0.56,11.3,29.400000000000002,-0.27,-0.15
111859,533444,60.23451,-2.30336,2.4,-28,1.514,35.2,-0.56,11.3,29.6,-0.27,-0.14
111859,534417,60.239707,-2.286428,2.2,-28,1.6205,35.2,-0.56,11.3,29.8,-0.27,-0.14
111859,535340,60.2452,-2.269768,2.2,-27,1.5053,35.2,-0.56,11.3,30.200000000000003,-0.28,-0.14
111859,536340,60.24774,-2.248803,2.4,-27,1.4979,35.2,-0.5700000000000001,11.3,30.6,-0.28,-0.14
111859,537311,60.25046,-2.229433,2.3,-28,1.3447,35.2,-0.5700000000000001,11.3,30.700000000000003,-0.28,-0.14
111859,538242,60.251368,-2.218407,1.4,-27,1.3495000000000001,35.2,-0.5700000000000001,11.200000000000001,30.5,-0.29,-0.14
111859,539194,60.251238,-2.20847,1.1,-27,1.3464,35.2,-0.5700000000000001,11.200000000000001,30.400000000000002,-0.29,-0.14
111859,540153,60.24929,-2.21062,0.9,-26,1.2895,35.2,-0.5700000000000001,11.200000000000001,30.5,-0.29,-0.15
111859,541130,60.259745,-2.1889,5.7,-26,1.1972,35.2,-0.5700000000000001,11.200000000000001,30.200000000000003,-0.29,-0.14
111859,542057,60.273953,-2.156982,5.6,-25,1.2624,35.2,-0.5700000000000001,11.200000000000001,29.900000000000002,-0.3,-0.14
111859,542987,60.299305,-2.118695,7.4,-25,1.5067000000000002,35.2,-0.5700000000000001,11.100000000000001,29.900000000000002,-0.3,-0.15
111859,544134,60.332792,-2.079493,7.8,-25,1.5499,35.2,-0.5700000000000001,11.100000000000001,29.400000000000002,-0.31,-0.16
111859,545055,60.363187,-2.05553,7.3,-28,1.546,35.2,-0.5700000000000001,11.100000000000001,27.5,-0.32,-0.15
111859,546011,60.371005,-2.067063,3.9,-28,1.5124,35.2,-0.5700000000000001,11.200000000000001,27.5,-0.32,-0.15
111859,546927,60.36936,-2.095305,3.1,-27,1.4678,35.2,-0.5700000000000001,11.200000000000001,28.400000000000002,-0.32,-0.14
111859,547892,60.373903,-2.11972,2.7,-29,1.7321,35.2,-0.5700000000000001,11.3,29.200000000000003,-0.31,-0.13
111859,548843,60.377507,-2.142893,2.8,-30,1.7965,35.2,-0.5700000000000001,11.3,30.1,-0.31,-0.13
111859,549817,60.382022,-2.164167,2.6,-31,1.8013000000000001,35.2,-0.5700000000000001,11.3,30.8,-0.3,-0.12
111859,550832,60.387267,-2.187978,2.6,-30,2.0487,35.2,-0.5700000000000001,11.3,30.900000000000002,-0.3,-0.11
111859,551589,60.39114,-2.20464,2.6,-31,2.0354,35.2,-0.5700000000000001,11.3,31.,-0.29,-0.11
111859,551782,60.392315,-2.208688,2.6,-31,1.7810000000000001,35.2,-0.5700000000000001,11.3,31.,-0.29,-0.11
111859,552722,60.397942,-2.228057,2.7,-31,1.8735000000000002,35.2,-0.5700000000000001,11.4,31.1,-0.29,-0.1
111859,553671,60.403285,-2.247427,2.6,-31,1.997,35.2,-0.56,11.4,31.1,-0.28,-0.09
111859,554614,60.408702,-2.266553,2.4,-32,1.7950000000000002,35.2,-0.5700000000000001,11.4,31.1,-0.27,-0.08
111859,555534,60.413798,-2.285612,2.5,-33,1.9464000000000001,35.2,-0.5700000000000001,11.4,31.,-0.27,-0.08
111859,556519,60.419802,-2.303182,2.4,-35,2.0226,35.2,-0.5700000000000001,11.4,30.900000000000002,-0.26,-0.07
111859,557459,60.42687,-2.317167,2.4,-36,2.0664000000000002,35.2,-0.5700000000000001,11.4,30.8,-0.25,-0.06
111859,558462,60.43598,-2.326978,2.4,-37,2.1081000000000003,35.2,-0.5700000000000001,11.4,30.5,-0.25,-0.05
111859,559455,60.447185,-2.334745,2.5,-36,2.0022,35.2,-0.5700000000000001,11.4,30.200000000000003,-0.24,-0.04
111859,560386,60.457592,-2.332192,2.6,-37,2.1572,35.2,-0.5700000000000001,11.4,30.1,-0.24,-0.04
111859,561317,60.46763,-2.324675,2.3,-37,2.4885,35.2,-0.5700000000000001,11.4,29.900000000000002,-0.24,-0.04
111859,562256,60.477155,-2.3166,2.2,-36,2.4033,35.2,-0.5700000000000001,11.4,29.8,-0.23,-0.03
111859,563218,60.485732,-2.304892,2.4,-36,2.2839,35.2,-0.5700000000000001,11.4,29.5,-0.23,-0.03
111859,564212,60.485527,-2.280122,2.9,-35,2.4605,35.2,-0.5700000000000001,11.4,29.8,-0.24,-0.04
111859,565132,60.475635,-2.267805,2.9,-35,2.3255,35.2,-0.5700000000000001,11.4,30.3,-0.25,-0.05
111859,566086,60.46446,-2.259405,2.7,-34,2.2371000000000003,35.2,-0.5700000000000001,11.4,30.6,-0.25,-0.06
111859,567076,60.457722,-2.239432,2.6,-35,2.1033,35.2,-0.5700000000000001,11.4,30.8,-0.26,-0.07
111859,568043,60.449815,-2.220213,2.7,-34,2.0491,35.2,-0.5700000000000001,11.4,30.900000000000002,-0.27,-0.08
111859,569031,60.442502,-2.213958,3.2,-33,2.0336000000000003,35.2,-0.5700000000000001,11.4,31.,-0.28,-0.08
111859,569950,60.452,-2.2215,7.,-34,2.052,35.2,-0.5700000000000001,11.4,30.900000000000002,-0.27,-0.08
111859,570883,60.482353,-2.23052,6.9,-35,2.391,35.2,-0.5700000000000001,11.4,30.5,-0.25,-0.06
111859,571841,60.510065,-2.238322,7.3,-36,2.4199,35.2,-0.5700000000000001,11.4,28.900000000000002,-0.24,-0.04
111859,573031,60.536623,-2.239828,1.9,-37,2.5565,35.2,-0.58,11.4,27.3,-0.22,-0.03
111859,573933,60.54868,-2.253598,2.4,-37,2.5162,35.2,-0.58,11.4,26.5,-0.21,-0.02
111859,574874,60.553517,-2.273515,2.8,-37,2.2295000000000003,35.2,-0.58,11.4,26.200000000000003,-0.21,-0.01
111859,575823,60.554978,-2.297168,2.7,-37,2.3206,35.2,-0.58,11.4,26.,-0.2,-0.01
111859,576760,60.559317,-2.318267,2.6,-37,1.9681000000000002,35.2,-0.58,11.4,25.8,-0.2,0.
111859,577722,60.568155,-2.331425,2.4,-37,1.6684,35.2,-0.59,11.4,25.900000000000002,-0.19,0.01
111859,579692,60.585548,-2.320687,1.8,-36,1.9122000000000001,35.2,-0.59,11.4,25.8,-0.19,0.01
111859,580651,60.588723,-2.302917,2.2,-36,1.8958000000000002,35.2,-0.59,11.4,25.900000000000002,-0.19,0.
111859,581595,60.58858,-2.285232,2.3,-36,1.2531,35.2,-0.59,11.4,26.,-0.19,0.
111859,582591,60.586635,-2.264447,2.,-36,1.6668,35.2,-0.59,11.4,26.1,-0.2,-0.01
111859,583730,60.584855,-2.24331,2.1,-36,1.0654000000000001,35.2,-0.58,11.4,26.200000000000003,-0.2,-0.01
111859,584744,60.583615,-2.222943,2.2,-36,1.2576,35.2,-0.58,11.4,26.6,-0.21,-0.02
111859,585666,60.5815,-2.204898,2.3,-37,1.4636,35.2,-0.58,11.4,27.1,-0.21,-0.02
111859,586599,60.577035,-2.188072,2.4,-37,1.8108000000000002,35.2,-0.58,11.4,27.6,-0.22,-0.03
111859,587625,60.56539,-2.181567,2.8,-36,1.9294,35.2,-0.58,11.4,28.,-0.23,-0.04
111859,588528,60.554468,-2.178902,2.6,-36,1.9680000000000002,35.2,-0.58,11.4,28.400000000000002,-0.23,-0.04
111859,589440,60.546115,-2.194443,3.2,-36,1.6345,35.2,-0.58,11.4,28.200000000000003,-0.24,-0.04
111859,590365,60.540608,-2.217125,3.,-36,2.5991,35.2,-0.58,11.4,27.8,-0.23,-0.04
111859,591394,60.54143,-2.244475,2.8,-37,2.5794,35.2,-0.58,11.4,27.1,-0.23,-0.03
111859,592397,60.550588,-2.259058,2.3,-37,2.4365,35.2,-0.58,11.4,26.5,-0.22,-0.02
111859,593379,60.560087,-2.268238,2.2,-37,2.297,35.2,-0.58,11.4,25.900000000000002,-0.21,-0.01
111859,594300,60.570395,-2.272263,2.3,-37,2.2312000000000003,35.2,-0.58,11.4,26.,-0.21,-0.01
111859,595303,60.573415,-2.28363,0.3,-37,2.0729,35.2,-0.58,11.4,26.,-0.2,-0.01
111859,596207,60.579438,-2.300932,5.9,-37,2.0312,35.2,-0.59,11.4,26.,-0.2,0.
111859,597148,60.589592,-2.30632,2.7,-36,1.8899000000000001,35.2,-0.59,11.4,26.,-0.19,0.
111859,598053,60.599963,-2.310053,2.5,-36,1.8222,35.2,-0.59,11.4,26.,-0.19,0.
111859,599086,60.610657,-2.305135,2.7,-36,1.7178,35.2,-0.59,11.4,26.1,-0.19,0.01
111859,600314,60.62057,-2.300412,2.3,-36,1.5924,35.2,-0.59,11.4,26.200000000000003,-0.18,0.01
111859,601300,60.630763,-2.29398,2.6,-36,1.9085,35.2,-0.6,11.4,26.3,-0.18,0.01
111859,602214,60.631237,-2.267438,2.7,-37,1.1768,35.2,-0.59,11.4,26.6,-0.18,0.
111859,603193,60.621048,-2.259057,2.8,-37,1.9292,35.2,-0.59,11.4,26.6,-0.19,0.
111859,604161,60.607583,-2.260082,2.8,-37,1.8613000000000002,35.2,-0.59,11.4,26.400000000000002,-0.2,-0.01
111859,605151,60.594505,-2.261108,2.4,-36,1.7808000000000002,35.2,-0.59,11.4,26.3,-0.2,-0.01
111859,606102,60.583482,-2.2616,2.7,-36,1.7107,35.2,-0.59,11.4,26.3,-0.21,-0.01
111859,607039,60.572338,-2.262027,2.4,-37,2.3695,35.2,-0.58,11.4,26.200000000000003,-0.21,-0.01
111859,607954,60.560852,-2.26126,2.7,-37,2.3934,35.2,-0.58,11.4,26.1,-0.22,-0.02
111859,608902,60.549393,-2.256757,2.8,-37,2.4705,35.2,-0.58,11.4,26.700000000000003,-0.22,-0.02
111859,609830,60.541007,-2.241062,2.8,-37,2.5796,35.2,-0.58,11.4,27.3,-0.23,-0.03
111859,610757,60.537472,-2.220045,2.5,-36,2.5905,35.2,-0.58,11.4,28.1,-0.24,-0.04
111859,611669,60.537863,-2.199163,2.6,-36,2.3252,35.2,-0.58,11.4,28.6,-0.24,-0.04
111859,612582,60.541783,-2.18109,2.6,-36,1.9033,35.2,-0.58,11.4,29.,-0.24,-0.05
111859,613522,60.549813,-2.171508,2.,-36,2.1136,35.2,-0.58,11.4,29.,-0.24,-0.05
111859,614733,60.561043,-2.171332,2.1,-36,2.1356,35.2,-0.58,11.4,28.700000000000003,-0.23,-0.04
111859,615648,60.569215,-2.170693,2.3,-37,2.1623,35.2,-0.58,11.4,28.6,-0.23,-0.04
111859,616603,60.577117,-2.179282,2.5,-37,1.9952,35.2,-0.58,11.4,28.200000000000003,-0.22,-0.03
111859,617523,60.583685,-2.192138,2.1,-36,1.0609,35.2,-0.58,11.4,27.8,-0.21,-0.03
111859,618434,60.58632,-2.210402,2.2,-36,1.4141000000000001,35.2,-0.58,11.4,27.3,-0.21,-0.02
111859,619349,60.58186,-2.220927,3.1,-37,2.3829000000000002,35.2,-0.58,11.4,27.1,-0.21,-0.02
111859,620282,60.568435,-2.203027,7.6,-37,1.4861,35.2,-0.58,11.4,27.6,-0.22,-0.03
111859,621203,60.542225,-2.163293,7.7,-37,0.9364,35.2,-0.58,11.4,29.6,-0.24,-0.05
111859,622113,60.520332,-2.118412,6.8,-34,1.1119,35.2,-0.5700000000000001,11.4,30.900000000000002,-0.27,-0.08
111859,622480,60.513798,-2.09775,7.9,-32,1.197,35.2,-0.5700000000000001,11.4,31.400000000000002,-0.28,-0.09
111859,622482,60.513775,-2.097623,7.5,-32,1.1976,35.2,-0.5700000000000001,11.4,31.400000000000002,-0.28,-0.09
111859,623074,60.504815,-2.063697,7.2,-31,1.1153,35.2,-0.5700000000000001,11.5,31.,-0.3,-0.11
111859,624046,60.494868,-2.022737,2.1,-31,1.0863,35.2,-0.5700000000000001,11.5,28.8,-0.31,-0.13
111859,624973,60.487928,-2.002707,2.4,-31,1.1277000000000001,35.2,-0.5700000000000001,11.5,27.3,-0.32,-0.14
111859,625913,60.481868,-1.98626,2.4,-30,1.0784,35.2,-0.5700000000000001,11.5,26.700000000000003,-0.33,-0.15
111859,626932,60.469475,-1.980662,2.9,-29,1.1026,35.2,-0.58,11.4,26.5,-0.33,-0.15
111859,627875,60.457848,-1.975717,3.3,-29,1.2469000000000001,35.2,-0.58,11.4,26.200000000000003,-0.33,-0.16
111859,628296,60.452462,-1.974798,2.7,-28,1.2514,35.2,-0.58,11.4,26.1,-0.34,-0.16
111859,628842,60.445695,-1.972715,3.1,-28,1.2592,35.2,-0.58,11.3,25.900000000000002,-0.34,-0.16
111859,629832,60.433812,-1.967475,2.6,-28,1.2751000000000001,35.2,-0.58,11.3,25.400000000000002,-0.34,-0.16
111859,630805,60.422215,-1.963527,2.6,-27,1.2855,35.2,-0.58,11.200000000000001,24.900000000000002,-0.34,-0.17
111859,631742,60.419757,-1.945295,2.4,-26,1.1540000000000001,35.2,-0.58,11.200000000000001,24.,-0.33,-0.17
111859,632663,60.423642,-1.928952,2.5,-26,1.2385000000000002,35.2,-0.58,11.100000000000001,23.400000000000002,-0.33,-0.17
111859,633673,60.434367,-1.929318,2.6,-26,1.2474,35.2,-0.58,11.200000000000001,24.,-0.33,-0.17
111859,634595,60.444333,-1.932415,2.4,-26,1.2479,35.2,-0.58,11.3,24.6,-0.33,-0.17
111859,635522,60.45434,-1.937325,2.2,-27,1.249,35.2,-0.58,11.3,25.200000000000003,-0.33,-0.16
111859,636463,60.46438,-1.943557,2.5,-27,1.0044,35.2,-0.58,11.4,25.8,-0.33,-0.16
111859,637442,60.474947,-1.949862,2.4,-28,1.0024,35.2,-0.58,11.4,26.3,-0.33,-0.16
111859,638365,60.484643,-1.957445,2.7,-29,0.9882000000000001,35.2,-0.58,11.5,26.6,-0.33,-0.15
111859,639313,60.487808,-1.97993,2.7,-30,1.1034000000000002,35.2,-0.58,11.5,26.8,-0.32,-0.14
111859,640286,60.482247,-2.001715,3.1,-30,1.1374,35.2,-0.5700000000000001,11.5,26.700000000000003,-0.32,-0.14
111859,641271,60.47049,-2.009555,2.8,-30,1.1313,35.2,-0.5700000000000001,11.4,27.,-0.32,-0.14
111859,642195,60.460083,-2.00073,2.8,-29,1.1709,35.2,-0.58,11.4,26.400000000000002,-0.32,-0.15
111859,643109,60.45174,-1.985043,2.8,-29,1.2233,35.2,-0.58,11.4,26.,-0.33,-0.15
111859,644039,60.443067,-1.969468,2.8,-28,1.2684,35.2,-0.58,11.3,25.5,-0.33,-0.16
111859,645026,60.43185,-1.95867,3.1,-27,1.2959,35.2,-0.58,11.200000000000001,24.8,-0.33,-0.16
111859,646005,60.420565,-1.952908,2.7,-27,1.1187,35.2,-0.58,11.200000000000001,24.1,-0.33,-0.16
111859,646912,60.40989,-1.947468,3.1,-26,1.2943,35.2,-0.58,11.100000000000001,23.400000000000002,-0.33,-0.17
111859,647854,60.398752,-1.951782,2.9,-26,1.2969000000000002,35.2,-0.59,11.100000000000001,23.3,-0.33,-0.17
111859,648832,60.388408,-1.95836,1.3,-25,1.2702,35.2,-0.59,11.,23.8,-0.32,-0.17
111859,649781,60.381102,-1.950683,7.3,-25,1.3006,35.2,-0.59,11.,23.5,-0.31,-0.17
111859,650110,60.37042,-1.944568,7.8,-25,1.4071,35.2,-0.59,10.9,23.400000000000002,-0.3,-0.16
111859,650712,60.349847,-1.932935,7.8,-24,1.5782,35.2,-0.59,10.9,23.5,-0.28,-0.16
111859,651672,60.317023,-1.911932,8.,-22,2.0319000000000003,35.2,-0.59,10.8,23.6,-0.23,-0.14
111859,652582,60.283763,-1.888167,8.3,-18,2.1326,35.2,-0.59,10.8,22.700000000000003,-0.21,-0.11
111859,653485,60.250667,-1.866365,8.6,-14,2.2993,35.2,-0.59,10.8,23.6,-0.22,-0.09
111859,654443,60.215478,-1.83974,8.9,-20,2.8417000000000003,35.2,-0.59,10.8,25.700000000000003,-0.23,-0.08
111859,655351,60.18193,-1.809198,9.,-8,4.2436,35.2,-0.59,10.8,25.,-0.24,-0.09
111859,656271,60.146888,-1.778515,9.2,-22,4.570600000000001,35.2,-0.59,10.8,24.900000000000002,-0.27,-0.09
111859,657192,60.113032,-1.747658,8.3,-22,3.2430000000000003,35.2,-0.59,10.9,25.400000000000002,-0.29,-0.09
111859,658094,60.082425,-1.711513,8.8,-24,1.8514000000000002,35.2,-0.59,11.,25.400000000000002,-0.29,-0.08
111859,659002,60.050812,-1.675973,8.7,-24,3.4841,35.2,-0.59,11.,25.900000000000002,-0.29,-0.07
111859,659917,60.019033,-1.640123,8.9,-24,2.7893000000000003,35.2,-0.59,11.,27.200000000000003,-0.27,-0.06
111859,660822,59.987898,-1.607115,8.4,-22,3.3979000000000004,35.2,-0.59,11.,27.1,-0.26,-0.05
111859,661732,59.958455,-1.569812,8.1,-25,2.2425,35.2,-0.59,10.8,27.400000000000002,-0.24,-0.05
111859,662643,59.929962,-1.528665,8.6,-24,2.2049000000000003,35.2,-0.59,10.700000000000001,28.5,-0.22,-0.04
111859,663562,59.901205,-1.48488,8.9,-20,2.1069,35.2,-0.59,10.700000000000001,29.200000000000003,-0.21,-0.03
111859,664463,59.875453,-1.43429,8.5,-13,1.8599,35.2,-0.59,10.600000000000001,27.6,-0.27,-0.02
111859,665372,59.853922,-1.378958,8.2,-11,1.8852,35.2,-0.59,10.600000000000001,23.8,-0.41000000000000003,-0.01
111859,666285,59.837337,-1.3272,6.5,-10,2.6531000000000002,35.2,-0.59,10.600000000000001,23.,-0.43,-0.03
111859,667208,59.817442,-1.290902,6.2,-11,1.6380000000000001,35.300000000000004,-0.59,10.700000000000001,23.400000000000002,-0.42,-0.05
111859,668122,59.801565,-1.249482,7.,-19,1.603,35.2,-0.6,10.8,26.8,-0.4,-0.1
111859,669034,59.787763,-1.198623,7.,-24,1.4274,35.2,-0.6,10.8,29.8,-0.39,-0.16
111859,669951,59.774693,-1.1449,7.5,-27,1.3212000000000002,35.2,-0.6,10.9,26.700000000000003,-0.38,-0.14
111859,670852,59.769152,-1.090768,5.9,-27,1.1856,35.2,-0.61,11.,26.3,-0.37,-0.14
111859,671761,59.76913,-1.068122,2.,-28,1.4405000000000001,35.2,-0.61,11.100000000000001,26.200000000000003,-0.37,-0.15
111859,672707,59.772988,-1.053883,2.1,-28,1.2463,35.2,-0.61,11.100000000000001,26.1,-0.36,-0.16
111859,673653,59.77751,-1.037973,2.2,-29,1.609,35.2,-0.61,11.100000000000001,26.,-0.36,-0.16
111859,674601,59.78192,-1.021667,2.,-29,1.3815000000000002,35.2,-0.61,11.100000000000001,25.900000000000002,-0.36,-0.17
111859,675531,59.786387,-1.004918,2.3,-29,1.1446,35.2,-0.61,11.100000000000001,25.900000000000002,-0.35000000000000003,-0.17
111859,676513,59.792413,-0.988837,2.1,-29,1.7211,35.2,-0.61,11.200000000000001,25.900000000000002,-0.35000000000000003,-0.18
111859,677461,59.797847,-0.973168,2.,-29,1.6716,35.2,-0.61,11.200000000000001,26.1,-0.35000000000000003,-0.18
111859,678393,59.803228,-0.957775,2.3,-29,1.8277,35.2,-0.62,11.200000000000001,26.200000000000003,-0.34,-0.18
111859,679354,59.809333,-0.942545,2.6,-29,1.7561,35.2,-0.62,11.200000000000001,25.900000000000002,-0.34,-0.18
111859,680283,59.81543,-0.926972,2.4,-29,1.6879000000000002,35.2,-0.62,11.200000000000001,25.6,-0.34,-0.19
111859,681233,59.821928,-0.909722,2.3,-30,1.8328,35.2,-0.62,11.200000000000001,25.200000000000003,-0.33,-0.19
111859,682155,59.830347,-0.898155,2.5,-30,1.7819,35.2,-0.62,11.200000000000001,24.900000000000002,-0.33,-0.19
111859,683111,59.840402,-0.892062,2.5,-30,1.7852000000000001,35.2,-0.62,11.200000000000001,24.8,-0.33,-0.19
111859,684052,59.850635,-0.886067,2.5,-30,1.8428,35.2,-0.62,11.200000000000001,24.400000000000002,-0.33,-0.2
111859,684982,59.860228,-0.875628,2.5,-30,1.8632000000000002,35.2,-0.62,11.200000000000001,23.8,-0.32,-0.2
111859,685995,59.870282,-0.862597,2.4,-30,1.6773,35.2,-0.62,11.200000000000001,23.3,-0.32,-0.2
111859,686912,59.87921,-0.850005,2.8,-30,1.3818000000000001,35.2,-0.62,11.200000000000001,22.900000000000002,-0.32,-0.2
111859,687921,59.888897,-0.834873,2.8,-30,1.5368000000000002,35.2,-0.62,11.200000000000001,22.700000000000003,-0.31,-0.2
111859,688902,59.898023,-0.818973,2.7,-30,1.3273000000000001,35.2,-0.62,11.3,22.5,-0.31,-0.2
111859,689803,59.906733,-0.804597,3.,-31,1.4681,35.2,-0.62,11.3,22.5,-0.3,-0.2
111859,690733,59.915595,-0.789288,3.2,-31,1.1759000000000002,35.2,-0.62,11.3,22.700000000000003,-0.3,-0.2
111859,691651,59.924155,-0.773698,2.6,-30,1.1377000000000002,35.2,-0.62,11.3,22.900000000000002,-0.3,-0.2
111859,692571,59.93272,-0.758475,2.3,-30,1.1136000000000001,35.2,-0.62,11.3,23.,-0.29,-0.2
111859,693482,59.941528,-0.743928,3.1,-30,1.1583,35.2,-0.62,11.3,23.1,-0.29,-0.19
111859,694390,59.951057,-0.738798,2.2,-30,1.1457000000000002,35.1,-0.62,11.3,23.200000000000003,-0.29,-0.2
111859,695294,59.959513,-0.737237,0.8,-30,1.1617,35.1,-0.62,11.3,23.3,-0.29,-0.2
111859,696273,59.961622,-0.731643,2.4,-30,1.1645,35.1,-0.62,11.3,23.3,-0.28,-0.2
111859,697201,59.976552,-0.748292,5.9,-29,1.165,35.1,-0.62,11.3,23.400000000000002,-0.29,-0.2
111859,698102,59.993297,-0.780873,5.8,-30,1.1823000000000001,35.1,-0.62,11.3,23.700000000000003,-0.29,-0.21
111859,699052,60.009238,-0.821532,6.1,-28,1.218,35.1,-0.61,11.3,23.400000000000002,-0.3,-0.22
111859,699962,60.021597,-0.869403,6.8,-28,1.3258,35.1,-0.61,11.3,23.1,-0.3,-0.23
111859,700866,60.03416,-0.916702,6.7,-27,1.1998,35.2,-0.6,11.200000000000001,23.6,-0.29,-0.21
111859,701823,60.048355,-0.967412,6.6,-26,1.3442,35.2,-0.6,11.100000000000001,22.,-0.28,-0.17
111859,702775,60.064042,-1.01589,6.8,-23,1.5381,35.2,-0.59,11.,18.,-0.24,-0.12
111859,703701,60.081177,-1.063897,6.6,-16,2.7831,35.2,-0.59,11.,20.1,-0.18,-0.09
111859,704630,60.1024,-1.107393,7.2,-8,2.1643,35.2,-0.59,11.,29.200000000000003,-0.11,-0.1
111859,705542,60.13018,-1.131332,7.3,-8,1.3902,35.2,-0.59,11.,31.8,-0.09,-0.11
111859,706462,60.15827,-1.140705,7.3,-11,1.3902,35.2,-0.59,11.,31.8,-0.09,-0.11
111859,707413,60.166358,-1.160747,0.,-15,1.3902,-99999.,-99999.,-99999.,-99999.,-99999.,-99999.
111859,708372,60.166363,-1.160745,0.,-15,1.3902,-99999.,-99999.,-99999.,-99999.,-99999.,-99999.
111859,709312,60.166375,-1.160743,0.,-15,1.3902,-99999.,-99999.,-99999.,-99999.,-99999.,-99999.
111859,710272,60.166367,-1.160753,0.,-15,1.3902,-99999.,-99999.,-99999.,-99999.,-99999.,-99999.
111859,711201,60.166377,-1.16074,0.,-15,1.3902,-99999.,-99999.,-99999.,-99999.,-99999.,-99999.
111859,712123,60.166387,-1.160757,0.,-15,1.3902,-99999.,-99999.,-99999.,-99999.,-99999.,-99999.
111859,713032,60.166372,-1.160707,0.,-15,1.3902,-99999.,-99999.,-99999.,-99999.,-99999.,-99999.
111859,713943,60.16636,-1.160733,0.,-15,1.3902,-99999.,-99999.,-99999.,-99999.,-99999.,-99999.
111859,714862,60.166368,-1.160737,0.,-15,1.3902,-99999.,-99999.,-99999.,-99999.,-99999.,-99999.
111859,715772,60.166368,-1.160745,0.,-15,1.3902,-99999.,-99999.,-99999.,-99999.,-99999.,-99999.
111859,716722,60.16638,-1.160722,0.,-15,1.3902,-99999.,-99999.,-99999.,-99999.,-99999.,-99999.
111859,717682,60.166368,-1.160743,0.,-15,1.3902,-99999.,-99999.,-99999.,-99999.,-99999.,-99999.
111859,718642,60.16637,-1.160727,0.,-15,1.3902,-99999.,-99999.,-99999.,-99999.,-99999.,-99999.
111859,719586,60.166358,-1.160732,0.,-15,1.3902,-99999.,-99999.,-99999.,-99999.,-99999.,-99999.
111859,720523,60.166368,-1.160727,0.,-15,1.3902,-99999.,-99999.,-99999.,-99999.,-99999.,-99999.
111859,721452,60.166363,-1.160733,0.,-15,1.3902,-99999.,-99999.,-99999.,-99999.,-99999.,-99999.
111859,722372,60.166357,-1.160725,0.,-15,1.3902,-99999.,-99999.,-99999.,-99999.,-99999.,-99999.
111859,723291,60.165837,-1.155588,6.8,-14,1.3902,-99999.,-99999.,-99999.,-99999.,-99999.,-99999.
111859,724212,60.15739,-1.143918,0.,-11,1.3902,35.2,-0.59,11.,31.,-0.09,-0.1
111859,725176,60.15738,-1.143908,0.,-11,1.3902,35.2,-0.59,11.,31.,-0.09,-0.1
111859,726123,60.157398,-1.143903,0.,-11,1.3902,35.2,-0.59,11.,31.,-0.09,-0.1
111859,727052,60.157392,-1.143945,0.,-11,1.3902,35.2,-0.59,11.,30.900000000000002,-0.09,-0.1
111859,728012,60.157388,-1.143887,0.,-11,1.3902,35.2,-0.59,11.,30.900000000000002,-0.09,-0.1
111859,728973,60.157387,-1.143868,0.,-11,1.3902,35.2,-0.59,11.,30.8,-0.09,-0.1
111859,729924,60.157382,-1.143897,0.,-11,1.3902,35.2,-0.59,11.,30.8,-0.08,-0.1
111859,730862,60.157392,-1.14391,0.,-11,1.3902,35.2,-0.59,11.,30.8,-0.08,-0.1
111859,731812,60.157397,-1.14392,0.,-11,1.3902,35.2,-0.59,11.,30.700000000000003,-0.08,-0.1
111859,732713,60.1574,-1.143903,0.,-11,1.3902,35.2,-0.59,11.,30.700000000000003,-0.08,-0.1
111859,733643,60.157393,-1.143858,0.,-11,1.3902,35.2,-0.59,11.,30.700000000000003,-0.08,-0.1
111859,734624,60.157368,-1.143917,0.,-11,1.3902,35.2,-0.59,11.,30.6,-0.08,-0.1
111859,735531,60.157388,-1.143902,0.,-11,1.3902,35.2,-0.59,11.,30.6,-0.08,-0.1
111859,736473,60.157398,-1.143902,0.,-11,1.3902,35.2,-0.59,11.,30.5,-0.08,-0.1
111859,737422,60.157393,-1.143908,0.,-11,1.3902,35.2,-0.59,11.,30.5,-0.08,-0.1
111859,738393,60.157385,-1.143873,0.,-11,1.3902,35.2,-0.59,11.,30.5,-0.08,-0.1
111859,739366,60.157387,-1.14391,0.,-11,1.3902,35.2,-0.59,11.,30.400000000000002,-0.08,-0.1
111859,740312,60.157392,-1.143893,0.,-11,1.3902,35.2,-0.59,11.,30.400000000000002,-0.08,-0.1
111859,741263,60.157407,-1.14389,0.,-11,1.3902,35.2,-0.59,11.,30.3,-0.08,-0.1
111859,742204,60.157473,-1.143925,0.,-11,1.3902,35.2,-0.59,11.,30.3,-0.08,-0.1
111859,743161,60.157473,-1.143927,0.,-11,1.3902,35.2,-0.59,11.,30.3,-0.08,-0.1
111859,744114,60.157485,-1.143927,0.,-11,1.3902,35.2,-0.59,11.,30.200000000000003,-0.08,-0.1
111859,745065,60.16598,-1.15548,5.9,-14,1.3902,-99999.,-99999.,-99999.,-99999.,-99999.,-99999.
111859,746072,60.165657,-1.160127,0.,-15,1.3902,-99999.,-99999.,-99999.,-99999.,-99999.,-99999.
111859,747022,60.169417,-1.155337,8.1,-2,-99999,-99999.,-99999.,-99999.,-99999.,-99999.,-99999.
111859,747942,60.195367,-1.130083,7.7,-3,-99999,-99999.,-99999.,-99999.,-99999.,-99999.,-99999.
111859,748853,60.222068,-1.095848,7.7,-9,6.9469,-99999.,-99999.,-99999.,-99999.,-99999.,-99999.
111859,749762,60.245605,-1.053562,7.3,-2,6.8265,-99999.,-99999.,-99999.,-99999.,-99999.,-99999.
111859,750682,60.26867,-1.010088,7.4,-5,2.8571,35.2,-0.59,11.,29.700000000000003,-0.12,-0.1
111859,751621,60.293283,-0.968658,7.1,-4,1.1063,35.2,-0.59,11.,29.700000000000003,-0.12,-0.1
111859,752533,60.317905,-0.935367,6.8,-6,1.0494,35.2,-0.6,11.,27.1,-0.16,-0.09
111859,753495,60.341822,-0.90218,6.5,-21,0.9474,35.2,-0.6,10.600000000000001,18.2,-0.04,-0.05
111859,754403,60.362302,-0.858697,7.4,-16,0.9500000000000001,35.2,-0.6,10.700000000000001,19.400000000000002,-0.05,-0.05
111859,755363,60.381673,-0.809363,7.4,-23,0.9672000000000001,35.2,-0.6,10.9,21.400000000000002,-0.08,-0.07
111859,756312,60.406995,-0.765092,8.,-21,0.9821000000000001,35.2,-0.6,10.9,22.900000000000002,-0.09,-0.11
111859,757271,60.422298,-0.751293,0.,-24,0.8646,35.2,-0.6,10.8,22.1,-0.11,-0.11
111859,758212,60.42228,-0.751347,0.,-24,0.8647,35.2,-0.6,10.8,22.1,-0.11,-0.11
111859,759154,60.422273,-0.751313,0.,-24,0.8647,35.2,-0.6,10.8,22.1,-0.11,-0.11
111859,760094,60.422282,-0.751325,0.,-24,0.8647,35.2,-0.6,10.8,22.1,-0.11,-0.11
111859,761052,60.42229,-0.751332,0.,-24,0.8647,35.2,-0.6,10.8,22.1,-0.11,-0.11
111859,761962,60.422302,-0.751357,0.,-24,0.8647,35.2,-0.6,10.8,22.1,-0.11,-0.11
111859,762913,60.422292,-0.751328,0.,-24,0.8647,35.2,-0.6,10.8,22.1,-0.11,-0.11
111859,763852,60.42228,-0.751295,0.,-24,0.8646,35.2,-0.6,10.8,22.1,-0.11,-0.11
111859,764803,60.422303,-0.751328,0.,-24,0.8647,35.2,-0.6,10.8,22.1,-0.11,-0.11
111859,765744,60.422303,-0.751333,0.,-24,0.8647,35.2,-0.6,10.8,22.1,-0.11,-0.11
111859,766695,60.422295,-0.751317,0.,-24,0.8647,35.2,-0.6,10.8,22.1,-0.11,-0.11
111859,767641,60.422295,-0.751328,0.,-24,0.8647,35.2,-0.6,10.8,22.1,-0.11,-0.11
111859,768602,60.422302,-0.751332,0.,-24,0.8647,35.2,-0.6,10.8,22.1,-0.11,-0.11
111859,769562,60.422302,-0.751317,0.,-24,0.8647,35.2,-0.6,10.8,22.1,-0.11,-0.1
111859,770512,60.422293,-0.751322,0.,-24,0.8647,35.2,-0.6,10.8,22.1,-0.11,-0.1
111859,771464,60.422293,-0.75136,0.,-24,0.8647,35.2,-0.6,10.8,22.1,-0.11,-0.1
111859,772403,60.422313,-0.751358,0.,-24,0.8647,35.2,-0.6,10.8,22.1,-0.11,-0.1
111859,773353,60.422305,-0.751317,0.,-24,0.8647,35.2,-0.6,10.8,22.200000000000003,-0.11,-0.1
111859,774296,60.422302,-0.751332,0.,-24,0.8647,35.2,-0.6,10.8,22.200000000000003,-0.11,-0.1
111859,775252,60.422292,-0.75132,0.,-24,0.8647,35.2,-0.6,10.8,22.200000000000003,-0.11,-0.1
111859,776212,60.422295,-0.75134,0.,-24,0.8647,35.2,-0.6,10.8,22.200000000000003,-0.11,-0.1
111859,777154,60.422305,-0.75132,0.,-24,0.8647,35.2,-0.6,10.8,22.200000000000003,-0.11,-0.1
111859,778103,60.422293,-0.751328,0.,-24,0.8647,35.2,-0.6,10.8,22.200000000000003,-0.11,-0.1
111859,779053,60.422292,-0.751303,0.,-24,0.8647,35.2,-0.6,10.8,22.200000000000003,-0.11,-0.1
111859,779994,60.422292,-0.75133,0.,-24,0.8647,35.2,-0.6,10.8,22.200000000000003,-0.11,-0.1
111859,780942,60.422277,-0.751342,0.,-24,0.8647,35.2,-0.6,10.8,22.200000000000003,-0.11,-0.1
111859,781901,60.422287,-0.751328,0.,-24,0.8647,35.2,-0.6,10.8,22.200000000000003,-0.11,-0.1
111859,782842,60.422293,-0.75134,0.,-24,0.8647,35.2,-0.6,10.8,22.200000000000003,-0.11,-0.1
111859,782852,60.42229,-0.751333,0.,-24,0.8647,35.2,-0.6,10.8,22.200000000000003,-0.11,-0.1
111859,783792,60.422288,-0.751353,0.,-24,0.8647,35.2,-0.6,10.8,22.200000000000003,-0.11,-0.1
111859,784712,60.422283,-0.751352,0.,-24,0.8647,35.2,-0.6,10.8,22.200000000000003,-0.11,-0.1
111859,785643,60.422287,-0.751352,0.,-24,0.8647,35.2,-0.6,10.8,22.200000000000003,-0.11,-0.1
111859,786582,60.422317,-0.751377,0.,-24,0.8647,35.2,-0.6,10.8,22.200000000000003,-0.11,-0.1
111859,787502,60.422305,-0.751328,0.,-24,0.8647,35.2,-0.6,10.8,22.200000000000003,-0.11,-0.1
111859,788442,60.422302,-0.751342,0.,-24,0.8647,35.2,-0.6,10.8,22.200000000000003,-0.11,-0.1
111859,789393,60.422308,-0.751345,0.,-24,0.8647,35.2,-0.6,10.8,22.200000000000003,-0.11,-0.1
111859,790335,60.422302,-0.751337,0.,-24,0.8647,35.2,-0.6,10.8,22.200000000000003,-0.11,-0.1
111859,791284,60.422305,-0.751337,0.,-24,0.8647,35.2,-0.6,10.8,22.200000000000003,-0.11,-0.1
111859,792232,60.422302,-0.751318,0.,-24,0.8647,35.2,-0.6,10.8,22.200000000000003,-0.11,-0.1
111859,793162,60.422302,-0.751343,0.,-24,0.8647,35.2,-0.6,10.8,22.200000000000003,-0.11,-0.1
111859,793459,60.422292,-0.751348,0.,-24,0.8647,35.2,-0.6,10.8,22.200000000000003,-0.11,-0.1
111859,793469,60.422297,-0.75135,0.,-24,0.8647,35.2,-0.6,10.8,22.200000000000003,-0.11,-0.1
111859,794102,60.422313,-0.75135,0.,-24,0.8647,35.2,-0.6,10.8,22.200000000000003,-0.11,-0.1
111859,795042,60.422288,-0.751375,0.,-24,0.8647,35.2,-0.6,10.8,22.200000000000003,-0.1,-0.1
111859,795984,60.422295,-0.751332,0.,-24,0.8647,35.2,-0.6,10.8,22.200000000000003,-0.1,-0.1
111859,796942,60.422295,-0.751383,0.,-24,0.8648,35.2,-0.6,10.8,22.200000000000003,-0.1,-0.1
111859,797903,60.422305,-0.751373,0.,-24,0.8647,35.2,-0.6,10.8,22.200000000000003,-0.1,-0.1
111859,798843,60.422287,-0.75135,0.,-24,0.8647,35.2,-0.6,10.8,22.200000000000003,-0.1,-0.1
111859,799772,60.42229,-0.751343,0.,-24,0.8647,35.2,-0.6,10.8,22.200000000000003,-0.1,-0.1
111859,801662,60.422285,-0.751332,0.,-24,0.8647,35.2,-0.6,10.8,22.200000000000003,-0.1,-0.1
111859,802622,60.422288,-0.75135,0.,-24,0.8647,35.2,-0.6,10.8,22.200000000000003,-0.1,-0.1
111859,803523,60.42229,-0.751327,0.,-24,0.8647,35.2,-0.6,10.8,22.200000000000003,-0.1,-0.1
111859,804483,60.422277,-0.751337,0.,-24,0.8647,35.2,-0.6,10.8,22.200000000000003,-0.1,-0.1
111859,805424,60.422282,-0.75132,0.,-24,0.8647,35.2,-0.6,10.8,22.200000000000003,-0.1,-0.1
111859,806361,60.4223,-0.751338,0.,-24,0.8647,35.2,-0.6,10.8,22.200000000000003,-0.1,-0.1
111859,807324,60.42229,-0.75132,0.,-24,0.8647,35.2,-0.6,10.8,22.200000000000003,-0.1,-0.1
111859,808262,60.422288,-0.751313,0.,-24,0.8647,35.2,-0.6,10.8,22.200000000000003,-0.1,-0.1
111859,809203,60.422287,-0.751328,0.,-24,0.8647,35.2,-0.6,10.8,22.200000000000003,-0.1,-0.1
111859,810152,60.422293,-0.751322,0.,-24,0.8647,35.2,-0.61,10.8,22.200000000000003,-0.1,-0.1
111859,811103,60.422305,-0.751317,0.,-24,0.8647,35.2,-0.61,10.8,22.200000000000003,-0.1,-0.1
111859,812056,60.422288,-0.75131,0.,-24,0.8647,35.2,-0.61,10.8,22.200000000000003,-0.1,-0.1
111859,812992,60.422298,-0.751293,0.,-24,0.8646,35.2,-0.61,10.8,22.200000000000003,-0.1,-0.1
111859,813932,60.422303,-0.751315,0.,-24,0.8647,35.2,-0.61,10.8,22.200000000000003,-0.1,-0.1
111859,814943,60.422292,-0.751303,0.,-24,0.8647,35.2,-0.61,10.8,22.200000000000003,-0.1,-0.1
111859,815902,60.422302,-0.75134,0.,-24,0.8647,35.2,-0.61,10.8,22.200000000000003,-0.1,-0.1
111859,816863,60.422287,-0.751315,0.,-24,0.8647,35.2,-0.61,10.8,22.3,-0.1,-0.1
111859,817812,60.422288,-0.75133,0.,-24,0.8647,35.2,-0.61,10.8,22.3,-0.1,-0.1
111859,818772,60.422278,-0.751342,0.,-24,0.8647,35.2,-0.61,10.8,22.3,-0.1,-0.1
111859,819733,60.422308,-0.751315,0.,-24,0.8647,35.2,-0.61,10.8,22.3,-0.1,-0.1
111859,820654,60.422273,-0.751328,0.,-24,0.8647,35.2,-0.61,10.8,22.3,-0.1,-0.1
111859,821593,60.42228,-0.751332,0.,-24,0.8647,35.2,-0.61,10.8,22.3,-0.1,-0.1
111859,822533,60.422272,-0.751353,0.,-24,0.8647,35.2,-0.61,10.8,22.3,-0.1,-0.1
111859,823482,60.422275,-0.751335,0.,-24,0.8647,35.2,-0.61,10.8,22.3,-0.1,-0.1
111859,824423,60.422273,-0.751325,0.,-24,0.8647,35.2,-0.61,10.8,22.3,-0.1,-0.1
111859,825374,60.422272,-0.751327,0.,-24,0.8647,35.2,-0.61,10.8,22.3,-0.1,-0.1
111859,826462,60.422275,-0.751328,0.,-24,0.8647,35.2,-0.61,10.8,22.3,-0.1,-0.1
111859,827420,60.422287,-0.751303,0.,-24,0.8647,35.2,-0.61,10.8,22.3,-0.1,-0.1
111859,828353,60.422275,-0.75132,0.,-24,0.8647,35.2,-0.61,10.8,22.3,-0.1,-0.1
111859,829313,60.422297,-0.751295,0.,-24,0.8646,35.2,-0.61,10.8,22.3,-0.1,-0.1
111859,830264,60.422285,-0.751323,0.,-24,0.8647,35.2,-0.61,10.8,22.3,-0.1,-0.1
111859,831193,60.42228,-0.751368,0.,-24,0.8647,35.2,-0.61,10.8,22.3,-0.1,-0.1
111859,832131,60.422278,-0.751348,0.,-24,0.8647,35.2,-0.61,10.8,22.3,-0.1,-0.1
111859,833082,60.422287,-0.751368,0.,-24,0.8647,35.2,-0.61,10.8,22.3,-0.1,-0.1
111859,833551,60.422282,-0.751352,0.,-24,0.8647,35.2,-0.61,10.8,22.3,-0.09,-0.1
111859,834033,60.422288,-0.751353,0.,-24,0.8647,35.2,-0.61,10.8,22.3,-0.09,-0.1
111859,834992,60.422288,-0.75134,0.,-24,0.8647,35.2,-0.61,10.8,22.3,-0.09,-0.1
111859,835922,60.422287,-0.751357,0.,-24,0.8647,35.2,-0.61,10.8,22.3,-0.09,-0.09
111859,836854,60.422285,-0.751352,0.,-24,0.8647,35.2,-0.61,10.8,22.3,-0.09,-0.09
111859,837802,60.422288,-0.75134,0.,-24,0.8647,35.2,-0.61,10.8,22.3,-0.09,-0.09
111859,838703,60.42229,-0.751352,0.,-24,0.8647,35.2,-0.61,10.8,22.3,-0.09,-0.09
111859,839623,60.422273,-0.751338,0.,-24,0.8647,35.2,-0.61,10.8,22.3,-0.09,-0.09
111859,840572,60.42228,-0.751365,0.,-24,0.8647,35.2,-0.61,10.8,22.3,-0.09,-0.09
111859,841502,60.422275,-0.75131,0.,-24,0.8647,35.2,-0.61,10.8,22.3,-0.09,-0.09
111859,842471,60.422298,-0.751365,0.,-24,0.8647,35.2,-0.61,10.8,22.3,-0.09,-0.09
111859,843401,60.422298,-0.751312,0.,-24,0.8647,35.2,-0.61,10.8,22.3,-0.09,-0.09
111859,844346,60.422288,-0.751362,0.,-24,0.8647,35.2,-0.61,10.8,22.3,-0.09,-0.09
111859,845270,60.422292,-0.751323,0.,-24,0.8647,35.2,-0.61,10.8,22.3,-0.09,-0.09
111859,846243,60.42229,-0.751345,0.,-24,0.8647,35.2,-0.61,10.8,22.3,-0.09,-0.09
111859,847260,60.422295,-0.751347,0.,-24,0.8647,35.2,-0.61,10.8,22.3,-0.09,-0.09
111859,848215,60.422302,-0.75135,0.,-24,0.8647,35.2,-0.61,10.8,22.3,-0.09,-0.09
111859,849174,60.422277,-0.751355,0.,-24,0.8647,35.2,-0.61,10.8,22.3,-0.09,-0.09
111859,850077,60.422282,-0.751325,0.,-24,0.8647,35.2,-0.61,10.8,22.3,-0.09,-0.09
111859,850985,60.42229,-0.751357,0.,-24,0.8647,35.2,-0.61,10.8,22.3,-0.09,-0.09
111859,851912,60.422285,-0.751327,0.,-24,0.8647,35.2,-0.61,10.8,22.3,-0.09,-0.09
111859,852846,60.422302,-0.751323,0.,-24,0.8647,35.2,-0.61,10.8,22.3,-0.09,-0.09
111859,853785,60.422293,-0.751333,0.,-24,0.8647,35.2,-0.61,10.8,22.3,-0.09,-0.09
111859,854720,60.42229,-0.751345,0.,-24,0.8647,35.2,-0.61,10.8,22.3,-0.09,-0.09
111859,855651,60.422302,-0.751343,0.,-24,0.8647,35.2,-0.61,10.8,22.3,-0.09,-0.09
111859,856564,60.422292,-0.751353,0.,-24,0.8647,35.2,-0.61,10.8,22.3,-0.09,-0.09
111859,857493,60.422302,-0.751358,0.,-24,0.8647,35.2,-0.61,10.8,22.3,-0.09,-0.09
111859,858424,60.4223,-0.751363,0.,-24,0.8647,35.2,-0.61,10.8,22.3,-0.09,-0.09
111859,859385,60.422292,-0.751333,0.,-24,0.8647,35.2,-0.61,10.8,22.400000000000002,-0.09,-0.09
111859,860304,60.422297,-0.751345,0.,-24,0.8647,35.2,-0.61,10.8,22.400000000000002,-0.09,-0.09
111859,861214,60.4223,-0.75132,0.,-24,0.8647,35.2,-0.61,10.8,22.400000000000002,-0.09,-0.09
111859,862192,60.42228,-0.751338,0.,-24,0.8647,35.2,-0.61,10.8,22.400000000000002,-0.09,-0.09
111859,863122,60.422297,-0.751338,0.,-24,0.8647,35.2,-0.61,10.8,22.400000000000002,-0.09,-0.09
111859,864055,60.422315,-0.751312,0.,-24,0.8647,35.2,-0.61,10.8,22.400000000000002,-0.09,-0.09
111859,865001,60.422287,-0.75132,0.,-24,0.8647,35.2,-0.61,10.8,22.400000000000002,-0.09,-0.09
111859,865951,60.42229,-0.751337,0.,-24,0.8647,35.2,-0.61,10.8,22.400000000000002,-0.09,-0.09
111859,866906,60.422275,-0.751345,0.,-24,0.8647,35.2,-0.61,10.8,22.400000000000002,-0.09,-0.09
111859,867813,60.422297,-0.751327,0.,-24,0.8647,35.2,-0.61,10.8,22.400000000000002,-0.09,-0.09
111859,868739,60.42229,-0.751353,0.,-24,0.8647,35.2,-0.61,10.8,22.400000000000002,-0.09,-0.09
111859,869662,60.42229,-0.751312,0.,-24,0.8647,35.2,-0.61,10.8,22.400000000000002,-0.09,-0.09
111859,870617,60.422293,-0.751347,0.,-24,0.8647,35.2,-0.61,10.8,22.400000000000002,-0.09,-0.09
111859,871563,60.422288,-0.751347,0.,-24,0.8647,35.2,-0.61,10.8,22.400000000000002,-0.08,-0.09
111859,872503,60.422295,-0.751355,0.,-24,0.8647,35.2,-0.61,10.8,22.400000000000002,-0.08,-0.09
111859,873512,60.422303,-0.751312,0.,-24,0.8647,35.2,-0.61,10.8,22.400000000000002,-0.08,-0.09
111859,874453,60.4223,-0.751338,0.,-24,0.8647,35.2,-0.61,10.8,22.400000000000002,-0.08,-0.09
111859,875381,60.422308,-0.75134,0.,-24,0.8647,35.2,-0.61,10.8,22.400000000000002,-0.08,-0.09
111859,876303,60.422307,-0.751363,0.,-24,0.8647,35.2,-0.61,10.8,22.400000000000002,-0.08,-0.09
111859,877252,60.422298,-0.751365,0.,-24,0.8647,35.2,-0.61,10.8,22.400000000000002,-0.08,-0.09
111859,878193,60.4223,-0.751355,0.,-24,0.8647,35.2,-0.61,10.8,22.400000000000002,-0.08,-0.09
111859,879132,60.422325,-0.751335,0.,-24,0.8647,35.2,-0.61,10.8,22.400000000000002,-0.08,-0.09
111859,880062,60.422295,-0.751358,0.,-24,0.8647,35.2,-0.61,10.8,22.400000000000002,-0.08,-0.09
111859,881023,60.422283,-0.75134,0.,-24,0.8647,35.2,-0.61,10.8,22.400000000000002,-0.08,-0.09
111859,881952,60.4223,-0.75135,0.,-24,0.8647,35.2,-0.61,10.8,22.400000000000002,-0.08,-0.09
111859,882892,60.4223,-0.75136,0.1,-24,0.8647,35.2,-0.61,10.8,22.400000000000002,-0.08,-0.09
111859,883824,60.42231,-0.751348,0.,-24,0.8647,35.2,-0.61,10.8,22.400000000000002,-0.08,-0.09
111859,884783,60.42231,-0.751347,0.,-24,0.8647,35.2,-0.61,10.8,22.400000000000002,-0.08,-0.09
111859,885732,60.422308,-0.751308,0.,-24,0.8647,35.2,-0.61,10.8,22.400000000000002,-0.08,-0.09
111859,886684,60.422302,-0.751342,0.,-24,0.8647,35.2,-0.61,10.8,22.400000000000002,-0.08,-0.09
111859,887623,60.422297,-0.751322,0.,-24,0.8647,35.2,-0.61,10.9,22.400000000000002,-0.08,-0.09
111859,888583,60.422298,-0.751332,0.,-24,0.8647,35.2,-0.61,10.9,22.400000000000002,-0.08,-0.09
111859,889542,60.422302,-0.751325,0.,-24,0.8647,35.2,-0.61,10.9,22.400000000000002,-0.08,-0.09
111859,890472,60.422297,-0.751325,0.,-24,0.8647,35.2,-0.61,10.9,22.400000000000002,-0.08,-0.09
111859,891431,60.422298,-0.751328,0.,-24,0.8647,35.2,-0.61,10.9,22.400000000000002,-0.08,-0.09
111859,892361,60.422317,-0.751337,0.,-24,0.8647,35.2,-0.61,10.9,22.400000000000002,-0.08,-0.09
111859,893293,60.4223,-0.751347,0.,-24,0.8647,35.2,-0.61,10.9,22.400000000000002,-0.08,-0.09
111859,894243,60.422295,-0.751328,0.,-24,0.8647,35.2,-0.61,10.9,22.400000000000002,-0.08,-0.09
111859,895183,60.4223,-0.751315,0.,-24,0.8647,35.2,-0.61,10.9,22.400000000000002,-0.08,-0.09
111859,896132,60.422295,-0.75133,0.,-24,0.8647,35.2,-0.61,10.9,22.400000000000002,-0.08,-0.09
111859,897136,60.42233,-0.751298,0.,-24,0.8646,35.2,-0.61,10.9,22.400000000000002,-0.08,-0.09
111859,898073,60.422313,-0.75133,0.,-24,0.8647,35.2,-0.61,10.9,22.400000000000002,-0.08,-0.09
111859,898999,60.422298,-0.751308,0.,-24,0.8647,35.2,-0.61,10.9,22.400000000000002,-0.08,-0.09
111859,899966,60.42229,-0.751323,0.,-24,0.8647,35.2,-0.61,10.9,22.400000000000002,-0.08,-0.09
111859,900890,60.422287,-0.75131,0.,-24,0.8647,35.2,-0.61,10.9,22.400000000000002,-0.08,-0.09
111859,901871,60.42229,-0.75133,0.,-24,0.8647,35.2,-0.61,10.9,22.5,-0.08,-0.09
111859,902774,60.422315,-0.751343,0.,-24,0.8647,35.2,-0.61,10.9,22.400000000000002,-0.08,-0.08
111859,903688,60.422305,-0.751342,0.,-24,0.8647,35.2,-0.61,10.9,22.5,-0.08,-0.08
111859,904613,60.42228,-0.75133,0.,-24,0.8647,35.2,-0.61,10.9,22.5,-0.08,-0.08
111859,905563,60.422268,-0.751337,0.,-24,0.8647,35.2,-0.61,10.9,22.5,-0.08,-0.08
111859,906517,60.4223,-0.751325,0.,-24,0.8647,35.2,-0.61,10.9,22.5,-0.08,-0.08
111859,907453,60.422262,-0.75133,0.,-24,0.8647,35.2,-0.61,10.9,22.5,-0.08,-0.08
111859,908426,60.422283,-0.75136,0.,-24,0.8647,35.2,-0.61,10.9,22.5,-0.08,-0.08
111859,909372,60.422263,-0.75135,0.,-24,0.8647,35.2,-0.61,10.9,22.5,-0.08,-0.08
111859,910292,60.422273,-0.751332,0.,-24,0.8647,35.2,-0.61,10.9,22.5,-0.07,-0.08
111859,911233,60.422278,-0.751338,0.,-24,0.8647,35.2,-0.61,10.9,22.5,-0.07,-0.08
111859,912179,60.422293,-0.751325,0.,-24,0.8647,35.2,-0.61,10.9,22.5,-0.07,-0.08
111859,913131,60.422283,-0.751332,0.,-24,0.8647,35.2,-0.61,10.9,22.5,-0.07,-0.08
111859,914064,60.42229,-0.75132,0.,-24,0.8647,35.2,-0.61,10.9,22.5,-0.07,-0.08
111859,915003,60.422283,-0.751325,0.,-24,0.8647,35.2,-0.61,10.9,22.5,-0.07,-0.08
111859,915997,60.422298,-0.751315,0.,-24,0.8647,35.2,-0.61,10.9,22.5,-0.07,-0.08
111859,916979,60.422297,-0.751328,0.,-24,0.8647,35.300000000000004,-0.61,10.9,22.5,-0.07,-0.08
111859,917882,60.422303,-0.751295,0.,-24,0.8646,35.300000000000004,-0.61,10.9,22.5,-0.07,-0.08
111859,918849,60.422288,-0.751317,0.,-24,0.8647,35.300000000000004,-0.61,10.9,22.5,-0.07,-0.08
111859,919752,60.422312,-0.751318,0.,-24,0.8647,35.300000000000004,-0.61,10.9,22.5,-0.07,-0.08
111859,920817,60.422298,-0.751292,0.,-24,0.8646,35.300000000000004,-0.61,10.9,22.5,-0.07,-0.08
111859,921725,60.422297,-0.751335,0.,-24,0.8647,35.300000000000004,-0.61,10.9,22.5,-0.07,-0.08
111859,922633,60.422293,-0.751342,0.,-24,0.8647,35.300000000000004,-0.61,10.9,22.5,-0.07,-0.08
111859,923555,60.422287,-0.751352,0.,-24,0.8647,35.300000000000004,-0.61,10.9,22.5,-0.07,-0.08
111859,924491,60.422277,-0.75135,0.,-24,0.8647,35.300000000000004,-0.61,10.9,22.5,-0.07,-0.08
111859,925425,60.422298,-0.75134,0.,-24,0.8647,35.300000000000004,-0.61,10.9,22.5,-0.07,-0.08
111859,926375,60.422282,-0.751295,0.,-24,0.8646,35.300000000000004,-0.61,10.9,22.5,-0.07,-0.08
111859,927379,60.422285,-0.751342,0.,-24,0.8647,35.300000000000004,-0.61,10.9,22.5,-0.07,-0.08
111859,928308,60.422292,-0.751337,0.,-24,0.8647,35.300000000000004,-0.61,10.9,22.5,-0.07,-0.08
111859,929259,60.42229,-0.751342,0.,-24,0.8647,35.300000000000004,-0.61,10.9,22.5,-0.07,-0.08
111859,930168,60.422302,-0.751347,0.,-24,0.8647,35.300000000000004,-0.61,10.9,22.5,-0.07,-0.08
111859,931083,60.422292,-0.751345,0.,-24,0.8647,35.300000000000004,-0.61,10.9,22.5,-0.07,-0.08
111859,932033,60.422282,-0.75132,0.,-24,0.8647,35.300000000000004,-0.61,10.9,22.5,-0.07,-0.08
111859,933036,60.422305,-0.751335,0.,-24,0.8647,35.300000000000004,-0.61,10.9,22.5,-0.07,-0.08
111859,933983,60.4223,-0.75135,0.,-24,0.8647,35.300000000000004,-0.61,10.9,22.5,-0.07,-0.08
111859,934932,60.4223,-0.751368,0.,-24,0.8647,35.300000000000004,-0.61,10.9,22.5,-0.07,-0.08
111859,935883,60.42229,-0.751333,0.,-24,0.8647,35.300000000000004,-0.61,10.9,22.5,-0.07,-0.08
111859,936835,60.422302,-0.751333,0.,-24,0.8647,35.300000000000004,-0.61,10.9,22.5,-0.07,-0.08
111859,937773,60.422303,-0.75136,0.,-24,0.8647,35.300000000000004,-0.61,10.9,22.5,-0.07,-0.08
111859,938711,60.422307,-0.751332,0.,-24,0.8647,35.300000000000004,-0.61,10.9,22.5,-0.07,-0.08
111859,939673,60.4223,-0.751332,0.,-24,0.8647,35.300000000000004,-0.61,10.9,22.5,-0.07,-0.08
111859,940632,60.422295,-0.751345,0.,-24,0.8647,35.300000000000004,-0.61,10.9,22.5,-0.07,-0.08
111859,941563,60.422298,-0.751345,0.,-24,0.8647,35.300000000000004,-0.61,10.9,22.5,-0.07,-0.08
111859,942502,60.42231,-0.751352,0.,-24,0.8647,35.300000000000004,-0.61,10.9,22.5,-0.07,-0.08
111859,943443,60.42231,-0.751335,0.,-24,0.8647,35.300000000000004,-0.61,10.9,22.5,-0.07,-0.08
111859,944423,60.422305,-0.751355,0.,-24,0.8647,35.300000000000004,-0.61,10.9,22.5,-0.07,-0.08
111859,945356,60.422302,-0.751358,0.,-24,0.8647,35.300000000000004,-0.61,10.9,22.5,-0.07,-0.08
111859,946305,60.422297,-0.751337,0.,-24,0.8647,35.300000000000004,-0.61,10.9,22.6,-0.07,-0.08
111859,947231,60.422312,-0.751357,0.,-24,0.8647,35.300000000000004,-0.61,10.9,22.6,-0.07,-0.08
111859,948165,60.422282,-0.751323,0.,-24,0.8647,35.300000000000004,-0.61,10.9,22.6,-0.07,-0.08
111859,949118,60.422297,-0.751362,0.,-24,0.8647,35.300000000000004,-0.61,10.9,22.6,-0.06,-0.08
111859,950053,60.422282,-0.751343,0.,-24,0.8647,35.300000000000004,-0.61,10.9,22.6,-0.06,-0.08
111859,951056,60.422295,-0.751342,0.,-24,0.8647,35.300000000000004,-0.61,10.9,22.6,-0.06,-0.08
111859,952024,60.422293,-0.751338,0.,-24,0.8647,35.300000000000004,-0.61,10.9,22.6,-0.06,-0.08
111859,952965,60.42228,-0.751353,0.,-24,0.8647,35.300000000000004,-0.61,10.9,22.6,-0.06,-0.08
111859,953914,60.422303,-0.751373,0.,-24,0.8647,35.300000000000004,-0.61,10.9,22.6,-0.06,-0.08
111859,954934,60.42229,-0.751337,0.,-24,0.8647,35.300000000000004,-0.61,10.9,22.6,-0.06,-0.08
111859,955934,60.42229,-0.751372,0.,-24,0.8647,35.300000000000004,-0.61,10.9,22.6,-0.06,-0.08
111859,956873,60.422292,-0.751367,0.,-24,0.8647,35.300000000000004,-0.61,10.9,22.6,-0.06,-0.08
111859,957795,60.422273,-0.751355,0.,-24,0.8647,35.300000000000004,-0.61,10.9,22.6,-0.06,-0.08
111859,958762,60.422305,-0.751377,0.,-24,0.8647,35.300000000000004,-0.61,10.9,22.6,-0.06,-0.08
111859,959672,60.422298,-0.75135,0.,-24,0.8647,35.300000000000004,-0.61,10.9,22.6,-0.06,-0.08
111859,960618,60.4223,-0.75135,0.,-24,0.8647,35.300000000000004,-0.61,10.9,22.6,-0.06,-0.08
111859,961532,60.422293,-0.751352,0.,-24,0.8647,35.300000000000004,-0.61,10.9,22.6,-0.06,-0.08
111859,962484,60.422305,-0.751337,0.,-24,0.8647,35.300000000000004,-0.61,10.9,22.6,-0.06,-0.08
111859,963415,60.422297,-0.751373,0.,-24,0.8647,35.300000000000004,-0.61,10.9,22.6,-0.06,-0.08
111859,964324,60.422292,-0.751365,0.,-24,0.8647,35.300000000000004,-0.61,10.9,22.6,-0.06,-0.08
111859,965275,60.42229,-0.751365,0.,-24,0.8647,35.300000000000004,-0.61,10.9,22.6,-0.06,-0.08
111859,966225,60.422297,-0.75135,0.,-24,0.8647,35.300000000000004,-0.61,10.9,22.6,-0.06,-0.08
111859,967172,60.422292,-0.751333,0.,-24,0.8647,35.300000000000004,-0.61,10.9,22.6,-0.06,-0.08
111859,968159,60.422292,-0.751353,0.,-24,0.8647,35.300000000000004,-0.61,10.9,22.6,-0.06,-0.08
111859,969082,60.422303,-0.751352,0.,-24,0.8647,35.300000000000004,-0.61,10.9,22.6,-0.06,-0.07
111859,970005,60.4223,-0.751345,0.,-24,0.8647,35.300000000000004,-0.61,10.9,22.6,-0.06,-0.07
111859,970951,60.422298,-0.751337,0.,-24,0.8647,35.300000000000004,-0.61,10.9,22.6,-0.06,-0.07
111859,971910,60.422313,-0.751322,0.,-24,0.8647,35.300000000000004,-0.61,10.9,22.6,-0.06,-0.07
111859,972923,60.422298,-0.751343,0.,-24,0.8647,35.300000000000004,-0.61,10.9,22.6,-0.06,-0.07
111859,973824,60.422298,-0.75134,0.,-24,0.8647,35.300000000000004,-0.61,10.9,22.6,-0.06,-0.07
111859,974750,60.422295,-0.751343,0.,-24,0.8647,35.300000000000004,-0.61,10.9,22.6,-0.06,-0.07
111859,975694,60.422302,-0.75135,0.,-24,0.8647,35.300000000000004,-0.61,10.9,22.6,-0.06,-0.07
111859,976711,60.422293,-0.751348,0.,-24,0.8647,35.300000000000004,-0.61,10.9,22.6,-0.06,-0.07
111859,977633,60.422295,-0.75134,0.,-24,0.8647,35.300000000000004,-0.61,10.9,22.6,-0.06,-0.07
111859,978548,60.422298,-0.751357,0.,-24,0.8647,35.300000000000004,-0.61,10.9,22.6,-0.06,-0.07
111859,979463,60.422293,-0.751353,0.,-24,0.8647,35.300000000000004,-0.61,10.9,22.6,-0.06,-0.07
111859,980387,60.422282,-0.751342,0.,-24,0.8647,35.300000000000004,-0.61,10.9,22.6,-0.06,-0.07
111859,981302,60.422293,-0.751348,0.,-24,0.8647,35.300000000000004,-0.61,10.9,22.6,-0.06,-0.07
111859,982234,60.422295,-0.751332,0.,-24,0.8647,35.300000000000004,-0.61,10.9,22.6,-0.06,-0.07
111859,983149,60.422303,-0.751303,0.,-24,0.8647,35.300000000000004,-0.61,10.9,22.6,-0.06,-0.07
111859,984089,60.422305,-0.751327,0.,-24,0.8647,35.300000000000004,-0.61,10.9,22.6,-0.06,-0.07
111859,985038,60.422298,-0.751295,0.,-24,0.8646,35.300000000000004,-0.61,10.9,22.6,-0.06,-0.07
111859,985962,60.4223,-0.751307,0.,-24,0.8647,35.300000000000004,-0.61,10.9,22.6,-0.06,-0.07
111859,986875,60.422293,-0.751333,0.,-24,0.8647,35.300000000000004,-0.61,10.9,22.6,-0.05,-0.07
111859,987803,60.422308,-0.751347,0.,-24,0.8647,35.300000000000004,-0.61,10.9,22.6,-0.05,-0.07
111859,988762,60.422295,-0.751327,0.,-24,0.8647,35.300000000000004,-0.61,10.9,22.700000000000003,-0.05,-0.07
111859,989691,60.422305,-0.75135,0.,-24,0.8647,35.300000000000004,-0.61,10.9,22.700000000000003,-0.05,-0.07
111859,990618,60.422295,-0.751342,0.,-24,0.8647,35.300000000000004,-0.61,10.9,22.700000000000003,-0.05,-0.07
111859,991602,60.422283,-0.751362,0.,-24,0.8647,35.300000000000004,-0.61,10.9,22.700000000000003,-0.05,-0.07
111859,992552,60.422272,-0.751368,0.,-24,0.8647,35.300000000000004,-0.61,10.9,22.700000000000003,-0.05,-0.07
111859,993483,60.42227,-0.751367,0.,-24,0.8647,35.300000000000004,-0.61,10.9,22.700000000000003,-0.05,-0.07
111859,994423,60.42227,-0.751365,0.,-24,0.8647,35.300000000000004,-0.61,10.9,22.700000000000003,-0.05,-0.07
111859,995363,60.422285,-0.751298,0.,-24,0.8646,35.300000000000004,-0.61,10.9,22.700000000000003,-0.05,-0.07
111859,996343,60.422278,-0.751327,0.,-24,0.8647,35.300000000000004,-0.61,10.9,22.700000000000003,-0.05,-0.07
111859,997272,60.42228,-0.751338,0.,-24,0.8647,35.300000000000004,-0.61,10.9,22.700000000000003,-0.05,-0.07
111859,998203,60.422282,-0.751323,0.,-24,0.8647,35.300000000000004,-0.61,10.9,22.700000000000003,-0.05,-0.07
111859,999143,60.422282,-0.751338,0.,-24,0.8647,35.300000000000004,-0.62,10.9,22.700000000000003,-0.05,-0.07
111859,1000092,60.422302,-0.751313,0.,-24,0.8647,35.300000000000004,-0.62,10.9,22.700000000000003,-0.05,-0.07
111859,1001106,60.422277,-0.751308,0.,-24,0.8647,35.300000000000004,-0.62,10.9,22.700000000000003,-0.05,-0.07
111859,1002090,60.422283,-0.751323,0.,-24,0.8647,35.300000000000004,-0.62,10.9,22.700000000000003,-0.05,-0.07
111859,1002993,60.4223,-0.751307,0.,-24,0.8647,35.300000000000004,-0.62,10.9,22.700000000000003,-0.05,-0.07
111859,1003923,60.422295,-0.7513,0.,-24,0.8646,35.300000000000004,-0.62,10.9,22.700000000000003,-0.05,-0.07
111859,1004927,60.422285,-0.751328,0.,-24,0.8647,35.300000000000004,-0.62,10.9,22.700000000000003,-0.05,-0.07
111859,1006026,60.422295,-0.751335,0.,-24,0.8647,35.300000000000004,-0.62,10.9,22.700000000000003,-0.05,-0.07
111859,1006969,60.422298,-0.751293,0.,-24,0.8646,35.300000000000004,-0.62,10.9,22.700000000000003,-0.05,-0.07
111859,1007906,60.422287,-0.751335,0.,-24,0.8647,35.300000000000004,-0.62,10.9,22.700000000000003,-0.05,-0.07
111859,1008823,60.42229,-0.751347,0.,-24,0.8647,35.300000000000004,-0.62,10.9,22.700000000000003,-0.05,-0.07
111859,1009735,60.422285,-0.751338,0.,-24,0.8647,35.300000000000004,-0.62,10.9,22.700000000000003,-0.05,-0.07
111859,1010703,60.42229,-0.751333,0.,-24,0.8647,35.300000000000004,-0.62,10.9,22.700000000000003,-0.05,-0.07
111859,1011609,60.422302,-0.751328,0.,-24,0.8647,35.300000000000004,-0.62,10.9,22.700000000000003,-0.05,-0.07
111859,1012522,60.422287,-0.75131,0.,-24,0.8647,35.300000000000004,-0.62,10.9,22.700000000000003,-0.05,-0.07
111859,1013432,60.422282,-0.751312,0.,-24,0.8647,35.300000000000004,-0.62,10.9,22.700000000000003,-0.05,-0.07
111859,1014358,60.422305,-0.75133,0.,-24,0.8647,35.300000000000004,-0.62,10.9,22.700000000000003,-0.05,-0.07
111859,1015332,60.4223,-0.751322,0.,-24,0.8647,35.300000000000004,-0.62,10.9,22.700000000000003,-0.05,-0.07
111859,1016281,60.422307,-0.751332,0.,-24,0.8647,35.300000000000004,-0.62,10.9,22.700000000000003,-0.05,-0.07
111859,1017217,60.422302,-0.751333,0.,-24,0.8647,35.300000000000004,-0.62,10.9,22.700000000000003,-0.05,-0.07
111859,1018179,60.43938,-0.713805,7.6,-26,0.8698,35.300000000000004,-0.62,10.9,22.,-0.05,-0.08
111859,1019135,60.467805,-0.671778,7.9,-25,0.9236000000000001,35.300000000000004,-0.62,10.9,27.6,-0.07,-0.09
111859,1020055,60.493208,-0.6302,7.6,-26,0.9039,35.300000000000004,-0.62,10.9,32.4,-0.08,-0.09
111859,1021016,60.512577,-0.575525,7.7,-26,0.9039,35.2,-0.62,11.,28.,-0.08,-0.08
111859,1021928,60.531607,-0.519875,7.6,-26,0.9508000000000001,35.2,-0.62,11.,28.8,-0.08,-0.08
111859,1022896,60.54752,-0.489267,2.1,-25,1.1757,35.2,-0.62,11.100000000000001,32.9,-0.08,-0.07
111859,1023829,60.55765,-0.480553,2.8,-25,1.1465,35.2,-0.62,11.100000000000001,34.800000000000004,-0.08,-0.07
111859,1024758,60.567513,-0.469945,2.7,-25,1.1148,35.2,-0.62,11.100000000000001,34.6,-0.08,-0.07
111859,1025674,60.57757,-0.459368,2.7,-25,1.0844,35.2,-0.62,11.100000000000001,34.1,-0.08,-0.07
111859,1026651,60.587483,-0.447057,2.7,-25,1.4921,35.2,-0.62,11.100000000000001,33.6,-0.08,-0.07
111859,1027555,60.59709,-0.43392,2.7,-25,1.4568,35.2,-0.62,11.100000000000001,33.1,-0.08,-0.06
111859,1028506,60.60734,-0.421388,2.6,-25,1.3696000000000002,35.2,-0.62,11.100000000000001,32.6,-0.09,-0.06
111859,1029469,60.618437,-0.409927,2.7,-25,1.5174,35.300000000000004,-0.62,11.100000000000001,32.1,-0.09,-0.06
111859,1030417,60.63043,-0.406858,2.8,-25,1.129,35.300000000000004,-0.62,11.100000000000001,32.1,-0.09,-0.06
111859,1031453,60.642917,-0.412997,2.9,-25,1.0462,35.300000000000004,-0.62,11.100000000000001,32.5,-0.09,-0.06
111859,1032394,60.65517,-0.418298,2.9,-25,1.4497,35.300000000000004,-0.62,11.100000000000001,33.,-0.08,-0.06
111859,1033348,60.66673,-0.427677,2.8,-25,1.0597,35.300000000000004,-0.62,11.100000000000001,33.5,-0.08,-0.07
111859,1034289,60.678608,-0.430208,3.,-26,1.0789,35.300000000000004,-0.62,11.100000000000001,33.800000000000004,-0.08,-0.07
111859,1035263,60.692388,-0.43208,2.9,-26,1.1004,35.300000000000004,-0.62,11.100000000000001,34.,-0.08,-0.07
111859,1036216,60.704803,-0.430737,2.9,-26,1.1106,35.300000000000004,-0.62,11.100000000000001,34.1,-0.08,-0.07
111859,1037137,60.716987,-0.426048,3.1,-26,1.2924,35.300000000000004,-0.62,11.100000000000001,34.2,-0.08,-0.07
111859,1038128,60.72767,-0.422083,2.9,-26,1.2515,35.300000000000004,-0.62,11.200000000000001,34.300000000000004,-0.08,-0.07
111859,1039057,60.742237,-0.423773,3.1,-27,1.3046,35.300000000000004,-0.62,11.200000000000001,34.5,-0.08,-0.07
111859,1039980,60.754,-0.42616,2.9,-27,2.1017,35.300000000000004,-0.62,11.200000000000001,34.7,-0.07,-0.07
111859,1040901,60.767798,-0.427885,3.,-27,2.158,35.300000000000004,-0.62,11.200000000000001,34.9,-0.07,-0.07
111859,1041832,60.78049,-0.428935,3.,-27,2.1891000000000003,35.300000000000004,-0.62,11.200000000000001,35.1,-0.07,-0.08
111859,1042786,60.79245,-0.422573,2.9,-27,3.2261,35.300000000000004,-0.62,11.200000000000001,35.300000000000004,-0.07,-0.08
111859,1043730,60.799348,-0.42114,0.6,-27,3.1910000000000003,35.300000000000004,-0.62,11.200000000000001,35.4,-0.07,-0.08
111859,1044679,60.813775,-0.400613,7.3,-27,3.7030000000000003,35.300000000000004,-0.62,11.200000000000001,35.7,-0.07,-0.08
111859,1051776,60.864473,-0.224732,3.1,-30,3.4571,35.300000000000004,-0.63,11.200000000000001,18.900000000000002,-0.05,-0.09
111859,1058356,60.89272,-0.33168,2.1,-30,4.6258,35.300000000000004,-0.63,11.3,35.9,-0.05,-0.09
111859,1064603,60.839703,-0.304378,2.8,-30,3.7546000000000004,35.300000000000004,-0.63,11.3,33.4,-0.05,-0.08
111859,1066563,60.850948,-0.327308,2.4,-30,4.3547,35.300000000000004,-0.63,11.3,35.800000000000004,-0.05,-0.08
111859,1067592,60.859268,-0.316113,2.,-30,4.2161,35.300000000000004,-0.63,11.3,35.,-0.05,-0.09
111859,1068610,60.862922,-0.307512,3.4,-29,4.1197,35.300000000000004,-0.63,11.3,33.2,-0.05,-0.09
111859,1086952,60.98169,-0.253465,8.5,-30,2.9177,35.300000000000004,-0.64,11.3,38.400000000000006,-0.01,-0.09
111859,1096572,61.086195,-0.41973,2.5,-34,4.7061,35.300000000000004,-0.64,11.3,34.300000000000004,0.04,-0.08
111859,1097504,61.094077,-0.434388,2.7,-35,4.9905,35.300000000000004,-0.64,11.3,33.4,0.04,-0.08
111859,1114323,61.042495,-0.510862,2.8,-31,5.878900000000001,35.300000000000004,-0.64,11.4,38.1,0.02,-0.08
111859,1118785,61.049205,-0.401702,2.8,-34,3.8908,35.300000000000004,-0.64,11.3,39.1,0.03,-0.08
111859,1119873,61.062463,-0.399247,2.8,-34,4.053100000000001,35.300000000000004,-0.64,11.3,37.6,0.04,-0.08
111859,1120943,61.07428,-0.412075,2.9,-34,4.3889000000000005,35.300000000000004,-0.64,11.3,36.2,0.04,-0.08
111859,1121944,61.08498,-0.425893,2.7,-34,4.7817,35.300000000000004,-0.64,11.3,34.9,0.05,-0.08
111859,1122932,61.094985,-0.440997,2.8,-35,5.0840000000000005,35.300000000000004,-0.65,11.3,33.6,0.05,-0.08
111859,1127092,61.1033,-0.544158,2.7,-35,5.5685,35.300000000000004,-0.65,11.4,31.200000000000003,0.06,-0.07
111859,1128124,61.09955,-0.570517,2.8,-36,6.663600000000001,35.300000000000004,-0.65,11.4,31.200000000000003,0.05,-0.06
111859,1129075,61.096687,-0.596057,2.9,-32,5.878500000000001,35.300000000000004,-0.64,11.4,31.,0.05,-0.06
111859,1130002,61.092938,-0.62019,3.,-34,6.6229000000000005,35.300000000000004,-0.64,11.4,30.8,0.05,-0.06
111859,1133123,61.062848,-0.642887,2.5,-31,6.338100000000001,35.300000000000004,-0.64,11.4,31.6,0.04,-0.06
111859,1134262,61.051165,-0.628435,2.6,-30,6.4572,35.300000000000004,-0.64,11.4,32.6,0.03,-0.07
111859,1135526,61.040545,-0.607268,1.6,-30,6.4407000000000005,35.300000000000004,-0.64,11.4,34.300000000000004,0.03,-0.07
111859,1136664,61.040602,-0.596987,0.6,-30,6.4535,35.300000000000004,-0.64,11.4,34.9,0.03,-0.07
111859,1138522,61.02559,-0.557545,2.4,-32,6.3548,35.300000000000004,-0.64,11.4,37.4,0.02,-0.07
111859,1139564,61.017993,-0.536758,2.6,-32,6.052700000000001,35.300000000000004,-0.64,11.4,38.2,0.02,-0.07
111859,1140623,61.010623,-0.515865,2.7,-31,6.019,35.300000000000004,-0.64,11.4,38.900000000000006,0.02,-0.08
111859,1141199,61.006283,-0.504353,2.7,-31,5.9557,35.300000000000004,-0.64,11.4,39.300000000000004,0.02,-0.08
111859,1142202,61.000485,-0.481368,2.8,-33,5.3266,35.300000000000004,-0.64,11.4,39.900000000000006,0.01,-0.08
111859,1143202,60.99708,-0.456033,2.8,-30,5.3893,35.300000000000004,-0.64,11.3,40.,0.01,-0.08
111859,1147892,61.029042,-0.397418,2.2,-34,4.121,35.300000000000004,-0.64,11.3,40.800000000000004,0.03,-0.08
111859,1149014,61.039488,-0.405228,2.5,-34,4.0716,35.300000000000004,-0.64,11.3,41.1,0.04,-0.08
111859,1151893,61.070835,-0.417682,2.5,-31,4.8582,35.300000000000004,-0.64,11.3,37.300000000000004,0.06,-0.08
111859,1153104,61.082667,-0.42987,2.4,-31,5.2035,35.300000000000004,-0.64,11.3,35.800000000000004,0.06,-0.07
111859,1166023,61.062518,-0.634213,2.5,-30,6.4793,35.300000000000004,-0.64,11.4,32.4,0.05,-0.06
111859,1178312,61.015263,-0.400295,2.3,-34,3.9991000000000003,35.300000000000004,-0.64,11.3,41.5,0.04,-0.07
111859,1185048,60.956328,-0.355022,2.9,-30,5.5361,35.300000000000004,-0.63,11.3,40.800000000000004,0.02,-0.08
111859,1191593,60.99051,-0.477982,2.5,-30,6.2545,35.300000000000004,-0.64,11.4,41.300000000000004,0.03,-0.07
111859,1192673,60.994715,-0.499902,2.4,-31,5.8113,35.300000000000004,-0.64,11.4,40.800000000000004,0.04,-0.07
111859,1194082,61.003285,-0.52333,2.5,-32,5.9995,35.300000000000004,-0.64,11.4,40.2,0.04,-0.07
111859,1195368,61.000058,-0.531252,2.5,-32,6.025,35.300000000000004,-0.64,11.4,40.,0.04,-0.07
111859,1196321,61.010132,-0.54325,2.3,-32,6.4283,35.300000000000004,-0.64,11.4,39.6,0.04,-0.07
111859,1197222,61.018383,-0.552515,2.,-32,6.3814,35.300000000000004,-0.64,11.4,39.2,0.05,-0.07
111859,1201625,61.051497,-0.619657,2.4,-30,5.5816,35.300000000000004,-0.64,11.4,34.4,0.07,-0.06
111859,1211072,61.10867,-0.513993,2.4,-34,5.968100000000001,35.300000000000004,-0.65,11.4,32.1,0.1,-0.06
111859,1215003,61.088098,-0.445262,2.4,-35,5.0878000000000005,35.300000000000004,-0.65,11.3,35.9,0.09,-0.07
111859,1219973,61.04508,-0.411062,3.,-34,3.8707000000000003,35.300000000000004,-0.64,11.3,41.800000000000004,0.07,-0.07
111859,1222032,61.041217,-0.462212,2.7,-33,5.883100000000001,35.300000000000004,-0.64,11.4,42.300000000000004,0.07,-0.07
111859,1223103,61.04061,-0.489155,2.7,-33,6.0042,35.300000000000004,-0.64,11.4,41.800000000000004,0.06,-0.06
111859,1224032,61.040198,-0.512638,2.7,-31,6.2411,35.300000000000004,-0.64,11.4,40.7,0.06,-0.06
111859,1228354,61.044272,-0.615953,2.7,-30,5.6097,35.300000000000004,-0.64,11.4,34.7,0.07,-0.06
111859,1229334,61.055418,-0.622723,2.5,-30,5.5455000000000005,35.300000000000004,-0.64,11.4,33.6,0.07,-0.05
111859,1230353,61.06628,-0.63156,2.3,-30,6.5659,35.300000000000004,-0.64,11.4,32.6,0.07,-0.05
111859,1231431,61.07751,-0.639822,2.6,-30,6.5799,35.300000000000004,-0.64,11.4,31.6,0.08,-0.05
111859,1235278,61.0998,-0.570185,2.5,-36,6.6479,35.300000000000004,-0.64,11.4,32.1,0.09,-0.05
111859,1241111,61.092542,-0.435323,2.8,-35,4.9886,35.300000000000004,-0.64,11.3,34.5,0.1,-0.07
111859,1256234,60.913658,-0.335315,2.9,-28,5.646800000000001,35.300000000000004,-0.63,11.4,38.900000000000006,0.02,-0.08
111859,1260963,60.922568,-0.403757,2.8,-31,5.3002,35.300000000000004,-0.63,11.4,38.5,0.02,-0.08
111859,1261973,60.930238,-0.425845,2.9,-29,7.1492,35.300000000000004,-0.63,11.4,38.6,0.02,-0.08
111859,1263192,60.940603,-0.450822,3.1,-30,6.2653,35.300000000000004,-0.63,11.4,38.6,0.03,-0.07
111859,1264473,60.955688,-0.46713,3.,-30,5.4124,35.300000000000004,-0.63,11.4,38.800000000000004,0.03,-0.07
111859,1265452,60.962903,-0.476512,2.6,-30,5.9934,35.300000000000004,-0.63,11.4,38.800000000000004,0.03,-0.07
111859,1266453,60.976122,-0.494183,2.6,-31,5.7305,35.300000000000004,-0.63,11.4,38.800000000000004,0.04,-0.07
111859,1267423,60.984867,-0.50865,2.7,-28,6.7569,35.300000000000004,-0.63,11.4,38.6,0.04,-0.07
111859,1268394,60.994145,-0.524905,2.7,-29,6.554200000000001,35.300000000000004,-0.63,11.4,38.2,0.04,-0.07
111859,1269323,61.004273,-0.536253,2.8,-32,6.0506,35.300000000000004,-0.63,11.4,37.800000000000004,0.05,-0.07
111859,1270233,61.014428,-0.545275,2.5,-32,6.4407000000000005,35.300000000000004,-0.63,11.4,37.5,0.05,-0.06
111859,1271272,61.024987,-0.558282,2.4,-32,6.3415,35.300000000000004,-0.63,11.4,36.9,0.06,-0.06
111859,1273693,61.044195,-0.599583,2.4,-30,5.8067,35.300000000000004,-0.63,11.4,34.300000000000004,0.07,-0.06
111859,1274633,61.05125,-0.615848,2.5,-30,5.6334,35.300000000000004,-0.63,11.4,33.1,0.07,-0.05
111859,1275692,61.060918,-0.629733,2.4,-30,6.5372,35.300000000000004,-0.63,11.4,31.900000000000002,0.07,-0.05
111859,1277714,61.081738,-0.644848,2.4,-31,6.5716,35.300000000000004,-0.64,11.4,30.400000000000002,0.08,-0.04
111859,1305352,61.097425,-0.375055,3.1,-36,4.099200000000001,35.300000000000004,-0.64,11.4,32.5,0.1,-0.07
111859,1306618,61.094413,-0.410948,2.1,-37,4.815300000000001,35.300000000000004,-0.64,11.4,32.6,0.09,-0.07
111859,1307583,61.095463,-0.423267,0.6,-34,4.8612,35.300000000000004,-0.64,11.4,32.300000000000004,0.09,-0.07
111859,1309642,61.074867,-0.413542,2.2,-34,4.42,35.300000000000004,-0.63,11.4,34.7,0.08,-0.07
111859,1338691,60.875965,-0.53665,8.8,-27,4.8127,35.300000000000004,-0.62,11.3,34.4,0.01,-0.07
111859,1339604,60.845008,-0.535695,9.,-27,3.1418000000000004,35.300000000000004,-0.61,11.200000000000001,33.2,0.,-0.07
111859,1340513,60.81543,-0.537897,9.1,-26,2.0926,35.300000000000004,-0.61,11.200000000000001,32.1,0.,-0.06
111859,1341442,60.777567,-0.558882,9.2,-26,1.5166000000000002,35.300000000000004,-0.61,11.100000000000001,31.,0.,-0.06
111859,1342374,60.741543,-0.579577,8.8,-26,1.4207,35.300000000000004,-0.61,11.,31.1,0.01,-0.06
111859,1343329,60.711267,-0.597263,8.6,-25,1.3326,35.300000000000004,-0.61,11.,31.3,0.01,-0.06
111859,1344261,60.669447,-0.62243,8.6,-26,1.3039,35.300000000000004,-0.61,11.,31.8,0.03,-0.06
111859,1345193,60.63554,-0.646142,8.2,-25,1.1093,35.300000000000004,-0.61,11.,29.400000000000002,0.04,-0.07
111859,1346153,60.603878,-0.68056,8.4,-25,1.1782000000000001,35.300000000000004,-0.61,11.,18.2,0.04,-0.07
111859,1347064,60.575205,-0.72463,8.6,-24,1.2182,35.300000000000004,-0.61,11.,13.,0.04,-0.06
111859,1348023,60.543857,-0.764913,8.3,-22,1.2217,35.300000000000004,-0.61,10.9,11.8,0.04,-0.05
111859,1348942,60.509767,-0.779605,8.3,-23,1.0219,35.300000000000004,-0.61,10.9,12.600000000000001,0.04,-0.03
111859,1349864,60.475955,-0.791433,8.1,-23,0.8968,35.300000000000004,-0.61,10.9,13.9,0.04,-0.02
111859,1350765,60.444017,-0.808603,7.8,-24,0.9739000000000001,35.300000000000004,-0.61,10.9,13.9,0.03,-0.02
111859,1351692,60.412842,-0.825165,6.8,-22,0.9667,35.300000000000004,-0.61,11.,12.700000000000001,0.03,-0.02
111859,1352612,60.386535,-0.843888,7.,-10,1.0025,35.300000000000004,-0.61,11.,12.,0.02,-0.02
111859,1353514,60.3602,-0.875632,8.,-18,0.8785000000000001,35.300000000000004,-0.61,11.,11.8,0.02,-0.02
111859,1354442,60.33576,-0.918278,7.3,-2,0.8887,35.300000000000004,-0.61,11.,12.4,0.03,-0.02
111859,1355353,60.31012,-0.956263,7.8,-5,0.9067000000000001,35.2,-0.61,11.100000000000001,11.4,0.03,-0.02
111859,1356302,60.280278,-0.9944,8.,-2,1.2241,35.2,-0.61,11.100000000000001,11.200000000000001,0.03,-0.02
111859,1357213,60.254282,-1.035278,7.8,-4,1.3007,35.2,-0.61,11.100000000000001,11.200000000000001,0.03,-0.02
111859,1358132,60.229705,-1.08132,7.9,-3,6.3909,-99999.,-99999.,-99999.,-99999.,-99999.,-99999.
111859,1359033,60.204102,-1.122618,8.,-5,-99999,-99999.,-99999.,-99999.,-99999.,-99999.,-99999.
111859,1359975,60.177198,-1.151308,6.6,-2,-99999,-99999.,-99999.,-99999.,-99999.,-99999.,-99999.
111859,1360885,60.156983,-1.143833,0.1,-11,1.3902,35.2,-0.61,10.9,11.3,0.03,-0.02
111859,1361839,60.156993,-1.143867,0.,-11,1.3902,35.2,-0.61,10.9,11.3,0.03,-0.02
111859,1362781,60.156985,-1.14386,0.,-11,1.3902,35.2,-0.61,10.9,11.3,0.03,-0.02
111859,1363705,60.157003,-1.143843,0.,-11,1.3902,35.2,-0.61,10.9,11.3,0.03,-0.02
111859,1364653,60.156963,-1.143848,0.2,-11,1.3902,35.2,-0.61,10.9,11.3,0.03,-0.02
111859,1365600,60.156935,-1.143833,0.,-11,1.3902,35.2,-0.61,10.9,11.3,0.03,-0.02
111859,1366522,60.156503,-1.143448,0.,-11,1.3902,35.2,-0.61,10.9,11.3,0.03,-0.02
111859,1367473,60.15653,-1.143437,0.,-11,1.3902,35.2,-0.61,10.9,11.3,0.03,-0.02
111859,1368413,60.156532,-1.143458,0.,-11,1.3902,35.2,-0.61,10.9,11.3,0.03,-0.02
111859,1369377,60.156522,-1.143457,0.,-11,1.3902,35.2,-0.61,10.9,11.3,0.03,-0.02
111859,1370334,60.156508,-1.143438,0.,-11,1.3902,35.2,-0.61,10.9,11.3,0.03,-0.02
111859,1371255,60.156518,-1.143447,0.,-11,1.3902,35.2,-0.61,10.9,11.3,0.03,-0.02
111859,1372203,60.156518,-1.14342,0.,-11,1.3902,35.2,-0.61,10.9,11.3,0.03,-0.02
111859,1373173,60.156513,-1.143433,0.,-11,1.3902,35.2,-0.61,10.9,11.3,0.03,-0.02
111859,1374172,60.15651,-1.14343,0.,-11,1.3902,35.2,-0.61,10.9,11.3,0.03,-0.02
111859,1375174,60.156523,-1.143447,0.,-11,1.3902,35.2,-0.61,10.9,11.3,0.03,-0.02
111859,1376091,60.156527,-1.14343,0.,-11,1.3902,35.2,-0.61,10.9,11.3,0.03,-0.02
111859,1377053,60.15652,-1.143425,0.,-11,1.3902,35.2,-0.61,10.9,11.3,0.03,-0.02
111859,1377955,60.156527,-1.143443,0.,-11,1.3902,35.2,-0.61,10.9,11.3,0.03,-0.02
111859,1378892,60.156537,-1.143462,0.,-11,1.3902,35.2,-0.61,10.9,11.3,0.03,-0.02
111859,1379816,60.156515,-1.143432,0.,-11,1.3902,35.2,-0.61,10.9,11.3,0.03,-0.02
111859,1380743,60.156515,-1.14341,0.,-11,1.3902,35.2,-0.61,10.9,11.3,0.03,-0.02
111859,1381677,60.156485,-1.143485,0.,-11,1.3902,35.2,-0.61,10.9,11.3,0.03,-0.02
111859,1382632,60.156512,-1.143403,0.,-11,1.3902,35.2,-0.61,10.9,11.3,0.03,-0.02
111859,1383537,60.156492,-1.143442,0.,-11,1.3902,35.2,-0.61,10.9,11.3,0.03,-0.02
111859,1384469,60.156508,-1.143448,0.,-11,1.3902,35.2,-0.61,10.9,11.3,0.03,-0.02
111859,1385413,60.156507,-1.143447,0.,-11,1.3902,35.2,-0.61,10.9,11.3,0.03,-0.02
111859,1386372,60.156505,-1.14345,0.,-11,1.3902,35.2,-0.61,10.9,11.3,0.04,-0.02
111859,1387314,60.156495,-1.143432,0.,-11,1.3902,35.2,-0.61,10.9,11.3,0.04,-0.02
111859,1388252,60.156508,-1.143465,0.,-11,1.3902,35.2,-0.61,10.9,11.3,0.04,-0.02
111859,1389212,60.156512,-1.143458,0.,-11,1.3902,35.2,-0.61,10.9,11.3,0.04,-0.02
111859,1390161,60.156523,-1.14342,0.,-11,1.3902,35.2,-0.61,10.9,11.3,0.04,-0.02
111859,1391084,60.156535,-1.143415,0.,-11,1.3902,35.2,-0.61,10.9,11.3,0.04,-0.02
111859,1392003,60.15649,-1.14344,0.,-11,1.3902,35.2,-0.61,10.9,11.3,0.04,-0.02
111859,1392912,60.156525,-1.143425,0.,-11,1.3902,35.2,-0.61,10.9,11.3,0.04,-0.02
111859,1393856,60.156508,-1.143447,0.,-11,1.3902,35.2,-0.61,10.9,11.3,0.04,-0.02
111859,1394778,60.15651,-1.143438,0.,-11,1.3902,35.2,-0.61,10.9,11.3,0.04,-0.02
111859,1395713,60.156503,-1.143453,0.,-11,1.3902,35.2,-0.61,10.9,11.3,0.04,-0.02
111859,1396672,60.156502,-1.143455,0.,-11,1.3902,35.2,-0.61,10.9,11.3,0.04,-0.02
111859,1397612,60.156513,-1.143428,0.,-11,1.3902,35.2,-0.61,10.9,11.3,0.04,-0.02
111859,1398542,60.156508,-1.143422,0.,-11,1.3902,35.2,-0.61,10.9,11.3,0.04,-0.02
111859,1399473,60.156512,-1.143448,0.,-11,1.3902,35.2,-0.61,10.9,11.3,0.04,-0.02
111859,1400484,60.156518,-1.143447,0.,-11,1.3902,35.2,-0.61,10.9,11.3,0.04,-0.02
111859,1401454,60.156507,-1.143445,0.,-11,1.3902,35.2,-0.61,10.9,11.3,0.04,-0.02
111859,1402432,60.156522,-1.143443,0.,-11,1.3902,35.2,-0.61,10.9,11.3,0.04,-0.02
111859,1403371,60.15652,-1.143448,0.,-11,1.3902,35.2,-0.61,10.9,11.3,0.04,-0.02
111859,1404330,60.156498,-1.143423,0.,-11,1.3902,35.2,-0.61,10.9,11.3,0.04,-0.02
111859,1405282,60.156512,-1.143442,0.,-11,1.3902,35.2,-0.61,10.9,11.3,0.04,-0.02
111859,1406193,60.156515,-1.14344,0.,-11,1.3902,35.2,-0.61,10.9,11.3,0.04,-0.02
111859,1407172,60.156515,-1.143418,0.,-11,1.3902,35.2,-0.61,10.9,11.3,0.04,-0.02
111859,1408141,60.15652,-1.14343,0.,-11,1.3902,35.2,-0.61,10.9,11.3,0.04,-0.02
111859,1409083,60.156517,-1.14345,0.,-11,1.3902,35.2,-0.61,10.9,11.3,0.04,-0.02
111859,1410022,60.156528,-1.143457,0.,-11,1.3902,35.2,-0.61,10.9,11.3,0.04,-0.02
111859,1410933,60.156513,-1.143437,0.,-11,1.3902,35.2,-0.61,10.9,11.3,0.04,-0.01
111859,1411892,60.156523,-1.143442,0.,-11,1.3902,35.2,-0.61,10.9,11.3,0.04,-0.01
111859,1412793,60.156518,-1.143432,0.,-11,1.3902,35.2,-0.61,10.9,11.3,0.04,-0.01
111859,1413731,60.156508,-1.14341,0.,-11,1.3902,35.2,-0.61,10.9,11.3,0.04,-0.01
111859,1414682,60.156518,-1.143435,0.,-11,1.3902,35.2,-0.61,10.9,11.3,0.04,-0.01
111859,1415661,60.156522,-1.143455,0.,-11,1.3902,35.2,-0.61,10.9,11.3,0.04,-0.01
111859,1416612,60.156507,-1.143453,0.,-11,1.3902,35.2,-0.61,10.9,11.3,0.04,-0.01
111859,1417582,60.15651,-1.143423,0.,-11,1.3902,35.2,-0.61,10.9,11.3,0.04,-0.01
111859,1418501,60.156517,-1.143417,0.,-11,1.3902,35.2,-0.61,10.9,11.3,0.04,-0.01
111859,1419422,60.156512,-1.143432,0.,-11,1.3902,35.2,-0.61,10.9,11.3,0.04,-0.01
111859,1420331,60.156512,-1.143415,0.,-11,1.3902,35.2,-0.61,10.9,11.3,0.04,-0.01
111859,1421293,60.156525,-1.143433,0.,-11,1.3902,35.2,-0.61,10.9,11.4,0.04,-0.01
111859,1422283,60.15651,-1.143437,0.,-11,1.3902,35.2,-0.61,10.9,11.4,0.04,-0.01
111859,1423241,60.156507,-1.143418,0.,-11,1.3902,35.2,-0.61,10.9,11.4,0.04,-0.01
111859,1424193,60.156448,-1.143425,0.,-11,1.3902,35.2,-0.61,10.9,11.4,0.04,-0.01
111859,1425163,60.15652,-1.14345,0.,-11,1.3902,35.2,-0.61,10.9,11.4,0.04,-0.01
111859,1426153,60.156517,-1.143487,0.,-11,1.3902,35.2,-0.61,10.9,11.4,0.04,-0.01
111859,1427102,60.156507,-1.143407,0.,-11,1.3902,35.2,-0.61,10.9,11.4,0.04,-0.01
111859,1428053,60.156507,-1.14344,0.,-11,1.3902,35.2,-0.61,10.9,11.4,0.04,-0.01
111859,1428993,60.156517,-1.143452,0.,-11,1.3902,35.2,-0.61,10.9,11.4,0.04,-0.01
111859,1429959,60.156503,-1.143417,0.,-11,1.3902,35.2,-0.61,10.9,11.4,0.04,-0.01
111859,1430913,60.156742,-1.143652,0.,-11,1.3902,35.2,-0.61,10.9,11.4,0.04,-0.01
111859,1431873,60.156743,-1.143665,0.,-11,1.3902,35.2,-0.6,10.9,11.4,0.04,-0.01
111859,1432833,60.156738,-1.14366,0.,-11,1.3902,35.2,-0.6,11.,11.4,0.04,-0.01
111859,1433783,60.15674,-1.143652,0.,-11,1.3902,35.2,-0.6,11.,11.4,0.04,-0.01
111859,1434704,60.156742,-1.143668,0.,-11,1.3902,35.2,-0.6,11.,11.4,0.04,-0.01
111859,1435643,60.156755,-1.143673,0.,-11,1.3902,35.2,-0.6,11.,11.4,0.04,-0.01
111859,1436592,60.156737,-1.143683,0.,-11,1.3902,35.2,-0.6,11.,11.4,0.04,-0.01
111859,1437523,60.156745,-1.143677,0.,-11,1.3902,35.2,-0.6,11.,11.4,0.04,-0.01
111859,1438452,60.156748,-1.143673,0.,-11,1.3902,35.2,-0.6,11.,11.4,0.04,-0.01
111859,1439412,60.156743,-1.143685,0.,-11,1.3902,35.2,-0.6,11.,11.4,0.04,-0.01
111859,1440372,60.156737,-1.143673,0.,-11,1.3902,35.2,-0.6,11.,11.4,0.04,-0.01
111859,1441332,60.15675,-1.14367,0.,-11,1.3902,35.2,-0.6,11.,11.4,0.04,-0.01
111859,1442292,60.15676,-1.14365,0.,-11,1.3902,35.2,-0.6,11.,11.4,0.04,-0.01
111859,1443254,60.156745,-1.14368,0.,-11,1.3902,35.2,-0.6,11.,11.4,0.04,-0.01
111859,1444214,60.156752,-1.143725,0.,-11,1.3902,35.2,-0.6,11.,11.4,0.04,-0.01
111859,1445162,60.156745,-1.143677,0.,-11,1.3902,35.2,-0.6,11.,11.4,0.04,-0.01
111859,1446102,60.156738,-1.143698,0.,-11,1.3902,35.2,-0.6,11.,11.4,0.04,-0.01
111859,1447052,60.15675,-1.143682,0.1,-11,1.3902,35.2,-0.6,11.,11.4,0.04,-0.01
111859,1448005,60.156743,-1.14369,0.1,-11,1.3902,35.2,-0.6,11.,11.4,0.04,-0.01
111859,1448933,60.156747,-1.143692,0.,-11,1.3902,35.2,-0.6,11.,11.4,0.05,-0.01
111859,1449879,60.156738,-1.143683,0.1,-11,1.3902,35.2,-0.6,11.,11.4,0.05,-0.01
111859,1450783,60.156763,-1.143692,0.,-11,1.3902,35.2,-0.6,11.,11.4,0.05,-0.01
111859,1451732,60.156757,-1.143692,0.1,-11,1.3902,35.2,-0.6,11.,11.4,0.05,-0.01
111859,1452677,60.156768,-1.143695,0.,-11,1.3902,35.2,-0.6,11.,11.4,0.05,-0.01
111859,1453619,60.156757,-1.143698,0.1,-11,1.3902,35.2,-0.6,11.,11.4,0.05,-0.01
111859,1454553,60.156767,-1.143668,0.,-11,1.3902,35.2,-0.6,11.,11.4,0.05,-0.01
111859,1455512,60.156785,-1.143668,0.,-11,1.3902,35.2,-0.6,11.,11.4,0.05,-0.01
111859,1456460,60.156755,-1.143675,0.,-11,1.3902,35.2,-0.6,11.,11.4,0.05,-0.01
111859,1457398,60.156757,-1.143695,0.,-11,1.3902,35.2,-0.6,11.,11.4,0.05,-0.01
111859,1458356,60.156755,-1.143665,0.,-11,1.3902,35.2,-0.6,11.,11.4,0.05,-0.01
111859,1459339,60.156762,-1.143665,0.,-11,1.3902,35.2,-0.6,11.,11.4,0.05,-0.01
111859,1460274,60.156773,-1.14365,0.,-11,1.3902,35.2,-0.6,11.,11.4,0.05,-0.01
111859,1461213,60.156748,-1.14367,0.,-11,1.3902,35.2,-0.6,11.,11.4,0.05,-0.01
111859,1462156,60.156758,-1.143668,0.,-11,1.3902,35.2,-0.6,11.,11.4,0.05,-0.01
111859,1463100,60.156753,-1.143655,0.,-11,1.3902,35.2,-0.6,11.,11.4,0.05,-0.01
111859,1464051,60.156762,-1.143657,0.,-11,1.3902,35.2,-0.6,11.,11.4,0.05,-0.01
111859,1465015,60.156755,-1.143657,0.,-11,1.3902,35.2,-0.6,11.,11.4,0.05,-0.01
111859,1465964,60.156797,-1.14364,0.,-11,1.3902,35.2,-0.6,11.,11.4,0.05,-0.01
111859,1466873,60.156753,-1.14367,0.,-11,1.3902,35.2,-0.6,11.,11.4,0.05,-0.01
111859,1467832,60.15672,-1.143638,0.,-11,1.3902,35.2,-0.6,11.,11.4,0.05,-0.01
111859,1468786,60.156745,-1.143683,0.,-11,1.3902,35.2,-0.6,11.,11.4,0.05,-0.01
111859,1469733,60.15676,-1.143687,0.,-11,1.3902,35.2,-0.6,11.,11.4,0.05,-0.01
111859,1470684,60.15676,-1.143707,0.,-11,1.3902,35.2,-0.6,11.,11.4,0.05,-0.01
111859,1471651,60.156745,-1.143655,0.,-11,1.3902,35.2,-0.6,11.,11.4,0.05,-0.01
111859,1472613,60.15673,-1.143637,0.,-11,1.3902,35.2,-0.6,11.,11.4,0.05,-0.01
111859,1473561,60.15674,-1.143682,0.,-11,1.3902,35.2,-0.6,11.,11.4,0.05,-0.01
111859,1474465,60.15674,-1.143675,0.,-11,1.3902,35.2,-0.6,11.,11.4,0.05,-0.01
111859,1475432,60.156765,-1.143702,0.,-11,1.3902,35.2,-0.6,11.,11.4,0.05,-0.01
111859,1476391,60.156757,-1.14366,0.,-11,1.3902,35.2,-0.6,11.,11.4,0.05,-0.01
111859,1477342,60.15674,-1.143677,0.,-11,1.3902,35.2,-0.6,11.,11.4,0.05,-0.01
111859,1478302,60.156773,-1.143677,0.,-11,1.3902,35.2,-0.6,11.,11.4,0.05,-0.01
111859,1479262,60.156755,-1.143717,0.,-11,1.3902,35.2,-0.6,11.,11.4,0.05,-0.01
111859,1480213,60.15674,-1.143682,0.,-11,1.3902,35.2,-0.6,11.,11.4,0.05,-0.01
111859,1481164,60.156742,-1.1437,0.,-11,1.3902,35.2,-0.6,11.,11.4,0.05,-0.01
111859,1482084,60.156738,-1.14368,0.,-11,1.3902,35.2,-0.6,11.,11.5,0.05,-0.01
111859,1483024,60.156745,-1.143677,0.,-11,1.3902,35.2,-0.6,11.,11.5,0.05,-0.01
111859,1483981,60.156737,-1.14366,0.,-11,1.3902,35.2,-0.6,11.,11.5,0.05,-0.01
111859,1484933,60.156738,-1.143665,0.,-11,1.3902,35.2,-0.6,11.,11.5,0.05,-0.01
111859,1485852,60.156758,-1.143687,0.,-11,1.3902,35.2,-0.6,11.,11.5,0.05,-0.01
111859,1486792,60.156748,-1.143667,0.,-11,1.3902,35.2,-0.6,11.,11.5,0.05,-0.01
111859,1487742,60.156757,-1.143665,0.,-11,1.3902,35.2,-0.6,11.,11.5,0.05,-0.01
111859,1488702,60.15677,-1.143692,0.,-11,1.3902,35.2,-0.6,11.,11.5,0.05,-0.01
111859,1489651,60.156753,-1.143697,0.,-11,1.3902,35.2,-0.6,11.,11.5,0.05,-0.01
111859,1490611,60.156758,-1.143662,0.,-11,1.3902,35.2,-0.6,11.,11.5,0.05,-0.01
111859,1491565,60.156752,-1.143662,0.,-11,1.3902,35.2,-0.6,11.,11.5,0.05,-0.01
111859,1492531,60.15675,-1.143663,0.,-11,1.3902,35.2,-0.6,11.,11.5,0.05,-0.01
111859,1493498,60.156753,-1.143655,0.1,-11,1.3902,35.2,-0.6,11.,11.5,0.05,-0.01
111859,1494437,60.156763,-1.143678,0.,-11,1.3902,35.2,-0.6,11.,11.5,0.05,-0.01
111859,1495371,60.156758,-1.143695,0.,-11,1.3902,35.2,-0.6,11.,11.5,0.05,-0.01
111859,1496323,60.156752,-1.143675,0.,-11,1.3902,35.2,-0.6,11.,11.5,0.05,-0.01
111859,1497260,60.156753,-1.143662,0.,-11,1.3902,35.2,-0.6,11.,11.5,0.05,-0.01
111859,1498172,60.156755,-1.143662,0.,-11,1.3902,35.2,-0.6,11.,11.5,0.05,-0.01
111859,1499132,60.156765,-1.143667,0.,-11,1.3902,35.2,-0.6,11.,11.5,0.05,-0.01
111859,1500093,60.156768,-1.143673,0.1,-11,1.3902,35.2,-0.6,11.,11.5,0.05,-0.01
111859,1501052,60.15679,-1.143637,0.,-11,1.3902,35.2,-0.6,11.,11.5,0.05,-0.01
111859,1502006,60.15677,-1.143677,0.1,-11,1.3902,35.2,-0.6,11.,11.5,0.05,-0.01
111859,1502974,60.156748,-1.143658,0.,-11,1.3902,35.2,-0.6,11.,11.5,0.05,-0.01
111859,1503882,60.156752,-1.143647,0.,-11,1.3902,35.2,-0.6,11.,11.5,0.05,-0.01
111859,1504843,60.156755,-1.14365,0.,-11,1.3902,35.2,-0.6,11.,11.5,0.05,-0.01
111859,1505777,60.156757,-1.143655,0.,-11,1.3902,35.2,-0.6,11.,11.5,0.05,-0.01
111859,1506709,60.15676,-1.143672,0.,-11,1.3902,35.2,-0.6,11.,11.5,0.05,-0.01
111859,1507652,60.156763,-1.143662,0.,-11,1.3902,35.2,-0.6,11.,11.5,0.05,-0.01
111859,1508633,60.156748,-1.143657,0.,-11,1.3902,35.2,-0.6,11.,11.5,0.05,-0.01
111859,1509584,60.156748,-1.14367,0.,-11,1.3902,35.2,-0.6,11.,11.5,0.05,-0.01
111859,1510544,60.156748,-1.143667,0.,-11,1.3902,35.2,-0.6,11.,11.5,0.05,-0.01
111859,1511448,60.15674,-1.143677,0.,-11,1.3902,35.2,-0.6,11.,11.5,0.05,-0.01
111859,1512422,60.156748,-1.143682,0.,-11,1.3902,35.2,-0.6,11.,11.5,0.06,-0.01
111859,1513393,60.156747,-1.143677,0.,-11,1.3902,35.2,-0.6,11.,11.5,0.06,-0.01
111859,1514343,60.156752,-1.143678,0.,-11,1.3902,35.2,-0.6,11.,11.5,0.06,-0.01
111859,1515292,60.156755,-1.143683,0.,-11,1.3902,35.2,-0.6,11.,11.5,0.06,-0.01
111859,1516252,60.156747,-1.143655,0.,-11,1.3902,35.2,-0.6,11.,11.5,0.06,-0.01
111859,1517212,60.156738,-1.14366,0.,-11,1.3902,35.2,-0.6,11.,11.5,0.06,-0.01
111859,1518187,60.156743,-1.143657,0.,-11,1.3902,35.2,-0.6,11.,11.5,0.06,-0.01
111859,1519130,60.156757,-1.143658,0.,-11,1.3902,35.2,-0.6,11.,11.5,0.06,-0.01
111859,1520063,60.156753,-1.143665,0.,-11,1.3902,35.2,-0.6,11.,11.5,0.06,-0.01
111859,1521014,60.15675,-1.14366,0.1,-11,1.3902,35.2,-0.6,11.,11.5,0.06,-0.01
111859,1521943,60.156748,-1.143662,0.,-11,1.3902,35.2,-0.6,11.,11.5,0.06,-0.01
111859,1522921,60.156747,-1.143668,0.,-11,1.3902,35.2,-0.6,11.,11.5,0.06,-0.01
111859,1523853,60.156742,-1.143663,0.,-11,1.3902,35.2,-0.6,11.,11.5,0.06,-0.01
111859,1524797,60.156742,-1.14367,0.,-11,1.3902,35.2,-0.6,11.,11.5,0.06,-0.01
111859,1525743,60.156743,-1.143658,0.,-11,1.3902,35.2,-0.6,11.,11.5,0.06,-0.01
111859,1526682,60.156747,-1.14366,0.,-11,1.3902,35.2,-0.6,11.,11.5,0.06,-0.01
111859,1527632,60.156748,-1.143658,0.,-11,1.3902,35.2,-0.6,11.,11.5,0.06,-0.01
111859,1528583,60.156747,-1.143662,0.,-11,1.3902,35.2,-0.6,11.,11.5,0.06,-0.01
111859,1529523,60.15675,-1.143682,0.,-11,1.3902,35.2,-0.6,11.,11.5,0.06,-0.01
111859,1530462,60.156747,-1.143663,0.,-11,1.3902,35.2,-0.6,11.,11.5,0.06,-0.01
111859,1531439,60.156743,-1.143668,0.,-11,1.3902,35.2,-0.6,11.,11.5,0.06,-0.01
111859,1532422,60.156745,-1.143688,0.,-11,1.3902,35.2,-0.6,11.,11.5,0.06,-0.01
111859,1533362,60.156745,-1.143687,0.,-11,1.3902,35.2,-0.6,11.,11.5,0.06,-0.01
111859,1534306,60.156745,-1.143678,0.1,-11,1.3902,35.2,-0.6,11.,11.5,0.06,-0.01
111859,1535212,60.156742,-1.14367,0.,-11,1.3902,35.2,-0.6,11.,11.5,0.06,-0.01
111859,1536175,60.156755,-1.143667,0.,-11,1.3902,35.2,-0.6,11.,11.5,0.06,-0.01
111859,1537133,60.15676,-1.143683,0.,-11,1.3902,35.2,-0.6,11.,11.5,0.06,-0.01
111859,1538076,60.156753,-1.143672,0.,-11,1.3902,35.2,-0.6,11.,11.5,0.06,-0.01
111859,1539033,60.156758,-1.143682,0.,-11,1.3902,35.2,-0.6,11.,11.5,0.06,-0.01
111859,1539971,60.15677,-1.14366,0.,-11,1.3902,35.2,-0.6,11.,11.5,0.06,-0.01
111859,1540904,60.15677,-1.143668,0.,-11,1.3902,35.2,-0.6,11.,11.5,0.06,-0.01
111859,1541853,60.156767,-1.143653,0.,-11,1.3902,35.2,-0.6,11.,11.600000000000001,0.06,-0.01
111859,1542884,60.156753,-1.14367,0.1,-11,1.3902,35.2,-0.6,11.,11.600000000000001,0.06,-0.01
111859,1543794,60.156748,-1.143668,0.,-11,1.3902,35.2,-0.6,11.,11.600000000000001,0.06,-0.01
111859,1544742,60.156755,-1.143677,0.,-11,1.3902,35.2,-0.6,11.,11.600000000000001,0.06,-0.01
111859,1545692,60.156772,-1.143662,0.,-11,1.3902,35.2,-0.6,11.,11.600000000000001,0.06,-0.01
111859,1546636,60.156752,-1.143672,0.,-11,1.3902,35.2,-0.6,11.,11.600000000000001,0.06,-0.01
111859,1547620,60.156755,-1.143673,0.,-11,1.3902,35.2,-0.6,11.,11.600000000000001,0.06,-0.01
111859,1548542,60.156763,-1.143662,0.,-11,1.3902,35.2,-0.6,11.,11.600000000000001,0.06,-0.01
111859,1549453,60.15677,-1.143667,0.,-11,1.3902,35.2,-0.6,11.,11.600000000000001,0.06,-0.01
111859,1550378,60.156765,-1.143648,0.,-11,1.3902,35.2,-0.6,11.,11.600000000000001,0.06,-0.01
111859,1551373,60.156755,-1.143673,0.,-11,1.3902,35.2,-0.6,11.,11.600000000000001,0.06,-0.01
111859,1552317,60.156757,-1.143648,0.,-11,1.3902,35.2,-0.6,11.,11.600000000000001,0.06,-0.01
111859,1553253,60.156742,-1.143692,0.1,-11,1.3902,35.2,-0.6,11.,11.600000000000001,0.06,-0.01
111859,1554173,60.156738,-1.143667,0.,-11,1.3902,35.2,-0.6,11.,11.600000000000001,0.06,-0.01
111859,1555075,60.156745,-1.143678,0.,-11,1.3902,35.2,-0.59,11.,11.600000000000001,0.06,-0.01
111859,1555593,60.156755,-1.143665,0.,-11,1.3902,35.2,-0.59,11.,11.600000000000001,0.06,-0.01
111859,1556056,60.15675,-1.143675,0.,-11,1.3902,35.2,-0.59,11.,11.600000000000001,0.06,-0.01
111859,1557010,60.156748,-1.143665,0.,-11,1.3902,35.2,-0.59,11.,11.600000000000001,0.06,-0.01
111859,1557929,60.156748,-1.143668,0.,-11,1.3902,35.2,-0.59,11.,11.600000000000001,0.06,-0.01
111859,1558874,60.156745,-1.143655,0.,-11,1.3902,35.2,-0.59,11.,11.600000000000001,0.06,-0.01
111859,1559801,60.156743,-1.143675,0.,-11,1.3902,35.2,-0.59,11.,11.600000000000001,0.06,-0.01
111859,1560742,60.156747,-1.143657,0.,-11,1.3902,35.2,-0.59,11.,11.600000000000001,0.06,-0.01
111859,1561705,60.156757,-1.143723,0.,-11,1.3902,35.2,-0.59,11.,11.600000000000001,0.06,-0.01
111859,1562636,60.156755,-1.143662,0.1,-11,1.3902,35.2,-0.59,11.,11.600000000000001,0.06,-0.01
111859,1563553,60.15674,-1.143667,0.,-11,1.3902,35.2,-0.59,11.,11.600000000000001,0.06,-0.01
111859,1564505,60.156748,-1.143672,0.,-11,1.3902,35.2,-0.59,11.,11.600000000000001,0.06,-0.01
111859,1565446,60.156745,-1.143695,0.,-11,1.3902,35.2,-0.59,11.,11.600000000000001,0.06,-0.01
111859,1566383,60.156747,-1.143675,0.,-11,1.3902,35.2,-0.59,11.,11.600000000000001,0.06,-0.01
111859,1567323,60.156743,-1.143693,0.,-11,1.3902,35.2,-0.59,11.,11.600000000000001,0.06,-0.01
111859,1568282,60.156738,-1.143695,0.,-11,1.3902,35.2,-0.59,11.,11.600000000000001,0.06,-0.01
111859,1569231,60.156755,-1.14368,0.,-11,1.3902,35.2,-0.59,11.,11.600000000000001,0.06,-0.01
111859,1570203,60.156735,-1.143673,0.,-11,1.3902,35.2,-0.59,11.,11.600000000000001,0.06,-0.01
111859,1571156,60.156747,-1.143685,0.,-11,1.3902,35.2,-0.59,11.,11.600000000000001,0.06,-0.01
111859,1572076,60.156745,-1.143692,0.,-11,1.3902,35.2,-0.59,11.,11.600000000000001,0.06,-0.01
111859,1572979,60.156748,-1.143663,0.,-11,1.3902,35.2,-0.59,11.,11.600000000000001,0.06,-0.01
111859,1573923,60.156748,-1.14367,0.,-11,1.3902,35.2,-0.59,11.,11.600000000000001,0.06,-0.01
111859,1574901,60.156757,-1.143688,0.,-11,1.3902,35.2,-0.59,11.,11.600000000000001,0.07,-0.01
111859,1575824,60.15674,-1.143697,0.,-11,1.3902,35.2,-0.59,11.,11.600000000000001,0.07,-0.01
111859,1576749,60.156763,-1.14366,0.,-11,1.3902,35.2,-0.59,11.,11.600000000000001,0.07,-0.01
111859,1577706,60.156743,-1.143683,0.,-11,1.3902,35.2,-0.59,11.,11.600000000000001,0.07,-0.01
111859,1578653,60.156742,-1.143667,0.,-11,1.3902,35.2,-0.59,11.,11.600000000000001,0.07,-0.01
111859,1579582,60.156752,-1.143667,0.,-11,1.3902,35.2,-0.59,11.,11.600000000000001,0.07,-0.01
111859,1580515,60.156747,-1.14368,0.,-11,1.3902,35.2,-0.59,11.,11.600000000000001,0.07,-0.01
111859,1581433,60.156733,-1.14369,0.,-11,1.3902,35.2,-0.59,11.,11.600000000000001,0.07,-0.01
111859,1582354,60.156765,-1.143683,0.,-11,1.3902,35.2,-0.59,11.,11.600000000000001,0.07,-0.01
111859,1583301,60.156757,-1.14367,0.,-11,1.3902,35.2,-0.59,11.,11.600000000000001,0.07,-0.01
111859,1584223,60.156753,-1.143672,0.,-11,1.3902,35.2,-0.59,11.,11.600000000000001,0.07,-0.01
111859,1585178,60.15676,-1.143688,0.,-11,1.3902,35.2,-0.59,11.,11.600000000000001,0.07,-0.01
111859,1586145,60.156762,-1.14367,0.,-11,1.3902,35.2,-0.59,11.,11.600000000000001,0.07,-0.01
111859,1587058,60.156747,-1.143685,0.,-11,1.3902,35.2,-0.59,11.,11.600000000000001,0.07,-0.01
111859,1588005,60.156795,-1.143697,0.,-11,1.3902,35.2,-0.59,11.,11.600000000000001,0.07,-0.01
111859,1588933,60.156747,-1.143655,0.,-11,1.3902,35.2,-0.59,11.,11.600000000000001,0.07,-0.01
111859,1589872,60.15675,-1.143665,0.,-11,1.3902,35.2,-0.59,11.,11.600000000000001,0.07,-0.01
111859,1590863,60.156752,-1.143658,0.,-11,1.3902,35.2,-0.59,11.,11.600000000000001,0.07,-0.01
111859,1592714,60.156758,-1.143668,0.1,-11,1.3902,35.2,-0.59,11.,11.600000000000001,0.07,-0.01
111859,1593662,60.156765,-1.143662,0.,-11,1.3902,35.2,-0.59,11.,11.600000000000001,0.07,-0.01
111859,1594612,60.156743,-1.14367,0.,-11,1.3902,35.2,-0.59,11.,11.600000000000001,0.07,-0.01
111859,1595574,60.156743,-1.14367,0.,-11,1.3902,35.2,-0.59,11.,11.600000000000001,0.07,-0.01
111859,1596530,60.156725,-1.143678,0.,-11,1.3902,35.2,-0.59,11.,11.600000000000001,0.07,-0.01
111859,1597431,60.156745,-1.143685,0.,-11,1.3902,35.2,-0.59,11.,11.600000000000001,0.07,-0.01
111859,1598391,60.156752,-1.143695,0.,-11,1.3902,35.2,-0.59,11.,11.600000000000001,0.07,-0.01
111859,1599331,60.156747,-1.143658,0.,-11,1.3902,35.2,-0.59,11.,11.600000000000001,0.07,-0.01
111859,1600258,60.156742,-1.143682,0.,-11,1.3902,35.2,-0.59,11.,11.600000000000001,0.07,-0.01
111859,1601208,60.156763,-1.143667,0.,-11,1.3902,35.2,-0.59,11.,11.600000000000001,0.07,-0.01
111859,1602144,60.15674,-1.14367,0.,-11,1.3902,35.2,-0.59,11.,11.600000000000001,0.07,-0.01
111859,1603095,60.156745,-1.143645,0.,-11,1.3902,35.2,-0.59,11.,11.700000000000001,0.07,-0.01
111859,1604042,60.156735,-1.14366,0.,-11,1.3902,35.2,-0.59,11.,11.700000000000001,0.07,-0.01
111859,1604991,60.156738,-1.143665,0.,-11,1.3902,35.2,-0.59,11.100000000000001,11.700000000000001,0.07,-0.01
111859,1605937,60.156747,-1.143653,0.,-11,1.3902,35.2,-0.59,11.100000000000001,11.700000000000001,0.07,-0.01
111859,1606914,60.156743,-1.143663,0.,-11,1.3902,35.2,-0.59,11.100000000000001,11.700000000000001,0.07,-0.01
111859,1607844,60.156742,-1.143698,0.,-11,1.3902,35.2,-0.59,11.100000000000001,11.700000000000001,0.07,-0.01
111859,1608778,60.156745,-1.143672,0.,-11,1.3902,35.2,-0.59,11.100000000000001,11.700000000000001,0.07,-0.01
111859,1609721,60.156738,-1.143678,0.,-11,1.3902,35.2,-0.59,11.100000000000001,11.700000000000001,0.07,-0.01
111859,1610677,60.156737,-1.143677,0.,-11,1.3902,35.2,-0.59,11.100000000000001,11.700000000000001,0.07,-0.01
111859,1611622,60.156735,-1.143658,0.,-11,1.3902,35.2,-0.59,11.100000000000001,11.700000000000001,0.07,-0.01
111859,1612575,60.156737,-1.143658,0.,-11,1.3902,35.2,-0.59,11.100000000000001,11.700000000000001,0.07,-0.01
111859,1613509,60.15674,-1.143668,0.,-11,1.3902,35.2,-0.59,11.100000000000001,11.700000000000001,0.07,-0.01
111859,1614513,60.15674,-1.143667,0.,-11,1.3902,35.2,-0.59,11.100000000000001,11.700000000000001,0.07,-0.01
111859,1615456,60.156737,-1.143668,0.,-11,1.3902,35.2,-0.59,11.100000000000001,11.700000000000001,0.07,-0.01
111859,1616393,60.156737,-1.143682,0.,-11,1.3902,35.2,-0.59,11.100000000000001,11.700000000000001,0.07,-0.01
111859,1617337,60.156745,-1.14366,0.,-11,1.3902,35.2,-0.59,11.100000000000001,11.700000000000001,0.07,-0.01
111859,1618287,60.15675,-1.143707,0.,-11,1.3902,35.2,-0.59,11.100000000000001,11.700000000000001,0.07,-0.01
111859,1619214,60.156735,-1.143635,0.,-11,1.3902,35.2,-0.59,11.100000000000001,11.700000000000001,0.07,-0.01
111859,1620168,60.156742,-1.143662,0.,-11,1.3902,35.2,-0.59,11.100000000000001,11.700000000000001,0.07,-0.01
111859,1621108,60.156757,-1.14364,0.,-11,1.3902,35.2,-0.59,11.100000000000001,11.700000000000001,0.07,-0.01
111859,1622033,60.156735,-1.143687,0.,-11,1.3902,35.2,-0.59,11.100000000000001,11.700000000000001,0.07,-0.01
111859,1622985,60.156747,-1.143657,0.,-11,1.3902,35.2,-0.59,11.100000000000001,11.700000000000001,0.07,-0.01
111859,1623932,60.156783,-1.143643,0.,-11,1.3902,35.2,-0.59,11.100000000000001,11.700000000000001,0.07,-0.01
111859,1624874,60.156748,-1.143663,0.,-11,1.3902,35.2,-0.59,11.100000000000001,11.700000000000001,0.07,-0.01
111859,1625805,60.156767,-1.143677,0.,-11,1.3902,35.2,-0.59,11.100000000000001,11.700000000000001,0.07,-0.01
111859,1626764,60.156772,-1.143655,0.,-11,1.3902,35.2,-0.59,11.100000000000001,11.700000000000001,0.07,-0.01
111859,1627704,60.15678,-1.143668,0.,-11,1.3902,35.2,-0.59,11.100000000000001,11.700000000000001,0.07,-0.01
111859,1628643,60.156757,-1.143637,0.,-11,1.3902,35.2,-0.59,11.100000000000001,11.700000000000001,0.07,-0.01
111859,1629547,60.156755,-1.143682,0.,-11,1.3902,35.2,-0.59,11.100000000000001,11.700000000000001,0.07,-0.01
111859,1630472,60.156767,-1.143645,0.,-11,1.3902,35.2,-0.59,11.100000000000001,11.700000000000001,0.07,-0.01
111859,1631418,60.156765,-1.14366,0.,-11,1.3902,35.2,-0.59,11.100000000000001,11.700000000000001,0.07,-0.01
111859,1632333,60.156762,-1.143673,0.,-11,1.3902,35.2,-0.59,11.100000000000001,11.700000000000001,0.07,-0.01
111859,1633277,60.156753,-1.143675,0.,-11,1.3902,35.2,-0.59,11.100000000000001,11.700000000000001,0.07,-0.01
111859,1634251,60.15677,-1.143682,0.,-11,1.3902,35.2,-0.59,11.100000000000001,11.700000000000001,0.07,-0.01
111859,1635205,60.15675,-1.143667,0.,-11,1.3902,35.2,-0.59,11.100000000000001,11.700000000000001,0.07,-0.01
111859,1636155,60.156758,-1.143648,0.,-11,1.3902,35.2,-0.59,11.100000000000001,11.700000000000001,0.07,-0.01
111859,1637147,60.156757,-1.143653,0.,-11,1.3902,35.2,-0.59,11.100000000000001,11.700000000000001,0.07,-0.01
111859,1638113,60.156773,-1.143637,0.,-11,1.3902,35.2,-0.59,11.100000000000001,11.700000000000001,0.08,-0.01
111859,1639062,60.156775,-1.143652,0.,-11,1.3902,35.2,-0.59,11.100000000000001,11.700000000000001,0.08,-0.01
111859,1639998,60.156757,-1.143637,0.,-11,1.3902,35.2,-0.59,11.100000000000001,11.700000000000001,0.08,-0.01
111859,1640943,60.156743,-1.143658,0.,-11,1.3902,35.2,-0.59,11.100000000000001,11.700000000000001,0.08,-0.01
111859,1641847,60.15675,-1.143692,0.,-11,1.3902,35.2,-0.59,11.100000000000001,11.700000000000001,0.08,-0.01
111859,1642793,60.156773,-1.143692,0.,-11,1.3902,35.2,-0.59,11.100000000000001,11.700000000000001,0.08,-0.01
111859,1643748,60.156747,-1.143648,0.,-11,1.3902,35.2,-0.59,11.100000000000001,11.700000000000001,0.08,-0.01
111859,1644688,60.156742,-1.143677,0.,-11,1.3902,35.2,-0.59,11.100000000000001,11.700000000000001,0.08,-0.01
111859,1645611,60.156737,-1.143658,0.,-11,1.3902,35.2,-0.59,11.100000000000001,11.700000000000001,0.08,-0.01
111859,1646556,60.156738,-1.143658,0.,-11,1.3902,35.2,-0.59,11.100000000000001,11.700000000000001,0.08,-0.01
111859,1647696,60.156742,-1.143648,0.,-11,1.3902,35.2,-0.59,11.100000000000001,11.700000000000001,0.08,-0.01
111859,1648139,60.156752,-1.143678,0.,-11,1.3902,35.2,-0.59,11.100000000000001,11.700000000000001,0.08,-0.01
111859,1648664,60.156743,-1.14367,0.,-11,1.3902,35.2,-0.59,11.100000000000001,11.700000000000001,0.08,-0.01
111859,1649801,60.156747,-1.14367,0.,-11,1.3902,35.2,-0.59,11.100000000000001,11.700000000000001,0.08,-0.01
111859,1650745,60.156745,-1.14366,0.,-11,1.3902,35.2,-0.59,11.100000000000001,11.700000000000001,0.08,-0.01
111859,1651671,60.156753,-1.143668,0.,-11,1.3902,35.2,-0.59,11.100000000000001,11.700000000000001,0.08,-0.01
111859,1652631,60.156765,-1.143688,0.,-11,1.3902,35.2,-0.59,11.100000000000001,11.700000000000001,0.08,-0.01
111859,1653583,60.156738,-1.143688,0.,-11,1.3902,35.2,-0.59,11.100000000000001,11.700000000000001,0.08,-0.01
111859,1654523,60.156745,-1.143683,0.,-11,1.3902,35.2,-0.59,11.100000000000001,11.700000000000001,0.08,-0.01
111859,1655481,60.156753,-1.143695,0.,-11,1.3902,35.2,-0.59,11.100000000000001,11.700000000000001,0.08,-0.01
111859,1656452,60.156742,-1.143675,0.,-11,1.3902,35.2,-0.59,11.100000000000001,11.700000000000001,0.08,-0.01
111859,1657412,60.156733,-1.143662,0.,-11,1.3902,35.2,-0.59,11.100000000000001,11.700000000000001,0.08,-0.01
111859,1658338,60.156743,-1.143665,0.,-11,1.3902,35.2,-0.59,11.100000000000001,11.700000000000001,0.08,-0.01
111859,1659293,60.156743,-1.143693,0.,-11,1.3902,35.2,-0.59,11.100000000000001,11.700000000000001,0.08,-0.01
111859,1660242,60.156747,-1.143695,0.,-11,1.3902,35.2,-0.59,11.100000000000001,11.700000000000001,0.08,-0.01
111859,1661203,60.156742,-1.14371,0.,-11,1.3902,35.2,-0.59,11.100000000000001,11.700000000000001,0.08,-0.01
111859,1662167,60.156753,-1.143705,0.,-11,1.3902,35.2,-0.59,11.100000000000001,11.700000000000001,0.08,-0.01
111859,1663096,60.15676,-1.143682,0.,-11,1.3902,35.2,-0.59,11.100000000000001,11.8,0.08,-0.01
111859,1664031,60.156745,-1.143678,0.,-11,1.3902,35.2,-0.59,11.100000000000001,11.8,0.08,-0.01
111859,1664982,60.156753,-1.143677,0.,-11,1.3902,35.2,-0.59,11.100000000000001,11.8,0.08,-0.01
111859,1665922,60.156752,-1.14367,0.,-11,1.3902,35.2,-0.59,11.100000000000001,11.8,0.08,-0.01
111859,1666862,60.156748,-1.143668,0.,-11,1.3902,35.2,-0.59,11.100000000000001,11.8,0.08,-0.01
111859,1667824,60.156775,-1.143692,0.,-11,1.3902,35.2,-0.59,11.100000000000001,11.8,0.08,-0.01
111859,1668753,60.156753,-1.143692,0.,-11,1.3902,35.2,-0.59,11.100000000000001,11.8,0.08,-0.01
111859,1669703,60.156752,-1.143675,0.,-11,1.3902,35.2,-0.59,11.100000000000001,11.8,0.08,-0.01
111859,1670612,60.156753,-1.143673,0.,-11,1.3902,35.2,-0.59,11.100000000000001,11.8,0.08,-0.01
111859,1671574,60.156762,-1.143672,0.,-11,1.3902,35.2,-0.59,11.100000000000001,11.8,0.08,-0.01
111859,1672544,60.156768,-1.143653,0.,-11,1.3902,35.2,-0.59,11.100000000000001,11.8,0.08,-0.01
111859,1673452,60.157148,-1.143303,3.7,-11,1.3902,35.2,-0.59,11.100000000000001,11.8,0.08,-0.01
111859,1674394,60.166367,-1.160803,0.,-15,1.3902,-99999.,-99999.,-99999.,-99999.,-99999.,-99999.
111859,1675331,60.166367,-1.160787,0.,-15,1.3902,-99999.,-99999.,-99999.,-99999.,-99999.,-99999.
111859,1676313,60.16637,-1.160768,0.,-15,1.3902,-99999.,-99999.,-99999.,-99999.,-99999.,-99999.
111859,1677251,60.166367,-1.160753,0.,-15,1.3902,-99999.,-99999.,-99999.,-99999.,-99999.,-99999.
111859,1678172,60.166362,-1.160743,0.,-15,1.3902,-99999.,-99999.,-99999.,-99999.,-99999.,-99999.
111859,1679173,60.166387,-1.160733,0.,-15,1.3902,-99999.,-99999.,-99999.,-99999.,-99999.,-99999.
111859,1680092,60.16641,-1.160723,0.,-15,1.3902,-99999.,-99999.,-99999.,-99999.,-99999.,-99999.
111859,1681043,60.166362,-1.160773,0.,-15,1.3902,-99999.,-99999.,-99999.,-99999.,-99999.,-99999.
111859,1681981,60.16637,-1.160753,0.,-15,1.3902,-99999.,-99999.,-99999.,-99999.,-99999.,-99999.
111859,1682956,60.166262,-1.160647,0.1,-15,1.3902,-99999.,-99999.,-99999.,-99999.,-99999.,-99999.
111859,1683903,60.159762,-1.153512,0.,-13,1.3902,35.2,-0.58,11.100000000000001,11.8,0.08,-0.01
111859,1685092,60.15973,-1.153502,0.,-13,1.3902,35.2,-0.58,11.100000000000001,11.8,0.08,-0.01
111859,1686052,60.159747,-1.153455,0.1,-13,1.3902,35.2,-0.58,11.100000000000001,11.8,0.08,-0.01
111859,1687013,60.15974,-1.153512,0.,-13,1.3902,35.2,-0.58,11.100000000000001,11.8,0.08,-0.01
111859,1687952,60.159755,-1.153483,0.,-13,1.3902,35.2,-0.58,11.100000000000001,11.8,0.08,-0.01
111859,1688922,60.15976,-1.153495,0.,-13,1.3902,35.2,-0.58,11.100000000000001,11.8,0.08,-0.01
111859,1689882,60.159728,-1.153475,0.,-13,1.3902,35.2,-0.58,11.100000000000001,11.8,0.08,-0.01
111859,1690822,60.167638,-1.154303,7.4,-2,-99999,-99999.,-99999.,-99999.,-99999.,-99999.,-99999.
111859,1691734,60.191198,-1.125547,7.7,-3,-99999,-99999.,-99999.,-99999.,-99999.,-99999.,-99999.
111859,1692642,60.205613,-1.065868,7.8,-5,-99999,-99999.,-99999.,-99999.,-99999.,-99999.,-99999.
111859,1693553,60.21274,-1.000387,7.8,-8,2.6001000000000003,35.2,-0.58,11.3,14.3,0.09,-0.04
111859,1694501,60.218408,-0.933118,7.9,-17,2.2549,35.2,-0.58,11.3,16.2,0.12,-0.05
111859,1695412,60.22437,-0.86966,7.6,-21,1.8407,35.2,-0.58,11.200000000000001,20.400000000000002,0.18,-0.08
111859,1696332,60.231258,-0.806308,7.7,-25,1.7956,35.2,-0.58,11.200000000000001,23.200000000000003,0.2,-0.11
111859,1697263,60.237862,-0.743185,7.2,-25,1.74,35.2,-0.58,11.3,23.700000000000003,0.21,-0.13
111859,1698193,60.242777,-0.680937,7.2,-26,1.3426,35.2,-0.59,11.4,23.200000000000003,0.22,-0.13
111859,1699097,60.246975,-0.620065,7.4,-26,1.2498,35.2,-0.59,11.5,21.900000000000002,0.23,-0.12
111859,1700001,60.251928,-0.558552,7.4,-25,1.3022,35.2,-0.59,11.600000000000001,19.6,0.24,-0.11
111859,1700907,60.259027,-0.497823,7.5,-25,1.383,35.2,-0.59,11.600000000000001,19.6,0.25,-0.11
111859,1701825,60.265908,-0.436085,7.5,-26,1.3575000000000002,35.2,-0.59,11.600000000000001,19.400000000000002,0.25,-0.11
111859,1702772,60.272638,-0.370398,7.4,-27,1.4191,35.2,-0.6,11.600000000000001,19.400000000000002,0.26,-0.1
111859,1703682,60.279498,-0.308388,7.6,-28,1.4071,35.2,-0.6,11.600000000000001,19.6,0.26,-0.09
111859,1704592,60.287072,-0.247192,7.4,-28,1.86,35.2,-0.6,11.700000000000001,19.3,0.26,-0.09
111859,1705532,60.291395,-0.183385,7.6,-29,1.5398,35.2,-0.61,11.700000000000001,19.400000000000002,0.26,-0.08
111859,1706452,60.295552,-0.120852,7.3,-30,2.3479,35.2,-0.61,11.700000000000001,19.200000000000003,0.26,-0.07
111859,1707363,60.295613,-0.057977,7.4,-30,1.748,35.1,-0.61,11.8,19.,0.27,-0.06
111859,1708283,60.293743,0.004773,7.3,-31,1.3789,35.1,-0.61,11.8,19.3,0.27,-0.05
111859,1709665,60.29057,0.098678,5.9,-31,1.7818,35.1,-0.61,11.9,18.6,0.26,-0.04
111859,1710588,60.302703,0.117698,3.2,-31,2.5043,35.1,-0.61,11.9,18.3,0.27,-0.03
111859,1711582,60.316098,0.11919,2.8,-31,2.1336,35.1,-0.61,11.9,18.5,0.27,-0.02
111859,1712683,60.330397,0.117628,2.8,-31,1.7007,35.1,-0.61,11.8,18.5,0.27,-0.02
111859,1713632,60.34278,0.120437,2.8,-31,1.9543000000000001,35.1,-0.61,11.8,18.5,0.26,-0.01
111859,1714601,60.353458,0.133417,3.1,-31,1.5313,35.1,-0.61,11.8,18.2,0.26,-0.01
111859,1715562,60.35398,0.157757,2.8,-31,2.0628,35.1,-0.61,11.9,17.6,0.26,0.
111859,1716531,60.34749,0.176873,2.5,-31,1.5518,35.1,-0.61,11.9,17.3,0.26,0.
111859,1717482,60.337115,0.18023,3.,-31,1.5593000000000001,35.1,-0.61,11.9,17.3,0.27,0.
111859,1718433,60.32765,0.168037,2.4,-30,2.2291000000000003,35.1,-0.61,11.9,17.400000000000002,0.27,-0.01
111859,1719372,60.317652,0.159095,2.7,-31,2.8305000000000002,35.1,-0.61,11.9,17.5,0.27,-0.01
111859,1720383,60.307045,0.14856,2.5,-30,2.6597,35.1,-0.61,11.9,17.5,0.27,-0.02
111859,1721292,60.301898,0.12953,3.3,-31,2.3412,35.1,-0.61,11.9,17.8,0.27,-0.02
111859,1722199,60.309633,0.112435,2.7,-31,2.2341,35.1,-0.61,11.9,18.3,0.27,-0.02
111859,1723134,60.319228,0.102312,2.5,-31,1.8529,35.1,-0.61,11.8,18.6,0.28,-0.02
111859,1724088,60.330072,0.095912,2.6,-31,1.5154,35.1,-0.61,11.8,18.7,0.27,-0.02
111859,1725035,60.340783,0.092998,2.4,-31,1.464,35.1,-0.61,11.8,18.7,0.27,-0.02
111859,1725956,60.351075,0.092938,2.6,-31,1.4128,35.1,-0.61,11.8,18.7,0.26,-0.02
111859,1726886,60.360267,0.103623,2.7,-31,1.4634,35.1,-0.61,11.8,18.5,0.26,-0.01
111859,1727823,60.364958,0.124427,2.6,-31,1.5476,35.1,-0.61,11.8,18.,0.25,-0.01
111859,1729222,60.360923,0.157343,2.8,-31,2.0452,35.1,-0.61,11.9,17.3,0.26,0.
111859,1730222,60.351963,0.173443,2.8,-31,1.5142,35.1,-0.61,11.9,17.,0.26,0.
111859,1731162,60.340608,0.177442,3.3,-31,1.5401,35.1,-0.61,11.9,17.,0.27,0.
111859,1732136,60.328768,0.167378,3.1,-30,2.2316000000000003,35.1,-0.61,11.9,17.1,0.28,0.
111859,1733111,60.317157,0.156412,3.1,-31,2.7855000000000003,35.1,-0.61,11.9,17.2,0.28,-0.01
111859,1734023,60.312528,0.148535,0.7,-31,2.6556,35.1,-0.61,11.9,17.3,0.28,-0.01
111859,1735032,60.319217,0.143413,1.4,-31,2.5646,35.1,-0.61,11.9,17.400000000000002,0.28,-0.01
111859,1735941,60.330523,0.149112,2.3,-31,2.6532,35.1,-0.61,11.9,17.3,0.28,-0.01
111859,1736909,60.339492,0.16015,2.5,-31,2.1305,35.1,-0.61,11.9,17.,0.27,0.
111859,1737833,60.348218,0.171552,2.4,-31,1.4826000000000001,35.1,-0.61,11.9,16.8,0.27,0.
111859,1738788,60.352905,0.190203,2.5,-31,1.7609000000000001,35.1,-0.61,11.9,16.5,0.27,0.01
111859,1742555,60.34074,0.26749,2.3,-31,1.0573000000000001,35.1,-0.61,12.,15.700000000000001,0.28,0.02
111859,1743552,60.337488,0.287633,2.4,-31,0.9820000000000001,35.1,-0.61,12.,15.700000000000001,0.28,0.02
111859,1744493,60.346223,0.300773,2.5,-31,0.8391000000000001,35.1,-0.61,12.,15.4,0.28,0.02
111859,1745442,60.354765,0.313105,2.5,-30,0.8754000000000001,35.1,-0.61,12.,15.200000000000001,0.28,0.03
111859,1746394,60.363722,0.32459,2.3,-30,0.8857,35.1,-0.61,12.,15.,0.27,0.03
111859,1747341,60.373633,0.331463,2.2,-30,0.8878,35.1,-0.61,12.,14.8,0.27,0.03
111859,1748278,60.384377,0.334838,2.6,-31,0.7606,35.1,-0.61,12.,14.5,0.26,0.04
111859,1749194,60.395003,0.338965,3.1,-31,0.7602,35.1,-0.61,12.,14.3,0.26,0.04
111859,1750182,60.407038,0.34306,2.7,-31,0.7612,35.1,-0.61,11.9,14.4,0.25,0.04
111859,1751102,60.418073,0.348173,2.6,-32,0.8848,35.1,-0.61,11.9,14.700000000000001,0.24,0.04
111859,1752052,60.429462,0.35221,2.8,-32,0.9521000000000001,35.1,-0.61,11.9,14.9,0.23,0.05
111859,1753052,60.441698,0.353317,2.9,-32,1.0312000000000001,35.1,-0.61,11.9,15.100000000000001,0.22,0.05
111859,1754002,60.45372,0.349725,2.8,-32,1.1755,35.1,-0.61,11.9,15.4,0.21,0.05
111859,1754941,60.46452,0.353382,2.4,-32,1.0201,35.1,-0.61,11.9,15.5,0.2,0.05
111859,1755921,60.474433,0.358935,2.4,-32,1.1386,35.1,-0.61,11.9,15.600000000000001,0.19,0.05
111859,1757901,60.494627,0.367178,1.7,-31,1.4049,35.1,-0.61,11.9,15.700000000000001,0.18,0.05
111859,1758825,60.496957,0.365193,2.6,-31,1.4285,35.1,-0.61,11.9,15.700000000000001,0.17,0.05
111859,1760463,60.517823,0.346543,4.1,-32,1.8396000000000001,35.1,-0.61,11.8,16.400000000000002,0.17,0.05
111859,1761408,60.534733,0.332388,4.,-31,1.6015000000000001,35.1,-0.61,11.8,16.8,0.16,0.05
111859,1765805,60.586847,0.289932,0.3,-32,3.1176000000000004,35.1,-0.61,11.8,16.1,0.14,0.05
111859,1830849,60.765253,0.018973,1.5,-31,2.607,35.2,-0.6,11.4,15.200000000000001,0.05,-0.08
111859,1839664,60.825238,-0.127777,2.5,-27,1.5913000000000002,35.2,-0.58,11.5,16.,0.01,-0.1
111859,1841967,60.840375,-0.145098,1.,-31,4.093500000000001,35.2,-0.58,11.5,16.,0.,-0.1
111859,1843863,60.830237,-0.182097,2.3,-25,1.9939,35.2,-0.58,11.5,16.2,-0.01,-0.09
111859,1845527,60.815927,-0.240393,2.1,-27,2.8266,35.2,-0.58,11.4,16.8,-0.02,-0.08
111859,1846453,60.816947,-0.261395,1.9,-26,2.2138,35.2,-0.58,11.4,16.900000000000002,-0.02,-0.08
111859,1847446,60.819993,-0.282757,2.3,-26,3.0014000000000003,35.2,-0.58,11.5,16.900000000000002,-0.03,-0.08
111859,1848453,60.823623,-0.304388,2.5,-27,3.273,35.2,-0.58,11.5,16.900000000000002,-0.03,-0.08
111859,1849834,60.829368,-0.333745,2.3,-27,3.6197000000000004,35.2,-0.5700000000000001,11.5,17.,-0.04,-0.08
111859,1850884,60.834577,-0.35516,2.6,-28,4.3577,35.2,-0.5700000000000001,11.5,17.,-0.04,-0.08
111859,1851785,60.840545,-0.371812,2.4,-28,4.6999,35.2,-0.5700000000000001,11.5,17.,-0.04,-0.08
111859,1853131,60.84862,-0.39679,1.9,-29,4.9568,35.2,-0.5700000000000001,11.5,17.,-0.04,-0.09
111859,1854128,60.854383,-0.414355,2.3,-29,5.7522,35.2,-0.5700000000000001,11.600000000000001,16.900000000000002,-0.04,-0.09
111859,1855053,60.859657,-0.429877,2.4,-28,3.9286000000000003,35.2,-0.5700000000000001,11.600000000000001,16.900000000000002,-0.04,-0.09
111859,1856004,60.865388,-0.445597,2.1,-28,4.4514000000000005,35.2,-0.5700000000000001,11.600000000000001,16.900000000000002,-0.04,-0.09
111859,1856964,60.870657,-0.462202,2.4,-28,2.5425,35.2,-0.5700000000000001,11.600000000000001,16.900000000000002,-0.04,-0.09
111859,1857884,60.87398,-0.479942,2.4,-28,3.0082,35.2,-0.5700000000000001,11.600000000000001,16.900000000000002,-0.04,-0.09
111859,1858844,60.873767,-0.500418,2.3,-26,1.9695,35.2,-0.5700000000000001,11.600000000000001,16.900000000000002,-0.04,-0.08
111859,1859763,60.872782,-0.520562,2.5,-27,2.2727,35.2,-0.5700000000000001,11.600000000000001,16.900000000000002,-0.03,-0.08
111859,1860724,60.871563,-0.541527,2.4,-27,2.6103,35.2,-0.5700000000000001,11.600000000000001,16.900000000000002,-0.03,-0.07
111859,1861703,60.866192,-0.561245,2.3,-28,2.1227,35.2,-0.5700000000000001,11.5,16.8,-0.03,-0.06
111859,1862683,60.854157,-0.572668,3.1,-28,2.2772,35.2,-0.5700000000000001,11.5,16.6,-0.03,-0.05
111859,1863635,60.842878,-0.586273,3.,-25,1.9780000000000002,35.2,-0.5700000000000001,11.4,16.400000000000002,-0.03,-0.04
111859,1864612,60.833947,-0.59553,0.3,-26,2.0438,35.2,-0.5700000000000001,11.4,16.3,-0.03,-0.04
111859,1865523,60.829625,-0.58754,1.1,-25,1.032,35.2,-0.5700000000000001,11.4,16.3,-0.03,-0.04
111859,1866424,60.816752,-0.589427,3.4,-25,1.2578,35.2,-0.5700000000000001,11.4,16.2,-0.03,-0.04
111859,1867354,60.801835,-0.59235,4.,-25,1.5056,35.2,-0.5700000000000001,11.3,16.1,-0.02,-0.04
111859,1868295,60.784342,-0.598965,4.4,-25,1.1734,35.2,-0.5700000000000001,11.3,16.3,-0.01,-0.04
111859,1869223,60.76503,-0.607345,4.7,-25,1.3216,35.2,-0.5700000000000001,11.200000000000001,16.400000000000002,0.,-0.04
111859,1870145,60.74581,-0.616685,4.4,-25,1.2811000000000001,35.2,-0.5700000000000001,11.200000000000001,16.5,0.02,-0.04
111859,1871055,60.727567,-0.624325,4.6,-25,1.3352000000000002,35.2,-0.5700000000000001,11.200000000000001,16.5,0.03,-0.05
111859,1872064,60.715672,-0.629093,1.3,-25,1.29,35.2,-0.5700000000000001,11.100000000000001,16.400000000000002,0.04,-0.05
111859,1873023,60.700628,-0.633313,2.9,-25,1.3039,35.2,-0.5700000000000001,11.100000000000001,16.5,0.05,-0.06
111859,1873963,60.688815,-0.635015,3.5,-25,1.3039,35.2,-0.58,11.100000000000001,16.6,0.05,-0.06
111859,1874872,60.684192,-0.610778,2.8,-26,1.3039,35.2,-0.58,11.100000000000001,16.7,0.05,-0.06
111859,1875884,60.678175,-0.58818,2.7,-26,1.3039,35.2,-0.58,11.100000000000001,16.6,0.05,-0.06
111859,1876833,60.677883,-0.565188,2.6,-26,1.2978,35.2,-0.58,11.100000000000001,16.5,0.05,-0.06
111859,1877782,60.684407,-0.546935,2.6,-26,1.2991000000000001,35.2,-0.58,11.100000000000001,16.7,0.04,-0.06
111859,1878734,60.69148,-0.52846,2.7,-26,1.2503,35.2,-0.58,11.200000000000001,16.900000000000002,0.04,-0.06
111859,1879703,60.698497,-0.507965,2.8,-27,1.1766,35.2,-0.58,11.200000000000001,17.,0.03,-0.05
111859,1880723,60.700775,-0.481753,2.8,-27,1.1741000000000001,35.2,-0.58,11.200000000000001,17.,0.02,-0.05
111859,1881684,60.701728,-0.45709,2.7,-26,1.197,35.2,-0.58,11.200000000000001,17.,0.02,-0.04
111859,1882696,60.702682,-0.431727,2.6,-26,1.1115000000000002,35.2,-0.58,11.200000000000001,17.,0.02,-0.04
111859,1883624,60.702657,-0.40909,2.5,-26,1.1074000000000002,35.2,-0.58,11.3,17.,0.01,-0.04
111859,1884625,60.7024,-0.385412,2.4,-26,1.0497,35.2,-0.58,11.3,16.7,0.01,-0.04
111859,1886022,60.701195,-0.353068,2.6,-25,1.0173,35.2,-0.58,11.3,15.9,0.01,-0.04
111859,1887702,60.69556,-0.31703,2.3,-25,0.9530000000000001,35.2,-0.59,11.3,14.8,0.01,-0.04
111859,1888755,60.685357,-0.32036,2.4,-25,0.9494,35.2,-0.59,11.4,14.4,0.01,-0.04
111859,1889734,60.679873,-0.339307,2.8,-25,0.9643,35.2,-0.59,11.3,14.9,0.01,-0.04
111859,1890702,60.6865,-0.3606,2.9,-25,1.0050000000000001,35.2,-0.59,11.3,15.8,0.01,-0.04
111859,1891683,60.695757,-0.378367,2.8,-26,1.022,35.2,-0.58,11.3,16.400000000000002,0.01,-0.04
111859,1892643,60.697265,-0.402312,2.7,-26,1.0856000000000001,35.2,-0.58,11.3,17.,0.01,-0.04
111859,1893554,60.693392,-0.422468,2.5,-26,1.0714000000000001,35.2,-0.58,11.3,17.,0.01,-0.04
111859,1894474,60.686708,-0.438785,2.4,-26,1.1133,35.2,-0.58,11.3,17.,0.02,-0.04
111859,1895396,60.685297,-0.447907,0.4,-26,1.1376,35.2,-0.58,11.3,17.,0.02,-0.04
111859,1896335,60.683288,-0.44789,1.6,-26,1.1341,35.2,-0.58,11.3,17.,0.02,-0.04
111859,1897285,60.676997,-0.450357,3.3,-26,1.1298000000000001,35.2,-0.58,11.3,17.,0.02,-0.04
111859,1898198,60.66439,-0.45338,3.1,-26,1.1094000000000002,35.2,-0.58,11.3,17.,0.03,-0.04
111859,1899175,60.654288,-0.43763,2.6,-26,1.2593,35.2,-0.59,11.3,17.,0.03,-0.04
111859,1900041,60.645228,-0.426125,2.7,-25,1.3751,35.2,-0.59,11.3,17.,0.03,-0.04
111859,1900121,60.644402,-0.425007,2.6,-25,1.3867,35.2,-0.59,11.3,17.,0.03,-0.04
111859,1901083,60.634092,-0.414465,2.8,-25,1.0134,35.2,-0.59,11.4,16.900000000000002,0.03,-0.04
111859,1902025,60.623125,-0.407197,2.7,-25,1.5058,35.2,-0.59,11.4,16.6,0.04,-0.04
111859,1903044,60.61204,-0.417955,2.7,-25,1.3214000000000001,35.2,-0.59,11.4,16.5,0.05,-0.04
111859,1903991,60.602152,-0.430812,2.7,-25,1.4251,35.2,-0.59,11.4,16.5,0.06,-0.05
111859,1904943,60.592855,-0.445397,2.7,-25,1.4778,35.2,-0.59,11.4,16.5,0.07,-0.05
111859,1905602,60.5877,-0.457987,2.7,-25,1.4797,35.2,-0.59,11.4,16.7,0.07,-0.06
111859,1905904,60.58507,-0.463113,2.7,-25,1.2328000000000001,35.2,-0.59,11.4,16.7,0.07,-0.06
111859,1906855,60.576592,-0.479558,2.8,-25,1.1272,35.2,-0.59,11.4,17.,0.08,-0.06
111859,1907792,60.566662,-0.492423,2.7,-25,1.1638,35.2,-0.59,11.4,17.,0.09,-0.07
111859,1908704,60.557467,-0.505387,2.6,-26,1.0261,35.2,-0.59,11.4,17.,0.09,-0.08
111859,1909665,60.548938,-0.521522,2.6,-26,1.0923,35.2,-0.59,11.3,17.,0.1,-0.09
111859,1910593,60.54003,-0.535607,3.2,-26,0.9232,35.2,-0.59,11.3,17.,0.11,-0.09
111859,1911555,60.529733,-0.519708,2.8,-26,0.9550000000000001,35.2,-0.59,11.4,16.900000000000002,0.11,-0.09
111859,1912504,60.519542,-0.507083,2.7,-25,0.9649000000000001,35.2,-0.59,11.4,16.8,0.12,-0.09
111859,1913455,60.508793,-0.497737,2.9,-25,1.1026,35.2,-0.59,11.4,16.7,0.12,-0.09
111859,1914373,60.49879,-0.510035,2.8,-27,0.9411,35.2,-0.59,11.4,16.8,0.13,-0.1
111859,1915304,60.492425,-0.5293,2.7,-27,0.9475,35.2,-0.59,11.4,17.,0.13,-0.11
111859,1916252,60.490672,-0.552312,2.7,-27,0.885,35.2,-0.59,11.4,17.2,0.13,-0.12
111859,1917193,60.491477,-0.575105,2.7,-27,0.8898,35.2,-0.59,11.4,17.5,0.13,-0.12
111859,1918153,60.492292,-0.598585,2.6,-26,0.8516,35.2,-0.58,11.3,17.7,0.13,-0.13
111859,1919092,60.487638,-0.618595,2.5,-26,0.8636,35.2,-0.58,11.3,18.,0.14,-0.13
111859,1920043,60.48196,-0.637398,2.5,-26,0.8974000000000001,35.2,-0.58,11.3,18.3,0.14,-0.13
111859,1921052,60.47651,-0.65792,2.5,-26,0.9178000000000001,35.2,-0.58,11.3,18.,0.14,-0.13
111859,1921992,60.46798,-0.669585,2.8,-25,0.9163,35.2,-0.58,11.3,17.5,0.13,-0.12
111859,1922924,60.457758,-0.665152,2.4,-27,0.8982,35.2,-0.58,11.3,17.2,0.12,-0.13
111859,1923869,60.455797,-0.657305,0.4,-27,0.8871,35.2,-0.58,11.3,17.2,0.13,-0.13
111859,1924833,60.448105,-0.70221,6.3,-26,0.9102,35.2,-0.58,11.4,16.2,0.1,-0.11
111859,1925745,60.427642,-0.736488,6.7,-26,0.9042,35.2,-0.58,11.4,15.200000000000001,0.08,-0.1
111859,1926734,60.422225,-0.751347,0.,-24,0.8647,35.2,-0.58,11.4,15.100000000000001,0.07,-0.09
111859,1927674,60.422193,-0.751307,0.,-24,0.8647,35.2,-0.58,11.4,15.100000000000001,0.07,-0.09
111859,1928602,60.422197,-0.751312,0.,-24,0.8647,35.2,-0.58,11.4,15.100000000000001,0.07,-0.09
111859,1929544,60.422313,-0.751442,0.,-24,0.8648,35.2,-0.58,11.4,15.100000000000001,0.07,-0.09
111859,1930484,60.422303,-0.751445,0.,-24,0.8648,35.2,-0.58,11.4,15.100000000000001,0.07,-0.09
111859,1931432,60.422303,-0.751435,0.,-24,0.8648,35.2,-0.58,11.4,15.100000000000001,0.07,-0.09
111859,1932334,60.422305,-0.751455,0.,-24,0.8648,35.2,-0.58,11.4,15.100000000000001,0.07,-0.09
111859,1933286,60.422318,-0.751443,0.,-24,0.8648,35.2,-0.58,11.4,15.100000000000001,0.07,-0.09
111859,1934223,60.422293,-0.751462,0.,-24,0.8649,35.2,-0.58,11.4,15.100000000000001,0.07,-0.09
111859,1935173,60.422298,-0.751458,0.,-24,0.8649,35.2,-0.58,11.4,15.100000000000001,0.07,-0.09
111859,1936103,60.422295,-0.751455,0.,-24,0.8648,35.2,-0.58,11.4,15.100000000000001,0.07,-0.09
111859,1937044,60.422303,-0.751462,0.,-24,0.8649,35.2,-0.58,11.4,15.200000000000001,0.07,-0.09
111859,1937982,60.422287,-0.751437,0.,-24,0.8648,35.2,-0.58,11.4,15.200000000000001,0.07,-0.09
111859,1938886,60.426015,-0.73617,8.1,-26,0.9037000000000001,35.2,-0.58,11.4,15.100000000000001,0.07,-0.1
111859,1939804,60.40332,-0.724463,3.8,-25,0.9879,35.2,-0.58,11.4,14.,0.04,-0.11
111859,1940754,60.393512,-0.735363,2.5,-25,0.9275,35.2,-0.58,11.5,14.200000000000001,0.05,-0.11
111859,1941682,60.383785,-0.743523,2.6,-25,0.8871,35.2,-0.58,11.5,14.700000000000001,0.06,-0.11
111859,1942633,60.374,-0.75133,2.4,-22,1.0948,35.2,-0.58,11.5,15.3,0.06,-0.11
111859,1943594,60.364543,-0.762558,2.6,-23,1.0819,35.2,-0.58,11.5,15.9,0.07,-0.1
111859,1944585,60.355682,-0.778398,2.8,-23,1.0723,35.2,-0.58,11.5,16.6,0.06,-0.09
111859,1945542,60.345515,-0.783783,2.7,-24,1.0785,35.2,-0.58,11.5,17.,0.06,-0.08
111859,1946474,60.344532,-0.763873,3.6,-24,1.0871,35.2,-0.58,11.5,16.6,0.07,-0.1
111859,1947413,60.357063,-0.770783,3.1,-23,1.0773000000000001,35.2,-0.58,11.5,16.400000000000002,0.06,-0.1
111859,1948425,60.369325,-0.759208,2.9,-23,1.0846,35.2,-0.58,11.5,15.700000000000001,0.06,-0.11
111859,1949445,60.381503,-0.746748,3.,-25,0.8733000000000001,35.2,-0.58,11.5,14.9,0.06,-0.11
111859,1950442,60.39431,-0.739553,2.8,-25,0.9089,35.2,-0.58,11.5,14.200000000000001,0.04,-0.11
111859,1951385,60.402822,-0.724617,2.8,-25,0.9865,35.2,-0.58,11.5,14.,0.04,-0.11
111859,1952294,60.395462,-0.732275,3.1,-25,0.9431,35.2,-0.58,11.5,14.100000000000001,0.04,-0.11
111859,1953233,60.384162,-0.741958,2.8,-25,0.8938,35.2,-0.58,11.5,14.700000000000001,0.05,-0.11
111859,1954142,60.373918,-0.750898,2.5,-22,1.0954000000000002,35.2,-0.58,11.5,15.3,0.06,-0.11
111859,1955093,60.364008,-0.762695,2.6,-23,1.0819,35.2,-0.58,11.5,16.,0.06,-0.11
111859,1956105,60.363217,-0.783475,2.5,-23,1.0609,35.2,-0.58,11.5,16.7,0.05,-0.09
111859,1957043,60.371592,-0.79337,3.1,-23,0.9098,35.2,-0.58,11.5,16.900000000000002,0.05,-0.08
111859,1957982,60.381192,-0.808768,2.7,-23,0.9692000000000001,35.2,-0.58,11.5,17.3,0.05,-0.06
111859,1958933,60.388675,-0.820305,1.2,-22,0.9288000000000001,35.2,-0.58,11.5,17.1,0.05,-0.04
111859,1959893,60.374802,-0.841027,7.6,-12,0.8858,35.2,-0.58,11.5,17.1,0.05,-0.04
111859,1960805,60.348867,-0.884093,8.5,-20,0.8898,35.2,-0.5700000000000001,11.5,17.,0.05,-0.03
111859,1961714,60.322863,-0.928197,7.7,-6,1.0978,35.2,-0.5700000000000001,11.5,17.400000000000002,0.07,-0.03
111859,1962623,60.2973,-0.967388,7.4,-4,1.1164,35.2,-0.58,11.5,18.900000000000002,0.06,-0.04
111859,1963524,60.272578,-1.004968,7.6,-5,3.4877000000000002,35.2,-0.58,11.5,19.,0.06,-0.04
111859,1964442,60.246942,-1.044065,7.7,-2,6.8632,-99999.,-99999.,-99999.,-99999.,-99999.,-99999.
111859,1965343,60.224903,-1.08912,7.6,-11,6.9469,-99999.,-99999.,-99999.,-99999.,-99999.,-99999.
111859,1966266,60.199032,-1.126475,7.6,-4,-99999,-99999.,-99999.,-99999.,-99999.,-99999.,-99999.
111859,1967182,60.171418,-1.152465,7.4,-2,-99999,-99999.,-99999.,-99999.,-99999.,-99999.,-99999.
111859,1968182,60.157245,-1.143888,0.,-11,1.3902,35.2,-0.58,11.4,13.3,0.06,-0.03
111859,1969123,60.15722,-1.143888,0.,-11,1.3902,35.2,-0.58,11.4,13.3,0.06,-0.03
111859,1970085,60.157237,-1.143898,0.,-11,1.3902,35.2,-0.58,11.4,13.3,0.06,-0.03
111859,1971022,60.156787,-1.143673,0.4,-11,1.3902,35.2,-0.58,11.4,13.3,0.06,-0.03
111859,1971934,60.156727,-1.143642,0.,-11,1.3902,35.2,-0.58,11.4,13.3,0.06,-0.03
111859,1972863,60.156717,-1.143628,0.,-11,1.3902,35.2,-0.58,11.4,13.3,0.06,-0.03
111859,1973815,60.156702,-1.14362,0.,-11,1.3902,35.2,-0.58,11.4,13.3,0.06,-0.03
111859,1974773,60.156703,-1.143687,0.,-11,1.3902,35.2,-0.58,11.4,13.3,0.06,-0.03
111859,1975705,60.156702,-1.143647,0.,-11,1.3902,35.2,-0.58,11.4,13.3,0.06,-0.03
111859,1976703,60.156732,-1.143638,0.,-11,1.3902,35.2,-0.58,11.4,13.3,0.06,-0.03
111859,1977665,60.15672,-1.143663,0.,-11,1.3902,35.2,-0.58,11.4,13.4,0.06,-0.03
111859,1978613,60.156722,-1.143633,0.,-11,1.3902,35.2,-0.58,11.4,13.4,0.06,-0.03
111859,1979623,60.156712,-1.143622,0.,-11,1.3902,35.2,-0.58,11.4,13.4,0.06,-0.03
111859,1980575,60.156717,-1.14364,0.,-11,1.3902,35.2,-0.58,11.4,13.4,0.06,-0.03
111859,1981515,60.156713,-1.143632,0.,-11,1.3902,35.2,-0.58,11.4,13.4,0.06,-0.03
111859,1982472,60.156712,-1.143642,0.,-11,1.3902,35.2,-0.58,11.4,13.4,0.06,-0.03
111859,1983384,60.156732,-1.1436,0.,-11,1.3902,35.2,-0.58,11.4,13.4,0.06,-0.03
111859,1984342,60.156703,-1.143617,0.,-11,1.3902,35.2,-0.58,11.4,13.4,0.06,-0.03
111859,1985302,60.156697,-1.14365,0.,-11,1.3902,35.2,-0.58,11.4,13.4,0.06,-0.03
111859,1986242,60.15671,-1.143657,0.,-11,1.3902,35.2,-0.58,11.4,13.4,0.06,-0.03
111859,1987195,60.156703,-1.143643,0.,-11,1.3902,35.2,-0.58,11.4,13.4,0.06,-0.03
111859,1988151,60.156697,-1.143653,0.,-11,1.3902,35.2,-0.58,11.4,13.4,0.06,-0.03
111859,1989083,60.156705,-1.143632,0.,-11,1.3902,35.2,-0.58,11.4,13.4,0.06,-0.03
111859,1990054,60.1567,-1.143647,0.,-11,1.3902,35.2,-0.58,11.4,13.5,0.06,-0.03
111859,1991014,60.156707,-1.143625,0.,-11,1.3902,35.2,-0.58,11.4,13.5,0.06,-0.03
111859,1991963,60.156717,-1.143635,0.,-11,1.3902,35.2,-0.58,11.4,13.5,0.06,-0.03
111859,1992904,60.15671,-1.143622,0.,-11,1.3902,35.2,-0.58,11.4,13.5,0.06,-0.03
111859,1993843,60.15671,-1.14363,0.,-11,1.3902,35.2,-0.58,11.4,13.5,0.06,-0.04
111859,1994801,60.156728,-1.143632,0.,-11,1.3902,35.2,-0.58,11.4,13.5,0.06,-0.04
111859,1995762,60.156705,-1.143645,0.,-11,1.3902,35.2,-0.58,11.4,13.5,0.06,-0.04
111859,1996706,60.156688,-1.143657,0.,-11,1.3902,35.2,-0.58,11.4,13.5,0.06,-0.04
111859,1997674,60.156707,-1.14365,0.,-11,1.3902,35.2,-0.58,11.4,13.5,0.06,-0.04
111859,1998623,60.156705,-1.14366,0.,-11,1.3902,35.2,-0.58,11.4,13.5,0.06,-0.04
111859,1999585,60.156712,-1.143655,0.,-11,1.3902,35.2,-0.58,11.4,13.5,0.06,-0.04
111859,2000533,60.156712,-1.143623,0.,-11,1.3902,35.2,-0.58,11.4,13.5,0.06,-0.04
111859,2001485,60.156707,-1.143645,0.,-11,1.3902,35.2,-0.58,11.4,13.600000000000001,0.06,-0.04
111859,2002435,60.156698,-1.143662,0.,-11,1.3902,35.2,-0.58,11.4,13.600000000000001,0.06,-0.04
111859,2003395,60.1567,-1.143637,0.,-11,1.3902,35.2,-0.58,11.4,13.600000000000001,0.06,-0.04
111859,2004353,60.156702,-1.143648,0.,-11,1.3902,35.2,-0.58,11.4,13.600000000000001,0.06,-0.04
111859,2005294,60.156707,-1.143668,0.,-11,1.3902,35.2,-0.58,11.4,13.600000000000001,0.06,-0.04
111859,2006243,60.1567,-1.143665,0.,-11,1.3902,35.2,-0.58,11.4,13.600000000000001,0.06,-0.04
111859,2007183,60.156713,-1.143653,0.,-11,1.3902,35.2,-0.58,11.4,13.600000000000001,0.06,-0.04
111859,2008144,60.1567,-1.143652,0.,-11,1.3902,35.2,-0.58,11.4,13.600000000000001,0.05,-0.04
111859,2009092,60.156698,-1.143642,0.,-11,1.3902,35.2,-0.58,11.4,13.600000000000001,0.05,-0.04
111859,2010043,60.156703,-1.143628,0.,-11,1.3902,35.2,-0.58,11.4,13.600000000000001,0.05,-0.04
111859,2011015,60.15671,-1.14364,0.,-11,1.3902,35.2,-0.58,11.4,13.600000000000001,0.05,-0.04
111859,2011971,60.156703,-1.14369,0.,-11,1.3902,35.2,-0.58,11.4,13.600000000000001,0.05,-0.04
111859,2012924,60.156718,-1.143678,0.,-11,1.3902,35.2,-0.58,11.4,13.600000000000001,0.05,-0.04
111859,2013880,60.156708,-1.143637,0.,-11,1.3902,35.2,-0.58,11.4,13.700000000000001,0.05,-0.04
111859,2014783,60.156705,-1.143637,0.,-11,1.3902,35.2,-0.58,11.4,13.700000000000001,0.05,-0.04
111859,2015743,60.156712,-1.143663,0.,-11,1.3902,35.2,-0.58,11.4,13.700000000000001,0.05,-0.04
111859,2016686,60.156735,-1.143668,0.,-11,1.3902,35.2,-0.58,11.4,13.700000000000001,0.05,-0.04
111859,2017593,60.156723,-1.143627,0.,-11,1.3902,35.2,-0.58,11.4,13.700000000000001,0.05,-0.04
111859,2018594,60.156703,-1.143657,0.,-11,1.3902,35.2,-0.58,11.4,13.700000000000001,0.05,-0.04
111859,2019543,60.156713,-1.143643,0.,-11,1.3902,35.2,-0.58,11.4,13.700000000000001,0.05,-0.04
111859,2020502,60.156698,-1.143638,0.,-11,1.3902,35.2,-0.58,11.4,13.700000000000001,0.05,-0.04
111859,2021462,60.156708,-1.143633,0.,-11,1.3902,35.2,-0.58,11.4,13.700000000000001,0.05,-0.04
111859,2022414,60.156718,-1.143612,0.,-11,1.3902,35.2,-0.58,11.5,13.700000000000001,0.05,-0.04
111859,2023372,60.156722,-1.143648,0.,-11,1.3902,35.2,-0.58,11.5,13.700000000000001,0.05,-0.04
111859,2024344,60.156715,-1.143645,0.,-11,1.3902,35.2,-0.58,11.5,13.700000000000001,0.05,-0.04
111859,2025293,60.156723,-1.14365,0.,-11,1.3902,35.2,-0.58,11.5,13.700000000000001,0.05,-0.04
111859,2026214,60.15672,-1.143642,0.,-11,1.3902,35.2,-0.58,11.5,13.8,0.05,-0.04
111859,2027173,60.156712,-1.143647,0.,-11,1.3902,35.2,-0.58,11.5,13.8,0.05,-0.04
111859,2028113,60.15672,-1.143647,0.,-11,1.3902,35.2,-0.58,11.5,13.8,0.05,-0.04
111859,2029061,60.15671,-1.14365,0.,-11,1.3902,35.2,-0.58,11.5,13.8,0.05,-0.04
111859,2030025,60.156713,-1.143633,0.,-11,1.3902,35.2,-0.58,11.5,13.8,0.05,-0.04
111859,2030974,60.1567,-1.143645,0.,-11,1.3902,35.2,-0.58,11.5,13.8,0.05,-0.04
111859,2031922,60.156708,-1.143642,0.,-11,1.3902,35.2,-0.58,11.5,13.8,0.05,-0.04
111859,2032874,60.156702,-1.143662,0.,-11,1.3902,35.2,-0.58,11.5,13.8,0.05,-0.04
111859,2033836,60.156718,-1.14363,0.,-11,1.3902,35.2,-0.58,11.5,13.8,0.05,-0.04
111859,2034782,60.156697,-1.143642,0.,-11,1.3902,35.2,-0.58,11.5,13.8,0.05,-0.04
111859,2035734,60.156707,-1.143618,0.,-11,1.3902,35.2,-0.58,11.5,13.8,0.05,-0.04
111859,2036685,60.1567,-1.143633,0.,-11,1.3902,35.2,-0.58,11.5,13.8,0.05,-0.04
111859,2037624,60.156703,-1.143647,0.,-11,1.3902,35.2,-0.58,11.5,13.8,0.05,-0.04
111859,2038572,60.156727,-1.14363,0.,-11,1.3902,35.2,-0.58,11.5,13.9,0.05,-0.04
111859,2039524,60.15672,-1.143617,0.,-11,1.3902,35.2,-0.58,11.5,13.9,0.05,-0.04
111859,2040436,60.158805,-1.143137,7.6,-11,1.3902,35.2,-0.58,11.5,13.9,0.05,-0.04
111859,2041353,60.185728,-1.14153,8.,-2,-99999,-99999.,-99999.,-99999.,-99999.,-99999.,-99999.
111859,2042293,60.204913,-1.082913,8.1,-4,-99999,-99999.,-99999.,-99999.,-99999.,-99999.,-99999.
111859,2043214,60.225842,-1.030112,7.8,-5,3.1442,35.2,-0.58,11.600000000000001,21.5,0.05,-0.06
111859,2044122,60.2493,-0.98452,7.8,-8,1.863,35.2,-0.58,11.600000000000001,21.1,0.04,-0.05
111859,2045034,60.272207,-0.938872,7.6,-9,1.3938000000000001,35.2,-0.58,11.5,21.5,0.05,-0.06
111859,2045970,60.296107,-0.893913,7.5,-12,1.0410000000000001,35.2,-0.58,11.4,22.3,0.07,-0.07
111859,2046882,60.321835,-0.85355,7.8,-13,1.0375,35.2,-0.58,11.600000000000001,18.3,0.03,-0.07
111859,2047787,60.345162,-0.81338,7.5,-24,1.0324,35.2,-0.58,11.600000000000001,18.2,0.03,-0.07
111859,2048693,60.372488,-0.782168,7.7,-23,1.0533000000000001,35.2,-0.58,11.600000000000001,17.,0.03,-0.1
111859,2049672,60.406085,-0.759942,8.,-21,1.0061,35.2,-0.59,11.5,15.,0.03,-0.11
111859,2050648,60.422292,-0.751357,0.,-24,0.8647,35.2,-0.59,11.5,15.700000000000001,0.04,-0.1
111859,2051608,60.422273,-0.751353,0.,-24,0.8647,35.2,-0.59,11.5,15.700000000000001,0.04,-0.1
111859,2052565,60.422307,-0.751367,0.,-24,0.8647,35.2,-0.59,11.5,15.700000000000001,0.04,-0.1
111859,2053526,60.42231,-0.75134,0.,-24,0.8647,35.2,-0.59,11.5,15.700000000000001,0.04,-0.1
111859,2054476,60.422327,-0.751353,0.,-24,0.8647,35.2,-0.59,11.5,15.700000000000001,0.04,-0.1
111859,2055422,60.422302,-0.751348,0.,-24,0.8647,35.2,-0.59,11.5,15.700000000000001,0.04,-0.1
111859,2056344,60.422297,-0.75133,0.,-24,0.8647,35.2,-0.59,11.5,15.700000000000001,0.04,-0.1
111859,2057308,60.422307,-0.751315,0.,-24,0.8647,35.2,-0.59,11.5,15.700000000000001,0.04,-0.1
111859,2058253,60.422278,-0.751345,0.,-24,0.8647,35.2,-0.59,11.5,15.700000000000001,0.04,-0.1
111859,2059193,60.422303,-0.751367,0.,-24,0.8647,35.2,-0.59,11.5,15.700000000000001,0.04,-0.1
111859,2060113,60.42231,-0.751323,0.,-24,0.8647,35.2,-0.59,11.5,15.700000000000001,0.04,-0.1
111859,2061054,60.422295,-0.751358,0.,-24,0.8647,35.2,-0.59,11.5,15.700000000000001,0.04,-0.1
111859,2062074,60.422298,-0.751337,0.,-24,0.8647,35.2,-0.59,11.5,15.8,0.04,-0.1
111859,2063007,60.422315,-0.7513,0.,-24,0.8646,35.2,-0.59,11.5,15.8,0.04,-0.1
111859,2063943,60.422305,-0.751345,0.,-24,0.8647,35.2,-0.59,11.5,15.8,0.04,-0.1
111859,2064881,60.422313,-0.751342,0.,-24,0.8647,35.2,-0.59,11.5,15.8,0.04,-0.1
111859,2065801,60.4223,-0.75132,0.,-24,0.8647,35.2,-0.59,11.5,15.8,0.04,-0.1
111859,2066726,60.422298,-0.751342,0.,-24,0.8647,35.2,-0.59,11.5,15.8,0.04,-0.1
111859,2067687,60.42231,-0.751352,0.,-24,0.8647,35.2,-0.59,11.5,15.8,0.04,-0.1
111859,2068635,60.4223,-0.751317,0.,-24,0.8647,35.2,-0.59,11.5,15.8,0.04,-0.1
111859,2069571,60.422303,-0.751345,0.,-24,0.8647,35.2,-0.59,11.5,15.8,0.04,-0.1
111859,2070508,60.422277,-0.75132,0.,-24,0.8647,35.2,-0.59,11.5,15.8,0.04,-0.1
111859,2071454,60.42229,-0.751317,0.,-24,0.8647,35.2,-0.59,11.5,15.8,0.04,-0.1
111859,2072395,60.422287,-0.751325,0.,-24,0.8647,35.2,-0.59,11.5,15.8,0.04,-0.1
111859,2073364,60.422292,-0.75133,0.,-24,0.8647,35.2,-0.59,11.5,15.8,0.03,-0.1
111859,2074285,60.4223,-0.751337,0.,-24,0.8647,35.2,-0.59,11.5,15.8,0.03,-0.1
111859,2075228,60.422288,-0.751333,0.,-24,0.8647,35.2,-0.59,11.5,15.8,0.03,-0.1
111859,2076156,60.4223,-0.751355,0.,-24,0.8647,35.2,-0.59,11.5,15.8,0.03,-0.1
111859,2077084,60.422293,-0.75135,0.,-24,0.8647,35.2,-0.59,11.5,15.8,0.03,-0.1
111859,2078025,60.422298,-0.751348,0.,-24,0.8647,35.2,-0.59,11.5,15.8,0.03,-0.1
111859,2078961,60.42232,-0.751357,0.,-24,0.8647,35.2,-0.59,11.5,15.8,0.03,-0.1
111859,2079893,60.422315,-0.75132,0.,-24,0.8647,35.2,-0.59,11.5,15.8,0.03,-0.1
111859,2080825,60.4223,-0.751328,0.,-24,0.8647,35.2,-0.59,11.5,15.8,0.03,-0.1
111859,2081765,60.422298,-0.7513,0.,-24,0.8646,35.2,-0.59,11.5,15.8,0.03,-0.1
111859,2082693,60.422297,-0.751302,0.,-24,0.8646,35.2,-0.59,11.5,15.9,0.03,-0.1
111859,2083622,60.422297,-0.75132,0.,-24,0.8647,35.2,-0.59,11.5,15.9,0.03,-0.1
111859,2084489,60.422273,-0.75133,0.,-24,0.8647,35.2,-0.59,11.5,15.9,0.03,-0.1
111859,2084583,60.422277,-0.751327,0.,-24,0.8647,35.2,-0.59,11.5,15.9,0.03,-0.1
111859,2085584,60.422268,-0.751337,0.,-24,0.8647,35.2,-0.59,11.5,15.9,0.03,-0.1
111859,2086512,60.422292,-0.751332,0.,-24,0.8647,35.2,-0.59,11.5,15.9,0.03,-0.1
111859,2087453,60.422272,-0.751325,0.,-24,0.8647,35.2,-0.59,11.5,15.9,0.03,-0.1
111859,2088394,60.422282,-0.751337,0.,-24,0.8647,35.2,-0.59,11.5,15.9,0.03,-0.1
111859,2089334,60.422293,-0.751355,0.,-24,0.8647,35.2,-0.59,11.5,15.9,0.03,-0.1
111859,2090262,60.422307,-0.751355,0.,-24,0.8647,35.2,-0.59,11.5,15.9,0.03,-0.1
111859,2091214,60.422307,-0.751347,0.,-24,0.8647,35.2,-0.59,11.5,15.9,0.03,-0.1
111859,2092163,60.422307,-0.751332,0.,-24,0.8647,35.2,-0.59,11.5,15.9,0.03,-0.1
111859,2093125,60.422298,-0.751347,0.,-24,0.8647,35.2,-0.59,11.5,15.9,0.03,-0.1
111859,2094064,60.422307,-0.751328,0.,-24,0.8647,35.2,-0.59,11.5,15.9,0.03,-0.1
111859,2095012,60.422287,-0.751345,0.,-24,0.8647,35.2,-0.59,11.5,15.9,0.03,-0.1
111859,2095952,60.422295,-0.751342,0.,-24,0.8647,35.2,-0.59,11.5,15.9,0.03,-0.1
111859,2096904,60.422295,-0.75136,0.,-24,0.8647,35.2,-0.59,11.5,15.9,0.03,-0.1
111859,2097841,60.422293,-0.751323,0.,-24,0.8647,35.2,-0.59,11.5,15.9,0.03,-0.1
111859,2098785,60.422287,-0.751313,0.,-24,0.8647,35.2,-0.59,11.5,15.9,0.03,-0.1
111859,2099722,60.422298,-0.75134,0.,-24,0.8647,35.2,-0.59,11.5,15.9,0.03,-0.1
111859,2100653,60.422308,-0.751357,0.,-24,0.8647,35.2,-0.59,11.5,15.9,0.03,-0.1
111859,2101605,60.42229,-0.751342,0.,-24,0.8647,35.2,-0.59,11.5,15.9,0.03,-0.1
111859,2102555,60.422293,-0.751312,0.,-24,0.8647,35.2,-0.59,11.5,15.9,0.03,-0.1
111859,2103504,60.422308,-0.75131,0.,-24,0.8647,35.2,-0.59,11.5,16.,0.03,-0.1
111859,2104444,60.422307,-0.75133,0.,-24,0.8647,35.2,-0.59,11.5,16.,0.03,-0.1
111859,2105384,60.422283,-0.751335,0.,-24,0.8647,35.2,-0.59,11.5,16.,0.03,-0.1
111859,2106334,60.422288,-0.751342,0.,-24,0.8647,35.2,-0.59,11.600000000000001,16.,0.03,-0.1
111859,2107272,60.422292,-0.751323,0.,-24,0.8647,35.2,-0.59,11.600000000000001,16.,0.03,-0.1
111859,2108204,60.422297,-0.751337,0.,-24,0.8647,35.2,-0.59,11.600000000000001,16.,0.03,-0.1
111859,2109221,60.422297,-0.751325,0.,-24,0.8647,35.2,-0.59,11.600000000000001,16.,0.03,-0.1
111859,2110145,60.422298,-0.751345,0.,-24,0.8647,35.2,-0.59,11.600000000000001,16.,0.03,-0.1
111859,2111083,60.422298,-0.75137,0.,-24,0.8647,35.2,-0.59,11.600000000000001,16.,0.02,-0.1
111859,2112027,60.422293,-0.751367,0.,-24,0.8647,35.2,-0.59,11.600000000000001,16.,0.02,-0.1
111859,2112951,60.422317,-0.751353,0.,-24,0.8647,35.2,-0.59,11.600000000000001,16.,0.02,-0.1
111859,2113884,60.422282,-0.75137,0.,-24,0.8647,35.2,-0.59,11.600000000000001,16.,0.02,-0.1
111859,2114812,60.422305,-0.751332,0.,-24,0.8647,35.2,-0.59,11.600000000000001,16.,0.02,-0.1
111859,2115764,60.422288,-0.751328,0.,-24,0.8647,35.2,-0.59,11.600000000000001,16.,0.02,-0.1
111859,2117664,60.422295,-0.751333,0.,-24,0.8647,35.2,-0.59,11.600000000000001,16.,0.02,-0.1
111859,2118624,60.422302,-0.751355,0.,-24,0.8647,35.2,-0.59,11.600000000000001,16.,0.02,-0.1
111859,2119552,60.4223,-0.751338,0.,-24,0.8647,35.2,-0.59,11.600000000000001,16.,0.02,-0.1
111859,2120537,60.422303,-0.751332,0.,-24,0.8647,35.2,-0.59,11.600000000000001,16.,0.02,-0.1
111859,2121453,60.422297,-0.751328,0.,-24,0.8647,35.2,-0.59,11.600000000000001,16.,0.02,-0.1
111859,2122428,60.42232,-0.751327,0.,-24,0.8647,35.2,-0.59,11.600000000000001,16.,0.02,-0.1
111859,2123358,60.422305,-0.751342,0.,-24,0.8647,35.2,-0.59,11.600000000000001,16.,0.02,-0.1
111859,2124303,60.422297,-0.75137,0.,-24,0.8647,35.2,-0.59,11.600000000000001,16.1,0.02,-0.1
111859,2125248,60.422292,-0.75133,0.,-24,0.8647,35.2,-0.59,11.600000000000001,16.1,0.02,-0.1
111859,2126164,60.422313,-0.751342,0.,-24,0.8647,35.2,-0.59,11.600000000000001,16.1,0.02,-0.1
111859,2127120,60.4223,-0.751345,0.,-24,0.8647,35.2,-0.59,11.600000000000001,16.1,0.02,-0.1
111859,2128132,60.422295,-0.751345,0.,-24,0.8647,35.2,-0.59,11.600000000000001,16.1,0.02,-0.1
111859,2129072,60.422292,-0.751355,0.,-24,0.8647,35.2,-0.59,11.600000000000001,16.1,0.02,-0.1
111859,2130013,60.422297,-0.751348,0.,-24,0.8647,35.2,-0.59,11.600000000000001,16.1,0.02,-0.1
111859,2131023,60.422288,-0.751337,0.,-24,0.8647,35.2,-0.59,11.600000000000001,16.1,0.02,-0.1
111859,2132064,60.42229,-0.751335,0.,-24,0.8647,35.2,-0.59,11.600000000000001,16.1,0.02,-0.1
111859,2133012,60.42229,-0.751337,0.,-24,0.8647,35.2,-0.59,11.600000000000001,16.1,0.02,-0.1
111859,2133953,60.422297,-0.75135,0.,-24,0.8647,35.2,-0.59,11.600000000000001,16.1,0.02,-0.1
111859,2134954,60.422287,-0.75133,0.,-24,0.8647,35.2,-0.59,11.600000000000001,16.1,0.02,-0.1
111859,2135883,60.422297,-0.751317,0.,-24,0.8647,35.2,-0.59,11.600000000000001,16.1,0.02,-0.1
111859,2136811,60.422282,-0.751343,0.,-24,0.8647,35.2,-0.59,11.600000000000001,16.1,0.02,-0.1
111859,2137734,60.422288,-0.751375,0.,-24,0.8647,35.2,-0.59,11.600000000000001,16.1,0.02,-0.1
111859,2138679,60.422307,-0.751342,0.,-24,0.8647,35.2,-0.59,11.600000000000001,16.1,0.02,-0.1
111859,2139600,60.422293,-0.751365,0.,-24,0.8647,35.2,-0.59,11.600000000000001,16.1,0.02,-0.1
111859,2140524,60.422312,-0.751318,0.,-24,0.8647,35.2,-0.59,11.600000000000001,16.1,0.02,-0.1
111859,2141460,60.422287,-0.751342,0.,-24,0.8647,35.2,-0.59,11.600000000000001,16.1,0.02,-0.11
111859,2142422,60.422295,-0.75134,0.,-24,0.8647,35.2,-0.59,11.600000000000001,16.1,0.02,-0.11
111859,2143378,60.4223,-0.751367,0.,-24,0.8647,35.2,-0.59,11.600000000000001,16.1,0.02,-0.11
111859,2144298,60.422313,-0.751368,0.,-24,0.8647,35.2,-0.59,11.600000000000001,16.1,0.02,-0.11
111859,2145227,60.422305,-0.751303,0.,-24,0.8647,35.2,-0.59,11.600000000000001,16.2,0.02,-0.11
111859,2146154,60.42229,-0.751312,0.,-24,0.8647,35.2,-0.59,11.600000000000001,16.2,0.02,-0.11
111859,2147102,60.422297,-0.751307,0.,-24,0.8647,35.2,-0.59,11.600000000000001,16.2,0.02,-0.11
111859,2148046,60.422295,-0.751345,0.,-24,0.8647,35.2,-0.59,11.600000000000001,16.2,0.02,-0.11
111859,2148979,60.422298,-0.751327,0.,-24,0.8647,35.2,-0.59,11.600000000000001,16.2,0.01,-0.11
111859,2149914,60.422305,-0.751322,0.,-24,0.8647,35.2,-0.59,11.600000000000001,16.2,0.01,-0.11
111859,2150862,60.422307,-0.751352,0.,-24,0.8647,35.2,-0.59,11.600000000000001,16.2,0.01,-0.11
111859,2151808,60.422303,-0.751353,0.,-24,0.8647,35.2,-0.59,11.600000000000001,16.2,0.01,-0.11
111859,2152742,60.422303,-0.751335,0.,-24,0.8647,35.2,-0.59,11.600000000000001,16.2,0.01,-0.11
111859,2153674,60.422307,-0.751353,0.,-24,0.8647,35.2,-0.59,11.600000000000001,16.2,0.01,-0.11
111859,2154586,60.422293,-0.751345,0.,-24,0.8647,35.2,-0.59,11.600000000000001,16.2,0.01,-0.11
111859,2155580,60.422308,-0.75134,0.,-24,0.8647,35.2,-0.59,11.600000000000001,16.2,0.01,-0.11
111859,2156504,60.42231,-0.751312,0.,-24,0.8647,35.2,-0.59,11.600000000000001,16.2,0.01,-0.11
111859,2157421,60.42229,-0.751288,0.,-24,0.8646,35.2,-0.59,11.600000000000001,16.2,0.01,-0.11
111859,2158345,60.422292,-0.751278,0.,-24,0.8646,35.2,-0.59,11.600000000000001,16.2,0.01,-0.11
111859,2159289,60.422295,-0.751335,0.,-24,0.8647,35.2,-0.59,11.600000000000001,16.2,0.01,-0.11
111859,2160213,60.422305,-0.751358,0.,-24,0.8647,35.2,-0.59,11.600000000000001,16.2,0.01,-0.11
111859,2161154,60.4223,-0.751355,0.,-24,0.8647,35.2,-0.59,11.600000000000001,16.2,0.01,-0.11
111859,2162085,60.422297,-0.751333,0.,-24,0.8647,35.2,-0.59,11.600000000000001,16.2,0.01,-0.11
111859,2163042,60.422287,-0.75135,0.,-24,0.8647,35.2,-0.59,11.600000000000001,16.2,0.01,-0.11
111859,2163971,60.422287,-0.75134,0.,-24,0.8647,35.2,-0.59,11.600000000000001,16.2,0.01,-0.11
111859,2164896,60.422302,-0.751337,0.,-24,0.8647,35.2,-0.59,11.600000000000001,16.2,0.01,-0.11
111859,2165844,60.422317,-0.75133,0.,-24,0.8647,35.2,-0.59,11.600000000000001,16.3,0.01,-0.11
111859,2166780,60.422282,-0.751317,0.,-24,0.8647,35.2,-0.59,11.600000000000001,16.3,0.01,-0.11
111859,2167684,60.42229,-0.751325,0.,-24,0.8647,35.2,-0.59,11.600000000000001,16.3,0.01,-0.11
111859,2168632,60.422302,-0.75129,0.,-24,0.8646,35.2,-0.59,11.600000000000001,16.3,0.01,-0.11
111859,2169566,60.422288,-0.751338,0.,-24,0.8647,35.2,-0.59,11.600000000000001,16.3,0.01,-0.11
111859,2170523,60.422282,-0.751338,0.,-24,0.8647,35.2,-0.59,11.600000000000001,16.3,0.01,-0.11
111859,2171474,60.422275,-0.751333,0.,-24,0.8647,35.2,-0.59,11.600000000000001,16.3,0.01,-0.11
111859,2172422,60.422287,-0.751328,0.,-24,0.8647,35.2,-0.59,11.600000000000001,16.3,0.01,-0.11
111859,2172859,60.42229,-0.751328,0.,-24,0.8647,35.2,-0.59,11.600000000000001,16.3,0.01,-0.11
111859,2173346,60.422278,-0.751337,0.,-24,0.8647,35.2,-0.59,11.600000000000001,16.3,0.01,-0.11
111859,2174294,60.422285,-0.751335,0.,-24,0.8647,35.2,-0.59,11.600000000000001,16.3,0.01,-0.11
111859,2175242,60.422305,-0.751355,0.,-24,0.8647,35.2,-0.59,11.600000000000001,16.3,0.01,-0.11
111859,2176184,60.42229,-0.751318,0.,-24,0.8647,35.2,-0.59,11.600000000000001,16.3,0.01,-0.11
111859,2177124,60.422285,-0.751332,0.,-24,0.8647,35.2,-0.59,11.600000000000001,16.3,0.01,-0.11
111859,2178065,60.422305,-0.751338,0.,-24,0.8647,35.2,-0.59,11.600000000000001,16.3,0.01,-0.11
111859,2179104,60.422307,-0.751348,0.,-24,0.8647,35.2,-0.59,11.600000000000001,16.3,0.01,-0.11
111859,2180034,60.422303,-0.751335,0.,-24,0.8647,35.2,-0.59,11.600000000000001,16.3,0.01,-0.11
111859,2180947,60.422307,-0.751342,0.,-24,0.8647,35.2,-0.59,11.600000000000001,16.3,0.01,-0.11
111859,2181875,60.422303,-0.751327,0.,-24,0.8647,35.2,-0.59,11.600000000000001,16.3,0.01,-0.11
111859,2182804,60.422297,-0.751358,0.,-24,0.8647,35.2,-0.59,11.600000000000001,16.3,0.01,-0.11
111859,2183765,60.42229,-0.7513,0.,-24,0.8646,35.2,-0.6,11.600000000000001,16.3,0.01,-0.11
111859,2184724,60.422305,-0.751318,0.,-24,0.8647,35.2,-0.6,11.600000000000001,16.3,0.01,-0.11
111859,2185674,60.422298,-0.751327,0.,-24,0.8647,35.2,-0.6,11.600000000000001,16.3,0.01,-0.11
111859,2186594,60.422283,-0.751352,0.,-24,0.8647,35.2,-0.6,11.600000000000001,16.400000000000002,0.,-0.11
111859,2188471,60.422285,-0.751347,0.,-24,0.8647,35.2,-0.6,11.600000000000001,16.400000000000002,0.,-0.11
111859,2189423,60.42231,-0.751297,0.,-24,0.8646,35.2,-0.6,11.600000000000001,16.400000000000002,0.,-0.11
111859,2190351,60.422288,-0.751335,0.,-24,0.8647,35.2,-0.6,11.600000000000001,16.400000000000002,0.,-0.11
111859,2191356,60.422277,-0.751345,0.,-24,0.8647,35.2,-0.6,11.600000000000001,16.400000000000002,0.,-0.11
111859,2192324,60.422262,-0.751358,0.,-24,0.8647,35.2,-0.6,11.600000000000001,16.400000000000002,0.,-0.11
111859,2193272,60.422285,-0.751342,0.,-24,0.8647,35.2,-0.6,11.600000000000001,16.400000000000002,0.,-0.11
111859,2194194,60.422292,-0.751337,0.,-24,0.8647,35.2,-0.6,11.600000000000001,16.400000000000002,0.,-0.11
111859,2195123,60.422303,-0.751353,0.,-24,0.8647,35.2,-0.6,11.600000000000001,16.400000000000002,0.,-0.11
111859,2196083,60.422312,-0.751362,0.,-24,0.8647,35.2,-0.6,11.600000000000001,16.400000000000002,0.,-0.11
111859,2197024,60.422303,-0.751358,0.,-24,0.8647,35.2,-0.6,11.600000000000001,16.400000000000002,0.,-0.11
111859,2197973,60.422302,-0.75136,0.,-24,0.8647,35.2,-0.6,11.600000000000001,16.400000000000002,0.,-0.11
111859,2198905,60.422303,-0.751352,0.,-24,0.8647,35.2,-0.6,11.600000000000001,16.400000000000002,0.,-0.11
111859,2199843,60.422292,-0.751363,0.,-24,0.8647,35.2,-0.6,11.600000000000001,16.400000000000002,0.,-0.11
111859,2200764,60.422295,-0.751352,0.,-24,0.8647,35.2,-0.6,11.600000000000001,16.400000000000002,0.,-0.11
111859,2201712,60.422297,-0.751337,0.,-24,0.8647,35.2,-0.6,11.600000000000001,16.400000000000002,0.,-0.11
111859,2202625,60.4223,-0.751333,0.,-24,0.8647,35.2,-0.6,11.600000000000001,16.400000000000002,0.,-0.11
111859,2203555,60.422302,-0.751348,0.,-24,0.8647,35.2,-0.6,11.600000000000001,16.400000000000002,0.,-0.11
111859,2204495,60.422288,-0.751355,0.,-24,0.8647,35.2,-0.6,11.600000000000001,16.400000000000002,0.,-0.11
111859,2205444,60.422305,-0.751345,0.,-24,0.8647,35.2,-0.6,11.600000000000001,16.400000000000002,0.,-0.11
111859,2206372,60.422288,-0.751328,0.,-24,0.8647,35.2,-0.6,11.600000000000001,16.400000000000002,0.,-0.11
111859,2207316,60.42229,-0.75133,0.,-24,0.8647,35.2,-0.6,11.600000000000001,16.5,0.,-0.11
111859,2208245,60.422305,-0.751357,0.,-24,0.8647,35.2,-0.6,11.600000000000001,16.5,0.,-0.11
111859,2209184,60.422303,-0.751318,0.,-24,0.8647,35.2,-0.6,11.600000000000001,16.5,0.,-0.11
111859,2210124,60.42232,-0.751288,0.,-24,0.8646,35.2,-0.6,11.600000000000001,16.5,0.,-0.11
111859,2211084,60.422295,-0.751318,0.,-24,0.8647,35.2,-0.6,11.700000000000001,16.5,0.,-0.11
111859,2212004,60.422317,-0.751337,0.,-24,0.8647,35.2,-0.6,11.700000000000001,16.5,0.,-0.11
111859,2212934,60.422305,-0.751335,0.,-24,0.8647,35.2,-0.6,11.700000000000001,16.5,0.,-0.11
111859,2213874,60.422293,-0.751343,0.,-24,0.8647,35.2,-0.6,11.700000000000001,16.5,0.,-0.11
111859,2214874,60.422297,-0.751358,0.,-24,0.8647,35.2,-0.6,11.700000000000001,16.5,0.,-0.11
111859,2215822,60.422285,-0.751342,0.,-24,0.8647,35.2,-0.6,11.700000000000001,16.5,0.,-0.11
111859,2216756,60.422305,-0.75133,0.,-24,0.8647,35.2,-0.6,11.700000000000001,16.5,0.,-0.11
111859,2217693,60.422308,-0.751332,0.,-24,0.8647,35.2,-0.6,11.700000000000001,16.5,0.,-0.11
111859,2218645,60.422303,-0.751345,0.,-24,0.8647,35.2,-0.6,11.700000000000001,16.5,0.,-0.11
111859,2219585,60.422297,-0.751343,0.,-24,0.8647,35.2,-0.6,11.700000000000001,16.5,0.,-0.11
111859,2220513,60.422305,-0.751307,0.,-24,0.8647,35.2,-0.6,11.700000000000001,16.5,0.,-0.11
111859,2221462,60.422298,-0.751317,0.,-24,0.8647,35.2,-0.6,11.700000000000001,16.5,0.,-0.11
111859,2222422,60.422293,-0.751345,0.,-24,0.8647,35.2,-0.6,11.700000000000001,16.5,0.,-0.11
111859,2223366,60.4223,-0.751278,0.,-24,0.8646,35.2,-0.6,11.700000000000001,16.5,0.,-0.11
111859,2224303,60.422283,-0.75132,0.,-24,0.8647,35.2,-0.6,11.700000000000001,16.5,-0.01,-0.11
111859,2225255,60.422295,-0.751335,0.,-24,0.8647,35.2,-0.6,11.700000000000001,16.5,-0.01,-0.11
111859,2226163,60.422298,-0.751328,0.,-24,0.8647,35.2,-0.6,11.700000000000001,16.5,-0.01,-0.11
111859,2227112,60.42229,-0.75134,0.,-24,0.8647,35.2,-0.6,11.700000000000001,16.5,-0.01,-0.11
111859,2228043,60.422298,-0.751348,0.,-24,0.8647,35.2,-0.6,11.700000000000001,16.6,-0.01,-0.11
111859,2228994,60.422307,-0.751348,0.,-24,0.8647,35.2,-0.6,11.700000000000001,16.6,-0.01,-0.11
111859,2229951,60.422312,-0.751347,0.,-24,0.8647,35.2,-0.6,11.700000000000001,16.6,-0.01,-0.11
111859,2230891,60.422305,-0.751355,0.,-24,0.8647,35.2,-0.6,11.700000000000001,16.6,-0.01,-0.11
111859,2231823,60.422305,-0.751337,0.,-24,0.8647,35.2,-0.6,11.700000000000001,16.6,-0.01,-0.11
111859,2232763,60.422293,-0.751335,0.,-24,0.8647,35.2,-0.6,11.700000000000001,16.6,-0.01,-0.11
111859,2233704,60.422293,-0.75133,0.,-24,0.8647,35.2,-0.6,11.700000000000001,16.6,-0.01,-0.11
111859,2234640,60.422295,-0.751335,0.,-24,0.8647,35.2,-0.6,11.700000000000001,16.6,-0.01,-0.11
111859,2235584,60.422297,-0.751352,0.,-24,0.8647,35.2,-0.6,11.700000000000001,16.6,-0.01,-0.11
111859,2236518,60.422303,-0.751342,0.,-24,0.8647,35.2,-0.6,11.700000000000001,16.6,-0.01,-0.11
111859,2237467,60.422303,-0.751345,0.,-24,0.8647,35.2,-0.6,11.700000000000001,16.6,-0.01,-0.11
111859,2238395,60.422297,-0.751328,0.,-24,0.8647,35.2,-0.6,11.700000000000001,16.6,-0.01,-0.11
111859,2239336,60.422303,-0.751332,0.,-24,0.8647,35.2,-0.6,11.700000000000001,16.6,-0.01,-0.11
111859,2240276,60.422292,-0.751335,0.,-24,0.8647,35.2,-0.6,11.700000000000001,16.6,-0.01,-0.11
111859,2241232,60.422305,-0.751332,0.,-24,0.8647,35.2,-0.6,11.700000000000001,16.6,-0.01,-0.11
111859,2242169,60.422327,-0.75132,0.,-24,0.8647,35.2,-0.6,11.700000000000001,16.6,-0.01,-0.11
111859,2243115,60.422293,-0.75132,0.,-24,0.8647,35.2,-0.6,11.700000000000001,16.6,-0.01,-0.11
111859,2244052,60.422287,-0.751312,0.,-24,0.8647,35.2,-0.6,11.700000000000001,16.6,-0.01,-0.11
111859,2244979,60.422292,-0.751308,0.,-24,0.8647,35.2,-0.6,11.700000000000001,16.6,-0.01,-0.11
111859,2245891,60.422292,-0.751333,0.,-24,0.8647,35.2,-0.6,11.700000000000001,16.6,-0.01,-0.11
111859,2246824,60.42229,-0.751322,0.,-24,0.8647,35.2,-0.6,11.700000000000001,16.6,-0.01,-0.11
111859,2247744,60.42229,-0.751322,0.,-24,0.8647,35.2,-0.6,11.700000000000001,16.6,-0.01,-0.11
111859,2248684,60.422288,-0.751357,0.,-24,0.8647,35.2,-0.6,11.700000000000001,16.7,-0.01,-0.11
111859,2249696,60.422288,-0.751313,0.,-24,0.8647,35.2,-0.6,11.700000000000001,16.7,-0.01,-0.11
111859,2250623,60.422292,-0.751347,0.,-24,0.8647,35.2,-0.6,11.700000000000001,16.7,-0.01,-0.11
111859,2251554,60.422297,-0.751357,0.,-24,0.8647,35.2,-0.6,11.700000000000001,16.7,-0.01,-0.11
111859,2252491,60.422288,-0.75133,0.,-24,0.8647,35.2,-0.6,11.700000000000001,16.7,-0.01,-0.11
111859,2253440,60.422312,-0.751323,0.,-24,0.8647,35.2,-0.6,11.700000000000001,16.7,-0.01,-0.11
111859,2254364,60.4223,-0.751327,0.,-24,0.8647,35.2,-0.6,11.700000000000001,16.7,-0.01,-0.11
111859,2255319,60.4223,-0.751347,0.,-24,0.8647,35.2,-0.6,11.700000000000001,16.7,-0.01,-0.11
111859,2256279,60.422293,-0.751345,0.,-24,0.8647,35.2,-0.6,11.700000000000001,16.7,-0.01,-0.11
111859,2257184,60.422292,-0.75135,0.,-24,0.8647,35.2,-0.6,11.700000000000001,16.7,-0.01,-0.11
111859,2258124,60.422282,-0.751345,0.,-24,0.8647,35.2,-0.6,11.700000000000001,16.7,-0.01,-0.11
111859,2259055,60.422298,-0.75132,0.,-24,0.8647,35.2,-0.6,11.700000000000001,16.7,-0.01,-0.11
111859,2260003,60.422285,-0.751347,0.,-24,0.8647,35.2,-0.6,11.700000000000001,16.7,-0.01,-0.11
111859,2260913,60.42227,-0.751335,0.,-24,0.8647,35.2,-0.6,11.700000000000001,16.7,-0.01,-0.11
111859,2261904,60.422293,-0.751353,0.,-24,0.8647,35.2,-0.6,11.700000000000001,16.7,-0.02,-0.11
111859,2262832,60.422278,-0.751348,0.,-24,0.8647,35.2,-0.6,11.700000000000001,16.7,-0.02,-0.11
111859,2263792,60.422318,-0.751357,0.,-24,0.8647,35.2,-0.6,11.700000000000001,16.7,-0.02,-0.11
111859,2264743,60.422277,-0.75135,0.,-24,0.8647,35.2,-0.6,11.700000000000001,16.7,-0.02,-0.11
111859,2265691,60.422287,-0.751352,0.,-24,0.8647,35.2,-0.6,11.700000000000001,16.7,-0.02,-0.11
111859,2266643,60.421768,-0.748158,5.9,-26,0.9224,35.2,-0.6,11.700000000000001,16.7,-0.02,-0.11
111859,2267583,60.412027,-0.73176,8.3,-25,0.9590000000000001,35.2,-0.6,11.700000000000001,16.400000000000002,-0.01,-0.12
111859,2268542,60.38069,-0.766067,7.8,-22,0.9985,35.2,-0.6,11.8,17.3,-0.02,-0.12
111859,2269456,60.350557,-0.799973,8.4,-24,1.0132,35.2,-0.6,11.8,20.5,-0.02,-0.08
111859,2271262,60.296087,-0.891338,8.1,-12,1.0613000000000001,35.2,-0.6,11.600000000000001,24.5,-0.05,-0.08
111859,2272180,60.26982,-0.938018,8.1,-9,1.4115,35.2,-0.6,11.700000000000001,26.3,-0.04,-0.08
111859,2273081,60.244675,-0.983315,8.2,-9,1.903,35.2,-0.6,11.700000000000001,27.1,-0.03,-0.08
111859,2274009,60.219685,-1.032608,8.1,-5,2.6144000000000003,35.2,-0.59,11.700000000000001,28.200000000000003,-0.02,-0.09
111859,2274930,60.201052,-1.08968,8.,-7,-99999,-99999.,-99999.,-99999.,-99999.,-99999.,-99999.
111859,2275858,60.18337,-1.146713,7.5,-2,-99999,-99999.,-99999.,-99999.,-99999.,-99999.,-99999.
111859,2276770,60.161223,-1.153995,3.6,-13,1.3902,-99999.,-99999.,-99999.,-99999.,-99999.,-99999.
111859,2277699,60.160753,-1.153818,0.,-13,1.3902,-99999.,-99999.,-99999.,-99999.,-99999.,-99999.
111859,2278660,60.160752,-1.153817,0.,-13,1.3902,-99999.,-99999.,-99999.,-99999.,-99999.,-99999.
111859,2279608,60.160743,-1.153812,0.,-13,1.3902,-99999.,-99999.,-99999.,-99999.,-99999.,-99999.
111859,2280548,60.159745,-1.1535,0.,-13,1.3902,35.2,-0.59,11.8,15.9,-0.01,-0.07
111859,2281461,60.160785,-1.15246,3.2,-13,1.3902,-99999.,-99999.,-99999.,-99999.,-99999.,-99999.
111859,2282417,60.165482,-1.15997,0.,-15,1.3902,-99999.,-99999.,-99999.,-99999.,-99999.,-99999.
111859,2283401,60.16552,-1.15997,0.,-15,1.3902,-99999.,-99999.,-99999.,-99999.,-99999.,-99999.
111859,2284363,60.165518,-1.159978,0.,-15,1.3902,-99999.,-99999.,-99999.,-99999.,-99999.,-99999.
111859,2285277,60.165497,-1.159992,0.,-15,1.3902,-99999.,-99999.,-99999.,-99999.,-99999.,-99999.
111859,2286279,60.165495,-1.159965,0.,-15,1.3902,-99999.,-99999.,-99999.,-99999.,-99999.,-99999.
111859,2287211,60.165487,-1.159983,0.,-15,1.3902,-99999.,-99999.,-99999.,-99999.,-99999.,-99999.
111859,2288173,60.165483,-1.159967,0.,-15,1.3902,-99999.,-99999.,-99999.,-99999.,-99999.,-99999.
111859,2289109,60.165467,-1.159965,0.,-15,1.3902,-99999.,-99999.,-99999.,-99999.,-99999.,-99999.
111859,2290069,60.165473,-1.159928,0.1,-15,1.3902,-99999.,-99999.,-99999.,-99999.,-99999.,-99999.
111859,2290977,60.148137,-1.128607,7.7,-8,1.3902,35.2,-0.6,11.8,15.9,-0.02,-0.07
111859,2291880,60.116928,-1.130738,7.7,-7,4.6618,35.2,-0.6,11.8,16.,-0.02,-0.07
111859,2292809,60.085062,-1.112842,7.9,-9,1.6637000000000002,35.2,-0.6,11.8,16.,-0.02,-0.07
111859,2293717,60.053952,-1.092388,7.8,-15,3.4102,35.2,-0.6,11.8,18.,-0.03,-0.09
111859,2294620,60.023233,-1.072652,7.7,-22,2.3423000000000003,35.2,-0.6,11.700000000000001,19.8,-0.03,-0.11
111859,2295551,59.991067,-1.05331,7.8,-25,1.6488,35.2,-0.6,11.700000000000001,20.6,-0.04,-0.12
111859,2296741,59.94979,-1.028657,8.,-26,1.5123,35.2,-0.6,11.9,18.900000000000002,-0.05,-0.13
111859,2297651,59.91848,-1.01027,7.8,-28,1.2836,35.2,-0.6,12.,18.2,-0.05,-0.14
111859,2298597,59.885623,-0.99396,7.7,-29,1.3467,35.2,-0.6,12.100000000000001,18.1,-0.04,-0.15
111859,2299509,59.854505,-0.976925,7.6,-29,1.8642,35.1,-0.6,12.200000000000001,18.,-0.04,-0.16
111859,2300410,59.823888,-0.95875,7.6,-29,1.6322,35.1,-0.6,12.200000000000001,17.8,-0.04,-0.18
111859,2301311,59.793447,-0.939593,7.7,-30,1.7765000000000002,35.1,-0.6,12.3,17.3,-0.05,-0.19
111859,2302222,59.762703,-0.921347,7.7,-30,1.4278,35.1,-0.61,12.3,17.2,-0.06,-0.2
111859,2303142,59.731465,-0.901823,7.8,-31,1.3237,35.1,-0.61,12.3,17.400000000000002,-0.07,-0.2
111859,2304067,59.702832,-0.880263,5.2,-31,1.1743000000000001,35.1,-0.61,12.3,17.7,-0.08,-0.2
111859,2305011,59.68969,-0.867615,2.6,-31,1.3094000000000001,35.1,-0.61,12.3,17.8,-0.08,-0.2
111859,2305951,59.68011,-0.85671,2.5,-32,1.3064,35.1,-0.61,12.3,17.900000000000002,-0.08,-0.2
111859,2306908,59.670413,-0.84483,2.6,-32,1.3083,35.1,-0.61,12.3,17.8,-0.08,-0.19
111859,2307861,59.660773,-0.833148,2.6,-32,1.306,35.1,-0.61,12.3,17.8,-0.08,-0.19
111859,2308849,59.650692,-0.82108,2.6,-32,1.2002000000000002,35.1,-0.61,12.3,17.8,-0.08,-0.19
111859,2309798,59.640627,-0.809783,2.7,-32,1.0942,35.1,-0.61,12.3,17.7,-0.08,-0.18
111859,2310761,59.630555,-0.797848,2.6,-32,0.9747,35.1,-0.62,12.3,17.7,-0.08,-0.18
111859,2311721,59.620677,-0.785893,2.6,-32,0.9368000000000001,35.1,-0.62,12.200000000000001,17.7,-0.08,-0.17
111859,2312681,59.610432,-0.775395,2.6,-32,0.9769000000000001,35.1,-0.62,12.200000000000001,17.7,-0.07,-0.17
111859,2313631,59.600477,-0.765562,2.7,-32,0.9955,35.1,-0.62,12.200000000000001,17.6,-0.07,-0.16
111859,2314560,59.590377,-0.755728,2.7,-32,0.9946,35.1,-0.62,12.200000000000001,17.6,-0.07,-0.16
111859,2315508,59.579623,-0.747418,2.9,-32,1.0031,35.1,-0.62,12.200000000000001,17.6,-0.07,-0.16
111859,2316461,59.569103,-0.757693,2.6,-32,1.1346,35.1,-0.62,12.200000000000001,17.6,-0.07,-0.15
111859,2317408,59.564845,-0.777752,2.5,-32,1.0622,35.1,-0.62,12.200000000000001,17.6,-0.07,-0.16
111859,2318369,59.560032,-0.797162,2.6,-32,1.1431,35.1,-0.62,12.200000000000001,17.7,-0.08,-0.16
111859,2319319,59.55252,-0.814082,2.7,-32,1.1016000000000001,35.1,-0.61,12.200000000000001,17.7,-0.08,-0.16
111859,2320260,59.544743,-0.830263,2.8,-32,1.0450000000000002,35.1,-0.61,12.200000000000001,17.7,-0.08,-0.16
111859,2321220,59.535047,-0.843912,2.7,-32,1.1206,35.1,-0.61,12.200000000000001,17.7,-0.08,-0.16
111859,2322210,59.525435,-0.858532,2.6,-32,1.1632,35.1,-0.61,12.200000000000001,17.8,-0.08,-0.16
111859,2323149,59.516492,-0.87295,2.6,-32,1.1993,35.1,-0.61,12.200000000000001,17.8,-0.09,-0.16
111859,2324118,59.507358,-0.887897,2.8,-32,1.1416,35.1,-0.61,12.200000000000001,18.7,-0.09,-0.16
111859,2325079,59.49958,-0.904963,2.6,-32,1.1313,35.1,-0.61,12.200000000000001,20.700000000000003,-0.09,-0.16
111859,2326031,59.495047,-0.917225,2.4,-31,1.2439,35.1,-0.61,12.200000000000001,22.1,-0.09,-0.16
111859,2326968,59.487505,-0.925753,7.4,-31,1.2125000000000001,35.1,-0.61,12.200000000000001,23.1,-0.09,-0.16
111859,2327957,59.476227,-0.940718,2.7,-31,1.1578000000000002,35.1,-0.61,12.200000000000001,24.8,-0.09,-0.15
111859,2328910,59.466932,-0.954113,2.7,-31,1.1088,35.1,-0.61,12.200000000000001,26.400000000000002,-0.09,-0.15
111859,2329860,59.456105,-0.953797,2.5,-31,1.2566000000000002,35.1,-0.61,12.200000000000001,26.400000000000002,-0.09,-0.15
111859,2330811,59.445518,-0.950532,2.4,-31,1.2655,35.1,-0.61,12.200000000000001,26.,-0.09,-0.15
111859,2331770,59.435302,-0.956385,2.5,-31,1.2471,35.1,-0.61,12.200000000000001,26.,-0.09,-0.14
111859,2332741,59.4281,-0.974548,2.7,-31,1.2831000000000001,35.1,-0.61,12.200000000000001,25.700000000000003,-0.09,-0.14
111859,2333701,59.424957,-0.997673,2.8,-31,1.2546000000000002,35.1,-0.61,12.200000000000001,26.1,-0.1,-0.14
111859,2334637,59.42548,-1.021208,2.9,-31,1.2510000000000001,35.1,-0.61,12.200000000000001,27.,-0.1,-0.15
111859,2335552,59.428218,-1.043762,2.9,-31,1.2852000000000001,35.1,-0.61,12.200000000000001,27.8,-0.1,-0.15
111859,2336500,59.431283,-1.066875,2.9,-31,1.2895,35.1,-0.61,12.200000000000001,27.900000000000002,-0.1,-0.15
111859,2337460,59.436275,-1.088702,2.6,-29,1.3593000000000002,35.1,-0.61,12.200000000000001,27.900000000000002,-0.1,-0.14
111859,2338401,59.442418,-1.10909,2.9,-29,1.3615000000000002,35.1,-0.61,12.200000000000001,27.6,-0.11,-0.14
111859,2339341,59.449528,-1.127757,2.9,-29,1.4761,35.1,-0.61,12.200000000000001,25.6,-0.11,-0.14
111859,2340282,59.458308,-1.14324,2.9,-29,1.49,35.1,-0.61,12.200000000000001,22.900000000000002,-0.11,-0.15
111859,2341220,59.46835,-1.139983,2.2,-28,1.4440000000000002,35.1,-0.61,12.100000000000001,22.1,-0.11,-0.15
111859,2342169,59.47684,-1.127678,2.5,-28,1.4329,35.1,-0.61,12.100000000000001,21.900000000000002,-0.11,-0.15
111859,2343118,59.485213,-1.112498,2.6,-28,1.4317,35.1,-0.61,12.100000000000001,21.6,-0.11,-0.16
111859,2344031,59.492752,-1.096715,2.5,-28,1.4079000000000002,35.1,-0.61,12.100000000000001,21.8,-0.11,-0.16
111859,2344978,59.500125,-1.078988,2.7,-31,1.2859,35.1,-0.61,12.100000000000001,22.5,-0.11,-0.16
111859,2345930,59.499652,-1.055168,2.9,-30,1.3301,35.1,-0.61,12.100000000000001,24.700000000000003,-0.11,-0.16
111859,2346871,59.495395,-1.033122,2.8,-30,1.2855,35.1,-0.61,12.200000000000001,26.3,-0.11,-0.16
111859,2347798,59.490048,-1.011737,2.8,-30,1.2762,35.1,-0.61,12.200000000000001,26.700000000000003,-0.11,-0.16
111859,2348711,59.483412,-0.992215,2.8,-31,1.1678,35.1,-0.61,12.200000000000001,27.,-0.11,-0.16
111859,2349660,59.476113,-0.973368,0.7,-31,1.212,35.1,-0.61,12.200000000000001,27.200000000000003,-0.11,-0.15
111859,2350578,59.471673,-0.970725,4.,-31,1.2161,35.1,-0.61,12.200000000000001,27.3,-0.11,-0.15
111859,2351510,59.458565,-0.956482,3.,-31,1.0979,35.1,-0.61,12.200000000000001,26.900000000000002,-0.1,-0.15
111859,2352417,59.448157,-0.95364,3.1,-31,1.2568000000000001,35.1,-0.61,12.200000000000001,26.6,-0.1,-0.14
111859,2353370,59.438558,-0.966713,2.6,-31,1.2709000000000001,35.1,-0.61,12.200000000000001,27.200000000000003,-0.1,-0.14
111859,2354331,59.432625,-0.986212,2.7,-31,1.2666000000000002,35.1,-0.61,12.200000000000001,26.8,-0.11,-0.14
111859,2355551,59.427848,-1.012585,2.6,-31,1.2452,35.1,-0.61,12.200000000000001,27.1,-0.11,-0.14
111859,2356512,59.426283,-1.03406,2.4,-31,1.2634,35.1,-0.61,12.200000000000001,27.8,-0.11,-0.14
111859,2357461,59.42548,-1.055303,2.6,-31,1.2832000000000001,35.1,-0.61,12.200000000000001,28.,-0.11,-0.14
111859,2358409,59.424958,-1.076642,2.6,-31,1.2855,35.1,-0.61,12.200000000000001,28.1,-0.11,-0.14
111859,2359357,59.42456,-1.098322,2.6,-30,1.3325,35.1,-0.61,12.200000000000001,28.1,-0.11,-0.14
111859,2360310,59.42411,-1.119812,2.5,-29,1.3212000000000002,35.1,-0.61,12.200000000000001,28.200000000000003,-0.12,-0.14
111859,2361267,59.423627,-1.141517,2.4,-29,1.4119000000000002,35.1,-0.61,12.200000000000001,25.200000000000003,-0.12,-0.13
111859,2362219,59.42265,-1.162832,2.6,-29,1.4004,35.1,-0.61,12.200000000000001,22.200000000000003,-0.12,-0.13
111859,2363159,59.421358,-1.18441,2.6,-28,1.4946000000000002,35.1,-0.61,12.200000000000001,19.1,-0.12,-0.13
111859,2364099,59.420242,-1.206158,2.5,-28,1.4866000000000001,35.1,-0.61,12.200000000000001,16.900000000000002,-0.12,-0.13
111859,2365042,59.419092,-1.228095,2.6,-28,1.5315,35.1,-0.61,12.200000000000001,16.900000000000002,-0.12,-0.13
111859,2365991,59.41828,-1.250512,2.6,-27,1.5486,35.1,-0.61,12.100000000000001,17.,-0.12,-0.13
111859,2366941,59.416375,-1.272647,2.7,-26,1.5823,35.1,-0.61,12.100000000000001,17.1,-0.12,-0.14
111859,2367880,59.412273,-1.293628,2.7,-26,1.5748,35.1,-0.61,12.100000000000001,16.6,-0.13,-0.14
111859,2368812,59.408947,-1.314903,2.7,-25,1.6303,35.1,-0.61,12.100000000000001,15.8,-0.13,-0.14
111859,2369751,59.406988,-1.336832,2.5,-25,1.6099,35.1,-0.61,12.,15.,-0.13,-0.15
111859,2370711,59.407808,-1.359673,2.7,-24,1.6892,35.1,-0.61,12.,14.100000000000001,-0.13,-0.15
111859,2371651,59.40863,-1.382645,2.7,-24,1.6373,35.1,-0.61,12.,14.4,-0.13,-0.15
111859,2372600,59.409567,-1.405152,2.6,-24,1.7373,35.2,-0.6,11.9,14.700000000000001,-0.13,-0.16
111859,2373550,59.410215,-1.42324,0.7,-23,1.6116000000000001,35.2,-0.6,11.9,14.9,-0.13,-0.16
111859,2374479,59.409355,-1.431455,0.6,-23,1.6244,35.2,-0.6,11.9,15.,-0.13,-0.16
111859,2375438,59.41008,-1.415887,2.3,-24,1.7854,35.2,-0.6,11.9,14.8,-0.13,-0.16
111859,2376370,59.411292,-1.398202,1.9,-24,1.7073,35.1,-0.61,11.9,14.5,-0.13,-0.15
111859,2377321,59.41197,-1.380762,2.2,-24,1.6293,35.1,-0.61,12.,14.200000000000001,-0.13,-0.15
111859,2378270,59.407605,-1.365448,2.1,-24,1.7088,35.1,-0.61,12.,14.,-0.13,-0.15
111859,2379191,59.407402,-1.348235,2.2,-25,1.6494,35.1,-0.61,12.,14.3,-0.13,-0.15
111859,2380139,59.408388,-1.329725,2.,-25,1.6709,35.1,-0.61,12.100000000000001,15.,-0.13,-0.14
111859,2381109,59.409737,-1.310422,2.1,-25,1.6188,35.1,-0.61,12.100000000000001,15.8,-0.13,-0.14
111859,2382049,59.40639,-1.293502,2.2,-26,1.5676,35.1,-0.61,12.100000000000001,16.5,-0.13,-0.13
111859,2383009,59.398058,-1.284242,2.3,-26,1.5768,35.1,-0.61,12.200000000000001,16.900000000000002,-0.13,-0.13
111859,2383961,59.388045,-1.280248,2.4,-26,1.5507,35.1,-0.61,12.200000000000001,17.2,-0.13,-0.13
111859,2384919,59.37736,-1.285233,2.5,-26,1.5394,35.1,-0.61,12.200000000000001,17.1,-0.13,-0.13
111859,2385870,59.368248,-1.298678,2.7,-26,1.5094,35.1,-0.61,12.200000000000001,16.5,-0.13,-0.13
111859,2386820,59.359868,-1.314575,2.8,-26,1.5294,35.1,-0.61,12.200000000000001,15.8,-0.14,-0.13
111859,2387781,59.352533,-1.333118,2.8,-26,1.5481,35.1,-0.61,12.200000000000001,15.100000000000001,-0.14,-0.13
111859,2388729,59.347008,-1.353938,2.6,-26,1.5387000000000002,35.1,-0.61,12.200000000000001,14.5,-0.14,-0.13
111859,2389702,59.343522,-1.376608,2.7,-25,1.4853,35.1,-0.61,12.200000000000001,14.200000000000001,-0.14,-0.13
111859,2390835,59.344823,-1.404682,2.9,-25,1.5688,35.1,-0.61,12.100000000000001,13.8,-0.14,-0.13
111859,2391789,59.348462,-1.42651,2.8,-24,1.5509000000000002,35.1,-0.61,12.100000000000001,13.5,-0.14,-0.13
111859,2392741,59.357623,-1.437935,2.7,-24,1.5874000000000001,35.1,-0.61,12.,13.5,-0.14,-0.14
111859,2393681,59.368002,-1.442107,2.4,-24,1.6066,35.1,-0.61,12.,13.8,-0.14,-0.14
111859,2394622,59.377532,-1.44442,2.5,-23,1.7247000000000001,35.2,-0.61,11.9,14.100000000000001,-0.14,-0.14
111859,2395568,59.387373,-1.44725,2.3,-23,1.7095,35.2,-0.61,11.9,14.4,-0.14,-0.14
111859,2396512,59.397122,-1.449882,2.2,-23,1.689,35.2,-0.61,11.9,14.600000000000001,-0.14,-0.14
111859,2405139,59.403248,-1.303417,3.1,-26,1.5911000000000002,35.1,-0.61,12.100000000000001,15.700000000000001,-0.14,-0.13
111859,2406090,59.392008,-1.291152,3.,-26,1.5787,35.1,-0.61,12.200000000000001,16.3,-0.14,-0.13
111859,2407019,59.3797,-1.289763,2.9,-26,1.5512000000000001,35.1,-0.61,12.200000000000001,16.5,-0.14,-0.12
111859,2408029,59.368588,-1.304683,2.9,-26,1.5195,35.1,-0.61,12.200000000000001,15.9,-0.14,-0.12
111859,2409021,59.358308,-1.322022,2.8,-26,1.5389000000000002,35.1,-0.61,12.200000000000001,15.100000000000001,-0.15,-0.12
111859,2409951,59.354715,-1.343658,2.7,-26,1.5154,35.1,-0.61,12.200000000000001,14.200000000000001,-0.15,-0.12
111859,2410888,59.35173,-1.365537,2.6,-25,1.5661,35.1,-0.61,12.200000000000001,13.5,-0.15,-0.13
111859,2411836,59.351125,-1.387792,2.8,-25,1.5175,35.1,-0.61,12.200000000000001,13.4,-0.15,-0.13
111859,2412788,59.353157,-1.408987,2.6,-25,1.5810000000000002,35.1,-0.61,12.100000000000001,13.200000000000001,-0.15,-0.13
111859,2413713,59.35978,-1.424267,2.6,-24,1.5843,35.1,-0.61,12.100000000000001,13.100000000000001,-0.15,-0.13
111859,2414698,59.36909,-1.435378,2.5,-24,1.6107,35.1,-0.61,12.,13.3,-0.15,-0.13
111859,2415638,59.378308,-1.436657,2.1,-24,1.6892,35.1,-0.61,12.,13.5,-0.15,-0.13
111859,2416586,59.387665,-1.436873,2.2,-23,1.6728,35.1,-0.61,12.,13.700000000000001,-0.15,-0.14
111859,2417530,59.397677,-1.437342,2.4,-23,1.6553,35.2,-0.61,11.9,13.9,-0.15,-0.14
111859,2418458,59.40787,-1.437988,2.6,-23,1.637,35.2,-0.61,11.9,14.200000000000001,-0.15,-0.14
111859,2419399,59.418138,-1.434765,2.6,-23,1.7905,35.2,-0.61,11.9,14.4,-0.15,-0.14
111859,2420330,59.428427,-1.430367,2.3,-23,1.7523000000000002,35.2,-0.61,11.9,14.600000000000001,-0.15,-0.15
111859,2421277,59.43884,-1.426085,2.6,-23,1.7129,35.2,-0.61,11.8,14.700000000000001,-0.15,-0.15
111859,2422212,59.449332,-1.422042,2.6,-22,1.6725,35.2,-0.61,11.8,14.8,-0.15,-0.15
111859,2422438,59.451927,-1.420985,2.4,-22,1.6624,35.2,-0.61,11.8,14.8,-0.15,-0.15
111859,2423158,59.458712,-1.418342,0.9,-22,1.7955,35.2,-0.61,11.8,14.8,-0.14,-0.15
111859,2424154,59.459435,-1.419952,2.5,-22,1.7931000000000001,35.2,-0.61,11.8,14.9,-0.14,-0.15
111859,2425110,59.471355,-1.412687,2.8,-23,1.8399,35.2,-0.61,11.8,14.8,-0.14,-0.15
111859,2426079,59.48291,-1.406167,3.1,-23,1.8154000000000001,35.2,-0.61,11.8,14.700000000000001,-0.14,-0.15
111859,2427019,59.494173,-1.399073,2.8,-23,1.8006,35.2,-0.61,11.8,14.600000000000001,-0.14,-0.15
111859,2427968,59.505363,-1.391728,2.6,-25,1.8866,35.2,-0.61,11.8,14.5,-0.13,-0.15
111859,2428930,59.516615,-1.38368,2.9,-24,1.8567,35.2,-0.61,11.8,14.3,-0.13,-0.15
111859,2429870,59.526565,-1.377925,1.,-24,1.8296000000000001,35.2,-0.61,11.8,14.3,-0.13,-0.15
111859,2430818,59.538025,-1.372298,2.9,-23,1.9074,35.2,-0.61,11.8,14.600000000000001,-0.13,-0.15
111859,2431818,59.54999,-1.36868,2.5,-23,1.9045,35.2,-0.61,11.8,15.,-0.13,-0.14
111859,2432261,59.555163,-1.366708,2.6,-23,1.8960000000000001,35.2,-0.61,11.8,15.100000000000001,-0.13,-0.14
111859,2432262,59.555163,-1.366708,2.6,-23,1.8960000000000001,35.2,-0.61,11.8,15.100000000000001,-0.13,-0.14
111859,2432738,59.560582,-1.364653,2.8,-23,1.8905,35.2,-0.61,11.8,15.200000000000001,-0.13,-0.14
111859,2433670,59.570678,-1.358502,2.5,-22,1.8874000000000002,35.2,-0.61,11.8,15.4,-0.13,-0.14
111859,2434586,59.578868,-1.346957,2.2,-22,1.9017000000000002,35.2,-0.61,11.9,15.4,-0.13,-0.13
111859,2435538,59.586773,-1.333963,2.3,-25,1.9341000000000002,35.1,-0.61,11.9,15.3,-0.13,-0.13
111859,2436470,59.59475,-1.321687,2.5,-25,1.6314000000000002,35.1,-0.61,12.,15.100000000000001,-0.14,-0.12
111859,2437386,59.601282,-1.31743,1.5,-25,1.6860000000000002,35.1,-0.6,12.,15.,-0.13,-0.12
111859,2438348,59.607833,-1.315622,1.6,-25,1.7285000000000001,35.1,-0.6,12.,15.,-0.13,-0.12
111859,2439268,59.614235,-1.312287,2.4,-25,1.7783,35.1,-0.6,12.,14.9,-0.13,-0.11
111859,2440200,59.624072,-1.310203,2.8,-25,1.8396000000000001,35.1,-0.6,12.,14.9,-0.13,-0.11
111859,2441101,59.633325,-1.308312,3.1,-25,1.5781,35.1,-0.6,12.,14.8,-0.13,-0.11
111859,2442009,59.642247,-1.305468,2.4,-25,1.6133000000000002,35.1,-0.6,12.,14.700000000000001,-0.13,-0.1
111859,2442928,59.65132,-1.300912,2.1,-25,1.6507,35.1,-0.6,12.100000000000001,14.600000000000001,-0.13,-0.1
111859,2443872,59.660318,-1.294993,2.7,-25,1.6915,35.1,-0.6,12.100000000000001,14.4,-0.13,-0.1
111859,2444809,59.669128,-1.283908,2.4,-25,1.5655000000000001,35.1,-0.6,12.100000000000001,14.100000000000001,-0.13,-0.1
111859,2445730,59.677817,-1.272907,2.,-24,1.5953000000000002,35.1,-0.6,12.100000000000001,14.,-0.13,-0.1
111859,2446658,59.686365,-1.260317,2.6,-24,1.6106,35.1,-0.6,12.100000000000001,14.3,-0.13,-0.1
111859,2447578,59.694482,-1.247152,2.3,-26,1.5292000000000001,35.1,-0.6,12.100000000000001,14.600000000000001,-0.12,-0.1
111859,2448578,59.691565,-1.234533,1.3,-26,1.5726,35.1,-0.6,12.100000000000001,14.5,-0.12,-0.11
111859,2449649,59.6954,-1.223612,1.7,-26,1.6137000000000001,35.1,-0.6,12.100000000000001,14.600000000000001,-0.12,-0.11
111859,2450597,59.701572,-1.211295,1.5,-26,1.6527,35.1,-0.6,12.100000000000001,14.8,-0.12,-0.11
111859,2451547,59.706907,-1.20059,1.3,-26,1.5128000000000001,35.1,-0.6,12.100000000000001,15.,-0.11,-0.12
111859,2452488,59.711858,-1.191152,2.1,-26,1.4157,35.1,-0.6,12.100000000000001,15.5,-0.11,-0.12
111859,2453429,59.716835,-1.18201,1.8,-26,1.4309,35.1,-0.6,12.100000000000001,15.9,-0.11,-0.12
111859,2454375,59.721525,-1.174242,0.8,-26,1.4448,35.1,-0.6,12.100000000000001,16.3,-0.1,-0.12
111859,2455338,59.726317,-1.16872,2.,-26,1.456,35.1,-0.6,12.200000000000001,16.6,-0.1,-0.12
111859,2456269,59.732925,-1.163792,1.5,-27,1.2967,35.1,-0.6,12.200000000000001,16.8,-0.1,-0.12
111859,2457209,59.73851,-1.160607,1.1,-27,1.3314000000000001,35.1,-0.6,12.200000000000001,17.,-0.1,-0.12
111859,2458190,59.743218,-1.156988,1.6,-27,1.3629,35.1,-0.6,12.200000000000001,17.2,-0.09,-0.12
111859,2459159,59.748998,-1.151033,1.,-27,1.4057000000000002,35.1,-0.6,12.200000000000001,17.400000000000002,-0.09,-0.12
111859,2460135,59.754295,-1.146868,0.9,-28,1.2645,35.1,-0.6,12.200000000000001,17.6,-0.09,-0.12
111859,2461153,59.760178,-1.142957,1.1,-27,1.2696,35.1,-0.6,12.200000000000001,17.7,-0.09,-0.12
111859,2461249,59.761837,-1.141875,0.7,-27,1.2721,35.1,-0.6,12.200000000000001,17.8,-0.09,-0.12
111859,2462097,59.765585,-1.12361,5.2,-27,1.4972,35.1,-0.6,12.200000000000001,18.1,-0.08,-0.12
111859,2463005,59.771372,-1.085113,5.2,-27,1.1387,35.1,-0.6,12.200000000000001,18.1,-0.09,-0.13
111859,2463949,59.771635,-1.062228,2.,-28,1.359,35.1,-0.6,12.3,18.,-0.09,-0.14
111859,2464878,59.77623,-1.048693,2.2,-28,1.1768,35.1,-0.6,12.3,17.900000000000002,-0.09,-0.14
111859,2465827,59.78102,-1.032563,2.5,-29,1.5356,35.1,-0.6,12.3,17.900000000000002,-0.09,-0.14
111859,2466790,59.785408,-1.015018,2.4,-29,1.2886,35.1,-0.6,12.3,17.7,-0.09,-0.15
111859,2467698,59.788882,-0.997412,2.4,-29,1.5985,35.1,-0.6,12.3,17.6,-0.09,-0.15
111859,2468626,59.793558,-0.979558,2.2,-29,1.6919000000000002,35.1,-0.61,12.3,17.6,-0.09,-0.16
111859,2469570,59.799413,-0.964218,2.3,-29,1.6446,35.1,-0.61,12.3,17.6,-0.09,-0.16
111859,2470496,59.805595,-0.94894,2.5,-29,1.7882,35.1,-0.61,12.3,17.5,-0.09,-0.16
111859,2471440,59.809887,-0.929522,2.5,-30,1.7066000000000001,35.1,-0.61,12.3,17.3,-0.09,-0.16
111859,2472370,59.81597,-0.912697,2.6,-30,1.8471000000000002,35.1,-0.61,12.4,17.1,-0.09,-0.16
111859,2473278,59.824863,-0.90273,2.5,-30,1.8027000000000002,35.1,-0.61,12.4,16.900000000000002,-0.09,-0.16
111859,2474219,59.835173,-0.898538,2.6,-30,1.721,35.1,-0.61,12.4,16.8,-0.09,-0.16
111859,2475159,59.845818,-0.893395,2.3,-30,1.8045,35.1,-0.61,12.4,16.8,-0.09,-0.16
111859,2476087,59.856045,-0.887975,2.5,-30,1.8565,35.1,-0.61,12.3,17.,-0.09,-0.16
111859,2477037,59.86634,-0.88001,2.8,-30,1.8721,35.1,-0.61,12.3,17.2,-0.08,-0.16
111859,2477989,59.876402,-0.869413,2.6,-30,1.1941000000000002,35.1,-0.61,12.3,17.1,-0.08,-0.16
111859,2478967,59.887035,-0.861298,2.7,-30,1.2855,35.1,-0.61,12.3,17.2,-0.08,-0.15
111859,2479911,59.895905,-0.848032,2.6,-30,1.4219000000000002,35.1,-0.61,12.3,16.900000000000002,-0.08,-0.15
111859,2480897,59.904687,-0.832702,2.9,-30,1.1455,35.1,-0.61,12.3,16.5,-0.08,-0.15
111859,2481798,59.91463,-0.826455,2.7,-30,1.207,35.1,-0.61,12.3,16.400000000000002,-0.07,-0.15
111859,2482738,59.925305,-0.825672,2.,-29,1.1954,35.1,-0.61,12.3,16.6,-0.07,-0.14
111859,2483678,59.935947,-0.826302,2.7,-29,1.1965000000000001,35.1,-0.61,12.3,17.,-0.07,-0.14
111859,2484629,59.946722,-0.827668,2.1,-29,1.1987,35.1,-0.61,12.200000000000001,17.400000000000002,-0.08,-0.14
111859,2485624,59.955373,-0.82922,1.4,-29,1.2012,35.1,-0.61,12.200000000000001,17.7,-0.08,-0.14
111859,2486586,59.953225,-0.825203,1.,-29,1.1945000000000001,35.1,-0.61,12.200000000000001,17.5,-0.07,-0.14
111859,2487507,59.951457,-0.816002,1.3,-29,1.1791,35.1,-0.61,12.200000000000001,17.3,-0.07,-0.14
111859,2488434,59.949087,-0.806792,1.,-29,1.1636,35.1,-0.61,12.3,16.900000000000002,-0.07,-0.14
111859,2489345,59.944847,-0.805405,1.2,-30,1.161,35.1,-0.61,12.3,16.8,-0.07,-0.14
111859,2490325,59.943762,-0.811503,2.3,-29,1.1713,35.1,-0.61,12.3,16.900000000000002,-0.07,-0.14
111859,2491234,59.951672,-0.828158,2.5,-29,1.1995,35.1,-0.61,12.200000000000001,17.7,-0.07,-0.14
111859,2492187,59.956595,-0.830727,6.9,-29,1.2037,35.1,-0.61,12.200000000000001,17.900000000000002,-0.07,-0.14
111859,2493089,59.950713,-0.773845,7.1,-30,1.1686,35.1,-0.61,12.3,16.8,-0.06,-0.14
111859,2494036,59.94876,-0.72676,3.6,-30,1.115,35.1,-0.61,12.4,16.5,-0.06,-0.13
111859,2494977,59.9561,-0.7089,2.3,-30,1.0705,35.1,-0.61,12.4,16.7,-0.06,-0.13
111859,2495918,59.963597,-0.697095,2.3,-30,1.2082000000000002,35.1,-0.61,12.4,17.,-0.05,-0.13
111859,2496918,59.971027,-0.684435,2.1,-31,1.2466000000000002,35.1,-0.61,12.4,17.2,-0.05,-0.12
111859,2497861,59.977558,-0.671133,2.2,-31,1.2688000000000001,35.1,-0.61,12.4,17.400000000000002,-0.05,-0.12
111859,2498788,59.984422,-0.659157,2.6,-30,1.4231,35.1,-0.61,12.4,17.6,-0.04,-0.12
111859,2499718,59.991237,-0.64581,2.2,-30,1.3445,35.1,-0.61,12.4,17.8,-0.04,-0.11
111859,2500663,59.99806,-0.632307,2.5,-30,1.3435000000000001,35.1,-0.61,12.4,17.900000000000002,-0.04,-0.11
111859,2501640,60.00514,-0.618155,2.1,-29,2.1333,35.1,-0.61,12.4,17.8,-0.04,-0.11
111859,2502597,60.012098,-0.60411,2.5,-30,2.0406,35.1,-0.61,12.4,17.6,-0.03,-0.11
111859,2503530,60.019248,-0.590765,2.7,-30,1.9513,35.1,-0.61,12.4,17.5,-0.03,-0.11
111859,2504478,60.024083,-0.573245,2.6,-29,2.1033,35.1,-0.61,12.4,17.3,-0.03,-0.1
111859,2505402,60.02353,-0.551733,2.6,-30,2.2168,35.1,-0.61,12.4,17.1,-0.03,-0.11
111859,2506326,60.02112,-0.530868,2.5,-30,2.1078,35.1,-0.61,12.4,17.,-0.02,-0.11
111859,2508188,60.002087,-0.50931,3.1,-30,2.5561000000000003,35.1,-0.61,12.5,16.6,-0.02,-0.12
111859,2509180,59.98966,-0.507533,2.6,-31,2.2354000000000003,35.1,-0.61,12.5,16.3,-0.02,-0.12
111859,2510113,59.978068,-0.506645,2.8,-31,2.1346000000000003,35.1,-0.61,12.5,16.,-0.03,-0.13
111859,2511049,59.967142,-0.51279,2.7,-31,2.1741,35.1,-0.61,12.5,15.8,-0.03,-0.13
111859,2511277,59.96456,-0.514518,2.6,-31,2.1934,35.1,-0.61,12.5,15.8,-0.03,-0.13
111859,2511969,59.957493,-0.523058,2.7,-31,1.9883000000000002,35.1,-0.61,12.5,15.700000000000001,-0.03,-0.13
111859,2512883,59.953105,-0.542952,2.8,-31,1.7605000000000002,35.1,-0.61,12.5,15.700000000000001,-0.03,-0.13
111859,2513819,59.952692,-0.56521,2.6,-30,2.0005,35.1,-0.61,12.5,15.8,-0.03,-0.13
111859,2514736,59.95655,-0.58572,2.6,-31,1.9845000000000002,35.1,-0.61,12.4,16.1,-0.04,-0.12
111859,2515678,59.964833,-0.600338,2.4,-31,2.0003,35.1,-0.61,12.4,16.5,-0.03,-0.12
111859,2516616,59.973718,-0.607357,0.5,-31,1.8988,35.1,-0.61,12.4,16.900000000000002,-0.03,-0.12
111859,2517528,59.976108,-0.611693,3.4,-31,1.8846,35.1,-0.61,12.4,17.,-0.03,-0.11
111859,2518497,59.983427,-0.60925,2.1,-31,1.8266,35.1,-0.61,12.4,17.3,-0.03,-0.11
111859,2519409,59.979282,-0.602927,0.6,-31,1.8399,35.1,-0.61,12.4,17.1,-0.03,-0.11
111859,2520317,59.968422,-0.596308,2.5,-31,1.9676,35.1,-0.61,12.4,16.6,-0.03,-0.12
111859,2521281,59.958447,-0.5905,2.3,-31,2.1416,35.1,-0.61,12.4,16.3,-0.03,-0.12
111859,2522217,59.948628,-0.584752,2.4,-31,1.9518000000000002,35.1,-0.61,12.5,16.,-0.03,-0.13
111859,2523169,59.938093,-0.58331,2.4,-30,2.204,35.1,-0.61,12.5,15.700000000000001,-0.04,-0.13
111859,2524119,59.927752,-0.581037,2.3,-30,2.184,35.1,-0.61,12.5,15.4,-0.04,-0.13
111859,2525040,59.917663,-0.57884,2.3,-31,2.1638,35.1,-0.61,12.5,15.200000000000001,-0.04,-0.14
111859,2525999,59.906962,-0.576463,2.3,-31,1.7014,35.1,-0.61,12.5,15.3,-0.05,-0.14
111859,2526923,59.896453,-0.574542,2.9,-31,1.663,35.1,-0.61,12.5,15.4,-0.05,-0.14
111859,2527855,59.885827,-0.572238,2.5,-31,1.6101,35.1,-0.61,12.5,15.5,-0.06,-0.14
111859,2528808,59.874652,-0.56929,2.6,-31,1.3958000000000002,35.1,-0.61,12.5,15.600000000000001,-0.07,-0.14
111859,2529733,59.863713,-0.566697,2.8,-31,1.2917,35.1,-0.61,12.5,15.700000000000001,-0.07,-0.14
111859,2530650,59.854318,-0.577002,2.4,-31,1.3144,35.1,-0.61,12.5,15.9,-0.08,-0.15
111859,2531598,59.845737,-0.589875,2.6,-31,1.1761000000000001,35.1,-0.61,12.5,16.1,-0.09,-0.15
111859,2532580,59.841927,-0.610385,2.4,-31,1.4083,35.1,-0.61,12.5,16.400000000000002,-0.09,-0.15
111859,2533528,59.837958,-0.629585,2.5,-31,1.2931000000000001,35.1,-0.61,12.5,16.8,-0.09,-0.15
111859,2534470,59.83662,-0.649707,2.5,-31,1.469,35.1,-0.61,12.5,17.1,-0.09,-0.15
111859,2535408,59.838758,-0.668618,2.3,-32,1.4033,35.1,-0.61,12.5,17.400000000000002,-0.08,-0.15
111859,2536351,59.845293,-0.682905,2.3,-32,1.6213000000000002,35.1,-0.61,12.5,17.5,-0.08,-0.15
111859,2537299,59.850785,-0.69811,2.1,-31,1.7787000000000002,35.1,-0.61,12.5,17.6,-0.07,-0.15
111859,2538256,59.85402,-0.715953,2.4,-31,1.9080000000000001,35.1,-0.61,12.5,17.8,-0.07,-0.15
111859,2539188,59.853337,-0.735707,2.1,-31,1.8946,35.1,-0.61,12.4,17.6,-0.07,-0.15
111859,2540130,59.853797,-0.755808,2.4,-31,2.0598,35.1,-0.61,12.4,17.2,-0.07,-0.15
111859,2541078,59.854075,-0.776405,2.4,-31,1.9677,35.1,-0.61,12.4,16.900000000000002,-0.06,-0.15
111859,2543027,59.859952,-0.810198,6.5,-31,1.9688,35.1,-0.6,12.4,16.8,-0.06,-0.15
111859,2543931,59.880738,-0.842765,6.8,-30,1.4522000000000002,35.1,-0.6,12.3,18.2,-0.05,-0.14
111859,2544851,59.902722,-0.875233,6.8,-30,1.8917000000000002,35.1,-0.6,12.200000000000001,20.1,-0.05,-0.13
111859,2545811,59.92627,-0.909668,6.3,-29,1.1880000000000002,35.2,-0.6,12.200000000000001,20.6,-0.05,-0.12
111859,2546720,59.948223,-0.941465,6.5,-28,1.2704,35.2,-0.6,12.100000000000001,20.1,-0.05,-0.1
111859,2547631,59.970597,-0.973327,6.7,-27,1.3053000000000001,35.2,-0.6,12.,20.1,-0.06,-0.09
111859,2548547,59.994895,-1.007547,7.4,-25,1.5128000000000001,35.2,-0.6,11.8,20.6,-0.06,-0.08
111859,2549467,60.020422,-1.041657,7.4,-23,1.3981000000000001,35.2,-0.6,11.700000000000001,20.,-0.05,-0.06
111859,2550377,60.0464,-1.074372,7.3,-19,2.0603000000000002,35.2,-0.6,11.8,18.7,-0.04,-0.06
111859,2551290,60.074057,-1.102877,7.7,-11,3.7577000000000003,35.2,-0.59,11.9,16.5,-0.03,-0.05
111859,2552198,60.104242,-1.126052,7.7,-7,4.5803,35.2,-0.59,11.9,15.9,-0.03,-0.05
111859,2553118,60.136918,-1.132752,8.,-8,1.3902,35.2,-0.59,11.9,15.9,-0.03,-0.05
111859,2554019,60.157077,-1.143883,0.,-11,1.3902,35.2,-0.59,11.9,15.9,-0.03,-0.05
111859,2554980,60.15707,-1.143842,0.,-11,1.3902,35.2,-0.59,11.9,15.9,-0.03,-0.05
111859,2556829,60.157037,-1.143872,0.,-11,1.3902,35.2,-0.59,11.9,15.9,-0.02,-0.05
111859,2557788,60.157028,-1.143873,0.,-11,1.3902,35.2,-0.59,11.9,15.8,-0.02,-0.05
111859,2558747,60.157022,-1.143873,0.,-11,1.3902,35.2,-0.59,11.9,15.8,-0.02,-0.05
111859,2559679,60.157018,-1.14388,0.1,-11,1.3902,35.2,-0.59,11.9,15.8,-0.02,-0.05
111859,2560627,60.157042,-1.143867,0.,-11,1.3902,35.2,-0.59,11.9,15.8,-0.02,-0.05
111859,2561580,60.15703,-1.143857,0.,-11,1.3902,35.2,-0.59,11.9,15.8,-0.02,-0.05
111859,2562540,60.15677,-1.143655,0.8,-11,1.3902,35.2,-0.59,11.9,15.8,-0.02,-0.05
111859,2563501,60.156598,-1.143527,0.,-11,1.3902,35.2,-0.59,11.9,15.8,-0.02,-0.05
111859,2564449,60.156598,-1.143545,0.,-11,1.3902,35.2,-0.59,11.9,15.8,-0.02,-0.05
111859,2565398,60.156588,-1.143553,0.,-11,1.3902,35.2,-0.59,11.9,15.8,-0.02,-0.05
111859,2566371,60.156598,-1.143535,0.,-11,1.3902,35.2,-0.59,11.9,15.8,-0.02,-0.05
111859,2568229,60.156598,-1.143552,0.,-11,1.3902,35.2,-0.59,11.9,15.8,-0.02,-0.05
111859,2569169,60.156585,-1.143563,0.,-11,1.3902,35.2,-0.59,11.9,15.8,-0.02,-0.05
111859,2570145,60.156602,-1.14352,0.,-11,1.3902,35.2,-0.59,11.9,15.700000000000001,-0.02,-0.05
111859,2571109,60.156612,-1.143518,0.,-11,1.3902,35.2,-0.59,11.9,15.700000000000001,-0.02,-0.05
111859,2572057,60.156603,-1.143567,0.,-11,1.3902,35.2,-0.59,11.9,15.700000000000001,-0.02,-0.05
111859,2573027,60.156625,-1.143533,0.,-11,1.3902,35.2,-0.59,11.9,15.700000000000001,-0.02,-0.05
111859,2573958,60.156615,-1.143523,0.,-11,1.3902,35.2,-0.59,11.9,15.700000000000001,-0.02,-0.05
111859,2574880,60.156617,-1.14354,0.,-11,1.3902,35.2,-0.59,11.9,15.700000000000001,-0.02,-0.05
111859,2575840,60.156615,-1.143532,0.,-11,1.3902,35.2,-0.59,11.9,15.700000000000001,-0.02,-0.05
111859,2576768,60.156625,-1.143565,0.,-11,1.3902,35.2,-0.59,11.9,15.700000000000001,-0.02,-0.05
111859,2577736,60.156608,-1.143557,0.,-11,1.3902,35.2,-0.59,11.9,15.700000000000001,-0.02,-0.05
111859,2578692,60.156605,-1.14353,0.,-11,1.3902,35.2,-0.59,11.9,15.700000000000001,-0.02,-0.05
111859,2579601,60.15661,-1.143545,0.,-11,1.3902,35.2,-0.59,11.9,15.700000000000001,-0.02,-0.05
111859,2580527,60.156637,-1.143537,0.,-11,1.3902,35.2,-0.59,11.9,15.700000000000001,-0.02,-0.05
111859,2581484,60.156622,-1.143528,0.,-11,1.3902,35.2,-0.59,11.9,15.700000000000001,-0.02,-0.05
111859,2582428,60.15662,-1.143543,0.,-11,1.3902,35.2,-0.59,11.9,15.600000000000001,-0.02,-0.05
111859,2583360,60.156612,-1.143547,0.,-11,1.3902,35.2,-0.59,11.9,15.600000000000001,-0.02,-0.05
111859,2584288,60.156608,-1.143588,0.,-11,1.3902,35.2,-0.59,11.9,15.600000000000001,-0.02,-0.04
111859,2585208,60.156635,-1.143552,0.,-11,1.3902,35.2,-0.59,11.9,15.600000000000001,-0.02,-0.04
111859,2586160,60.15661,-1.143523,0.,-11,1.3902,35.2,-0.59,11.9,15.600000000000001,-0.02,-0.04
111859,2587108,60.156507,-1.143568,0.,-11,1.3902,35.2,-0.59,11.9,15.600000000000001,-0.02,-0.04
111859,2588052,60.156613,-1.143523,0.,-11,1.3902,35.2,-0.59,11.9,15.600000000000001,-0.02,-0.04
111859,2588964,60.15659,-1.14352,0.,-11,1.3902,35.2,-0.59,11.9,15.600000000000001,-0.02,-0.04
111859,2589891,60.156592,-1.143577,0.,-11,1.3902,35.2,-0.59,11.9,15.600000000000001,-0.02,-0.04
111859,2590793,60.156628,-1.143533,0.,-11,1.3902,35.2,-0.59,11.9,15.600000000000001,-0.02,-0.04
111859,2591729,60.156615,-1.143517,0.,-11,1.3902,35.2,-0.59,11.9,15.600000000000001,-0.02,-0.04
111859,2592681,60.15661,-1.14352,0.,-11,1.3902,35.2,-0.59,11.9,15.600000000000001,-0.02,-0.04
111859,2593614,60.1566,-1.14351,0.,-11,1.3902,35.2,-0.59,11.9,15.600000000000001,-0.02,-0.04
111859,2594550,60.156612,-1.143523,0.,-11,1.3902,35.2,-0.59,11.9,15.5,-0.02,-0.04
111859,2596430,60.1566,-1.143533,0.,-11,1.3902,35.2,-0.59,11.9,15.5,-0.02,-0.04
111859,2597427,60.156605,-1.143528,0.,-11,1.3902,35.2,-0.59,11.9,15.5,-0.02,-0.04
111859,2598349,60.156607,-1.143533,0.,-11,1.3902,35.2,-0.59,11.9,15.5,-0.02,-0.04
111859,2599301,60.156607,-1.143523,0.,-11,1.3902,35.2,-0.59,11.9,15.5,-0.02,-0.04
111859,2600257,60.15659,-1.143572,0.,-11,1.3902,35.2,-0.59,11.9,15.5,-0.02,-0.04
111859,2601199,60.156608,-1.143555,0.,-11,1.3902,35.2,-0.59,11.9,15.5,-0.02,-0.04
111859,2602136,60.156605,-1.143525,0.,-11,1.3902,35.2,-0.59,11.9,15.5,-0.02,-0.04
111859,2603053,60.156587,-1.143532,0.,-11,1.3902,35.2,-0.59,11.9,15.5,-0.02,-0.04
111859,2603968,60.156602,-1.143542,0.,-11,1.3902,35.2,-0.59,11.9,15.5,-0.02,-0.04
111859,2604917,60.156593,-1.143535,0.,-11,1.3902,35.2,-0.59,11.9,15.5,-0.02,-0.04
111859,2605869,60.156608,-1.14354,0.,-11,1.3902,35.2,-0.59,11.9,15.5,-0.02,-0.04
111859,2606818,60.156577,-1.143522,0.,-11,1.3902,35.2,-0.59,11.9,15.4,-0.02,-0.04
111859,2607778,60.156608,-1.143528,0.,-11,1.3902,35.2,-0.59,11.9,15.4,-0.02,-0.04
111859,2608742,60.156643,-1.143575,0.,-11,1.3902,35.2,-0.59,11.9,15.4,-0.02,-0.04
111859,2609690,60.156648,-1.143572,0.,-11,1.3902,35.2,-0.59,11.9,15.4,-0.02,-0.04
111859,2610687,60.156615,-1.143518,0.,-11,1.3902,35.2,-0.59,11.9,15.4,-0.02,-0.04
111859,2611600,60.156607,-1.143522,0.,-11,1.3902,35.2,-0.59,11.9,15.4,-0.02,-0.04
111859,2612501,60.156598,-1.143527,0.,-11,1.3902,35.2,-0.59,11.9,15.4,-0.02,-0.04
111859,2613458,60.156602,-1.143528,0.,-11,1.3902,35.2,-0.59,11.9,15.4,-0.02,-0.04
111859,2615378,60.156612,-1.143543,0.,-11,1.3902,35.2,-0.59,11.9,15.4,-0.02,-0.04
111859,2616331,60.15661,-1.143523,0.,-11,1.3902,35.2,-0.59,11.9,15.4,-0.02,-0.04
111859,2617281,60.156597,-1.143527,0.,-11,1.3902,35.2,-0.59,11.9,15.4,-0.02,-0.04
111859,2618237,60.156605,-1.143545,0.,-11,1.3902,35.2,-0.59,11.9,15.4,-0.01,-0.04
111859,2619171,60.156602,-1.143577,0.,-11,1.3902,35.2,-0.59,11.9,15.3,-0.01,-0.04
111859,2620111,60.156632,-1.14351,0.,-11,1.3902,35.2,-0.59,11.9,15.3,-0.01,-0.04
111859,2621059,60.15661,-1.143497,0.,-11,1.3902,35.2,-0.59,11.9,15.3,-0.01,-0.04
111859,2622007,60.156618,-1.143587,0.,-11,1.3902,35.2,-0.59,11.9,15.3,-0.01,-0.04
111859,2622960,60.156603,-1.143567,0.,-11,1.3902,35.2,-0.59,11.9,15.3,-0.01,-0.03
111859,2623900,60.15661,-1.143515,0.,-11,1.3902,35.2,-0.59,11.9,15.3,-0.01,-0.03
111859,2624849,60.15661,-1.143517,0.,-11,1.3902,35.2,-0.59,11.9,15.3,-0.01,-0.03
111859,2625750,60.156633,-1.143518,0.,-11,1.3902,35.2,-0.59,11.9,15.3,-0.01,-0.03
111859,2626678,60.156613,-1.143552,0.,-11,1.3902,35.2,-0.59,11.9,15.3,-0.01,-0.03
111859,2627641,60.156608,-1.143495,0.,-11,1.3902,35.2,-0.59,11.9,15.3,-0.01,-0.03
111859,2628580,60.156608,-1.143542,0.,-11,1.3902,35.2,-0.59,11.9,15.3,-0.01,-0.03
111859,2629542,60.156595,-1.14351,0.,-11,1.3902,35.2,-0.59,11.9,15.3,-0.01,-0.03
111859,2630457,60.160633,-1.145967,4.5,-12,1.3902,-99999.,-99999.,-99999.,-99999.,-99999.,-99999.
111859,2631420,60.16409,-1.158753,0.,-14,1.3902,-99999.,-99999.,-99999.,-99999.,-99999.,-99999.
111859,2632408,60.164078,-1.158787,0.,-14,1.3902,-99999.,-99999.,-99999.,-99999.,-99999.,-99999.
111859,2633391,60.164067,-1.158747,0.1,-14,1.3902,-99999.,-99999.,-99999.,-99999.,-99999.,-99999.
111859,2634357,60.159755,-1.153533,0.,-13,1.3902,35.2,-0.59,11.9,15.200000000000001,-0.01,-0.03
111859,2635301,60.159778,-1.153508,0.3,-13,1.3902,35.2,-0.59,11.9,15.200000000000001,-0.01,-0.03
111859,2636220,60.186303,-1.138765,8.,-3,-99999,-99999.,-99999.,-99999.,-99999.,-99999.,-99999.
111859,2637150,60.205213,-1.079745,8.2,-4,-99999,-99999.,-99999.,-99999.,-99999.,-99999.,-99999.
111859,2638068,60.226128,-1.026708,7.6,-5,3.1270000000000002,35.2,-0.59,11.600000000000001,28.,-0.02,-0.04
111859,2638987,60.24901,-0.981548,7.6,-8,1.9478000000000002,35.2,-0.59,11.600000000000001,27.700000000000003,-0.02,-0.03
111859,2639898,60.27332,-0.938053,7.7,-9,1.3991,35.2,-0.59,11.600000000000001,27.3,-0.02,-0.03
111859,2640821,60.299043,-0.897753,7.7,-11,1.0116,35.2,-0.59,11.600000000000001,26.5,-0.03,-0.03
111859,2641726,60.324455,-0.854238,8.1,-12,1.0303,35.2,-0.59,11.600000000000001,19.5,-0.01,-0.03
111859,2642639,60.352323,-0.819045,7.6,-24,1.0148000000000001,35.2,-0.59,11.600000000000001,19.6,-0.01,-0.03
111859,2643548,60.381283,-0.788403,8.3,-22,0.8802000000000001,35.2,-0.59,11.700000000000001,18.5,-0.01,-0.04
111859,2644449,60.40936,-0.739172,9.3,-25,0.9184,35.2,-0.59,11.700000000000001,17.7,0.,-0.04
111859,2645359,60.42242,-0.745577,6.1,-26,0.9183,35.2,-0.59,11.600000000000001,18.6,-0.01,-0.04
111859,2646321,60.422307,-0.75134,0.,-24,0.8647,35.2,-0.59,11.600000000000001,18.7,-0.01,-0.04
111859,2647258,60.422295,-0.751343,0.,-24,0.8647,35.2,-0.59,11.600000000000001,18.7,-0.01,-0.04
111859,2648210,60.422297,-0.751335,0.,-24,0.8647,35.2,-0.59,11.600000000000001,18.7,-0.01,-0.04
111859,2649138,60.422297,-0.751325,0.,-24,0.8647,35.2,-0.59,11.600000000000001,18.7,-0.01,-0.04
111859,2650080,60.42227,-0.751318,0.,-24,0.8647,35.2,-0.59,11.600000000000001,18.7,-0.01,-0.04
111859,2651019,60.422282,-0.751312,0.,-24,0.8647,35.2,-0.59,11.600000000000001,18.7,-0.01,-0.04
111859,2651959,60.422305,-0.75133,0.,-24,0.8647,35.2,-0.59,11.600000000000001,18.7,-0.01,-0.03
111859,2652917,60.422317,-0.751298,0.,-24,0.8646,35.2,-0.59,11.600000000000001,18.7,-0.01,-0.03
111859,2653881,60.4223,-0.751355,0.,-24,0.8647,35.2,-0.59,11.600000000000001,18.7,-0.01,-0.03
111859,2654829,60.422288,-0.751355,0.,-24,0.8647,35.2,-0.59,11.600000000000001,18.7,-0.01,-0.03
111859,2655769,60.422308,-0.751322,0.,-24,0.8647,35.2,-0.59,11.600000000000001,18.7,-0.01,-0.03
111859,2657650,60.422327,-0.751318,0.,-24,0.8647,35.2,-0.59,11.600000000000001,18.7,-0.01,-0.03
111859,2658596,60.422315,-0.751362,0.,-24,0.8647,35.2,-0.59,11.600000000000001,18.7,-0.01,-0.03
111859,2659548,60.422307,-0.751332,0.,-24,0.8647,35.2,-0.59,11.600000000000001,18.7,-0.01,-0.03
111859,2660498,60.422302,-0.75133,0.,-24,0.8647,35.2,-0.59,11.600000000000001,18.7,-0.01,-0.03
111859,2661466,60.422312,-0.751347,0.,-24,0.8647,35.2,-0.59,11.600000000000001,18.7,-0.01,-0.03
111859,2662420,60.422312,-0.75132,0.,-24,0.8647,35.2,-0.59,11.600000000000001,18.8,-0.01,-0.03
111859,2663360,60.422308,-0.751318,0.,-24,0.8647,35.2,-0.59,11.600000000000001,18.8,-0.01,-0.03
111859,2664298,60.42231,-0.751313,0.,-24,0.8647,35.2,-0.59,11.600000000000001,18.8,-0.01,-0.03
111859,2665250,60.422302,-0.751333,0.,-24,0.8647,35.2,-0.59,11.600000000000001,18.8,0.,-0.03
111859,2666208,60.42232,-0.751308,0.,-24,0.8647,35.2,-0.59,11.600000000000001,18.8,0.,-0.03
111859,2667139,60.42232,-0.751323,0.,-24,0.8647,35.2,-0.59,11.600000000000001,18.8,0.,-0.03
111859,2668089,60.422315,-0.751333,0.,-24,0.8647,35.2,-0.59,11.600000000000001,18.8,0.,-0.03
111859,2669028,60.422302,-0.751333,0.,-24,0.8647,35.2,-0.59,11.600000000000001,18.8,0.,-0.03
111859,2669996,60.422307,-0.751335,0.,-24,0.8647,35.2,-0.59,11.600000000000001,18.8,0.,-0.03
111859,2670930,60.422315,-0.751335,0.,-24,0.8647,35.2,-0.59,11.600000000000001,18.8,0.,-0.03
111859,2671881,60.42231,-0.751305,0.,-24,0.8647,35.2,-0.59,11.600000000000001,18.8,0.,-0.03
111859,2672830,60.422297,-0.751328,0.,-24,0.8647,35.2,-0.59,11.600000000000001,18.8,0.,-0.03
111859,2673767,60.422315,-0.751333,0.,-24,0.8647,35.2,-0.59,11.600000000000001,18.8,0.,-0.03
111859,2674707,60.422302,-0.75131,0.,-24,0.8647,35.2,-0.59,11.600000000000001,18.8,0.,-0.03
111859,2675659,60.422293,-0.75132,0.,-24,0.8647,35.2,-0.59,11.600000000000001,18.8,0.,-0.03
111859,2676598,60.422307,-0.7513,0.,-24,0.8646,35.2,-0.59,11.600000000000001,18.8,0.,-0.03
111859,2677539,60.422307,-0.751332,0.,-24,0.8647,35.2,-0.59,11.600000000000001,18.8,0.,-0.03
111859,2677898,60.421667,-0.75,0.,-26,1.3303,35.2,-0.59,11.600000000000001,18.8,0.,-0.03
111859,2678486,60.422302,-0.751332,0.,-24,0.9880000000000001,35.2,-0.59,11.600000000000001,18.8,0.,-0.03
111859,2679430,60.422302,-0.751317,0.,-24,0.9879,35.2,-0.59,11.600000000000001,18.8,0.,-0.02
111859,2679876,60.421667,-0.75,0.,-26,1.3303,35.2,-0.59,11.600000000000001,18.8,0.,-0.03
111859,2680056,60.421667,-0.75,0.,-26,1.3303,35.2,-0.59,11.600000000000001,18.8,0.,-0.03
111859,2680371,60.422282,-0.751327,0.,-24,0.9880000000000001,35.2,-0.59,11.600000000000001,18.8,0.,-0.02
111859,2681288,60.422307,-0.751337,0.,-24,0.9880000000000001,35.2,-0.59,11.600000000000001,18.900000000000002,0.,-0.02
111859,2682228,60.422302,-0.751325,0.,-24,0.9879,35.2,-0.59,11.600000000000001,18.900000000000002,0.,-0.02
111859,2683171,60.422298,-0.75133,0.,-24,0.9880000000000001,35.2,-0.59,11.600000000000001,18.900000000000002,0.,-0.02
111859,2683298,60.421667,-0.75,0.,-26,1.3303,35.2,-0.59,11.600000000000001,18.8,0.,-0.02
111859,2683479,60.421667,-0.75,0.,-26,1.3303,35.2,-0.59,11.600000000000001,18.8,0.,-0.02
111859,2684119,60.422292,-0.751325,0.,-24,0.9879,35.2,-0.59,11.600000000000001,18.900000000000002,0.,-0.02
111859,2685058,60.422303,-0.751325,0.,-24,0.9879,35.2,-0.59,11.600000000000001,18.900000000000002,0.,-0.02
111859,2685637,60.421667,-0.75,0.,-26,1.3303,35.2,-0.59,11.600000000000001,18.8,0.,-0.02
111859,2685817,60.421667,-0.75,0.,-26,1.3303,35.2,-0.59,11.600000000000001,18.8,0.,-0.02
111859,2685997,60.421667,-0.75,0.,-26,1.3303,35.2,-0.59,11.600000000000001,18.8,0.,-0.02
111859,2686010,60.422337,-0.751285,0.,-24,0.9876,35.2,-0.59,11.600000000000001,18.900000000000002,0.,-0.02
111859,2686958,60.422297,-0.75133,0.,-24,0.9880000000000001,35.2,-0.59,11.600000000000001,18.900000000000002,0.,-0.02
111859,2687920,60.422288,-0.751332,0.,-24,0.9880000000000001,35.2,-0.59,11.600000000000001,18.900000000000002,0.,-0.02
111859,2688881,60.422288,-0.751332,0.,-24,0.9880000000000001,35.2,-0.59,11.600000000000001,18.900000000000002,0.,-0.02
111859,2689837,60.422292,-0.75132,0.,-24,0.9879,35.2,-0.59,11.600000000000001,18.900000000000002,0.,-0.02
111859,2690777,60.422285,-0.75133,0.,-24,0.9880000000000001,35.2,-0.59,11.600000000000001,18.900000000000002,0.,-0.02
111859,2691563,60.422297,-0.751325,0.,-24,0.9879,35.2,-0.59,11.600000000000001,18.900000000000002,0.,-0.02
111859,2691564,60.422297,-0.751325,0.,-24,0.9879,35.2,-0.59,11.600000000000001,18.900000000000002,0.,-0.02
111859,2691575,60.421667,-0.75,0.,-26,1.3303,35.2,-0.59,11.600000000000001,18.8,0.,-0.02
111859,2691729,60.422308,-0.751318,0.,-24,0.9879,35.2,-0.59,11.600000000000001,18.900000000000002,0.,-0.02
111859,2692829,60.422282,-0.75134,0.,-24,0.9880000000000001,35.2,-0.59,11.600000000000001,18.900000000000002,0.,-0.02
111859,2693777,60.422285,-0.751323,0.,-24,0.9879,35.2,-0.59,11.600000000000001,18.900000000000002,0.,-0.02
111859,2694721,60.42231,-0.751352,0.,-24,0.9880000000000001,35.2,-0.59,11.600000000000001,18.900000000000002,0.,-0.02
111859,2695657,60.422305,-0.751343,0.,-24,0.9880000000000001,35.2,-0.59,11.600000000000001,18.900000000000002,0.,-0.02
111859,2696619,60.422303,-0.751358,0.,-24,0.9881000000000001,35.2,-0.59,11.600000000000001,18.900000000000002,0.,-0.02
111859,2698499,60.422297,-0.751345,0.,-24,0.9880000000000001,35.2,-0.59,11.600000000000001,18.900000000000002,0.,-0.02
111859,2699449,60.422288,-0.751325,0.,-24,0.9880000000000001,35.2,-0.59,11.600000000000001,18.900000000000002,0.,-0.02
111859,2700391,60.422293,-0.751325,0.,-24,0.9879,35.2,-0.59,11.600000000000001,19.,0.,-0.02
111859,2701337,60.422318,-0.751332,0.,-24,0.9879,35.2,-0.59,11.600000000000001,19.,0.,-0.02
111859,2702259,60.422303,-0.751345,0.,-24,0.9880000000000001,35.2,-0.59,11.600000000000001,19.,0.,-0.02
111859,2703200,60.422307,-0.751335,0.,-24,0.9880000000000001,35.2,-0.59,11.600000000000001,19.,0.,-0.02
111859,2704141,60.422303,-0.75133,0.,-24,0.9879,35.2,-0.59,11.600000000000001,19.,0.,-0.02
111859,2705057,60.422307,-0.751355,0.,-24,0.9880000000000001,35.2,-0.59,11.600000000000001,19.,0.,-0.02
111859,2705998,60.422298,-0.751333,0.,-24,0.9880000000000001,35.2,-0.59,11.600000000000001,19.,0.,-0.02
111859,2706939,60.422293,-0.751353,0.,-24,0.9881000000000001,35.2,-0.59,11.600000000000001,19.,0.,-0.01
111859,2707890,60.422323,-0.751265,0.,-24,0.9876,35.2,-0.59,11.600000000000001,19.,0.,-0.01
111859,2708829,60.422298,-0.751308,0.,-24,0.9878,35.2,-0.59,11.600000000000001,19.,0.,-0.01
111859,2708857,60.421667,-0.75,0.,-26,1.3303,35.2,-0.59,11.600000000000001,18.900000000000002,0.,-0.01
111859,2709768,60.422307,-0.751313,0.,-24,0.9878,35.2,-0.59,11.600000000000001,19.,0.,-0.01
111859,2710689,60.42231,-0.751313,0.,-24,0.9878,35.2,-0.59,11.600000000000001,19.,0.,-0.01
111859,2711640,60.42232,-0.751325,0.,-24,0.9879,35.2,-0.59,11.600000000000001,19.,0.,-0.01
111859,2712600,60.42232,-0.75136,0.,-24,0.9880000000000001,35.2,-0.59,11.600000000000001,19.,0.01,-0.01
111859,2713536,60.422307,-0.751312,0.,-24,0.9878,35.2,-0.59,11.600000000000001,19.,0.01,-0.01
111859,2714437,60.421667,-0.75,0.,-26,1.3303,35.2,-0.59,11.600000000000001,18.900000000000002,0.01,-0.01
111859,2714480,60.4223,-0.751327,0.,-24,0.9879,35.2,-0.59,11.600000000000001,19.,0.01,-0.01
111859,2715421,60.422303,-0.75133,0.,-24,0.9879,35.2,-0.59,11.600000000000001,19.,0.01,-0.01
111859,2716338,60.422335,-0.751318,0.,-24,0.9878,35.2,-0.59,11.600000000000001,19.,0.01,-0.01
111859,2717258,60.422302,-0.751333,0.,-24,0.9880000000000001,35.2,-0.59,11.600000000000001,19.,0.01,-0.01
111859,2718199,60.422297,-0.75132,0.,-24,0.9879,35.2,-0.59,11.600000000000001,19.,0.01,-0.01
111859,2719140,60.42231,-0.751333,0.,-24,0.9879,35.2,-0.59,11.600000000000001,19.1,0.01,-0.01
111859,2720080,60.422302,-0.751332,0.,-24,0.9880000000000001,35.2,-0.59,11.600000000000001,19.1,0.01,-0.01
111859,2720378,60.421667,-0.75,0.,-26,1.3303,35.2,-0.59,11.600000000000001,19.,0.01,-0.01
111859,2720557,60.421667,-0.75,0.,-26,1.3303,35.2,-0.59,11.600000000000001,19.,0.01,-0.01
111859,2721028,60.422305,-0.75132,0.,-24,0.9879,35.2,-0.59,11.600000000000001,19.1,0.01,-0.01
111859,2721969,60.422297,-0.751328,0.,-24,0.9879,35.2,-0.59,11.600000000000001,19.1,0.01,-0.01
111859,2722897,60.4223,-0.751312,0.,-24,0.9879,35.2,-0.59,11.600000000000001,19.1,0.01,-0.01
111859,2723830,60.4223,-0.751343,0.,-24,0.9880000000000001,35.2,-0.59,11.600000000000001,19.1,0.01,-0.01
111859,2724776,60.422287,-0.751307,0.,-24,0.9879,35.2,-0.59,11.600000000000001,19.1,0.01,-0.01
111859,2725696,60.42231,-0.751333,0.,-24,0.9879,35.2,-0.59,11.600000000000001,19.1,0.01,-0.01
111859,2726628,60.4223,-0.751337,0.,-24,0.9880000000000001,35.2,-0.59,11.600000000000001,19.1,0.01,-0.01
111859,2727548,60.42232,-0.751298,0.,-24,0.9877,35.2,-0.59,11.600000000000001,19.1,0.01,-0.01
111859,2728585,60.422302,-0.75133,0.,-24,0.9879,35.2,-0.59,11.600000000000001,19.1,0.01,-0.01
111859,2729019,60.421667,-0.75,0.,-26,1.3303,35.2,-0.59,11.600000000000001,19.,0.01,-0.01
111859,2729498,60.422287,-0.751338,0.,-24,0.9880000000000001,35.2,-0.59,11.600000000000001,19.1,0.01,-0.01
111859,2730439,60.422297,-0.751342,0.,-24,0.9880000000000001,35.2,-0.59,11.600000000000001,19.1,0.01,-0.01
111859,2731389,60.422288,-0.751342,0.,-24,0.9880000000000001,35.2,-0.59,11.600000000000001,19.1,0.01,-0.01
111859,2732328,60.422283,-0.751327,0.,-24,0.9880000000000001,35.2,-0.59,11.600000000000001,19.1,0.01,-0.01
111859,2733248,60.422287,-0.751342,0.,-24,0.9880000000000001,35.2,-0.59,11.600000000000001,19.1,0.01,-0.01
111859,2734166,60.422297,-0.751345,0.,-24,0.9880000000000001,35.2,-0.59,11.5,19.1,0.01,-0.01
111859,2735125,60.422285,-0.751323,0.,-24,0.9879,35.2,-0.59,11.5,19.1,0.01,0.
111859,2736041,60.4223,-0.751325,0.,-24,0.9879,35.2,-0.58,11.5,19.1,0.01,0.
111859,2736966,60.42231,-0.751347,0.,-24,0.9880000000000001,35.2,-0.58,11.5,19.1,0.01,0.
111859,2737898,60.42228,-0.751307,0.,-24,0.9879,35.2,-0.58,11.5,19.1,0.01,0.
111859,2738836,60.422283,-0.751293,0.,-24,0.9878,35.2,-0.58,11.5,19.200000000000003,0.01,0.
111859,2739865,60.422282,-0.751325,0.,-24,0.9880000000000001,35.2,-0.58,11.5,19.200000000000003,0.01,0.
111859,2740801,60.42229,-0.75133,0.,-24,0.9880000000000001,35.2,-0.58,11.5,19.200000000000003,0.01,0.
111859,2741738,60.422297,-0.75133,0.,-24,0.9880000000000001,35.2,-0.58,11.5,19.200000000000003,0.01,0.
111859,2742655,60.42229,-0.751307,0.,-24,0.9879,35.2,-0.58,11.5,19.200000000000003,0.01,0.
111859,2743585,60.422332,-0.7513,0.,-24,0.9877,35.2,-0.58,11.5,19.200000000000003,0.01,0.
111859,2744516,60.422295,-0.751332,0.,-24,0.9880000000000001,35.2,-0.58,11.5,19.200000000000003,0.01,0.
111859,2745420,60.42228,-0.751327,0.,-24,0.9880000000000001,35.2,-0.58,11.5,19.200000000000003,0.01,0.
111859,2746356,60.4223,-0.751298,0.,-24,0.9878,35.2,-0.58,11.5,19.200000000000003,0.01,0.
111859,2747278,60.422295,-0.751323,0.,-24,0.9879,35.2,-0.58,11.5,19.200000000000003,0.01,0.
111859,2748208,60.422318,-0.75132,0.,-24,0.9879,35.2,-0.58,11.5,19.200000000000003,0.01,0.
111859,2749129,60.42231,-0.751283,0.,-24,0.9877,35.2,-0.58,11.5,19.200000000000003,0.01,0.
111859,2750069,60.422318,-0.751292,0.,-24,0.9877,35.2,-0.58,11.5,19.200000000000003,0.01,0.
111859,2751005,60.422308,-0.751312,0.,-24,0.9878,35.2,-0.58,11.5,19.200000000000003,0.01,0.
111859,2751978,60.422312,-0.751335,0.,-24,0.9879,35.2,-0.58,11.5,19.200000000000003,0.01,0.
111859,2752915,60.42232,-0.751318,0.,-24,0.9878,35.2,-0.58,11.5,19.200000000000003,0.01,0.
111859,2753849,60.422307,-0.75134,0.,-24,0.9880000000000001,35.2,-0.58,11.5,19.200000000000003,0.01,0.
111859,2754802,60.422308,-0.75135,0.,-24,0.9880000000000001,35.2,-0.58,11.5,19.200000000000003,0.01,0.
111859,2755720,60.422308,-0.751333,0.,-24,0.9879,35.2,-0.58,11.5,19.200000000000003,0.01,0.
111859,2756649,60.422322,-0.751338,0.,-24,0.9879,35.2,-0.58,11.5,19.200000000000003,0.01,0.
111859,2757624,60.422317,-0.751357,0.,-24,0.9880000000000001,35.2,-0.58,11.5,19.3,0.01,0.
111859,2758533,60.42231,-0.751315,0.,-24,0.9879,35.2,-0.58,11.5,19.3,0.01,0.
111859,2759481,60.422325,-0.751307,0.,-24,0.9878,35.2,-0.58,11.5,19.3,0.01,0.
111859,2760402,60.422307,-0.751283,0.,-24,0.9877,35.2,-0.58,11.5,19.3,0.02,0.
111859,2761329,60.422297,-0.751308,0.,-24,0.9878,35.2,-0.58,11.5,19.3,0.02,0.
111859,2762250,60.422307,-0.751332,0.,-24,0.9879,35.2,-0.58,11.5,19.3,0.02,0.01
111859,2762497,60.421667,-0.75,0.,-26,1.3303,35.2,-0.58,11.5,19.200000000000003,0.02,0.01
111859,2762677,60.421667,-0.75,0.,-26,1.3303,35.2,-0.58,11.5,19.200000000000003,0.02,0.01
111859,2763247,60.422303,-0.751337,0.,-24,0.9880000000000001,35.2,-0.58,11.5,19.3,0.02,0.01
111859,2764212,60.422302,-0.751338,0.,-24,0.9880000000000001,35.2,-0.58,11.5,19.3,0.02,0.01
111859,2765176,60.4223,-0.751337,0.,-24,0.9880000000000001,35.2,-0.58,11.5,19.3,0.02,0.01
111859,2766157,60.422298,-0.751323,0.,-24,0.9879,35.2,-0.58,11.5,19.3,0.02,0.01
111859,2766640,60.421667,-0.75,0.,-26,1.3303,35.2,-0.58,11.5,19.200000000000003,0.02,0.01
111859,2766758,60.422298,-0.751328,0.,-24,0.9879,35.2,-0.58,11.5,19.3,0.02,0.01
111859,2766820,60.421667,-0.75,0.,-26,1.3303,35.2,-0.58,11.5,19.200000000000003,0.02,0.01
111859,2767000,60.421667,-0.75,0.,-26,1.3303,35.2,-0.58,11.5,19.200000000000003,0.02,0.01
111859,2767131,60.422287,-0.751332,0.,-24,0.9880000000000001,35.2,-0.58,11.5,19.3,0.02,0.01
111859,2768060,60.422302,-0.751342,0.,-24,0.9880000000000001,35.2,-0.58,11.5,19.3,0.02,0.01
111859,2768257,60.421667,-0.75,0.,-26,1.3303,35.2,-0.58,11.5,19.200000000000003,0.02,0.01
111859,2769959,60.422303,-0.751338,0.,-24,0.9880000000000001,35.2,-0.58,11.5,19.3,0.02,0.01
111859,2770908,60.422303,-0.751315,0.,-24,0.9879,35.2,-0.58,11.5,19.3,0.02,0.01
111859,2771858,60.422312,-0.75131,0.,-24,0.9878,35.2,-0.58,11.5,19.3,0.02,0.01
111859,2772798,60.422288,-0.751328,0.,-24,0.9880000000000001,35.2,-0.58,11.5,19.3,0.02,0.01
111859,2773750,60.422295,-0.751335,0.,-24,0.9880000000000001,35.2,-0.58,11.5,19.3,0.02,0.01
111859,2774016,60.421667,-0.75,0.,-26,1.3303,35.2,-0.58,11.5,19.200000000000003,0.02,0.01
111859,2774679,60.422297,-0.751342,0.,-24,0.9880000000000001,35.2,-0.58,11.5,19.3,0.02,0.01
111859,2775598,60.422293,-0.751328,0.,-24,0.9880000000000001,35.2,-0.58,11.5,19.3,0.02,0.01
111859,2776549,60.42228,-0.751347,0.,-24,0.9881000000000001,35.2,-0.58,11.5,19.400000000000002,0.02,0.01
111859,2777488,60.4223,-0.75133,0.,-24,0.9879,35.2,-0.58,11.5,19.400000000000002,0.02,0.01
111859,2778428,60.422277,-0.751363,0.,-24,0.9882000000000001,35.2,-0.58,11.5,19.400000000000002,0.02,0.01
111859,2779361,60.422278,-0.751362,0.,-24,0.9882000000000001,35.2,-0.58,11.5,19.400000000000002,0.02,0.01
111859,2779895,60.422285,-0.751355,0.,-24,0.9881000000000001,35.2,-0.58,11.5,19.400000000000002,0.02,0.01
111859,2779958,60.421667,-0.75,0.,-26,1.3303,35.2,-0.58,11.5,19.3,0.02,0.01
111859,2780301,60.422318,-0.75137,0.,-24,0.9881000000000001,35.2,-0.58,11.5,19.400000000000002,0.02,0.01
111859,2781238,60.422292,-0.751352,0.,-24,0.9881000000000001,35.2,-0.58,11.5,19.400000000000002,0.02,0.01
111859,2782178,60.422287,-0.751365,0.,-24,0.9881000000000001,35.2,-0.58,11.5,19.400000000000002,0.02,0.01
111859,2783087,60.422293,-0.75135,0.,-24,0.9881000000000001,35.2,-0.58,11.5,19.400000000000002,0.02,0.01
111859,2784038,60.4223,-0.75134,0.,-24,0.9880000000000001,35.2,-0.58,11.5,19.400000000000002,0.02,0.01
111859,2785009,60.422302,-0.751347,0.,-24,0.9880000000000001,35.2,-0.58,11.5,19.400000000000002,0.02,0.01
111859,2785957,60.42229,-0.75133,0.,-24,0.9880000000000001,35.2,-0.58,11.5,19.400000000000002,0.02,0.01
111859,2786911,60.422298,-0.751335,0.,-24,0.9880000000000001,35.2,-0.58,11.5,19.400000000000002,0.02,0.01
111859,2788778,60.422298,-0.751327,0.,-24,0.9879,35.2,-0.58,11.5,19.400000000000002,0.02,0.01
111859,2789718,60.42229,-0.751315,0.,-24,0.9879,35.2,-0.58,11.5,19.400000000000002,0.02,0.02
111859,2790659,60.422315,-0.75134,0.,-24,0.9880000000000001,35.2,-0.58,11.5,19.400000000000002,0.02,0.02
111859,2791619,60.422308,-0.751325,0.,-24,0.9879,35.2,-0.58,11.5,19.400000000000002,0.02,0.02
111859,2792580,60.422302,-0.751308,0.,-24,0.9878,35.2,-0.58,11.5,19.400000000000002,0.02,0.02
111859,2793508,60.422318,-0.751357,0.,-24,0.9880000000000001,35.2,-0.58,11.5,19.400000000000002,0.02,0.02
111859,2794449,60.422307,-0.751352,0.,-24,0.9880000000000001,35.2,-0.58,11.5,19.400000000000002,0.02,0.02
111859,2795398,60.422297,-0.751365,0.,-24,0.9881000000000001,35.2,-0.58,11.5,19.5,0.02,0.02
111859,2796358,60.422302,-0.751353,0.,-24,0.9881000000000001,35.2,-0.58,11.5,19.5,0.02,0.02
111859,2797237,60.421667,-0.75,0.,-26,1.3303,35.2,-0.58,11.5,19.400000000000002,0.02,0.02
111859,2797278,60.42231,-0.751348,0.,-24,0.9880000000000001,35.2,-0.58,11.5,19.5,0.02,0.02
111859,2798238,60.422318,-0.751335,0.,-24,0.9879,35.2,-0.58,11.5,19.5,0.02,0.02
111859,2799151,60.422318,-0.751358,0.,-24,0.9880000000000001,35.2,-0.58,11.5,19.5,0.02,0.02
111859,2800098,60.422307,-0.751348,0.,-24,0.9880000000000001,35.2,-0.58,11.5,19.5,0.02,0.02
111859,2801050,60.422347,-0.751333,0.,-24,0.9878,35.2,-0.58,11.5,19.5,0.02,0.02
111859,2801989,60.422305,-0.751332,0.,-24,0.9879,35.2,-0.58,11.5,19.5,0.02,0.02
111859,2802639,60.421667,-0.75,0.,-26,1.3303,35.2,-0.58,11.5,19.400000000000002,0.02,0.02
111859,2802818,60.421667,-0.75,0.,-26,1.3303,35.2,-0.58,11.5,19.400000000000002,0.02,0.02
111859,2802918,60.422295,-0.751355,0.,-24,0.9881000000000001,35.2,-0.58,11.5,19.5,0.02,0.02
111859,2802998,60.421667,-0.75,0.,-26,1.3303,35.2,-0.58,11.5,19.400000000000002,0.02,0.02
111859,2803871,60.422307,-0.751358,0.,-24,0.9881000000000001,35.2,-0.58,11.5,19.5,0.02,0.02
111859,2804808,60.42231,-0.751345,0.,-24,0.9880000000000001,35.2,-0.58,11.5,19.5,0.02,0.02
111859,2805728,60.422295,-0.751332,0.,-24,0.9880000000000001,35.2,-0.58,11.5,19.5,0.02,0.02
111859,2806688,60.422302,-0.751343,0.,-24,0.9880000000000001,35.2,-0.58,11.5,19.5,0.02,0.02
111859,2807628,60.422298,-0.751352,0.,-24,0.9881000000000001,35.2,-0.58,11.5,19.5,0.03,0.02
111859,2808560,60.422307,-0.75133,0.,-24,0.9879,35.2,-0.58,11.5,19.5,0.03,0.02
111859,2809489,60.422302,-0.75131,0.,-24,0.9878,35.2,-0.58,11.5,19.5,0.03,0.02
111859,2810437,60.422282,-0.751305,0.,-24,0.9879,35.2,-0.58,11.5,19.5,0.03,0.02
111859,2811338,60.422305,-0.751335,0.,-24,0.9880000000000001,35.2,-0.58,11.5,19.5,0.03,0.02
111859,2812001,60.421667,-0.75,0.,-26,1.3303,35.2,-0.58,11.5,19.400000000000002,0.03,0.02
111859,2812280,60.422303,-0.751327,0.,-24,0.9879,35.2,-0.58,11.5,19.5,0.03,0.02
111859,2813249,60.422305,-0.75135,0.,-24,0.9880000000000001,35.2,-0.58,11.5,19.5,0.03,0.02
111859,2814189,60.4223,-0.751322,0.,-24,0.9879,35.2,-0.58,11.5,19.5,0.03,0.02
111859,2815149,60.422303,-0.751335,0.,-24,0.9880000000000001,35.2,-0.58,11.5,19.6,0.03,0.02
111859,2816077,60.42231,-0.751327,0.,-24,0.9879,35.2,-0.58,11.5,19.6,0.03,0.02
111859,2817029,60.422307,-0.751337,0.,-24,0.9880000000000001,35.2,-0.58,11.5,19.6,0.03,0.03
111859,2817950,60.422293,-0.751328,0.,-24,0.9880000000000001,35.2,-0.58,11.5,19.6,0.03,0.03
111859,2818901,60.422295,-0.751343,0.,-24,0.9880000000000001,35.2,-0.58,11.5,19.6,0.03,0.03
111859,2819849,60.422305,-0.751353,0.,-24,0.9880000000000001,35.2,-0.58,11.5,19.6,0.03,0.03
111859,2820819,60.42229,-0.751317,0.,-24,0.9879,35.2,-0.58,11.5,19.6,0.03,0.03
111859,2821779,60.422287,-0.751313,0.,-24,0.9879,35.2,-0.58,11.5,19.6,0.03,0.03
111859,2822680,60.422305,-0.751327,0.,-24,0.9879,35.2,-0.58,11.5,19.6,0.03,0.03
111859,2823008,60.422322,-0.751325,0.,-24,0.9879,35.2,-0.58,11.5,19.6,0.03,0.03
111859,2823621,60.42229,-0.751313,0.,-24,0.9879,35.2,-0.58,11.5,19.6,0.03,0.03
111859,2824550,60.42231,-0.751322,0.,-24,0.9879,35.2,-0.58,11.5,19.6,0.03,0.03
111859,2825478,60.422293,-0.75135,0.,-24,0.9881000000000001,35.2,-0.58,11.5,19.6,0.03,0.03
111859,2826409,60.422293,-0.751347,0.,-24,0.9880000000000001,35.2,-0.58,11.5,19.6,0.03,0.03
111859,2827369,60.422285,-0.751342,0.,-24,0.9880000000000001,35.2,-0.58,11.5,19.6,0.03,0.03
111859,2828319,60.422298,-0.7513,0.,-24,0.9878,35.2,-0.58,11.5,19.6,0.03,0.03
111859,2829260,60.422297,-0.75133,0.,-24,0.9880000000000001,35.2,-0.58,11.5,19.6,0.03,0.03
111859,2831087,60.422307,-0.751358,0.,-24,0.9881000000000001,35.2,-0.58,11.5,19.6,0.03,0.03
111859,2832051,60.42231,-0.751363,0.,-24,0.9881000000000001,35.2,-0.58,11.5,19.6,0.03,0.03
111859,2832960,60.422322,-0.751317,0.,-24,0.9878,35.2,-0.58,11.5,19.6,0.03,0.03
111859,2833912,60.421613,-0.751463,0.9,-24,0.9902000000000001,35.2,-0.58,11.5,19.6,0.03,0.03
111859,2834815,60.438225,-0.761028,7.5,-24,0.9820000000000001,35.2,-0.58,11.4,21.5,0.04,0.03
111859,2835729,60.422698,-0.815267,7.4,-24,0.9261,35.2,-0.5700000000000001,11.3,24.200000000000003,0.03,0.02
111859,2836658,60.410428,-0.872463,7.2,-12,0.7686000000000001,35.2,-0.58,11.200000000000001,23.8,0.01,0.03
111859,2837586,60.397588,-0.918812,6.9,-1,0.7674000000000001,35.2,-0.58,11.200000000000001,21.700000000000003,0.,0.03
111859,2838498,60.383623,-0.981635,7.2,-16,0.81,35.2,-0.5700000000000001,11.200000000000001,20.200000000000003,0.,0.03
111859,2839454,60.356807,-1.02657,9.,-7,1.0161,35.2,-0.5700000000000001,11.3,20.700000000000003,0.,0.02
111859,2840398,60.34703,-1.030448,6.9,-8,1.0011,35.2,-0.5700000000000001,11.3,20.700000000000003,0.,0.02
111859,2841314,60.371497,-1.012395,7.3,-4,1.0388,35.2,-0.5700000000000001,11.200000000000001,20.5,0.,0.02
111859,2842226,60.400645,-0.995442,7.8,-19,0.8201,35.2,-0.5700000000000001,11.200000000000001,20.400000000000002,0.,0.03
111859,2843131,60.435077,-0.988295,7.9,-23,0.7754000000000001,35.2,-0.5700000000000001,11.200000000000001,25.400000000000002,0.02,0.03
111859,2844054,60.467905,-0.978087,7.7,-23,0.8285,35.2,-0.5700000000000001,11.200000000000001,31.200000000000003,0.03,0.02
111859,2844582,60.485,-0.97,8.,-22,0.7926000000000001,35.2,-0.5700000000000001,11.200000000000001,34.1,0.03,0.02
111859,2844965,60.500587,-0.970908,8.1,-9,0.8288000000000001,35.2,-0.5700000000000001,11.200000000000001,34.,0.03,0.02
111859,2845869,60.53276,-0.972393,7.8,-8,0.8390000000000001,35.2,-0.5700000000000001,11.200000000000001,33.9,0.03,0.02
111859,2846774,60.565583,-0.96684,7.7,-10,0.7118,-99999.,-99999.,-99999.,-99999.,-99999.,-99999.
111859,2847698,60.590063,-0.964523,6.3,-1,-99999,-99999.,-99999.,-99999.,-99999.,-99999.,-99999.
111859,2848620,60.619145,-0.958468,6.6,-1,-99999,-99999.,-99999.,-99999.,-99999.,-99999.,-99999.
111859,2849556,60.644495,-0.959913,6.5,-1,-99999,-99999.,-99999.,-99999.,-99999.,-99999.,-99999.
111859,2849982,60.656667,-0.96,5.,-1,-99999,-99999.,-99999.,-99999.,-99999.,-99999.,-99999.
111859,2850162,60.661667,-0.961667,7.,-1,-99999,-99999.,-99999.,-99999.,-99999.,-99999.,-99999.
111859,2850378,60.670235,-0.966392,8.7,-14,-99999,-99999.,-99999.,-99999.,-99999.,-99999.,-99999.
111859,2850472,60.673337,-0.970228,9.,-15,-99999,-99999.,-99999.,-99999.,-99999.,-99999.,-99999.
111859,2851239,60.698333,-0.98,8.,-12,-99999,-99999.,-99999.,-99999.,-99999.,-99999.,-99999.
111859,2851402,60.704407,-0.98181,8.,-11,-99999,-99999.,-99999.,-99999.,-99999.,-99999.,-99999.
111859,2852330,60.73762,-1.000108,8.,-1,-99999,35.300000000000004,-0.54,10.600000000000001,32.4,0.06,0.1
111859,2853292,60.771492,-1.01587,7.8,-4,0.7438,35.300000000000004,-0.54,10.600000000000001,32.4,0.06,0.1
111859,2854223,60.804888,-1.030372,8.,-8,0.9868,35.300000000000004,-0.54,10.700000000000001,32.1,0.07,0.11
111859,2855180,60.839057,-1.044232,8.1,-18,1.0223,35.300000000000004,-0.55,11.100000000000001,30.,0.13,0.14
111859,2855848,60.863783,-1.05693,8.2,-21,1.0144,35.2,-0.55,11.4,28.5,0.17,0.17
111859,2856089,60.872708,-1.060962,8.2,-22,0.9718,35.2,-0.55,11.600000000000001,28.,0.18,0.18
111859,2856819,60.898333,-1.073333,8.,-24,0.9234,35.2,-0.56,11.8,28.700000000000003,0.2,0.19
111859,2856999,60.905,-1.075,8.,-25,0.889,35.2,-0.56,11.8,29.1,0.2,0.19
111859,2857061,60.907963,-1.076727,6.1,-25,0.8714000000000001,35.2,-0.56,11.9,29.200000000000003,0.21,0.19
111859,2857977,60.923673,-1.06017,2.7,-28,0.9049,35.2,-0.56,11.9,30.,0.22,0.19
111859,2859056,60.937615,-1.049448,2.8,-27,0.8813000000000001,35.2,-0.56,12.,30.700000000000003,0.22,0.19
111859,2864800,61.005815,-1.017098,3.,-32,0.8500000000000001,35.2,-0.58,12.3,32.7,0.24,0.2
111859,2865717,61.017427,-1.0284,3.2,-32,0.9035000000000001,35.2,-0.58,12.3,32.9,0.25,0.2
111859,2866668,61.027132,-1.0504,3.3,-34,0.8388,35.2,-0.59,12.4,32.7,0.25,0.21
111859,2867608,61.037045,-1.07045,3.1,-35,0.9943000000000001,35.2,-0.59,12.4,31.8,0.26,0.22
111859,2879680,61.045,-1.266667,2.,-37,1.2357,35.2,-0.61,12.5,36.2,0.29,0.25
111859,2885439,61.036667,-1.188333,3.,-36,1.3533000000000002,35.2,-0.6,12.4,31.,0.29,0.25
111859,2891560,61.08,-1.033333,3.,-33,1.097,35.2,-0.6,12.4,35.300000000000004,0.3,0.23
111859,2891665,61.082535,-1.031777,3.,-33,1.0918,35.2,-0.6,12.4,35.300000000000004,0.3,0.23
111859,2901103,61.095,-1.165,3.,-40,1.0848,35.2,-0.61,12.5,35.4,0.32,0.25
111859,2906324,61.065,-1.17,1.,-36,1.3774,35.2,-0.6,12.5,33.,0.32,0.26
111859,2933504,61.035,-1.323333,2.,-38,1.3075,35.2,-0.61,12.5,36.4,0.33,0.29
111859,2939085,61.016667,-1.195,2.,-35,1.3733,35.2,-0.59,12.4,32.5,0.34,0.29
111859,2939441,61.016667,-1.185,2.,-35,1.3436000000000001,35.2,-0.59,12.4,32.4,0.33,0.29
111859,2944665,61.016667,-1.063333,2.,-34,0.9101,35.2,-0.58,12.3,33.800000000000004,0.33,0.27
111859,2944841,61.016667,-1.058333,2.,-34,0.88,35.2,-0.58,12.3,34.,0.33,0.26
111859,2945201,61.016667,-1.051667,2.,-34,0.8399000000000001,35.2,-0.58,12.3,34.300000000000004,0.32,0.26
111859,2945838,61.016267,-1.038635,2.4,-33,0.9474,35.2,-0.5700000000000001,12.3,34.9,0.32,0.26
111859,2946878,61.013942,-1.017207,2.2,-32,0.8532000000000001,35.2,-0.5700000000000001,12.3,34.7,0.32,0.25
111859,2949038,61.007437,-0.978158,1.9,-33,0.9276000000000001,35.2,-0.5700000000000001,12.3,34.6,0.31,0.24
111859,2954243,60.958762,-0.99869,2.5,-31,0.9132,35.2,-0.55,12.100000000000001,34.6,0.31,0.24
111859,2955180,60.956378,-1.022458,3.1,-25,0.9144,35.2,-0.55,12.100000000000001,34.2,0.32,0.25
111859,2956188,60.95948,-1.039975,1.,-27,0.7934,35.2,-0.56,12.200000000000001,34.300000000000004,0.32,0.25
111859,2956721,60.961667,-1.053333,2.,-28,0.8769,35.2,-0.56,12.200000000000001,34.4,0.33,0.26
111859,2956789,60.962645,-1.055982,3.2,-28,0.8694000000000001,35.2,-0.56,12.200000000000001,34.4,0.33,0.26
111859,2957151,60.965118,-1.070313,3.1,-30,0.8235,35.2,-0.56,12.200000000000001,34.300000000000004,0.33,0.27
111859,2958128,60.970627,-1.095212,2.8,-29,0.9543,35.2,-0.56,12.200000000000001,34.1,0.34,0.27
111859,2961111,61.002873,-1.117712,2.9,-33,1.0527,35.2,-0.5700000000000001,12.3,32.300000000000004,0.35000000000000003,0.29
111859,2962971,61.010417,-1.15927,2.6,-37,1.1933,35.2,-0.58,12.4,32.5,0.35000000000000003,0.3
111859,2963907,61.006708,-1.180313,2.5,-34,1.3293000000000001,35.2,-0.58,12.4,33.,0.35000000000000003,0.3
111859,2964840,61.003253,-1.199865,2.5,-35,1.3889,35.2,-0.58,12.4,33.300000000000004,0.36,0.3
111859,2965828,60.998017,-1.219417,2.4,-35,1.0365,35.2,-0.58,12.4,33.6,0.35000000000000003,0.31
111859,2968449,60.991387,-1.274298,2.4,-36,1.1583,35.2,-0.59,12.4,33.9,0.35000000000000003,0.31
111859,2969722,60.989922,-1.302818,2.4,-37,1.0424,35.2,-0.59,12.4,34.300000000000004,0.35000000000000003,0.31
111859,2971227,61.001525,-1.330548,2.8,-38,1.3579,35.2,-0.6,12.4,35.300000000000004,0.36,0.31
111859,2972841,61.02312,-1.31963,3.1,-38,1.3233000000000001,35.2,-0.6,12.5,35.800000000000004,0.37,0.32
111859,2973641,61.03,-1.328333,2.,-38,1.3125,35.2,-0.61,12.5,36.1,0.37,0.32
111859,2974001,61.035,-1.331667,2.,-39,1.3030000000000002,35.2,-0.61,12.5,36.2,0.37,0.32
111859,2979762,61.09,-1.285,0.,-41,1.0128000000000001,35.2,-0.62,12.5,40.300000000000004,0.37,0.31
111859,2979942,61.09,-1.285,0.,-41,1.0128000000000001,35.2,-0.62,12.5,40.300000000000004,0.37,0.31
111859,2989666,61.043333,-1.116667,2.,-34,1.083,35.2,-0.59,12.5,31.1,0.38,0.31
111859,2990025,61.041667,-1.113333,2.,-34,1.0907,35.2,-0.59,12.4,31.200000000000003,0.38,0.31
111859,2994453,61.001095,-1.082407,1.5,-35,0.9803000000000001,35.2,-0.5700000000000001,12.3,34.300000000000004,0.37,0.3
111859,2995366,60.992757,-1.077505,2.,-30,0.8059000000000001,35.2,-0.56,12.3,34.7,0.37,0.3
111859,3000702,60.939102,-1.097103,1.9,-28,0.8898,35.2,-0.55,12.100000000000001,34.1,0.36,0.3
111859,3002500,60.920843,-1.112625,2.6,-28,0.9393,35.2,-0.54,12.,33.1,0.35000000000000003,0.3
111859,3004170,60.905787,-1.134618,2.4,-27,0.7264,35.2,-0.54,11.9,32.5,0.34,0.3
111859,3007789,60.8826,-1.148587,7.3,-28,0.8105,35.2,-0.54,11.8,31.900000000000002,0.32,0.3
111859,3008729,60.863512,-1.096753,7.4,-24,0.9552,35.2,-0.53,11.5,31.3,0.3,0.28
111859,3009673,60.844727,-1.043682,7.6,-18,1.0147000000000002,35.300000000000004,-0.52,11.200000000000001,33.9,0.24,0.24
111859,3010609,60.83259,-0.981067,8.4,-10,0.9497000000000001,35.300000000000004,-0.52,11.200000000000001,30.3,0.3,0.19
111859,3011575,60.835808,-0.927538,2.9,-5,1.4268,35.2,-0.52,11.4,25.8,0.39,0.14
111859,3012507,60.825405,-0.922945,2.3,-4,1.5043,35.2,-0.52,11.4,25.900000000000002,0.39,0.14
111859,3013412,60.825542,-0.943323,3.5,-6,1.5043,35.2,-0.52,11.4,25.900000000000002,0.39,0.15
111859,3014356,60.837393,-0.929125,3.6,-5,1.4184,35.2,-0.52,11.4,25.900000000000002,0.39,0.14
111859,3015301,60.834952,-0.917928,1.7,-2,1.4951,35.2,-0.52,11.4,25.900000000000002,0.39,0.14
111859,3016275,60.824987,-0.925368,2.3,-4,1.5043,35.2,-0.52,11.4,25.900000000000002,0.39,0.14
111859,3017228,60.829827,-0.942038,3.8,-5,1.5043,35.2,-0.52,11.4,25.900000000000002,0.39,0.15
111859,3018172,60.837023,-0.918027,3.1,-2,1.4948000000000001,35.2,-0.52,11.4,25.900000000000002,0.39,0.14
111859,3019121,60.828773,-0.921455,1.8,-3,1.5043,35.2,-0.52,11.4,25.900000000000002,0.39,0.14
111859,3020059,60.823675,-0.933873,2.1,-5,1.5043,35.2,-0.52,11.4,26.,0.39,0.15
111859,3021023,60.818902,-0.947922,1.9,-7,1.5043,35.2,-0.52,11.4,26.,0.39,0.15
111859,3022159,60.810952,-0.959728,2.,-9,0.7841,35.2,-0.52,11.3,26.,0.39,0.16
111859,3022242,60.81,-0.96,1.,-9,0.7946000000000001,35.300000000000004,-0.52,11.3,26.,0.39,0.16
111859,3022246,60.81,-0.96,1.,-9,0.7946000000000001,35.300000000000004,-0.52,11.3,26.,0.39,0.16
111859,3023113,60.804407,-0.968125,1.6,-9,1.0647,35.300000000000004,-0.51,10.9,35.,0.21,0.17
111859,3024061,60.797247,-0.97113,2.2,-9,1.2874,35.300000000000004,-0.51,10.700000000000001,40.,0.11,0.17
111859,3025018,60.788183,-0.970455,2.1,-9,0.7438,35.300000000000004,-0.51,10.700000000000001,40.,0.11,0.17
111859,3025949,60.778243,-0.967022,2.5,-10,0.7438,35.300000000000004,-0.51,10.700000000000001,39.900000000000006,0.11,0.17
111859,3026881,60.78857,-0.981192,3.4,-8,0.7438,35.300000000000004,-0.51,10.700000000000001,39.900000000000006,0.11,0.17
111859,3027643,60.798333,-0.976667,3.,-9,1.3234000000000001,35.300000000000004,-0.51,10.700000000000001,39.900000000000006,0.11,0.17
111859,3027815,60.802057,-0.975085,3.3,-9,1.227,35.300000000000004,-0.51,10.8,38.300000000000004,0.15,0.18
111859,3027826,60.801667,-0.973333,3.,-9,1.2107,35.300000000000004,-0.51,10.8,38.400000000000006,0.14,0.17
111859,3028107,60.806247,-0.97099,3.4,-9,1.0895000000000001,35.300000000000004,-0.51,11.,34.800000000000004,0.22,0.18
111859,3028760,60.814542,-0.959888,3.1,-8,0.7797000000000001,35.2,-0.52,11.4,26.,0.39,0.16
111859,3029677,60.82188,-0.937928,3.4,-6,1.5043,35.2,-0.52,11.4,26.,0.4,0.15
111859,3030643,60.832545,-0.919813,3.1,-2,1.5043,35.2,-0.52,11.4,25.900000000000002,0.4,0.14
111859,3031606,60.842665,-0.912168,1.7,-25,1.2004000000000001,35.2,-0.52,11.4,25.900000000000002,0.4,0.13
111859,3032525,60.826148,-0.930875,6.9,-5,1.5043,35.2,-0.52,11.4,25.900000000000002,0.4,0.14
111859,3033498,60.802727,-0.977428,7.6,-9,1.2432,35.300000000000004,-0.51,10.8,37.9,0.15,0.17
111859,3034462,60.779448,-1.029077,7.7,-6,0.7438,35.300000000000004,-0.51,10.700000000000001,39.7,0.11,0.17
111859,3035422,60.766218,-1.064232,3.2,-12,0.7886000000000001,35.300000000000004,-0.51,10.700000000000001,37.1,0.13,0.19
111859,3036324,60.756795,-1.053223,2.4,-9,0.7626000000000001,35.300000000000004,-0.51,10.700000000000001,37.9,0.12,0.18
111859,3037252,60.750892,-1.040443,3.9,-7,0.7438,35.300000000000004,-0.51,10.700000000000001,39.5,0.11,0.17
111859,3038159,60.757373,-1.058313,2.6,-10,0.7642,35.300000000000004,-0.51,10.700000000000001,37.300000000000004,0.12,0.18
111859,3039089,60.767697,-1.063375,2.6,-12,0.7927000000000001,35.300000000000004,-0.51,10.700000000000001,37.1,0.13,0.19
111859,3040049,60.773623,-1.051457,2.7,-10,0.8091,35.300000000000004,-0.51,10.700000000000001,38.300000000000004,0.12,0.18
111859,3040990,60.762897,-1.046653,2.6,-9,0.7794000000000001,35.300000000000004,-0.51,10.700000000000001,38.6,0.12,0.17
111859,3041930,60.751943,-1.041405,2.6,-7,0.7438,35.300000000000004,-0.51,10.700000000000001,39.2,0.11,0.17
111859,3042942,60.757035,-1.054842,2.1,-9,0.7632,35.300000000000004,-0.51,10.700000000000001,37.5,0.12,0.18
111859,3043950,60.766188,-1.047275,2.,-9,0.7885000000000001,35.300000000000004,-0.51,10.700000000000001,38.5,0.12,0.17
111859,3044910,60.773722,-1.057735,3.3,-11,0.8093,35.300000000000004,-0.51,10.8,37.6,0.13,0.18
111859,3045867,60.762457,-1.059773,3.,-11,0.7782,35.300000000000004,-0.51,10.700000000000001,37.1,0.13,0.18
111859,3048810,60.767677,-1.06452,3.2,-12,0.7926000000000001,35.300000000000004,-0.51,10.8,36.800000000000004,0.13,0.18
111859,3049787,60.776262,-1.070525,2.4,-14,0.8164,35.300000000000004,-0.51,10.8,36.4,0.14,0.19
111859,3050862,60.79,-1.09,5.,-13,0.9022,35.300000000000004,-0.51,10.8,35.1,0.17,0.21
111859,3051689,60.802042,-1.111607,4.6,-18,0.9578000000000001,35.300000000000004,-0.51,10.9,33.4,0.21,0.25
111859,3052618,60.80897,-1.13106,2.5,-21,0.9292,35.300000000000004,-0.52,11.100000000000001,32.4,0.23,0.26
111859,3053590,60.808607,-1.152837,2.3,-23,0.9586,35.300000000000004,-0.52,11.200000000000001,32.1,0.24,0.25
111859,3054528,60.806637,-1.173308,2.4,-23,0.9567,35.2,-0.52,11.3,31.8,0.25,0.25
111859,3055500,60.8034,-1.19342,2.4,-25,0.9395,35.2,-0.52,11.4,31.3,0.25,0.25
111859,3056496,60.797712,-1.210357,2.2,-25,1.0308,35.2,-0.52,11.4,31.200000000000003,0.25,0.24
111859,3057529,60.792792,-1.229005,2.3,-26,0.9393,35.2,-0.52,11.5,31.400000000000002,0.26,0.23
111859,3058480,60.786495,-1.244242,2.3,-26,1.2146000000000001,35.2,-0.52,11.5,31.400000000000002,0.26,0.22
111859,3059461,60.779722,-1.259383,2.4,-25,1.1292,35.2,-0.52,11.600000000000001,31.400000000000002,0.26,0.21
111859,3060610,60.771558,-1.27719,2.3,-26,1.3477000000000001,35.2,-0.52,11.600000000000001,31.1,0.26,0.19
111859,3061678,60.76058,-1.283332,2.4,-26,1.3271000000000002,35.2,-0.52,11.600000000000001,31.1,0.26,0.17
111859,3062204,60.753333,-1.283333,2.,-26,1.2569000000000001,35.2,-0.52,11.5,31.,0.26,0.16
111859,3062672,60.749955,-1.284633,2.2,-25,0.9517,35.2,-0.52,11.5,31.,0.26,0.16
111859,3063709,60.738797,-1.288107,2.3,-25,0.9585,35.2,-0.51,11.4,30.900000000000002,0.26,0.14
111859,3064610,60.728822,-1.291395,2.5,-24,0.9649000000000001,35.2,-0.51,11.4,30.8,0.26,0.12
111859,3065570,60.721003,-1.304387,2.4,-24,0.8275,35.2,-0.51,11.4,30.8,0.26,0.11
111859,3066510,60.713917,-1.317345,2.1,-24,0.9043,35.2,-0.51,11.5,30.8,0.26,0.11
111859,3067480,60.70601,-1.329487,2.3,-24,0.7845000000000001,35.2,-0.51,11.5,30.900000000000002,0.27,0.11
111859,3068324,60.696667,-1.333333,2.,-24,0.7481,35.2,-0.51,11.5,30.900000000000002,0.27,0.11
111859,3068408,60.696597,-1.335043,2.3,-24,1.1155000000000002,35.2,-0.51,11.5,30.900000000000002,0.27,0.11
111859,3069349,60.688515,-1.345708,2.3,-24,1.0246,35.2,-0.51,11.600000000000001,30.900000000000002,0.27,0.11
111859,3070288,60.688007,-1.359577,1.4,-25,0.9065000000000001,35.2,-0.51,11.700000000000001,31.,0.28,0.11
111859,3071244,60.677082,-1.337678,7.8,-24,1.0915000000000001,35.2,-0.51,11.600000000000001,30.900000000000002,0.27,0.11
111859,3072180,60.645838,-1.311533,7.8,-17,1.1297000000000001,35.2,-0.51,11.4,30.8,0.26,0.11
111859,3073084,60.621437,-1.269895,8.,-7,-99999,-99999.,-99999.,-99999.,-99999.,-99999.,-99999.
111859,3074026,60.589572,-1.238837,8.2,-2,-99999,-99999.,-99999.,-99999.,-99999.,-99999.,-99999.
111859,3074950,60.55675,-1.216933,8.2,-2,-99999,-99999.,-99999.,-99999.,-99999.,-99999.,-99999.
111859,3075859,60.524225,-1.196665,8.,-1,-99999,-99999.,-99999.,-99999.,-99999.,-99999.,-99999.
111859,3076780,60.492735,-1.169748,8.1,0,-99999,-99999.,-99999.,-99999.,-99999.,-99999.,-99999.
111859,3077719,60.47239,-1.12066,7.5,-5,0.6248,-99999.,-99999.,-99999.,-99999.,-99999.,-99999.
111859,3078587,60.466667,-1.063333,7.,-12,0.6248,35.2,-0.56,11.100000000000001,23.400000000000002,0.04,0.04
111859,3078679,60.46655,-1.057617,7.9,-13,0.6248,35.2,-0.56,11.100000000000001,23.400000000000002,0.04,0.04
111859,3078768,60.465,-1.05,7.,-15,0.6248,35.2,-0.56,11.100000000000001,23.200000000000003,0.03,0.04
111859,3079600,60.44796,-1.007765,7.6,-20,0.7968000000000001,35.2,-0.56,11.100000000000001,24.,0.04,0.05
111859,3080558,60.416195,-0.995285,7.6,-18,0.8294,35.2,-0.56,11.100000000000001,20.3,0.02,0.06
111859,3081490,60.383052,-0.997953,7.7,-20,0.8096,35.2,-0.56,11.100000000000001,17.8,0.01,0.06
111859,3082398,60.354803,-1.02816,7.2,-7,1.0130000000000001,35.2,-0.56,11.100000000000001,16.2,0.01,0.05
111859,3083308,60.325387,-1.055462,7.8,-1,1.1277000000000001,35.2,-0.56,11.100000000000001,15.600000000000001,0.01,0.05
111859,3084209,60.293735,-1.072467,7.7,-1,1.0768,-99999.,-99999.,-99999.,-99999.,-99999.,-99999.
111859,3085130,60.262027,-1.089203,7.6,-2,1.6825,-99999.,-99999.,-99999.,-99999.,-99999.,-99999.
111859,3086039,60.230942,-1.108342,7.8,-9,1.5694000000000001,-99999.,-99999.,-99999.,-99999.,-99999.,-99999.
111859,3086999,60.198053,-1.127122,7.8,-4,-99999,-99999.,-99999.,-99999.,-99999.,-99999.,-99999.
111859,3087910,60.171813,-1.152317,7.1,-2,-99999,-99999.,-99999.,-99999.,-99999.,-99999.,-99999.
111859,3089810,60.1574,-1.14392,0.,-11,1.075,35.2,-0.5700000000000001,11.600000000000001,11.8,0.05,0.06
111859,3090748,60.15739,-1.143933,0.,-11,1.075,35.2,-0.5700000000000001,11.600000000000001,11.8,0.05,0.06
111859,3091748,60.15739,-1.14394,0.,-11,1.075,35.2,-0.5700000000000001,11.600000000000001,11.8,0.05,0.06
111859,3092749,60.165553,-1.160113,0.,-15,1.075,-99999.,-99999.,-99999.,-99999.,-99999.,-99999.
111859,3093705,60.165543,-1.160122,0.,-15,1.075,-99999.,-99999.,-99999.,-99999.,-99999.,-99999.
111859,3094610,60.16554,-1.160123,0.,-15,1.075,-99999.,-99999.,-99999.,-99999.,-99999.,-99999.
111859,3095518,60.165555,-1.160082,0.,-15,1.075,-99999.,-99999.,-99999.,-99999.,-99999.,-99999.
111859,3096470,60.165567,-1.160107,0.,-15,1.075,-99999.,-99999.,-99999.,-99999.,-99999.,-99999.
111859,3097399,60.165553,-1.160097,0.,-15,1.075,-99999.,-99999.,-99999.,-99999.,-99999.,-99999.
111859,3098340,60.165573,-1.16015,0.,-15,1.075,-99999.,-99999.,-99999.,-99999.,-99999.,-99999.
111859,3099296,60.165537,-1.160135,0.,-15,1.075,-99999.,-99999.,-99999.,-99999.,-99999.,-99999.
111859,3100240,60.165538,-1.160117,0.,-15,1.075,-99999.,-99999.,-99999.,-99999.,-99999.,-99999.
111859,3101172,60.165538,-1.160078,0.,-15,1.075,-99999.,-99999.,-99999.,-99999.,-99999.,-99999.
111859,3102129,60.165557,-1.160143,0.,-15,1.075,-99999.,-99999.,-99999.,-99999.,-99999.,-99999.
111859,3103079,60.165532,-1.160072,0.,-15,1.075,-99999.,-99999.,-99999.,-99999.,-99999.,-99999.
111859,3104005,60.16554,-1.160108,0.,-15,1.075,-99999.,-99999.,-99999.,-99999.,-99999.,-99999.
111859,3105851,60.16554,-1.160075,0.,-15,1.075,-99999.,-99999.,-99999.,-99999.,-99999.,-99999.
111859,3105948,60.165,-1.16,0.,-15,1.075,-99999.,-99999.,-99999.,-99999.,-99999.,-99999.
111859,3106823,60.165527,-1.160137,0.,-15,1.075,-99999.,-99999.,-99999.,-99999.,-99999.,-99999.
111859,3107757,60.165537,-1.160105,0.,-15,1.075,-99999.,-99999.,-99999.,-99999.,-99999.,-99999.
111859,3108706,60.165555,-1.16011,0.,-15,1.075,-99999.,-99999.,-99999.,-99999.,-99999.,-99999.
111859,3109610,60.165547,-1.160117,0.,-15,1.075,-99999.,-99999.,-99999.,-99999.,-99999.,-99999.
111859,3110599,60.165525,-1.160107,0.,-15,1.075,-99999.,-99999.,-99999.,-99999.,-99999.,-99999.
111859,3111168,60.165,-1.16,0.,-15,1.075,-99999.,-99999.,-99999.,-99999.,-99999.,-99999.
111859,3111504,60.165537,-1.1601,0.,-15,1.075,-99999.,-99999.,-99999.,-99999.,-99999.,-99999.
111859,3112407,60.165547,-1.1601,0.,-15,1.075,-99999.,-99999.,-99999.,-99999.,-99999.,-99999.
111859,3113360,60.165547,-1.160098,0.,-15,1.075,-99999.,-99999.,-99999.,-99999.,-99999.,-99999.
111859,3114264,60.165555,-1.160078,0.,-15,1.075,-99999.,-99999.,-99999.,-99999.,-99999.,-99999.
111859,3115204,60.16554,-1.160112,0.,-15,1.075,-99999.,-99999.,-99999.,-99999.,-99999.,-99999.
111859,3115845,60.165,-1.16,0.,-15,1.075,-99999.,-99999.,-99999.,-99999.,-99999.,-99999.
111859,3116109,60.165547,-1.16011,0.,-15,1.075,-99999.,-99999.,-99999.,-99999.,-99999.,-99999.
111859,3116205,60.165,-1.16,0.,-15,1.075,-99999.,-99999.,-99999.,-99999.,-99999.,-99999.
111859,3117067,60.165537,-1.160115,0.,-15,1.075,-99999.,-99999.,-99999.,-99999.,-99999.,-99999.
111859,3118039,60.165543,-1.160118,0.,-15,1.075,-99999.,-99999.,-99999.,-99999.,-99999.,-99999.
111859,3118999,60.165528,-1.160133,0.,-15,1.075,-99999.,-99999.,-99999.,-99999.,-99999.,-99999.
111859,3119928,60.165545,-1.16012,0.,-15,1.075,-99999.,-99999.,-99999.,-99999.,-99999.,-99999.
111859,3120877,60.165543,-1.160115,0.,-15,1.075,-99999.,-99999.,-99999.,-99999.,-99999.,-99999.
111859,3121820,60.165547,-1.160125,0.,-15,1.075,-99999.,-99999.,-99999.,-99999.,-99999.,-99999.
111859,3122736,60.165533,-1.160102,0.,-15,1.075,-99999.,-99999.,-99999.,-99999.,-99999.,-99999.
111859,3124578,60.16553,-1.160097,0.,-15,1.075,-99999.,-99999.,-99999.,-99999.,-99999.,-99999.
111859,3125528,60.165543,-1.160132,0.,-15,1.075,-99999.,-99999.,-99999.,-99999.,-99999.,-99999.
111859,3126488,60.165507,-1.160117,0.,-15,1.075,-99999.,-99999.,-99999.,-99999.,-99999.,-99999.
111859,3127480,60.165543,-1.160117,0.,-15,1.075,-99999.,-99999.,-99999.,-99999.,-99999.,-99999.
111859,3128389,60.165533,-1.1601,0.,-15,1.075,-99999.,-99999.,-99999.,-99999.,-99999.,-99999.
111859,3129338,60.165543,-1.160097,0.,-15,1.075,-99999.,-99999.,-99999.,-99999.,-99999.,-99999.
111859,3130289,60.165545,-1.160103,0.,-15,1.075,-99999.,-99999.,-99999.,-99999.,-99999.,-99999.
111859,3131258,60.165548,-1.160132,0.,-15,1.075,-99999.,-99999.,-99999.,-99999.,-99999.,-99999.
111859,3132218,60.16555,-1.160135,0.,-15,1.075,-99999.,-99999.,-99999.,-99999.,-99999.,-99999.
111859,3133178,60.165542,-1.160128,0.,-15,1.075,-99999.,-99999.,-99999.,-99999.,-99999.,-99999.
111859,3133485,60.165,-1.16,0.,-15,1.075,-99999.,-99999.,-99999.,-99999.,-99999.,-99999.
111859,3134098,60.165542,-1.160122,0.,-15,1.075,-99999.,-99999.,-99999.,-99999.,-99999.,-99999.
111859,3135039,60.16555,-1.160108,0.,-15,1.075,-99999.,-99999.,-99999.,-99999.,-99999.,-99999.
111859,3135961,60.165542,-1.16017,0.,-15,1.075,-99999.,-99999.,-99999.,-99999.,-99999.,-99999.
111859,3136938,60.16555,-1.160118,0.,-15,1.075,-99999.,-99999.,-99999.,-99999.,-99999.,-99999.
111859,3137858,60.165537,-1.160103,0.,-15,1.075,-99999.,-99999.,-99999.,-99999.,-99999.,-99999.
111859,3138857,60.165543,-1.160118,0.,-15,1.075,-99999.,-99999.,-99999.,-99999.,-99999.,-99999.
111859,3139790,60.165523,-1.160122,0.,-15,1.075,-99999.,-99999.,-99999.,-99999.,-99999.,-99999.
111859,3140740,60.165547,-1.16011,0.,-15,1.075,-99999.,-99999.,-99999.,-99999.,-99999.,-99999.
111859,3141700,60.165538,-1.1601,0.,-15,1.075,-99999.,-99999.,-99999.,-99999.,-99999.,-99999.
111859,3142657,60.165547,-1.160135,0.,-15,1.075,-99999.,-99999.,-99999.,-99999.,-99999.,-99999.
111859,3143569,60.165525,-1.160095,0.,-15,1.075,-99999.,-99999.,-99999.,-99999.,-99999.,-99999.
111859,3144549,60.16557,-1.160058,0.,-15,1.075,-99999.,-99999.,-99999.,-99999.,-99999.,-99999.
111859,3145006,60.165,-1.158333,0.,-14,1.075,-99999.,-99999.,-99999.,-99999.,-99999.,-99999.
111859,3145459,60.165537,-1.160007,0.,-15,1.075,-99999.,-99999.,-99999.,-99999.,-99999.,-99999.
111859,3146368,60.165508,-1.160035,0.,-15,1.075,-99999.,-99999.,-99999.,-99999.,-99999.,-99999.
111859,3147327,60.165528,-1.160093,0.,-15,1.075,-99999.,-99999.,-99999.,-99999.,-99999.,-99999.
111859,3148311,60.165602,-1.160033,0.,-15,1.075,-99999.,-99999.,-99999.,-99999.,-99999.,-99999.
111859,3149259,60.165573,-1.160033,0.,-15,1.075,-99999.,-99999.,-99999.,-99999.,-99999.,-99999.
111859,3150200,60.165565,-1.16002,0.,-15,1.075,-99999.,-99999.,-99999.,-99999.,-99999.,-99999.
111859,3150766,60.165,-1.16,0.,-15,1.075,-99999.,-99999.,-99999.,-99999.,-99999.,-99999.
111859,3151108,60.165577,-1.160038,0.,-15,1.075,-99999.,-99999.,-99999.,-99999.,-99999.,-99999.
111859,3152028,60.165562,-1.160053,0.,-15,1.075,-99999.,-99999.,-99999.,-99999.,-99999.,-99999.
111859,3153008,60.165597,-1.160038,0.,-15,1.075,-99999.,-99999.,-99999.,-99999.,-99999.,-99999.
111859,3153968,60.165603,-1.160003,0.,-15,1.075,-99999.,-99999.,-99999.,-99999.,-99999.,-99999.
111859,3154896,60.165585,-1.160017,0.,-15,1.075,-99999.,-99999.,-99999.,-99999.,-99999.,-99999.
111859,3155860,60.165603,-1.160028,0.,-15,1.075,-99999.,-99999.,-99999.,-99999.,-99999.,-99999.
111859,3156821,60.16559,-1.160028,0.,-15,1.075,-99999.,-99999.,-99999.,-99999.,-99999.,-99999.
111859,3157737,60.165618,-1.160032,0.,-15,1.075,-99999.,-99999.,-99999.,-99999.,-99999.,-99999.
111859,3158721,60.165583,-1.160025,0.,-15,1.075,-99999.,-99999.,-99999.,-99999.,-99999.,-99999.
111859,3159629,60.165583,-1.160048,0.,-15,1.075,-99999.,-99999.,-99999.,-99999.,-99999.,-99999.
111859,3160610,60.165577,-1.159987,0.,-15,1.075,-99999.,-99999.,-99999.,-99999.,-99999.,-99999.
111859,3161558,60.165593,-1.160037,0.,-15,1.075,-99999.,-99999.,-99999.,-99999.,-99999.,-99999.
111859,3162109,60.165,-1.158333,0.,-14,1.075,-99999.,-99999.,-99999.,-99999.,-99999.,-99999.
111859,3162479,60.165582,-1.160008,0.,-15,1.075,-99999.,-99999.,-99999.,-99999.,-99999.,-99999.
111859,3163447,60.165578,-1.160015,0.,-15,1.075,-99999.,-99999.,-99999.,-99999.,-99999.,-99999.
111859,3164458,60.165577,-1.16002,0.,-15,1.075,-99999.,-99999.,-99999.,-99999.,-99999.,-99999.
111859,3165400,60.165583,-1.160048,0.,-15,1.075,-99999.,-99999.,-99999.,-99999.,-99999.,-99999.
111859,3166359,60.16554,-1.160025,0.,-15,1.075,-99999.,-99999.,-99999.,-99999.,-99999.,-99999.
111859,3167317,60.165538,-1.160108,0.,-15,1.075,-99999.,-99999.,-99999.,-99999.,-99999.,-99999.
111859,3167510,60.165,-1.16,0.,-15,1.075,-99999.,-99999.,-99999.,-99999.,-99999.,-99999.
111859,3168281,60.165523,-1.160098,0.,-15,1.075,-99999.,-99999.,-99999.,-99999.,-99999.,-99999.
111859,3169230,60.165502,-1.160112,0.,-15,1.075,-99999.,-99999.,-99999.,-99999.,-99999.,-99999.
111859,3170178,60.165533,-1.160098,0.,-15,1.075,-99999.,-99999.,-99999.,-99999.,-99999.,-99999.
111859,3171117,60.165525,-1.1601,0.,-15,1.075,-99999.,-99999.,-99999.,-99999.,-99999.,-99999.
111859,3172057,60.16555,-1.160088,0.,-15,1.075,-99999.,-99999.,-99999.,-99999.,-99999.,-99999.
111859,3173003,60.165528,-1.160072,0.,-15,1.075,-99999.,-99999.,-99999.,-99999.,-99999.,-99999.
111859,3173935,60.165518,-1.160042,0.,-15,1.075,-99999.,-99999.,-99999.,-99999.,-99999.,-99999.
111859,3174898,60.165528,-1.160063,0.,-15,1.075,-99999.,-99999.,-99999.,-99999.,-99999.,-99999.
111859,3175841,60.165545,-1.160095,0.,-15,1.075,-99999.,-99999.,-99999.,-99999.,-99999.,-99999.
111859,3176767,60.165533,-1.160085,0.,-15,1.075,-99999.,-99999.,-99999.,-99999.,-99999.,-99999.
111859,3177680,60.165537,-1.160108,0.,-15,1.075,-99999.,-99999.,-99999.,-99999.,-99999.,-99999.
111859,3178588,60.16554,-1.1601,0.,-15,1.075,-99999.,-99999.,-99999.,-99999.,-99999.,-99999.
111859,3179509,60.165535,-1.160115,0.,-15,1.075,-99999.,-99999.,-99999.,-99999.,-99999.,-99999.
111859,3180498,60.165547,-1.16008,0.,-15,1.075,-99999.,-99999.,-99999.,-99999.,-99999.,-99999.
111859,3181469,60.165533,-1.16011,0.,-15,1.075,-99999.,-99999.,-99999.,-99999.,-99999.,-99999.
111859,3182418,60.165552,-1.16007,0.,-15,1.075,-99999.,-99999.,-99999.,-99999.,-99999.,-99999.
111859,3183338,60.165545,-1.160112,0.,-15,1.075,-99999.,-99999.,-99999.,-99999.,-99999.,-99999.
111859,3184279,60.165537,-1.160078,0.,-15,1.075,-99999.,-99999.,-99999.,-99999.,-99999.,-99999.
111859,3185258,60.165543,-1.160112,0.,-15,1.075,-99999.,-99999.,-99999.,-99999.,-99999.,-99999.
111859,3186211,60.165555,-1.160118,0.,-15,1.075,-99999.,-99999.,-99999.,-99999.,-99999.,-99999.
111859,3187123,60.165533,-1.160128,0.,-15,1.075,-99999.,-99999.,-99999.,-99999.,-99999.,-99999.
111859,3188081,60.165553,-1.160122,0.,-15,1.075,-99999.,-99999.,-99999.,-99999.,-99999.,-99999.
111859,3189030,60.165555,-1.160087,0.,-15,1.075,-99999.,-99999.,-99999.,-99999.,-99999.,-99999.
111859,3189931,60.16554,-1.160088,0.,-15,1.075,-99999.,-99999.,-99999.,-99999.,-99999.,-99999.
111859,3190911,60.165557,-1.160105,0.,-15,1.075,-99999.,-99999.,-99999.,-99999.,-99999.,-99999.
111859,3191819,60.165552,-1.160065,0.,-15,1.075,-99999.,-99999.,-99999.,-99999.,-99999.,-99999.
111859,3192708,60.165,-1.16,0.,-15,1.075,-99999.,-99999.,-99999.,-99999.,-99999.,-99999.
111859,3192740,60.165532,-1.160133,0.,-15,1.075,-99999.,-99999.,-99999.,-99999.,-99999.,-99999.
111859,3193656,60.165558,-1.160095,0.,-15,1.075,-99999.,-99999.,-99999.,-99999.,-99999.,-99999.
111859,3194568,60.165543,-1.160072,0.,-15,1.075,-99999.,-99999.,-99999.,-99999.,-99999.,-99999.
111859,3194817,60.165555,-1.160097,0.,-15,1.075,-99999.,-99999.,-99999.,-99999.,-99999.,-99999.
111859,3195518,60.165543,-1.16009,0.,-15,1.075,-99999.,-99999.,-99999.,-99999.,-99999.,-99999.
111859,3196469,60.165528,-1.1601,0.,-15,1.075,-99999.,-99999.,-99999.,-99999.,-99999.,-99999.
111859,3197429,60.165545,-1.160105,0.,-15,1.075,-99999.,-99999.,-99999.,-99999.,-99999.,-99999.
111859,3198361,60.165542,-1.160097,0.,-15,1.075,-99999.,-99999.,-99999.,-99999.,-99999.,-99999.
111859,3198647,60.165,-1.16,0.,-15,1.075,-99999.,-99999.,-99999.,-99999.,-99999.,-99999.
111859,3199317,60.165537,-1.160125,0.,-15,1.075,-99999.,-99999.,-99999.,-99999.,-99999.,-99999.
111859,3200270,60.165,-1.16,0.,-15,1.075,-99999.,-99999.,-99999.,-99999.,-99999.,-99999.
111859,3200281,60.165525,-1.160093,0.,-15,1.075,-99999.,-99999.,-99999.,-99999.,-99999.,-99999.
111859,3201258,60.165528,-1.160117,0.,-15,1.075,-99999.,-99999.,-99999.,-99999.,-99999.,-99999.
111859,3202187,60.165552,-1.160127,0.,-15,1.075,-99999.,-99999.,-99999.,-99999.,-99999.,-99999.
111859,3203127,60.165543,-1.160127,0.,-15,1.075,-99999.,-99999.,-99999.,-99999.,-99999.,-99999.
111859,3204088,60.165527,-1.160095,0.,-15,1.075,-99999.,-99999.,-99999.,-99999.,-99999.,-99999.
111859,3204408,60.165,-1.16,0.,-15,1.075,-99999.,-99999.,-99999.,-99999.,-99999.,-99999.
111859,3205039,60.165513,-1.160123,0.,-15,1.075,-99999.,-99999.,-99999.,-99999.,-99999.,-99999.
111859,3205988,60.165522,-1.160118,0.,-15,1.075,-99999.,-99999.,-99999.,-99999.,-99999.,-99999.
111859,3206937,60.165545,-1.16011,0.,-15,1.075,-99999.,-99999.,-99999.,-99999.,-99999.,-99999.
111859,3207868,60.165522,-1.160115,0.,-15,1.075,-99999.,-99999.,-99999.,-99999.,-99999.,-99999.
111859,3208859,60.165532,-1.160118,0.,-15,1.075,-99999.,-99999.,-99999.,-99999.,-99999.,-99999.
111859,3209807,60.165528,-1.160103,0.,-15,1.075,-99999.,-99999.,-99999.,-99999.,-99999.,-99999.
111859,3210167,60.165,-1.16,0.,-15,1.075,-99999.,-99999.,-99999.,-99999.,-99999.,-99999.
111859,3210740,60.165533,-1.160102,0.,-15,1.075,-99999.,-99999.,-99999.,-99999.,-99999.,-99999.
111859,3211697,60.165558,-1.160098,0.,-15,1.075,-99999.,-99999.,-99999.,-99999.,-99999.,-99999.
111859,3212616,60.165538,-1.160123,0.,-15,1.075,-99999.,-99999.,-99999.,-99999.,-99999.,-99999.
111859,3213540,60.165537,-1.16012,0.,-15,1.075,-99999.,-99999.,-99999.,-99999.,-99999.,-99999.
111859,3214479,60.165533,-1.160093,0.,-15,1.075,-99999.,-99999.,-99999.,-99999.,-99999.,-99999.
111859,3215398,60.16554,-1.16009,0.,-15,1.075,-99999.,-99999.,-99999.,-99999.,-99999.,-99999.
111859,3215928,60.165,-1.16,0.,-15,1.075,-99999.,-99999.,-99999.,-99999.,-99999.,-99999.
111859,3216306,60.165542,-1.160125,0.,-15,1.075,-99999.,-99999.,-99999.,-99999.,-99999.,-99999.
111859,3217290,60.165512,-1.16012,0.,-15,1.075,-99999.,-99999.,-99999.,-99999.,-99999.,-99999.
111859,3218271,60.16553,-1.160147,0.,-15,1.075,-99999.,-99999.,-99999.,-99999.,-99999.,-99999.
111859,3219181,60.165543,-1.160128,0.,-15,1.075,-99999.,-99999.,-99999.,-99999.,-99999.,-99999.
111859,3220128,60.165557,-1.160102,0.,-15,1.075,-99999.,-99999.,-99999.,-99999.,-99999.,-99999.
111859,3221078,60.16555,-1.160093,0.,-15,1.075,-99999.,-99999.,-99999.,-99999.,-99999.,-99999.
111859,3221687,60.165,-1.16,0.,-15,1.075,-99999.,-99999.,-99999.,-99999.,-99999.,-99999.
111859,3221979,60.165528,-1.16013,0.,-15,1.075,-99999.,-99999.,-99999.,-99999.,-99999.,-99999.
111859,3222920,60.165543,-1.16011,0.,-15,1.075,-99999.,-99999.,-99999.,-99999.,-99999.,-99999.
111859,3223869,60.165528,-1.16011,0.,-15,1.075,-99999.,-99999.,-99999.,-99999.,-99999.,-99999.
111859,3224798,60.165543,-1.160088,0.,-15,1.075,-99999.,-99999.,-99999.,-99999.,-99999.,-99999.
111859,3225750,60.165532,-1.160102,0.,-15,1.075,-99999.,-99999.,-99999.,-99999.,-99999.,-99999.
111859,3226689,60.165533,-1.160095,0.,-15,1.075,-99999.,-99999.,-99999.,-99999.,-99999.,-99999.
111859,3227678,60.165523,-1.160097,0.,-15,1.075,-99999.,-99999.,-99999.,-99999.,-99999.,-99999.
111859,3228618,60.165537,-1.160085,0.,-15,1.075,-99999.,-99999.,-99999.,-99999.,-99999.,-99999.
111859,3229590,60.165545,-1.160128,0.,-15,1.075,-99999.,-99999.,-99999.,-99999.,-99999.,-99999.
111859,3230519,60.16555,-1.160085,0.,-15,1.075,-99999.,-99999.,-99999.,-99999.,-99999.,-99999.
111859,3231488,60.165538,-1.16011,0.,-15,1.075,-99999.,-99999.,-99999.,-99999.,-99999.,-99999.
111859,3232439,60.165547,-1.160105,0.,-15,1.075,-99999.,-99999.,-99999.,-99999.,-99999.,-99999.
111859,3233371,60.165522,-1.160103,0.,-15,1.075,-99999.,-99999.,-99999.,-99999.,-99999.,-99999.
111859,3234320,60.165505,-1.160145,0.,-15,1.075,-99999.,-99999.,-99999.,-99999.,-99999.,-99999.
111859,3235269,60.165527,-1.160133,0.,-15,1.075,-99999.,-99999.,-99999.,-99999.,-99999.,-99999.
111859,3236229,60.165542,-1.1601,0.,-15,1.075,-99999.,-99999.,-99999.,-99999.,-99999.,-99999.
111859,3237178,60.165518,-1.16015,0.,-15,1.075,-99999.,-99999.,-99999.,-99999.,-99999.,-99999.
111859,3238119,60.165513,-1.160108,0.,-15,1.075,-99999.,-99999.,-99999.,-99999.,-99999.,-99999.
111859,3239080,60.165538,-1.160057,0.,-15,1.075,-99999.,-99999.,-99999.,-99999.,-99999.,-99999.
111859,3240037,60.165538,-1.160087,0.,-15,1.075,-99999.,-99999.,-99999.,-99999.,-99999.,-99999.
111859,3240990,60.165527,-1.160075,0.,-15,1.075,-99999.,-99999.,-99999.,-99999.,-99999.,-99999.
111859,3241939,60.165537,-1.160103,0.,-15,1.075,-99999.,-99999.,-99999.,-99999.,-99999.,-99999.
111859,3242898,60.165533,-1.160065,0.,-15,1.075,-99999.,-99999.,-99999.,-99999.,-99999.,-99999.
111859,3243827,60.165522,-1.160055,0.,-15,1.075,-99999.,-99999.,-99999.,-99999.,-99999.,-99999.
111859,3244748,60.16552,-1.160077,0.,-15,1.075,-99999.,-99999.,-99999.,-99999.,-99999.,-99999.
111859,3245271,60.165,-1.16,0.,-15,1.075,-99999.,-99999.,-99999.,-99999.,-99999.,-99999.
111859,3245698,60.165532,-1.160082,0.,-15,1.075,-99999.,-99999.,-99999.,-99999.,-99999.,-99999.
111859,3246649,60.165525,-1.160158,0.,-15,1.075,-99999.,-99999.,-99999.,-99999.,-99999.,-99999.
111859,3247677,60.165525,-1.160095,0.,-15,1.075,-99999.,-99999.,-99999.,-99999.,-99999.,-99999.
111859,3248658,60.165528,-1.160125,0.,-15,1.075,-99999.,-99999.,-99999.,-99999.,-99999.,-99999.
111859,3249701,60.165518,-1.160112,0.,-15,1.075,-99999.,-99999.,-99999.,-99999.,-99999.,-99999.
111859,3250620,60.165547,-1.160083,0.,-15,1.075,-99999.,-99999.,-99999.,-99999.,-99999.,-99999.
111859,3250758,60.165533,-1.160085,0.,-15,1.075,-99999.,-99999.,-99999.,-99999.,-99999.,-99999.
111859,3250852,60.165,-1.16,0.,-15,1.075,-99999.,-99999.,-99999.,-99999.,-99999.,-99999.
111859,3251032,60.165,-1.16,0.,-15,1.075,-99999.,-99999.,-99999.,-99999.,-99999.,-99999.
111859,3251529,60.165547,-1.160082,0.,-15,1.075,-99999.,-99999.,-99999.,-99999.,-99999.,-99999.
111859,3252526,60.165535,-1.160075,0.,-15,1.075,-99999.,-99999.,-99999.,-99999.,-99999.,-99999.
111859,3253460,60.165528,-1.160097,0.,-15,1.075,-99999.,-99999.,-99999.,-99999.,-99999.,-99999.
111859,3254476,60.165545,-1.160093,0.,-15,1.075,-99999.,-99999.,-99999.,-99999.,-99999.,-99999.
111859,3255420,60.165533,-1.160095,0.,-15,1.075,-99999.,-99999.,-99999.,-99999.,-99999.,-99999.
111859,3256361,60.165575,-1.160022,0.2,-15,1.075,-99999.,-99999.,-99999.,-99999.,-99999.,-99999.
111859,3257444,60.165515,-1.159888,0.2,-15,1.075,-99999.,-99999.,-99999.,-99999.,-99999.,-99999.
111859,3258437,60.165535,-1.16003,0.,-15,1.075,-99999.,-99999.,-99999.,-99999.,-99999.,-99999.
111859,3259425,60.165535,-1.16002,0.,-15,1.075,-99999.,-99999.,-99999.,-99999.,-99999.,-99999.
111859,3260399,60.165543,-1.160037,0.,-15,1.075,-99999.,-99999.,-99999.,-99999.,-99999.,-99999.
111859,3261378,60.159885,-1.153448,1.5,-13,1.075,35.2,-0.56,11.5,11.200000000000001,0.05,0.05
111859,3262319,60.159753,-1.153488,0.,-13,1.075,35.2,-0.56,11.5,11.200000000000001,0.05,0.05
111859,3263289,60.159785,-1.153512,0.2,-13,1.075,35.2,-0.56,11.5,11.200000000000001,0.05,0.05
111859,3264249,60.145323,-1.128877,7.6,-8,1.075,35.2,-0.56,11.5,11.200000000000001,0.05,0.05
111859,3265180,60.113082,-1.13129,7.8,-7,1.1956,35.2,-0.56,11.5,11.200000000000001,0.05,0.05
111859,3266100,60.08042,-1.122738,7.7,-7,1.2318,35.2,-0.56,11.5,11.200000000000001,0.05,0.05
111859,3267051,60.04531,-1.115153,7.9,-13,1.3242,35.2,-0.56,11.4,13.100000000000001,0.06,0.06
111859,3267991,60.01138,-1.120238,7.8,-17,1.4421000000000002,35.2,-0.56,11.4,13.9,0.05,0.08
111859,3268895,59.979737,-1.135227,8.,-18,1.6265,35.2,-0.56,11.4,17.2,0.07,0.08
111859,3269827,59.94561,-1.151018,8.1,-21,1.6267,35.2,-0.56,11.4,20.3,0.09,0.07
111859,3270867,59.914177,-1.163262,8.,-24,1.5454,35.2,-0.56,11.4,20.900000000000002,0.1,0.06
111859,3271803,59.873943,-1.180658,8.3,-20,1.0559,35.2,-0.56,11.4,21.700000000000003,0.14,0.05
111859,3272632,59.841667,-1.195,8.,-23,1.1588,35.2,-0.56,11.4,23.1,0.19,0.06
111859,3272715,59.840302,-1.196897,8.4,-23,1.1682000000000001,35.2,-0.56,11.4,23.1,0.19,0.06
111859,3273675,59.805118,-1.215813,8.1,-21,0.9424,35.2,-0.55,11.5,25.700000000000003,0.19,0.02
111859,3274629,59.771058,-1.236513,8.2,-23,0.9478000000000001,35.2,-0.55,11.5,27.400000000000002,0.19,-0.01
111859,3275554,59.739595,-1.260277,7.8,-24,1.1266,35.2,-0.55,11.5,28.3,0.19,-0.03
111859,3276468,59.708585,-1.284465,7.8,-23,1.0289000000000001,35.2,-0.54,11.5,29.6,0.19,-0.06
111859,3277378,59.67871,-1.301585,7.5,-24,1.0297,35.2,-0.54,11.5,30.5,0.19,-0.09
111859,3278032,59.656667,-1.313333,7.,-25,1.0277,35.2,-0.53,11.5,30.400000000000002,0.18,-0.11
111859,3278304,59.648472,-1.319723,7.5,-25,1.0153,35.2,-0.53,11.5,30.400000000000002,0.18,-0.12
111859,3279220,59.618268,-1.33986,7.5,-23,1.1463,35.2,-0.53,11.5,30.900000000000002,0.18,-0.15
111859,3281057,59.558703,-1.374772,7.6,-23,1.1264,35.2,-0.52,11.5,31.8,0.15,-0.18
111859,3281449,59.545,-1.38,7.,-23,1.1724,35.2,-0.52,11.5,31.900000000000002,0.14,-0.18
111859,3281968,59.528465,-1.389108,7.4,-24,1.1301,35.2,-0.51,11.5,32.300000000000004,0.13,-0.19
111859,3282940,59.496767,-1.404413,7.3,-23,1.1154,35.2,-0.51,11.5,32.7,0.11,-0.19
111859,3283432,59.48,-1.41,7.,-23,1.1226,35.2,-0.51,11.5,32.7,0.1,-0.18
111859,3283849,59.466822,-1.415383,7.2,-23,1.1168,35.2,-0.51,11.5,32.7,0.09,-0.18
111859,3284804,59.436162,-1.42696,7.3,-23,1.1189,35.2,-0.51,11.5,32.7,0.07,-0.17
111859,3285737,59.412988,-1.434232,3.5,-23,1.0307,35.2,-0.51,11.5,32.4,0.07,-0.17
111859,3286737,59.402275,-1.433518,2.4,-23,1.0757,35.2,-0.51,11.5,32.2,0.06,-0.16
111859,3287662,59.391013,-1.436402,2.7,-23,1.1259000000000001,35.2,-0.51,11.4,32.,0.06,-0.16
111859,3288598,59.379353,-1.438737,2.7,-23,1.1820000000000002,35.2,-0.51,11.4,31.8,0.05,-0.16
111859,3289550,59.367703,-1.440162,2.8,-24,1.0184,35.2,-0.51,11.4,31.6,0.05,-0.16
111859,3290498,59.356512,-1.441465,0.9,-24,1.0702,35.2,-0.51,11.4,31.6,0.05,-0.15
111859,3291399,59.359542,-1.440233,0.1,-24,1.0555,35.2,-0.51,11.4,31.5,0.05,-0.15
111859,3292312,59.359843,-1.439977,0.1,-24,1.0539,35.2,-0.51,11.4,31.400000000000002,0.05,-0.15
111859,3292940,59.359678,-1.439743,4.4,-24,1.0544,35.2,-0.51,11.4,31.5,0.05,-0.15
111859,3292941,59.359678,-1.439743,4.4,-24,1.0544,35.2,-0.51,11.4,31.5,0.05,-0.15
111859,3292969,59.358333,-1.438333,2.,-24,1.0593000000000001,35.2,-0.51,11.4,31.5,0.05,-0.15
111859,3293268,59.35741,-1.431937,4.5,-24,1.0584,35.2,-0.51,11.4,31.6,0.05,-0.15
111859,3294195,59.34831,-1.415308,3.6,-25,1.2655,35.2,-0.51,11.4,32.,0.05,-0.15
111859,3295197,59.343217,-1.395033,2.8,-25,1.2603,35.2,-0.51,11.4,32.1,0.05,-0.14
111859,3296181,59.344437,-1.367692,2.9,-25,1.3299,35.2,-0.52,11.4,32.300000000000004,0.05,-0.14
111859,3297123,59.350133,-1.346628,2.8,-26,1.2943,35.2,-0.52,11.5,32.2,0.05,-0.14
111859,3298049,59.356203,-1.32701,2.7,-26,1.3415000000000001,35.2,-0.52,11.5,31.8,0.05,-0.14
111859,3299008,59.364978,-1.313305,2.5,-26,1.3243,35.2,-0.52,11.5,31.400000000000002,0.06,-0.13
111859,3299929,59.374147,-1.30036,2.7,-26,1.3056,35.2,-0.52,11.5,31.,0.06,-0.13
111859,3300877,59.383458,-1.287067,2.7,-26,1.3819000000000001,35.2,-0.52,11.5,30.700000000000003,0.06,-0.13
111859,3301806,59.392552,-1.273935,2.7,-26,1.3856000000000002,35.2,-0.53,11.600000000000001,30.700000000000003,0.06,-0.13
111859,3302758,59.402668,-1.263767,2.8,-26,1.3793,35.2,-0.53,11.600000000000001,31.1,0.07,-0.13
111859,3303710,59.41229,-1.274542,2.5,-26,1.3924,35.2,-0.53,11.600000000000001,30.700000000000003,0.07,-0.13
111859,3304689,59.413168,-1.296083,2.5,-26,1.3562,35.2,-0.52,11.5,30.8,0.07,-0.14
111859,3305611,59.411748,-1.317037,2.6,-25,1.4145,35.2,-0.52,11.5,31.3,0.06,-0.15
111859,3306558,59.409677,-1.338245,2.5,-25,1.3384,35.2,-0.52,11.5,31.700000000000003,0.06,-0.15
111859,3307511,59.407278,-1.359967,2.6,-25,1.3583,35.2,-0.52,11.5,32.2,0.06,-0.16
111859,3308440,59.40435,-1.381438,2.6,-24,1.2144000000000001,35.2,-0.51,11.5,32.1,0.06,-0.16
111859,3309396,59.402553,-1.40472,2.9,-24,1.2614,35.2,-0.51,11.5,32.,0.06,-0.16
111859,3310250,59.401667,-1.425,2.,-23,1.0755000000000001,35.2,-0.51,11.5,31.900000000000002,0.06,-0.16
111859,3310340,59.403195,-1.428585,2.9,-23,1.0709,35.2,-0.51,11.5,31.900000000000002,0.06,-0.16
111859,3311281,59.405182,-1.453108,2.9,-23,1.0645,35.2,-0.5,11.5,32.1,0.06,-0.16
111859,3312210,59.407495,-1.476875,1.2,-22,0.8842000000000001,35.2,-0.5,11.5,32.7,0.06,-0.15
111859,3313205,59.407913,-1.48717,0.3,-22,0.8758,35.2,-0.5,11.4,32.9,0.06,-0.14
111859,3314232,59.409578,-1.466968,2.2,-22,0.8823000000000001,35.2,-0.5,11.5,32.4,0.06,-0.15
111859,3315156,59.408252,-1.449872,2.,-23,1.0476,35.2,-0.51,11.5,32.,0.06,-0.16
111859,3316009,59.406667,-1.433333,2.,-23,1.0574000000000001,35.2,-0.51,11.5,31.8,0.06,-0.16
111859,3316205,59.407265,-1.430493,2.1,-23,1.0553000000000001,35.2,-0.51,11.5,31.8,0.06,-0.16
111859,3317157,59.408073,-1.412513,2.1,-24,1.2609000000000001,35.2,-0.51,11.5,31.8,0.06,-0.16
111859,3318098,59.408995,-1.395365,2.,-24,1.2237,35.2,-0.51,11.5,31.900000000000002,0.06,-0.16
111859,3319029,59.40878,-1.378173,2.,-24,1.1895,35.2,-0.51,11.5,31.900000000000002,0.06,-0.16
111859,3319968,59.40876,-1.359902,2.1,-24,1.3554000000000002,35.2,-0.52,11.5,32.,0.06,-0.15
111859,3320921,59.407742,-1.341663,2.1,-25,1.3423,35.2,-0.52,11.5,31.6,0.06,-0.15
111859,3321768,59.406667,-1.325,2.,-25,1.4327,35.2,-0.52,11.5,31.3,0.06,-0.14
111859,3321858,59.40691,-1.32402,2.1,-25,1.4303000000000001,35.2,-0.52,11.5,31.3,0.06,-0.14
111859,3322827,59.406502,-1.305442,2.3,-26,1.3814,35.2,-0.52,11.5,31.,0.06,-0.14
111859,3323768,59.399655,-1.293363,2.2,-26,1.3512,35.2,-0.52,11.600000000000001,30.8,0.06,-0.13
111859,3324687,59.391165,-1.286883,2.2,-26,1.3894,35.2,-0.52,11.600000000000001,30.6,0.05,-0.13
111859,3325628,59.382043,-1.280413,2.5,-26,1.3815000000000002,35.2,-0.52,11.5,30.5,0.05,-0.13
111859,3326588,59.373308,-1.292777,2.4,-26,1.2976,35.2,-0.52,11.5,30.8,0.05,-0.13
111859,3327528,59.36611,-1.307733,2.7,-26,1.3179,35.2,-0.52,11.5,31.200000000000003,0.05,-0.13
111859,3327530,59.365,-1.306667,2.,-26,1.3173000000000001,35.2,-0.52,11.5,31.1,0.05,-0.13
111859,3328458,59.35992,-1.32564,2.6,-26,1.3389,35.2,-0.52,11.5,31.6,0.04,-0.13
111859,3329410,59.353518,-1.34461,2.6,-26,1.2877,35.2,-0.52,11.5,31.900000000000002,0.04,-0.14
111859,3330359,59.349767,-1.366197,2.7,-25,1.3253000000000001,35.2,-0.52,11.5,32.1,0.04,-0.14
111859,3331309,59.349795,-1.38923,2.7,-25,1.2392,35.2,-0.51,11.5,31.8,0.04,-0.14
111859,3333221,59.360865,-1.427822,2.7,-24,1.0353,35.2,-0.51,11.5,31.1,0.04,-0.15
111859,3334169,59.370937,-1.437825,2.7,-24,0.9988,35.2,-0.51,11.5,31.1,0.04,-0.15
111859,3334193,59.37,-1.436667,2.,-24,1.0009000000000001,35.2,-0.51,11.5,31.1,0.04,-0.15
111859,3334373,59.373333,-1.438333,2.,-24,0.9885,35.2,-0.51,11.5,31.1,0.04,-0.15
111859,3335109,59.381888,-1.442147,2.7,-23,1.1769,35.2,-0.51,11.5,31.200000000000003,0.04,-0.16
111859,3336070,59.393468,-1.44223,0.9,-23,1.1209,35.2,-0.51,11.5,31.3,0.05,-0.16
111859,3336984,59.396515,-1.435408,0.6,-23,1.1011,35.2,-0.51,11.5,31.3,0.05,-0.16
111859,3337940,59.400795,-1.407958,3.,-24,1.2716,35.2,-0.51,11.5,31.5,0.05,-0.16
111859,3338898,59.404572,-1.38367,2.8,-24,1.2175,35.2,-0.51,11.5,31.6,0.05,-0.15
111859,3339858,59.406482,-1.359322,2.9,-25,1.3593000000000002,35.2,-0.52,11.5,31.700000000000003,0.05,-0.15
111859,3340771,59.407327,-1.336143,3.1,-25,1.3379,35.2,-0.52,11.5,31.3,0.05,-0.14
111859,3341789,59.402208,-1.311758,2.9,-26,1.3964,35.2,-0.52,11.600000000000001,31.,0.05,-0.14
111859,3342746,59.39741,-1.28904,2.8,-26,1.3969,35.2,-0.52,11.600000000000001,30.6,0.05,-0.13
111859,3343698,59.387298,-1.27837,2.7,-26,1.3846,35.2,-0.53,11.600000000000001,30.6,0.05,-0.13
111859,3344608,59.375837,-1.274397,3.1,-26,1.3804,35.2,-0.53,11.600000000000001,30.700000000000003,0.05,-0.12
111859,3345561,59.364697,-1.283908,2.8,-27,1.3573000000000002,35.2,-0.52,11.5,30.6,0.04,-0.12
111859,3346474,59.358837,-1.300823,2.6,-27,1.3145,35.2,-0.52,11.5,31.,0.04,-0.13
111859,3347398,59.354628,-1.320688,2.6,-26,1.3359,35.2,-0.52,11.5,31.400000000000002,0.04,-0.13
111859,3348350,59.350167,-1.341208,2.6,-26,1.2858,35.2,-0.52,11.5,31.6,0.04,-0.13
111859,3349278,59.346272,-1.361055,2.5,-25,1.3193000000000001,35.2,-0.52,11.5,31.8,0.03,-0.14
111859,3350230,59.345985,-1.382293,2.5,-25,1.2393,35.2,-0.52,11.5,31.700000000000003,0.03,-0.14
111859,3351159,59.348888,-1.40316,2.6,-25,1.2528000000000001,35.2,-0.51,11.5,31.5,0.03,-0.14
111859,3352076,59.354893,-1.421393,2.7,-24,1.0657,35.2,-0.51,11.5,31.1,0.03,-0.15
111859,3353018,59.362465,-1.433728,2.8,-24,1.0338,35.2,-0.51,11.5,30.8,0.03,-0.15
111859,3354053,59.376322,-1.441638,2.7,-23,1.2026000000000001,35.2,-0.51,11.5,30.8,0.04,-0.15
111859,3354989,59.388243,-1.4456,2.7,-23,1.1509,35.2,-0.51,11.5,31.1,0.04,-0.15
111859,3355935,59.400383,-1.445233,2.7,-23,1.0886,35.2,-0.51,11.5,31.200000000000003,0.04,-0.16
111859,3356859,59.411982,-1.442303,2.7,-23,1.0310000000000001,35.2,-0.51,11.5,31.200000000000003,0.05,-0.16
111859,3357804,59.423413,-1.438285,2.7,-23,1.1668,35.2,-0.51,11.5,31.200000000000003,0.05,-0.16
111859,3358760,59.435008,-1.431782,2.8,-23,1.1195000000000002,35.2,-0.51,11.5,31.3,0.05,-0.17
111859,3359698,59.443262,-1.427037,1.9,-23,1.08,35.2,-0.51,11.5,31.3,0.05,-0.17
111859,3360701,59.44554,-1.42755,0.6,-22,1.0673000000000001,35.2,-0.51,11.5,31.3,0.06,-0.17
111859,3361709,59.433478,-1.428887,2.4,-23,1.1311,35.2,-0.51,11.5,31.200000000000003,0.05,-0.16
111859,3362705,59.421948,-1.429995,2.4,-23,1.1905000000000001,35.2,-0.51,11.5,31.1,0.05,-0.16
111859,3363613,59.41258,-1.431372,2.7,-23,1.034,35.2,-0.51,11.5,31.,0.04,-0.16
111859,3364553,59.402875,-1.43199,2.4,-23,1.0729,35.2,-0.51,11.5,30.900000000000002,0.04,-0.16
111859,3365494,59.393652,-1.432093,2.2,-23,1.1102,35.2,-0.51,11.5,30.900000000000002,0.04,-0.16
111859,3366426,59.386605,-1.431415,2.2,-23,1.1377000000000002,35.2,-0.51,11.5,30.8,0.03,-0.15
111859,3367368,59.376583,-1.429898,0.1,-24,1.1742000000000001,35.2,-0.51,11.5,30.8,0.03,-0.15
111859,3368296,59.376053,-1.433197,0.6,-24,1.1840000000000002,35.2,-0.51,11.5,30.700000000000003,0.03,-0.15
111859,3369254,59.365792,-1.427462,2.,-24,1.0066,35.2,-0.51,11.5,30.700000000000003,0.03,-0.15
111859,3369472,59.363333,-1.423333,2.,-24,1.0150000000000001,35.2,-0.51,11.5,30.8,0.03,-0.15
111859,3370194,59.358032,-1.416738,2.4,-24,1.0418,35.2,-0.51,11.5,30.900000000000002,0.03,-0.15
111859,3371128,59.350102,-1.405862,2.6,-25,1.2508000000000001,35.2,-0.51,11.5,31.200000000000003,0.03,-0.14
111859,3372068,59.345862,-1.385802,2.8,-25,1.2434,35.2,-0.52,11.5,31.400000000000002,0.03,-0.14
111859,3372354,59.345,-1.378333,2.,-25,1.236,35.2,-0.52,11.5,31.5,0.03,-0.14
111859,3373008,59.349405,-1.364495,2.7,-25,1.3228,35.2,-0.52,11.5,31.6,0.03,-0.14
111859,3373976,59.355492,-1.34384,2.7,-26,1.2844,35.2,-0.52,11.5,31.6,0.03,-0.13
111859,3375019,59.362203,-1.32046,2.8,-26,1.3329,35.2,-0.52,11.5,31.200000000000003,0.03,-0.13
111859,3375592,59.365,-1.306667,2.,-26,1.3173000000000001,35.2,-0.52,11.5,31.,0.03,-0.13
111859,3375772,59.366667,-1.303333,3.,-26,1.3129,35.2,-0.52,11.5,30.900000000000002,0.03,-0.13
111859,3376006,59.369798,-1.299077,3.1,-26,1.3066,35.2,-0.52,11.600000000000001,30.900000000000002,0.03,-0.13
111859,3376930,59.37912,-1.283167,2.8,-26,1.3788,35.2,-0.52,11.600000000000001,30.6,0.03,-0.12
111859,3377942,59.392003,-1.281362,2.7,-26,1.3882,35.2,-0.52,11.600000000000001,30.5,0.04,-0.13
111859,3378887,59.402392,-1.290777,2.6,-26,1.4039000000000001,35.2,-0.52,11.600000000000001,30.6,0.04,-0.13
111859,3379811,59.405747,-1.30378,2.4,-26,1.377,35.2,-0.52,11.600000000000001,30.700000000000003,0.04,-0.13
111859,3380771,59.407272,-1.328092,2.3,-25,1.4413,35.2,-0.52,11.600000000000001,30.900000000000002,0.04,-0.14
111859,3381351,59.406667,-1.34,2.,-25,1.3416000000000001,35.2,-0.52,11.600000000000001,31.,0.04,-0.14
111859,3381711,59.407805,-1.348265,2.6,-25,1.3477000000000001,35.2,-0.52,11.5,31.,0.04,-0.14
111859,3382648,59.408167,-1.368035,2.3,-24,1.363,35.2,-0.52,11.5,31.1,0.04,-0.15
111859,3383587,59.408267,-1.387093,2.3,-24,1.2096,35.2,-0.51,11.5,30.900000000000002,0.04,-0.15
111859,3384504,59.40847,-1.404895,1.3,-24,1.2446000000000002,35.2,-0.51,11.5,30.8,0.04,-0.15
111859,3385412,59.410772,-1.40047,0.8,-24,1.2286000000000001,35.2,-0.51,11.5,30.8,0.04,-0.15
111859,3386338,59.414148,-1.378337,2.9,-24,1.1669,35.2,-0.52,11.5,30.900000000000002,0.04,-0.15
111859,3387333,59.418963,-1.354287,2.9,-25,1.4429,35.2,-0.52,11.5,30.900000000000002,0.04,-0.14
111859,3388349,59.423927,-1.330085,2.8,-25,1.4271,35.2,-0.52,11.600000000000001,30.700000000000003,0.04,-0.14
111859,3389329,59.429355,-1.307642,2.8,-25,1.4326,35.2,-0.52,11.600000000000001,30.5,0.04,-0.13
111859,3390270,59.435057,-1.28667,3.,-26,1.4147,35.2,-0.52,11.700000000000001,30.400000000000002,0.04,-0.13
111859,3391254,59.441115,-1.265092,3.,-26,1.4078000000000002,35.2,-0.53,11.700000000000001,30.700000000000003,0.04,-0.13
111859,3392226,59.447385,-1.243685,2.9,-27,1.4036,35.2,-0.53,11.8,31.200000000000003,0.04,-0.12
111859,3393206,59.453408,-1.221127,3.1,-27,1.381,35.2,-0.53,11.9,31.5,0.04,-0.12
111859,3394187,59.459865,-1.199227,2.9,-27,1.2404000000000002,35.2,-0.53,12.,31.8,0.04,-0.11
111859,3395096,59.465152,-1.179223,2.8,-27,1.3443,35.2,-0.53,12.100000000000001,31.6,0.04,-0.11
111859,3395999,59.474415,-1.168477,2.7,-27,1.3982,35.2,-0.53,12.100000000000001,31.3,0.04,-0.11
111859,3396953,59.485128,-1.166108,2.4,-28,1.1819,35.2,-0.53,12.200000000000001,31.1,0.04,-0.11
111859,3397889,59.496103,-1.165628,2.6,-28,1.194,35.2,-0.53,12.200000000000001,30.8,0.04,-0.11
111859,3398799,59.506818,-1.166515,2.4,-29,1.0813000000000001,35.2,-0.53,12.200000000000001,30.6,0.04,-0.11
111859,3399758,59.518252,-1.167803,2.7,-27,1.2123000000000002,35.2,-0.53,12.200000000000001,30.3,0.05,-0.12
111859,3400721,59.529918,-1.1693,2.8,-27,1.2196,35.2,-0.53,12.200000000000001,30.200000000000003,0.05,-0.12
111859,3401659,59.541428,-1.171495,2.5,-26,1.2202,35.2,-0.53,12.200000000000001,30.1,0.05,-0.11
111859,3402580,59.552477,-1.173372,2.8,-26,1.0452000000000001,35.2,-0.53,12.200000000000001,30.1,0.06,-0.11
111859,3403560,59.564445,-1.175632,2.7,-26,1.0331000000000001,35.2,-0.53,12.200000000000001,30.,0.06,-0.11
111859,3404468,59.575872,-1.176532,2.8,-25,1.0203,35.2,-0.53,12.200000000000001,30.,0.07,-0.11
111859,3405431,59.587897,-1.179645,2.8,-27,1.0883,35.2,-0.53,12.200000000000001,30.1,0.07,-0.11
111859,3406359,59.599278,-1.185063,2.6,-27,1.0706,35.2,-0.53,12.200000000000001,30.200000000000003,0.08,-0.11
111859,3407290,59.610438,-1.190382,2.7,-27,1.0490000000000002,35.2,-0.53,12.100000000000001,30.5,0.09,-0.1
111859,3408221,59.619505,-1.203397,2.9,-26,1.0161,35.2,-0.53,12.100000000000001,30.700000000000003,0.09,-0.09
111859,3409203,59.625608,-1.211335,0.3,-26,1.0002,35.2,-0.53,12.100000000000001,30.5,0.1,-0.09
111859,3409972,59.621667,-1.205,1.,-26,1.0092,35.2,-0.53,12.100000000000001,30.6,0.09,-0.09
111859,3410152,59.618333,-1.2,2.,-26,1.0231000000000001,35.2,-0.53,12.100000000000001,30.700000000000003,0.09,-0.09
111859,3410260,59.61919,-1.199503,2.6,-26,1.0221,35.2,-0.53,12.100000000000001,30.700000000000003,0.09,-0.09
111859,3410332,59.618333,-1.196667,2.,-26,1.0277,35.2,-0.53,12.100000000000001,30.6,0.09,-0.1
111859,3411182,59.611173,-1.18343,2.9,-27,1.0554000000000001,35.2,-0.53,12.200000000000001,30.3,0.08,-0.1
111859,3412126,59.603747,-1.166133,2.8,-28,1.1104,35.2,-0.53,12.200000000000001,29.700000000000003,0.08,-0.11
111859,3413042,59.596443,-1.149228,2.7,-29,1.1073,35.2,-0.53,12.200000000000001,29.1,0.07,-0.12
111859,3413976,59.588735,-1.131742,2.7,-29,1.0979,35.2,-0.53,12.3,28.700000000000003,0.07,-0.12
111859,3414920,59.58137,-1.113328,2.8,-28,1.0906,35.2,-0.53,12.3,28.6,0.06,-0.13
111859,3415847,59.574293,-1.093983,2.8,-28,1.0868,35.2,-0.54,12.4,29.,0.06,-0.13
111859,3416763,59.567822,-1.074522,2.7,-30,1.0894000000000001,35.2,-0.54,12.4,29.400000000000002,0.05,-0.13
111859,3417711,59.559408,-1.06186,2.5,-30,1.0848,35.2,-0.54,12.4,29.8,0.05,-0.13
111859,3418659,59.549397,-1.065577,2.4,-30,1.0866,35.2,-0.54,12.4,30.,0.04,-0.13
111859,3419623,59.538747,-1.06874,2.6,-30,1.0888,35.2,-0.54,12.4,30.3,0.04,-0.13
111859,3420597,59.52828,-1.073678,2.3,-30,1.0829,35.2,-0.54,12.5,30.6,0.03,-0.13
111859,3421550,59.517728,-1.079222,2.,-30,1.0782,35.2,-0.54,12.5,30.700000000000003,0.03,-0.13
111859,3422451,59.50839,-1.081055,3.4,-30,1.0763,35.2,-0.54,12.4,30.8,0.03,-0.12
111859,3422935,59.505,-1.068333,2.,-30,1.0786,35.2,-0.54,12.5,31.,0.03,-0.12
111859,3423401,59.503207,-1.060323,2.6,-31,1.0795000000000001,35.2,-0.54,12.5,31.1,0.03,-0.12
111859,3424349,59.498757,-1.039292,2.4,-30,1.0957000000000001,35.2,-0.54,12.5,31.3,0.02,-0.12
111859,3425397,59.492923,-1.01696,2.7,-30,1.2281,35.2,-0.54,12.5,31.200000000000003,0.03,-0.12
111859,3426389,59.487258,-0.994683,2.8,-31,1.1254,35.2,-0.54,12.600000000000001,31.,0.03,-0.12
111859,3427329,59.479035,-0.97726,2.8,-31,1.1661000000000001,35.2,-0.54,12.600000000000001,30.8,0.03,-0.11
111859,3428318,59.47122,-0.957465,2.8,-31,1.0678,35.1,-0.54,12.600000000000001,30.5,0.03,-0.11
111859,3429268,59.460422,-0.947947,2.8,-31,1.0496,35.1,-0.54,12.600000000000001,30.1,0.03,-0.11
111859,3430239,59.448568,-0.947387,2.5,-31,1.1144,35.1,-0.54,12.600000000000001,29.8,0.03,-0.1
111859,3431211,59.43804,-0.955423,2.7,-31,1.0907,35.1,-0.54,12.5,30.1,0.03,-0.1
111859,3432191,59.42992,-0.969818,2.6,-31,1.1986,35.1,-0.54,12.5,30.400000000000002,0.03,-0.1
111859,3433144,59.428407,-0.9772,5.7,-31,1.1884000000000001,35.1,-0.54,12.5,30.5,0.03,-0.1
111859,3434084,59.427715,-1.002842,2.7,-31,1.3512,35.1,-0.54,12.4,30.8,0.02,-0.1
111859,3434989,59.428503,-1.025275,2.8,-31,1.3255000000000001,35.1,-0.54,12.4,31.1,0.02,-0.1
111859,3435891,59.42756,-1.046882,2.5,-31,1.4436,35.2,-0.54,12.4,31.3,0.02,-0.1
111859,3436811,59.426537,-1.06898,2.4,-31,1.3827,35.2,-0.54,12.3,31.400000000000002,0.02,-0.1
111859,3437743,59.424617,-1.090742,2.7,-30,1.4937,35.2,-0.54,12.3,31.400000000000002,0.02,-0.1
111859,3438664,59.422517,-1.112232,2.7,-30,1.4259000000000002,35.2,-0.54,12.200000000000001,31.5,0.02,-0.1
111859,3439595,59.420152,-1.133358,2.6,-30,1.419,35.2,-0.53,12.200000000000001,31.6,0.02,-0.1
111859,3440531,59.417888,-1.154583,2.6,-30,1.4031,35.2,-0.53,12.100000000000001,31.8,0.02,-0.1
111859,3441483,59.417128,-1.176525,2.6,-28,1.3369,35.2,-0.53,12.,32.,0.02,-0.11
111859,3442496,59.413365,-1.19777,2.5,-27,1.3644,35.2,-0.53,12.,32.300000000000004,0.02,-0.11
111859,3443425,59.410948,-1.219142,2.7,-27,1.391,35.2,-0.53,11.9,31.900000000000002,0.02,-0.11
111859,3444332,59.40815,-1.239765,3.1,-27,1.3742,35.2,-0.53,11.8,31.400000000000002,0.02,-0.11
111859,3445280,59.408433,-1.263342,3.1,-26,1.3775000000000002,35.2,-0.53,11.700000000000001,30.900000000000002,0.02,-0.12
111859,3446204,59.408382,-1.28598,2.8,-26,1.4051,35.2,-0.52,11.700000000000001,30.400000000000002,0.02,-0.12
111859,3447217,59.408005,-1.312145,2.7,-25,1.3995,35.2,-0.52,11.600000000000001,30.400000000000002,0.01,-0.12
111859,3448232,59.408253,-1.337788,2.8,-25,1.3388,35.2,-0.52,11.600000000000001,30.3,0.01,-0.13
111859,3449165,59.408102,-1.362187,3.1,-24,1.3585,35.2,-0.52,11.600000000000001,30.200000000000003,0.01,-0.13
111859,3450120,59.40752,-1.387022,3.1,-24,1.2123000000000002,35.2,-0.52,11.600000000000001,30.,0.01,-0.14
111859,3451260,59.410418,-1.407838,3.2,-24,1.2452,35.2,-0.51,11.600000000000001,29.700000000000003,0.02,-0.15
111859,3452093,59.421667,-1.426667,2.,-23,1.1988,35.2,-0.51,11.600000000000001,29.5,0.02,-0.15
111859,3452237,59.42346,-1.430045,3.1,-23,1.1824000000000001,35.2,-0.51,11.600000000000001,29.5,0.02,-0.15
111859,3452453,59.425,-1.43,2.,-23,1.1744,35.2,-0.51,11.600000000000001,29.5,0.02,-0.15
111859,3453182,59.435718,-1.42984,2.8,-23,1.118,35.2,-0.51,11.600000000000001,29.5,0.02,-0.15
111859,3454131,59.447115,-1.424582,2.7,-22,1.06,35.2,-0.51,11.600000000000001,29.6,0.03,-0.15
111859,3455059,59.457822,-1.41617,2.6,-24,1.1543,35.2,-0.51,11.600000000000001,29.700000000000003,0.03,-0.15
111859,3455516,59.461667,-1.413333,2.,-23,1.1277000000000001,35.2,-0.51,11.600000000000001,29.700000000000003,0.03,-0.15
111859,3455876,59.463333,-1.415,2.,-23,1.1204,35.2,-0.51,11.600000000000001,29.8,0.03,-0.15
111859,3455887,59.464967,-1.41518,1.8,-23,1.1187,35.2,-0.51,11.600000000000001,29.8,0.04,-0.15
111859,3456011,59.465612,-1.415912,0.9,-23,1.1158000000000001,35.2,-0.51,11.600000000000001,29.8,0.04,-0.15
111859,3456975,59.472238,-1.443422,8.4,-21,1.0932,35.2,-0.51,11.600000000000001,30.200000000000003,0.04,-0.16
111859,3457883,59.484442,-1.507112,8.2,-17,0.8369000000000001,35.2,-0.5,11.600000000000001,30.,0.04,-0.13
111859,3458800,59.49759,-1.56146,7.,-10,0.7190000000000001,35.2,-0.5,11.600000000000001,30.200000000000003,0.04,-0.1
111859,3459799,59.504973,-1.582115,2.7,-15,0.9157000000000001,35.2,-0.5,11.600000000000001,30.700000000000003,0.04,-0.09
111859,3485736,59.428973,-1.411342,3.1,-24,1.2515,35.2,-0.51,11.600000000000001,29.,0.01,-0.14
111859,3486676,59.416432,-1.417933,3.1,-23,1.03,35.2,-0.51,11.600000000000001,29.,0.01,-0.14
111859,3487577,59.404225,-1.423968,3.1,-23,1.0664,35.2,-0.51,11.600000000000001,29.,0.,-0.14
111859,3488509,59.391515,-1.427608,2.9,-23,1.1138000000000001,35.2,-0.51,11.600000000000001,29.,0.,-0.14
111859,3489426,59.37908,-1.431955,3.1,-24,1.1689,35.2,-0.51,11.600000000000001,29.,0.,-0.14
111859,3490407,59.36601,-1.432658,2.7,-24,1.0138,35.2,-0.51,11.5,29.,-0.01,-0.14
111859,3491340,59.358112,-1.417233,2.7,-24,1.0417,35.2,-0.52,11.5,29.400000000000002,-0.01,-0.14
111859,3492269,59.354687,-1.399462,2.2,-25,1.2327000000000001,35.2,-0.52,11.5,29.8,-0.01,-0.13
111859,3493258,59.352067,-1.378858,2.5,-25,1.2288000000000001,35.2,-0.52,11.5,30.200000000000003,-0.01,-0.13
111859,3494207,59.355322,-1.359545,2.1,-25,1.3114000000000001,35.2,-0.52,11.5,30.5,-0.01,-0.12
111859,3495157,59.360812,-1.34198,2.5,-25,1.2755,35.2,-0.52,11.600000000000001,30.6,-0.01,-0.12
111859,3495331,59.361667,-1.338333,2.,-26,1.2678,35.2,-0.52,11.600000000000001,30.6,-0.01,-0.12
111859,3496108,59.366578,-1.324545,2.4,-26,1.3356000000000001,35.2,-0.52,11.600000000000001,30.5,-0.01,-0.12
111859,3497057,59.3731,-1.308003,2.6,-26,1.3148,35.2,-0.52,11.600000000000001,30.5,-0.01,-0.12
111859,3498018,59.382708,-1.295833,2.5,-26,1.3593000000000002,35.2,-0.52,11.700000000000001,30.5,-0.01,-0.12
111859,3498387,59.385,-1.29,2.,-26,1.3835000000000002,35.2,-0.53,11.700000000000001,30.5,-0.01,-0.11
111859,3498567,59.386667,-1.288333,2.,-26,1.3852,35.2,-0.53,11.700000000000001,30.5,-0.01,-0.11
111859,3498958,59.39265,-1.284973,3.,-26,1.3901000000000001,35.2,-0.53,11.700000000000001,30.5,-0.01,-0.11
111859,3499915,59.405087,-1.283498,2.7,-26,1.3994,35.2,-0.53,11.700000000000001,30.400000000000002,0.,-0.11
111859,3500830,59.41582,-1.293458,3.2,-25,1.3482,35.2,-0.52,11.700000000000001,30.200000000000003,0.,-0.11
111859,3500911,59.415,-1.295,2.,-25,1.3528,35.2,-0.52,11.700000000000001,30.200000000000003,0.,-0.12
111859,3501738,59.425662,-1.30967,3.1,-25,1.4296,35.2,-0.52,11.700000000000001,29.900000000000002,0.,-0.12
111859,3502686,59.435507,-1.327062,3.1,-25,1.4318,35.2,-0.52,11.700000000000001,29.5,0.,-0.12
111859,3503908,59.446875,-1.352432,3.1,-24,1.3523,35.2,-0.52,11.600000000000001,28.900000000000002,0.01,-0.12
111859,3504849,59.456043,-1.370783,2.9,-24,1.2948000000000002,35.2,-0.52,11.600000000000001,28.700000000000003,0.01,-0.13
111859,3505758,59.46439,-1.389048,3.1,-24,1.2116,35.2,-0.52,11.600000000000001,28.8,0.02,-0.13
111859,3506672,59.471667,-1.406667,3.,-23,1.1408,35.2,-0.51,11.600000000000001,29.,0.02,-0.14
111859,3506678,59.4729,-1.407093,3.1,-23,1.1381000000000001,35.2,-0.51,11.600000000000001,29.,0.02,-0.14
111859,3507687,59.48279,-1.409625,2.9,-23,1.1208,35.2,-0.51,11.600000000000001,29.1,0.03,-0.14
111859,3508621,59.483653,-1.412762,2.,-23,1.1126,35.2,-0.51,11.600000000000001,29.200000000000003,0.03,-0.14
111859,3509558,59.472705,-1.411052,2.1,-23,1.1263,35.2,-0.51,11.600000000000001,29.,0.02,-0.14
111859,3510519,59.462855,-1.409853,2.3,-23,1.1394,35.2,-0.51,11.600000000000001,28.8,0.02,-0.14
111859,3511468,59.452195,-1.408295,2.5,-24,1.1892,35.2,-0.51,11.600000000000001,28.6,0.01,-0.14
111859,3512072,59.445,-1.405,2.,-24,1.2171,35.2,-0.51,11.600000000000001,28.5,0.01,-0.14
111859,3512417,59.441452,-1.405295,2.6,-24,1.2266000000000001,35.2,-0.51,11.600000000000001,28.5,0.01,-0.14
111859,3513375,59.430425,-1.40507,2.8,-24,1.2585,35.2,-0.51,11.600000000000001,28.6,0.,-0.14
111859,3514327,59.419672,-1.41109,2.5,-25,1.2796,35.2,-0.51,11.600000000000001,28.6,0.,-0.14
111859,3515268,59.408795,-1.413913,2.7,-24,1.262,35.2,-0.51,11.600000000000001,28.700000000000003,0.,-0.14
111859,3516226,59.397545,-1.41812,2.6,-24,1.0853000000000002,35.2,-0.51,11.600000000000001,28.700000000000003,-0.01,-0.14
111859,3517148,59.386385,-1.421222,2.7,-24,1.1229,35.2,-0.52,11.600000000000001,28.700000000000003,-0.01,-0.14
111859,3518087,59.375058,-1.423812,2.7,-24,1.1653,35.2,-0.52,11.600000000000001,28.700000000000003,-0.01,-0.14
111859,3519040,59.363917,-1.427033,2.6,-24,1.0167000000000002,35.2,-0.52,11.600000000000001,28.700000000000003,-0.01,-0.14
111859,3519956,59.35358,-1.416047,3.1,-25,1.243,35.2,-0.52,11.600000000000001,29.200000000000003,-0.02,-0.14
111859,3520916,59.347778,-1.394627,2.9,-25,1.2484,35.2,-0.52,11.5,29.700000000000003,-0.02,-0.13
111859,3521849,59.348957,-1.372343,2.6,-25,1.3352000000000002,35.2,-0.52,11.600000000000001,30.,-0.02,-0.12
111859,3522805,59.35303,-1.352313,2.3,-25,1.3009000000000002,35.2,-0.52,11.600000000000001,30.200000000000003,-0.02,-0.12
111859,3523767,59.35825,-1.333588,2.4,-26,1.2633,35.2,-0.52,11.600000000000001,30.400000000000002,-0.02,-0.12
111859,3524715,59.364843,-1.317503,2.3,-26,1.3288,35.2,-0.52,11.600000000000001,30.5,-0.02,-0.12
111859,3525679,59.371595,-1.302015,2.5,-26,1.3089,35.2,-0.53,11.700000000000001,30.5,-0.02,-0.11
111859,3526628,59.378905,-1.287733,2.5,-26,1.3772,35.2,-0.53,11.700000000000001,30.6,-0.02,-0.11
111859,3527629,59.389588,-1.284085,2.3,-26,1.3872,35.2,-0.53,11.700000000000001,30.5,-0.02,-0.11
111859,3528094,59.393333,-1.283333,2.,-26,1.3900000000000001,35.2,-0.53,11.700000000000001,30.5,-0.02,-0.11
111859,3528568,59.400013,-1.28354,2.6,-26,1.3954,35.2,-0.53,11.700000000000001,30.400000000000002,-0.02,-0.11
111859,3529508,59.410397,-1.286485,2.5,-26,1.4076,35.2,-0.52,11.8,30.3,-0.01,-0.11
111859,3530449,59.41879,-1.299247,2.6,-26,1.4245,35.2,-0.52,11.700000000000001,30.,-0.01,-0.11
111859,3531409,59.425887,-1.311337,0.7,-25,1.4296,35.2,-0.52,11.700000000000001,29.700000000000003,-0.01,-0.11
111859,3532320,59.42567,-1.316248,0.5,-25,1.429,35.2,-0.52,11.700000000000001,29.6,-0.01,-0.11
111859,3533236,59.413467,-1.300608,2.4,-25,1.3689,35.2,-0.52,11.700000000000001,30.,-0.01,-0.11
111859,3534198,59.404523,-1.287883,2.6,-26,1.4035,35.2,-0.52,11.700000000000001,30.3,-0.02,-0.11
111859,3535139,59.396165,-1.275398,2.4,-26,1.3876000000000002,35.2,-0.53,11.8,30.6,-0.02,-0.11
111859,3536089,59.386203,-1.273092,2.6,-26,1.3837000000000002,35.2,-0.53,11.700000000000001,30.700000000000003,-0.02,-0.11
111859,3537058,59.375598,-1.273567,2.4,-26,1.3807,35.2,-0.53,11.700000000000001,30.8,-0.02,-0.11
111859,3537980,59.365445,-1.274637,2.8,-27,1.3496000000000001,35.2,-0.53,11.700000000000001,30.900000000000002,-0.02,-0.11
111859,3539157,59.359103,-1.299778,2.4,-27,1.3134000000000001,35.2,-0.53,11.600000000000001,30.6,-0.02,-0.11
111859,3540119,59.35091,-1.314077,2.4,-27,1.3311000000000002,35.2,-0.53,11.600000000000001,30.400000000000002,-0.02,-0.11
111859,3540870,59.345,-1.325,2.,-27,1.3432000000000002,35.2,-0.53,11.600000000000001,30.200000000000003,-0.03,-0.11
111859,3541067,59.344295,-1.330512,2.7,-27,1.3482,35.2,-0.52,11.600000000000001,30.200000000000003,-0.03,-0.11
111859,3542029,59.341798,-1.352377,2.9,-26,1.3101,35.2,-0.52,11.600000000000001,30.,-0.03,-0.12
111859,3542977,59.342115,-1.37605,2.8,-25,1.2358,35.2,-0.52,11.600000000000001,29.8,-0.03,-0.12
111859,3543898,59.346132,-1.397298,3.1,-25,1.2554,35.2,-0.52,11.600000000000001,29.5,-0.03,-0.13
111859,3544292,59.35,-1.403333,2.,-25,1.2493,35.2,-0.52,11.600000000000001,29.3,-0.02,-0.13
111859,3544472,59.351667,-1.406667,2.,-25,1.2458,35.2,-0.52,11.600000000000001,29.200000000000003,-0.02,-0.13
111859,3544857,59.355563,-1.413702,2.8,-25,1.2337,35.2,-0.52,11.600000000000001,28.900000000000002,-0.02,-0.13
111859,3545817,59.366137,-1.425262,2.5,-24,1.0010000000000001,35.2,-0.52,11.600000000000001,28.400000000000002,-0.02,-0.14
111859,3546270,59.371667,-1.425,2.,-24,0.9675,35.2,-0.52,11.600000000000001,28.3,-0.02,-0.14
111859,3546630,59.375,-1.425,2.,-24,0.9475,35.2,-0.52,11.600000000000001,28.3,-0.02,-0.14
111859,3546767,59.377708,-1.42551,2.5,-24,1.1601000000000001,35.2,-0.52,11.600000000000001,28.3,-0.02,-0.14
111859,3547717,59.38614,-1.415128,2.5,-24,1.3175000000000001,35.2,-0.52,11.600000000000001,28.400000000000002,-0.02,-0.14
111859,3548689,59.392698,-1.399805,2.4,-24,1.284,35.2,-0.52,11.600000000000001,28.5,-0.02,-0.13
111859,3549648,59.399407,-1.383687,2.3,-24,1.2381,35.2,-0.52,11.600000000000001,28.700000000000003,-0.02,-0.13
111859,3550588,59.405702,-1.367272,2.3,-24,1.3683,35.2,-0.52,11.600000000000001,28.8,-0.02,-0.12
111859,3551509,59.411602,-1.35039,2.6,-25,1.3444,35.2,-0.52,11.600000000000001,29.,-0.02,-0.12
111859,3552390,59.416667,-1.333333,2.,-25,1.4249,35.2,-0.52,11.700000000000001,29.200000000000003,-0.02,-0.11
111859,3552434,59.416968,-1.332533,2.4,-25,1.4249,35.2,-0.52,11.700000000000001,29.200000000000003,-0.02,-0.11
111859,3552435,59.416968,-1.332533,2.4,-25,1.4249,35.2,-0.52,11.700000000000001,29.200000000000003,-0.02,-0.11
111859,3552450,59.417015,-1.332328,2.5,-25,1.4249,35.2,-0.52,11.700000000000001,29.200000000000003,-0.02,-0.11
111859,3553398,59.42218,-1.314063,2.4,-25,1.4271,35.2,-0.52,11.700000000000001,29.5,-0.02,-0.11
111859,3554337,59.43012,-1.299482,2.8,-26,1.4345,35.2,-0.52,11.8,29.8,-0.02,-0.11
111859,3555286,59.442138,-1.299257,2.7,-25,1.4452,35.2,-0.52,11.8,29.6,-0.02,-0.11
111859,3556191,59.447877,-1.300385,0.7,-25,1.4498,35.2,-0.52,11.8,29.5,-0.02,-0.11
111859,3557152,59.442938,-1.298448,2.3,-25,1.4463000000000001,35.2,-0.52,11.8,29.6,-0.02,-0.11
111859,3558079,59.43014,-1.29745,2.8,-26,1.4349,35.2,-0.52,11.8,29.8,-0.02,-0.11
111859,3559036,59.418025,-1.295807,2.8,-26,1.4237,35.2,-0.52,11.8,30.,-0.02,-0.11
111859,3559960,59.406417,-1.293805,2.6,-26,1.351,35.2,-0.52,11.8,30.1,-0.03,-0.11
111859,3560918,59.393973,-1.290997,2.8,-26,1.3941000000000001,35.2,-0.53,11.700000000000001,30.3,-0.03,-0.11
111859,3561938,59.382705,-1.300678,2.9,-26,1.3684,35.2,-0.53,11.700000000000001,30.3,-0.03,-0.11
111859,3562920,59.372312,-1.312427,2.7,-26,1.3201,35.2,-0.52,11.700000000000001,30.200000000000003,-0.03,-0.11
111859,3563835,59.364343,-1.326237,2.8,-26,1.3381,35.2,-0.52,11.600000000000001,30.200000000000003,-0.03,-0.11
111859,3564820,59.357103,-1.34278,2.9,-26,1.2809000000000001,35.2,-0.52,11.600000000000001,30.,-0.03,-0.12
111859,3565741,59.350858,-1.35804,2.4,-25,1.3118,35.2,-0.52,11.600000000000001,29.8,-0.03,-0.12
111859,3566677,59.34811,-1.375323,2.1,-25,1.23,35.2,-0.52,11.600000000000001,29.5,-0.03,-0.12
111859,3567586,59.348577,-1.39013,1.8,-25,1.2425000000000002,35.2,-0.52,11.600000000000001,29.3,-0.03,-0.12
111859,3568517,59.351438,-1.403345,1.9,-25,1.2446000000000002,35.2,-0.52,11.600000000000001,28.900000000000002,-0.03,-0.13
111859,3569449,59.356408,-1.41451,2.,-25,1.2303,35.2,-0.52,11.600000000000001,28.5,-0.03,-0.13
111859,3570388,59.361658,-1.425675,1.9,-24,1.0282,35.2,-0.52,11.600000000000001,28.1,-0.03,-0.14
111859,3571317,59.36702,-1.436087,1.9,-24,1.0144,35.2,-0.52,11.600000000000001,27.8,-0.03,-0.14
111859,3572258,59.375282,-1.437125,1.8,-24,1.1967,35.2,-0.52,11.600000000000001,27.700000000000003,-0.03,-0.14
111859,3573206,59.384037,-1.437325,2.,-23,1.1581000000000001,35.2,-0.52,11.600000000000001,27.6,-0.02,-0.14
111859,3574138,59.390838,-1.420842,2.9,-24,1.1083,35.2,-0.52,11.600000000000001,27.8,-0.02,-0.14
111859,3575146,59.397697,-1.400697,2.8,-24,1.2696,35.2,-0.52,11.600000000000001,28.1,-0.02,-0.13
111859,3576088,59.404232,-1.382387,2.5,-24,1.2165000000000001,35.2,-0.52,11.600000000000001,28.200000000000003,-0.03,-0.12
111859,3577060,59.410918,-1.364008,2.5,-24,1.3538000000000001,35.2,-0.52,11.600000000000001,28.400000000000002,-0.03,-0.11
111859,3578001,59.417323,-1.345825,2.6,-25,1.4542000000000002,35.2,-0.52,11.700000000000001,28.6,-0.03,-0.11
111859,3579890,59.43606,-1.337125,2.4,-25,1.4044,35.2,-0.52,11.700000000000001,28.5,-0.02,-0.11
111859,3580827,59.445728,-1.346847,2.6,-24,1.3632,35.2,-0.52,11.700000000000001,28.,-0.02,-0.11
111859,3581010,59.446667,-1.348333,2.,-24,1.3583,35.2,-0.52,11.700000000000001,28.,-0.02,-0.11
111859,3581190,59.448333,-1.351667,2.,-24,1.3486,35.2,-0.52,11.700000000000001,27.900000000000002,-0.02,-0.11
111859,3581776,59.45385,-1.361017,2.5,-24,1.3170000000000002,35.2,-0.52,11.700000000000001,27.5,-0.02,-0.11
111859,3582737,59.462287,-1.375283,2.7,-24,1.2667000000000002,35.2,-0.52,11.700000000000001,27.5,-0.01,-0.11
111859,3583651,59.46663,-1.388008,1.1,-24,1.2101,35.2,-0.52,11.700000000000001,27.5,-0.01,-0.12
111859,3584564,59.464533,-1.393592,0.5,-24,1.1952,35.2,-0.52,11.700000000000001,27.5,-0.01,-0.12
111859,3585468,59.49192,-1.39081,7.3,-23,1.147,35.2,-0.52,11.700000000000001,27.6,0.,-0.12
111859,3586388,59.522238,-1.39035,7.2,-24,1.1335,35.2,-0.52,11.700000000000001,27.8,0.02,-0.11
111859,3587297,59.552172,-1.390262,7.3,-23,1.1846,35.2,-0.52,11.700000000000001,27.6,0.03,-0.1
111859,3588206,59.582738,-1.390117,7.1,-22,1.2278,35.2,-0.52,11.700000000000001,27.400000000000002,0.04,-0.09
111859,3589107,59.611925,-1.383222,7.2,-23,1.2216,35.2,-0.52,11.700000000000001,27.,0.05,-0.08
111859,3589653,59.628333,-1.37,7.,-22,0.9932000000000001,35.2,-0.52,11.700000000000001,26.400000000000002,0.05,-0.06
111859,3590019,59.63905,-1.361172,6.5,-22,1.0111,35.2,-0.52,11.700000000000001,26.1,0.05,-0.05
111859,3591848,59.696692,-1.307597,7.4,-22,1.0449,35.2,-0.52,11.9,25.200000000000003,0.07,-0.03
111859,3592750,59.725305,-1.28448,7.6,-22,1.0317,35.2,-0.52,12.,23.700000000000003,0.08,-0.02
111859,3593666,59.75371,-1.260402,7.5,-23,0.9823000000000001,35.2,-0.52,12.,23.1,0.1,-0.02
111859,3594580,59.78225,-1.239083,7.2,-22,0.9478000000000001,35.2,-0.53,11.9,22.700000000000003,0.11,-0.03
111859,3595413,59.808333,-1.22,7.,-21,0.9458000000000001,35.2,-0.53,11.9,21.900000000000002,0.12,-0.03
111859,3595499,59.81143,-1.217895,7.4,-21,0.9435,35.2,-0.53,11.8,21.8,0.13,-0.03
111859,3596406,59.841288,-1.196288,7.7,-23,1.1648,35.2,-0.53,11.700000000000001,20.200000000000003,0.13,-0.02
111859,3597317,59.871992,-1.175578,7.9,-20,1.0307,35.2,-0.53,11.600000000000001,17.400000000000002,0.1,-0.03
111859,3598278,59.9067,-1.167687,7.9,-17,1.2337,35.2,-0.53,11.5,14.3,0.08,-0.02
111859,3599186,59.939497,-1.154402,8.,-21,1.6332,35.2,-0.53,11.4,13.8,0.07,-0.02
111859,3600088,59.971703,-1.14304,7.8,-18,1.5881,35.2,-0.54,11.3,13.4,0.06,-0.01
111859,3600814,59.998333,-1.138333,8.,-16,1.6357000000000002,35.2,-0.54,11.3,12.3,0.04,0.
111859,3601029,60.007087,-1.139518,8.4,-15,1.4617,35.2,-0.54,11.3,12.,0.04,0.01
111859,3601948,60.041453,-1.137433,8.2,-11,1.5423,35.2,-0.54,11.3,11.100000000000001,0.04,0.01
111859,3602849,60.074762,-1.138762,7.9,-6,1.363,35.2,-0.54,11.3,10.200000000000001,0.04,0.02
111859,3603757,60.107818,-1.142413,7.9,-7,1.1745,35.2,-0.54,11.3,10.100000000000001,0.04,0.02
111859,3604659,60.14034,-1.131447,8.1,-8,1.075,35.2,-0.54,11.3,10.100000000000001,0.04,0.02
111859,3605668,60.157288,-1.1439,0.,-11,1.075,35.2,-0.54,11.3,10.100000000000001,0.04,0.02
111859,3606579,60.157287,-1.143912,0.,-11,1.075,35.2,-0.54,11.3,10.100000000000001,0.04,0.02
111859,3607558,60.157288,-1.143908,0.,-11,1.075,35.2,-0.54,11.3,10.100000000000001,0.04,0.02
111859,3608459,60.157293,-1.143938,0.,-11,1.075,35.2,-0.54,11.3,10.100000000000001,0.04,0.02
111859,3609440,60.157307,-1.1439,0.,-11,1.075,35.2,-0.54,11.3,10.100000000000001,0.04,0.02
111859,3610448,60.157292,-1.14393,0.,-11,1.075,35.2,-0.54,11.3,10.100000000000001,0.04,0.02
111859,3611450,60.157297,-1.143905,0.,-11,1.075,35.2,-0.54,11.3,10.100000000000001,0.04,0.02
111859,3612405,60.15736,-1.143918,0.2,-11,1.075,35.2,-0.54,11.3,10.100000000000001,0.04,0.02
111859,3613361,60.1575,-1.143777,3.,-11,1.075,35.2,-0.54,11.200000000000001,10.,0.04,0.02
111859,3614297,60.165707,-1.160185,0.,-15,1.075,-99999.,-99999.,-99999.,-99999.,-99999.,-99999.
111859,3615217,60.165717,-1.160198,0.,-15,1.075,-99999.,-99999.,-99999.,-99999.,-99999.,-99999.
111859,3616257,60.165708,-1.160183,0.,-15,1.075,-99999.,-99999.,-99999.,-99999.,-99999.,-99999.
111859,3617014,60.165,-1.16,0.,-15,1.075,-99999.,-99999.,-99999.,-99999.,-99999.,-99999.
111859,3617240,60.1657,-1.160167,0.,-15,1.075,-99999.,-99999.,-99999.,-99999.,-99999.,-99999.
111859,3618176,60.165725,-1.16017,0.,-15,1.075,-99999.,-99999.,-99999.,-99999.,-99999.,-99999.
111859,3619097,60.165708,-1.16018,0.,-15,1.075,-99999.,-99999.,-99999.,-99999.,-99999.,-99999.
111859,3620075,60.165698,-1.160167,0.,-15,1.075,-99999.,-99999.,-99999.,-99999.,-99999.,-99999.
111859,3621087,60.165697,-1.160127,0.,-15,1.075,-99999.,-99999.,-99999.,-99999.,-99999.,-99999.
111859,3622000,60.165688,-1.160142,0.,-15,1.075,-99999.,-99999.,-99999.,-99999.,-99999.,-99999.
111859,3622977,60.165708,-1.160183,0.,-15,1.075,-99999.,-99999.,-99999.,-99999.,-99999.,-99999.
111859,3624026,60.165712,-1.160168,0.,-15,1.075,-99999.,-99999.,-99999.,-99999.,-99999.,-99999.
111859,3624938,60.165705,-1.160165,0.,-15,1.075,-99999.,-99999.,-99999.,-99999.,-99999.,-99999.
111859,3625917,60.165698,-1.160168,0.,-15,1.075,-99999.,-99999.,-99999.,-99999.,-99999.,-99999.
111859,3626838,60.165705,-1.160177,0.,-15,1.075,-99999.,-99999.,-99999.,-99999.,-99999.,-99999.
111859,3627814,60.165,-1.16,0.,-15,1.075,-99999.,-99999.,-99999.,-99999.,-99999.,-99999.
111859,3627838,60.165697,-1.160202,0.,-15,1.075,-99999.,-99999.,-99999.,-99999.,-99999.,-99999.
111859,3627994,60.165,-1.16,0.,-15,1.075,-99999.,-99999.,-99999.,-99999.,-99999.,-99999.
111859,3628759,60.165693,-1.16016,0.,-15,1.075,-99999.,-99999.,-99999.,-99999.,-99999.,-99999.
111859,3629071,60.165,-1.16,0.,-15,1.075,-99999.,-99999.,-99999.,-99999.,-99999.,-99999.
111859,3629800,60.165703,-1.160172,0.,-15,1.075,-99999.,-99999.,-99999.,-99999.,-99999.,-99999.
111859,3630736,60.16572,-1.160173,0.,-15,1.075,-99999.,-99999.,-99999.,-99999.,-99999.,-99999.
111859,3631760,60.16567,-1.160177,0.,-15,1.075,-99999.,-99999.,-99999.,-99999.,-99999.,-99999.
111859,3632668,60.165658,-1.160215,0.,-15,1.075,-99999.,-99999.,-99999.,-99999.,-99999.,-99999.
111859,3633394,60.165,-1.16,0.,-15,1.075,-99999.,-99999.,-99999.,-99999.,-99999.,-99999.
111859,3633688,60.165712,-1.160183,0.,-15,1.075,-99999.,-99999.,-99999.,-99999.,-99999.,-99999.
111859,3634657,60.1657,-1.160198,0.,-15,1.075,-99999.,-99999.,-99999.,-99999.,-99999.,-99999.
111859,3634832,60.165,-1.16,0.,-15,1.075,-99999.,-99999.,-99999.,-99999.,-99999.,-99999.
111859,3635012,60.165,-1.16,0.,-15,1.075,-99999.,-99999.,-99999.,-99999.,-99999.,-99999.
111859,3635697,60.165707,-1.160193,0.,-15,1.075,-99999.,-99999.,-99999.,-99999.,-99999.,-99999.
111859,3636648,60.165723,-1.16017,0.,-15,1.075,-99999.,-99999.,-99999.,-99999.,-99999.,-99999.
111859,3637566,60.165698,-1.160165,0.,-15,1.075,-99999.,-99999.,-99999.,-99999.,-99999.,-99999.
111859,3638518,60.165695,-1.160193,0.,-15,1.075,-99999.,-99999.,-99999.,-99999.,-99999.,-99999.
111859,3639419,60.165698,-1.160195,0.,-15,1.075,-99999.,-99999.,-99999.,-99999.,-99999.,-99999.
111859,3640346,60.165697,-1.160198,0.,-15,1.075,-99999.,-99999.,-99999.,-99999.,-99999.,-99999.
111859,3640412,60.165698,-1.160187,0.,-15,1.075,-99999.,-99999.,-99999.,-99999.,-99999.,-99999.
111859,3640592,60.165,-1.16,0.,-15,1.075,-99999.,-99999.,-99999.,-99999.,-99999.,-99999.
111859,3641287,60.165685,-1.160187,0.,-15,1.075,-99999.,-99999.,-99999.,-99999.,-99999.,-99999.
111859,3642300,60.165685,-1.160202,0.,-15,1.075,-99999.,-99999.,-99999.,-99999.,-99999.,-99999.
111859,3643310,60.165668,-1.160193,0.,-15,1.075,-99999.,-99999.,-99999.,-99999.,-99999.,-99999.
111859,3644249,60.1657,-1.160213,0.,-15,1.075,-99999.,-99999.,-99999.,-99999.,-99999.,-99999.
111859,3645226,60.165717,-1.160175,0.,-15,1.075,-99999.,-99999.,-99999.,-99999.,-99999.,-99999.
111859,3646146,60.165685,-1.160192,0.,-15,1.075,-99999.,-99999.,-99999.,-99999.,-99999.,-99999.
111859,3646352,60.165,-1.16,0.,-15,1.075,-99999.,-99999.,-99999.,-99999.,-99999.,-99999.
111859,3647099,60.165692,-1.160185,0.,-15,1.075,-99999.,-99999.,-99999.,-99999.,-99999.,-99999.
111859,3648097,60.1657,-1.160168,0.,-15,1.075,-99999.,-99999.,-99999.,-99999.,-99999.,-99999.
111859,3649109,60.165708,-1.160207,0.,-15,1.075,-99999.,-99999.,-99999.,-99999.,-99999.,-99999.
111859,3650057,60.165702,-1.160207,0.,-15,1.075,-99999.,-99999.,-99999.,-99999.,-99999.,-99999.
111859,3651038,60.165697,-1.160195,0.,-15,1.075,-99999.,-99999.,-99999.,-99999.,-99999.,-99999.
111859,3652047,60.16572,-1.160143,0.,-15,1.075,-99999.,-99999.,-99999.,-99999.,-99999.,-99999.
111859,3653059,60.165688,-1.160142,0.,-15,1.075,-99999.,-99999.,-99999.,-99999.,-99999.,-99999.
111859,3654067,60.165698,-1.160162,0.,-15,1.075,-99999.,-99999.,-99999.,-99999.,-99999.,-99999.
111859,3654976,60.165695,-1.160158,0.,-15,1.075,-99999.,-99999.,-99999.,-99999.,-99999.,-99999.
111859,3655938,60.165708,-1.160178,0.,-15,1.075,-99999.,-99999.,-99999.,-99999.,-99999.,-99999.
111859,3657947,60.165702,-1.160177,0.,-15,1.075,-99999.,-99999.,-99999.,-99999.,-99999.,-99999.
111859,3658899,60.16571,-1.160155,0.,-15,1.075,-99999.,-99999.,-99999.,-99999.,-99999.,-99999.
111859,3659816,60.16572,-1.160165,0.,-15,1.075,-99999.,-99999.,-99999.,-99999.,-99999.,-99999.
111859,3660799,60.165718,-1.160157,0.,-15,1.075,-99999.,-99999.,-99999.,-99999.,-99999.,-99999.
111859,3661740,60.165703,-1.160175,0.,-15,1.075,-99999.,-99999.,-99999.,-99999.,-99999.,-99999.
111859,3662718,60.165693,-1.160163,0.,-15,1.075,-99999.,-99999.,-99999.,-99999.,-99999.,-99999.
111859,3663627,60.165683,-1.160175,0.,-15,1.075,-99999.,-99999.,-99999.,-99999.,-99999.,-99999.
111859,3664606,60.165703,-1.160188,0.,-15,1.075,-99999.,-99999.,-99999.,-99999.,-99999.,-99999.
111859,3665618,60.165682,-1.160163,0.,-15,1.075,-99999.,-99999.,-99999.,-99999.,-99999.,-99999.
111859,3666599,60.165692,-1.160163,0.,-15,1.075,-99999.,-99999.,-99999.,-99999.,-99999.,-99999.
111859,3667538,60.165685,-1.160168,0.,-15,1.075,-99999.,-99999.,-99999.,-99999.,-99999.,-99999.
111859,3668546,60.16569,-1.16017,0.,-15,1.075,-99999.,-99999.,-99999.,-99999.,-99999.,-99999.
111859,3669393,60.165,-1.16,0.,-15,1.075,-99999.,-99999.,-99999.,-99999.,-99999.,-99999.
111859,3669559,60.165702,-1.160173,0.,-15,1.075,-99999.,-99999.,-99999.,-99999.,-99999.,-99999.
111859,3670475,60.165712,-1.160127,0.,-15,1.075,-99999.,-99999.,-99999.,-99999.,-99999.,-99999.
111859,3671468,60.16046,-1.155205,0.1,-13,1.075,-99999.,-99999.,-99999.,-99999.,-99999.,-99999.
111859,3672417,60.160467,-1.155347,0.,-13,1.075,-99999.,-99999.,-99999.,-99999.,-99999.,-99999.
111859,3673377,60.16046,-1.15536,0.,-13,1.075,-99999.,-99999.,-99999.,-99999.,-99999.,-99999.
111859,3674326,60.16047,-1.155327,0.,-13,1.075,-99999.,-99999.,-99999.,-99999.,-99999.,-99999.
111859,3675279,60.16048,-1.155322,0.,-13,1.075,-99999.,-99999.,-99999.,-99999.,-99999.,-99999.
111859,3676229,60.160488,-1.155378,0.,-13,1.075,-99999.,-99999.,-99999.,-99999.,-99999.,-99999.
111859,3677177,60.160453,-1.155338,0.,-13,1.075,-99999.,-99999.,-99999.,-99999.,-99999.,-99999.
111859,3678138,60.160462,-1.15535,0.,-13,1.075,-99999.,-99999.,-99999.,-99999.,-99999.,-99999.
111859,3678575,60.16,-1.155,0.,-13,1.075,-99999.,-99999.,-99999.,-99999.,-99999.,-99999.
111859,3678755,60.16,-1.155,0.,-13,1.075,-99999.,-99999.,-99999.,-99999.,-99999.,-99999.
111859,3679089,60.16045,-1.155338,0.,-13,1.075,-99999.,-99999.,-99999.,-99999.,-99999.,-99999.
111859,3680038,60.160463,-1.155345,0.,-13,1.075,-99999.,-99999.,-99999.,-99999.,-99999.,-99999.
111859,3681019,60.160487,-1.155333,0.,-13,1.075,-99999.,-99999.,-99999.,-99999.,-99999.,-99999.
111859,3681968,60.160452,-1.155362,0.,-13,1.075,-99999.,-99999.,-99999.,-99999.,-99999.,-99999.
111859,3682939,60.160472,-1.155297,0.,-13,1.075,-99999.,-99999.,-99999.,-99999.,-99999.,-99999.
111859,3683896,60.160475,-1.155312,0.,-13,1.075,-99999.,-99999.,-99999.,-99999.,-99999.,-99999.
111859,3684837,60.160477,-1.155293,0.,-13,1.075,-99999.,-99999.,-99999.,-99999.,-99999.,-99999.
111859,3686745,60.160472,-1.155365,0.,-13,1.075,-99999.,-99999.,-99999.,-99999.,-99999.,-99999.
111859,3687689,60.160482,-1.155378,0.,-13,1.075,-99999.,-99999.,-99999.,-99999.,-99999.,-99999.
111859,3688638,60.160433,-1.155355,0.,-13,1.075,-99999.,-99999.,-99999.,-99999.,-99999.,-99999.
111859,3689597,60.160488,-1.155287,0.,-13,1.075,-99999.,-99999.,-99999.,-99999.,-99999.,-99999.
111859,3690549,60.16049,-1.155303,0.,-13,1.075,-99999.,-99999.,-99999.,-99999.,-99999.,-99999.
111859,3691489,60.160512,-1.155267,0.,-13,1.075,-99999.,-99999.,-99999.,-99999.,-99999.,-99999.
111859,3692416,60.160515,-1.15534,0.,-13,1.075,-99999.,-99999.,-99999.,-99999.,-99999.,-99999.
111859,3693357,60.160503,-1.155328,0.,-13,1.075,-99999.,-99999.,-99999.,-99999.,-99999.,-99999.
111859,3694298,60.160483,-1.155347,0.,-13,1.075,-99999.,-99999.,-99999.,-99999.,-99999.,-99999.
111859,3695258,60.1605,-1.155292,0.,-13,1.075,-99999.,-99999.,-99999.,-99999.,-99999.,-99999.
111859,3696207,60.160487,-1.155427,0.,-13,1.075,-99999.,-99999.,-99999.,-99999.,-99999.,-99999.
111859,3697146,60.160487,-1.15531,0.,-13,1.075,-99999.,-99999.,-99999.,-99999.,-99999.,-99999.
111859,3698099,60.160463,-1.155352,0.,-13,1.075,-99999.,-99999.,-99999.,-99999.,-99999.,-99999.
111859,3699027,60.160465,-1.155362,0.,-13,1.075,-99999.,-99999.,-99999.,-99999.,-99999.,-99999.
111859,3699967,60.160512,-1.15531,0.,-13,1.075,-99999.,-99999.,-99999.,-99999.,-99999.,-99999.
111859,3700908,60.160475,-1.155373,0.,-13,1.075,-99999.,-99999.,-99999.,-99999.,-99999.,-99999.
111859,3701867,60.160525,-1.15532,0.,-13,1.075,-99999.,-99999.,-99999.,-99999.,-99999.,-99999.
111859,3702827,60.160488,-1.155357,0.,-13,1.075,-99999.,-99999.,-99999.,-99999.,-99999.,-99999.
111859,3703829,60.160487,-1.155332,0.,-13,1.075,-99999.,-99999.,-99999.,-99999.,-99999.,-99999.
111859,3704758,60.160517,-1.155265,0.,-13,1.075,-99999.,-99999.,-99999.,-99999.,-99999.,-99999.
111859,3705719,60.160512,-1.155338,0.,-13,1.075,-99999.,-99999.,-99999.,-99999.,-99999.,-99999.
111859,3706679,60.160647,-1.155257,0.,-13,1.075,-99999.,-99999.,-99999.,-99999.,-99999.,-99999.
111859,3707623,60.160542,-1.155318,0.,-13,1.075,-99999.,-99999.,-99999.,-99999.,-99999.,-99999.
111859,3708567,60.160512,-1.155325,0.,-13,1.075,-99999.,-99999.,-99999.,-99999.,-99999.,-99999.
111859,3709528,60.160463,-1.155343,0.,-13,1.075,-99999.,-99999.,-99999.,-99999.,-99999.,-99999.
111859,3710465,60.160468,-1.15539,0.,-13,1.075,-99999.,-99999.,-99999.,-99999.,-99999.,-99999.
111859,3711336,60.16,-1.155,0.,-13,1.075,-99999.,-99999.,-99999.,-99999.,-99999.,-99999.
111859,3711401,60.160517,-1.155367,0.,-13,1.075,-99999.,-99999.,-99999.,-99999.,-99999.,-99999.
111859,3711873,60.16,-1.155,0.,-13,1.075,-99999.,-99999.,-99999.,-99999.,-99999.,-99999.
111859,3712338,60.160412,-1.155377,0.,-13,1.075,-99999.,-99999.,-99999.,-99999.,-99999.,-99999.
111859,3713252,60.160473,-1.155358,0.,-13,1.075,-99999.,-99999.,-99999.,-99999.,-99999.,-99999.
111859,3714250,60.16048,-1.155358,0.,-13,1.075,-99999.,-99999.,-99999.,-99999.,-99999.,-99999.
111859,3715186,60.160452,-1.15528,0.,-13,1.075,-99999.,-99999.,-99999.,-99999.,-99999.,-99999.
111859,3716178,60.160503,-1.155363,0.,-13,1.075,-99999.,-99999.,-99999.,-99999.,-99999.,-99999.
111859,3716736,60.16,-1.155,0.,-13,1.075,-99999.,-99999.,-99999.,-99999.,-99999.,-99999.
111859,3717123,60.160495,-1.155305,0.,-13,1.075,-99999.,-99999.,-99999.,-99999.,-99999.,-99999.
111859,3717633,60.16,-1.155,0.,-13,1.075,-99999.,-99999.,-99999.,-99999.,-99999.,-99999.
111859,3718082,60.16044,-1.155397,0.,-13,1.075,-99999.,-99999.,-99999.,-99999.,-99999.,-99999.
111859,3719007,60.16048,-1.155278,0.,-13,1.075,-99999.,-99999.,-99999.,-99999.,-99999.,-99999.
111859,3719959,60.160493,-1.155325,0.,-13,1.075,-99999.,-99999.,-99999.,-99999.,-99999.,-99999.
111859,3720908,60.160438,-1.155358,0.,-13,1.075,-99999.,-99999.,-99999.,-99999.,-99999.,-99999.
111859,3721859,60.160472,-1.155358,0.,-13,1.075,-99999.,-99999.,-99999.,-99999.,-99999.,-99999.
111859,3722807,60.160438,-1.155383,0.,-13,1.075,-99999.,-99999.,-99999.,-99999.,-99999.,-99999.
111859,3723304,60.160477,-1.155368,0.,-13,1.075,-99999.,-99999.,-99999.,-99999.,-99999.,-99999.
111859,3723767,60.160455,-1.155355,0.,-13,1.075,-99999.,-99999.,-99999.,-99999.,-99999.,-99999.
111859,3724719,60.160483,-1.155382,0.,-13,1.075,-99999.,-99999.,-99999.,-99999.,-99999.,-99999.
111859,3725659,60.160487,-1.15536,0.,-13,1.075,-99999.,-99999.,-99999.,-99999.,-99999.,-99999.
111859,3726619,60.160488,-1.15534,0.,-13,1.075,-99999.,-99999.,-99999.,-99999.,-99999.,-99999.
111859,3727576,60.160578,-1.155363,0.,-13,1.075,-99999.,-99999.,-99999.,-99999.,-99999.,-99999.
111859,3728539,60.16051,-1.155335,0.,-13,1.075,-99999.,-99999.,-99999.,-99999.,-99999.,-99999.
111859,3729489,60.160542,-1.155277,0.,-13,1.075,-99999.,-99999.,-99999.,-99999.,-99999.,-99999.
111859,3730448,60.160442,-1.155363,0.,-13,1.075,-99999.,-99999.,-99999.,-99999.,-99999.,-99999.
111859,3731389,60.160485,-1.155317,0.,-13,1.075,-99999.,-99999.,-99999.,-99999.,-99999.,-99999.
111859,3732347,60.160505,-1.155327,0.,-13,1.075,-99999.,-99999.,-99999.,-99999.,-99999.,-99999.
111859,3733295,60.160498,-1.155342,0.,-13,1.075,-99999.,-99999.,-99999.,-99999.,-99999.,-99999.
111859,3734239,60.160515,-1.155297,0.,-13,1.075,-99999.,-99999.,-99999.,-99999.,-99999.,-99999.
111859,3735188,60.160457,-1.155362,0.,-13,1.075,-99999.,-99999.,-99999.,-99999.,-99999.,-99999.
111859,3736137,60.160497,-1.15525,0.,-13,1.075,-99999.,-99999.,-99999.,-99999.,-99999.,-99999.
111859,3737109,60.160465,-1.155273,0.,-13,1.075,-99999.,-99999.,-99999.,-99999.,-99999.,-99999.
111859,3738047,60.160487,-1.155257,0.,-13,1.075,-99999.,-99999.,-99999.,-99999.,-99999.,-99999.
111859,3739110,60.160488,-1.15531,0.,-13,1.075,-99999.,-99999.,-99999.,-99999.,-99999.,-99999.
111859,3740056,60.160485,-1.155352,0.,-13,1.075,-99999.,-99999.,-99999.,-99999.,-99999.,-99999.
111859,3741019,60.160482,-1.155318,0.,-13,1.075,-99999.,-99999.,-99999.,-99999.,-99999.,-99999.
111859,3741979,60.16046,-1.155365,0.,-13,1.075,-99999.,-99999.,-99999.,-99999.,-99999.,-99999.
111859,3742938,60.160467,-1.155307,0.,-13,1.075,-99999.,-99999.,-99999.,-99999.,-99999.,-99999.
111859,3743897,60.160505,-1.155332,0.,-13,1.075,-99999.,-99999.,-99999.,-99999.,-99999.,-99999.
111859,3744856,60.16046,-1.155333,0.,-13,1.075,-99999.,-99999.,-99999.,-99999.,-99999.,-99999.
111859,3745806,60.160457,-1.155325,0.,-13,1.075,-99999.,-99999.,-99999.,-99999.,-99999.,-99999.
111859,3746758,60.1605,-1.155323,0.,-13,1.075,-99999.,-99999.,-99999.,-99999.,-99999.,-99999.
111859,3747719,60.16051,-1.155345,0.,-13,1.075,-99999.,-99999.,-99999.,-99999.,-99999.,-99999.
111859,3748667,60.160497,-1.155328,0.,-13,1.075,-99999.,-99999.,-99999.,-99999.,-99999.,-99999.
111859,3749627,60.160602,-1.155325,0.,-13,1.075,-99999.,-99999.,-99999.,-99999.,-99999.,-99999.
111859,3750577,60.16046,-1.155377,0.,-13,1.075,-99999.,-99999.,-99999.,-99999.,-99999.,-99999.
111859,3751478,60.16047,-1.155368,0.,-13,1.075,-99999.,-99999.,-99999.,-99999.,-99999.,-99999.
111859,3752418,60.16045,-1.155358,0.,-13,1.075,-99999.,-99999.,-99999.,-99999.,-99999.,-99999.
111859,3753369,60.160465,-1.155377,0.,-13,1.075,-99999.,-99999.,-99999.,-99999.,-99999.,-99999.
111859,3754316,60.160473,-1.155358,0.,-13,1.075,-99999.,-99999.,-99999.,-99999.,-99999.,-99999.
111859,3755266,60.160475,-1.155367,0.,-13,1.075,-99999.,-99999.,-99999.,-99999.,-99999.,-99999.
111859,3756246,60.160498,-1.155315,0.,-13,1.075,-99999.,-99999.,-99999.,-99999.,-99999.,-99999.
111859,3757199,60.160485,-1.155342,0.,-13,1.075,-99999.,-99999.,-99999.,-99999.,-99999.,-99999.
111859,3757954,60.16,-1.155,0.,-13,1.075,-99999.,-99999.,-99999.,-99999.,-99999.,-99999.
111859,3758148,60.160475,-1.155327,0.,-13,1.075,-99999.,-99999.,-99999.,-99999.,-99999.,-99999.
111859,3759088,60.160485,-1.15538,0.,-13,1.075,-99999.,-99999.,-99999.,-99999.,-99999.,-99999.
111859,3760028,60.160475,-1.155375,0.,-13,1.075,-99999.,-99999.,-99999.,-99999.,-99999.,-99999.
111859,3760996,60.160455,-1.155357,0.,-13,1.075,-99999.,-99999.,-99999.,-99999.,-99999.,-99999.
111859,3761937,60.16047,-1.155373,0.,-13,1.075,-99999.,-99999.,-99999.,-99999.,-99999.,-99999.
111859,3762867,60.16047,-1.155367,0.,-13,1.075,-99999.,-99999.,-99999.,-99999.,-99999.,-99999.
111859,3763806,60.160473,-1.155355,0.,-13,1.075,-99999.,-99999.,-99999.,-99999.,-99999.,-99999.
111859,3764759,60.160463,-1.155367,0.,-13,1.075,-99999.,-99999.,-99999.,-99999.,-99999.,-99999.
111859,3765707,60.160468,-1.155358,0.,-13,1.075,-99999.,-99999.,-99999.,-99999.,-99999.,-99999.
111859,3766656,60.160463,-1.15533,0.,-13,1.075,-99999.,-99999.,-99999.,-99999.,-99999.,-99999.
111859,3767497,60.16,-1.155,0.,-13,1.075,-99999.,-99999.,-99999.,-99999.,-99999.,-99999.
111859,3767619,60.160502,-1.155355,0.,-13,1.075,-99999.,-99999.,-99999.,-99999.,-99999.,-99999.
111859,3768578,60.16048,-1.155322,0.,-13,1.075,-99999.,-99999.,-99999.,-99999.,-99999.,-99999.
111859,3769537,60.16048,-1.155362,0.,-13,1.075,-99999.,-99999.,-99999.,-99999.,-99999.,-99999.
111859,3770469,60.160472,-1.155347,0.,-13,1.075,-99999.,-99999.,-99999.,-99999.,-99999.,-99999.
111859,3771417,60.160498,-1.155383,0.,-13,1.075,-99999.,-99999.,-99999.,-99999.,-99999.,-99999.
111859,3772378,60.160478,-1.155302,0.,-13,1.075,-99999.,-99999.,-99999.,-99999.,-99999.,-99999.
111859,3773346,60.16048,-1.155365,0.,-13,1.075,-99999.,-99999.,-99999.,-99999.,-99999.,-99999.
111859,3774386,60.16048,-1.155348,0.,-13,1.075,-99999.,-99999.,-99999.,-99999.,-99999.,-99999.
111859,3775338,60.160498,-1.15532,0.,-13,1.075,-99999.,-99999.,-99999.,-99999.,-99999.,-99999.
111859,3776258,60.160497,-1.15526,0.,-13,1.075,-99999.,-99999.,-99999.,-99999.,-99999.,-99999.
111859,3777207,60.160443,-1.155333,0.,-13,1.075,-99999.,-99999.,-99999.,-99999.,-99999.,-99999.
111859,3778170,60.160478,-1.155332,0.,-13,1.075,-99999.,-99999.,-99999.,-99999.,-99999.,-99999.
111859,3779120,60.160477,-1.155357,0.,-13,1.075,-99999.,-99999.,-99999.,-99999.,-99999.,-99999.
111859,3780064,60.16047,-1.155353,0.,-13,1.075,-99999.,-99999.,-99999.,-99999.,-99999.,-99999.
111859,3781032,60.160538,-1.155378,0.,-13,1.075,-99999.,-99999.,-99999.,-99999.,-99999.,-99999.
111859,3781961,60.160468,-1.155368,0.,-13,1.075,-99999.,-99999.,-99999.,-99999.,-99999.,-99999.
111859,3782909,60.16047,-1.155327,0.,-13,1.075,-99999.,-99999.,-99999.,-99999.,-99999.,-99999.
111859,3783842,60.160475,-1.155388,0.,-13,1.075,-99999.,-99999.,-99999.,-99999.,-99999.,-99999.
111859,3784771,60.160472,-1.155367,0.,-13,1.075,-99999.,-99999.,-99999.,-99999.,-99999.,-99999.
111859,3785699,60.160493,-1.155348,0.,-13,1.075,-99999.,-99999.,-99999.,-99999.,-99999.,-99999.
111859,3786618,60.160483,-1.155358,0.,-13,1.075,-99999.,-99999.,-99999.,-99999.,-99999.,-99999.
111859,3787550,60.16049,-1.155433,0.,-13,1.075,-99999.,-99999.,-99999.,-99999.,-99999.,-99999.
111859,3788498,60.160493,-1.155362,0.,-13,1.075,-99999.,-99999.,-99999.,-99999.,-99999.,-99999.
111859,3789462,60.160507,-1.155333,0.,-13,1.075,-99999.,-99999.,-99999.,-99999.,-99999.,-99999.
111859,3790383,60.160503,-1.155352,0.,-13,1.075,-99999.,-99999.,-99999.,-99999.,-99999.,-99999.
111859,3791323,60.160472,-1.155367,0.,-13,1.075,-99999.,-99999.,-99999.,-99999.,-99999.,-99999.
111859,3792290,60.160583,-1.155308,0.,-13,1.075,-99999.,-99999.,-99999.,-99999.,-99999.,-99999.
111859,3793236,60.160523,-1.155305,0.,-13,1.075,-99999.,-99999.,-99999.,-99999.,-99999.,-99999.
111859,3794164,60.160462,-1.155365,0.1,-13,1.075,-99999.,-99999.,-99999.,-99999.,-99999.,-99999.
111859,3795099,60.160535,-1.155347,0.,-13,1.075,-99999.,-99999.,-99999.,-99999.,-99999.,-99999.
111859,3796114,60.160455,-1.155365,0.,-13,1.075,-99999.,-99999.,-99999.,-99999.,-99999.,-99999.
111859,3797118,60.160498,-1.15535,0.,-13,1.075,-99999.,-99999.,-99999.,-99999.,-99999.,-99999.
111859,3798038,60.160517,-1.15536,0.,-13,1.075,-99999.,-99999.,-99999.,-99999.,-99999.,-99999.
111859,3798958,60.16052,-1.155323,0.,-13,1.075,-99999.,-99999.,-99999.,-99999.,-99999.,-99999.
111859,3799890,60.16,-1.155,0.,-13,1.075,-99999.,-99999.,-99999.,-99999.,-99999.,-99999.
111859,3799898,60.160492,-1.155348,0.,-13,1.075,-99999.,-99999.,-99999.,-99999.,-99999.,-99999.
111859,3800070,60.16,-1.155,0.,-13,1.075,-99999.,-99999.,-99999.,-99999.,-99999.,-99999.
111859,3800847,60.160478,-1.15534,0.,-13,1.075,-99999.,-99999.,-99999.,-99999.,-99999.,-99999.
111859,3801768,60.160505,-1.155285,0.,-13,1.075,-99999.,-99999.,-99999.,-99999.,-99999.,-99999.
111859,3802692,60.160483,-1.155375,0.,-13,1.075,-99999.,-99999.,-99999.,-99999.,-99999.,-99999.
111859,3803640,60.160572,-1.155315,0.,-13,1.075,-99999.,-99999.,-99999.,-99999.,-99999.,-99999.
111859,3805550,60.160492,-1.15533,0.,-13,1.075,-99999.,-99999.,-99999.,-99999.,-99999.,-99999.
111859,3805658,60.16,-1.155,0.,-13,1.075,-99999.,-99999.,-99999.,-99999.,-99999.,-99999.
111859,3806011,60.16,-1.155,0.,-13,1.075,-99999.,-99999.,-99999.,-99999.,-99999.,-99999.
111859,3806485,60.160472,-1.155377,0.,-13,1.075,-99999.,-99999.,-99999.,-99999.,-99999.,-99999.
111859,3807398,60.160463,-1.155378,0.,-13,1.075,-99999.,-99999.,-99999.,-99999.,-99999.,-99999.
111859,3808346,60.16047,-1.155337,0.,-13,1.075,-99999.,-99999.,-99999.,-99999.,-99999.,-99999.
111859,3809289,60.160473,-1.155358,0.,-13,1.075,-99999.,-99999.,-99999.,-99999.,-99999.,-99999.
111859,3810270,60.160482,-1.15535,0.,-13,1.075,-99999.,-99999.,-99999.,-99999.,-99999.,-99999.
111859,3811201,60.160465,-1.155355,0.,-13,1.075,-99999.,-99999.,-99999.,-99999.,-99999.,-99999.
111859,3812141,60.160498,-1.15533,0.,-13,1.075,-99999.,-99999.,-99999.,-99999.,-99999.,-99999.
111859,3813077,60.160465,-1.155368,0.,-13,1.075,-99999.,-99999.,-99999.,-99999.,-99999.,-99999.
111859,3814038,60.160515,-1.155372,0.,-13,1.075,-99999.,-99999.,-99999.,-99999.,-99999.,-99999.
111859,3814958,60.16052,-1.155333,0.,-13,1.075,-99999.,-99999.,-99999.,-99999.,-99999.,-99999.
111859,3815886,60.160552,-1.155277,0.,-13,1.075,-99999.,-99999.,-99999.,-99999.,-99999.,-99999.
111859,3816838,60.16048,-1.155368,0.,-13,1.075,-99999.,-99999.,-99999.,-99999.,-99999.,-99999.
111859,3817755,60.160488,-1.15533,0.,-13,1.075,-99999.,-99999.,-99999.,-99999.,-99999.,-99999.
111859,3818696,60.160523,-1.155318,0.,-13,1.075,-99999.,-99999.,-99999.,-99999.,-99999.,-99999.
111859,3819640,60.160495,-1.155332,0.,-13,1.075,-99999.,-99999.,-99999.,-99999.,-99999.,-99999.
111859,3820596,60.160478,-1.155318,0.,-13,1.075,-99999.,-99999.,-99999.,-99999.,-99999.,-99999.
111859,3821574,60.160497,-1.15537,0.,-13,1.075,-99999.,-99999.,-99999.,-99999.,-99999.,-99999.
111859,3822506,60.160575,-1.155248,0.,-13,1.075,-99999.,-99999.,-99999.,-99999.,-99999.,-99999.
111859,3823447,60.160503,-1.155352,0.,-13,1.075,-99999.,-99999.,-99999.,-99999.,-99999.,-99999.
111859,3824399,60.160475,-1.155367,0.,-13,1.075,-99999.,-99999.,-99999.,-99999.,-99999.,-99999.
111859,3825366,60.160502,-1.155278,0.,-13,1.075,-99999.,-99999.,-99999.,-99999.,-99999.,-99999.
111859,3826319,60.160532,-1.155338,0.,-13,1.075,-99999.,-99999.,-99999.,-99999.,-99999.,-99999.
111859,3827258,60.160475,-1.155375,0.,-13,1.075,-99999.,-99999.,-99999.,-99999.,-99999.,-99999.
111859,3828188,60.160482,-1.155395,0.,-13,1.075,-99999.,-99999.,-99999.,-99999.,-99999.,-99999.
111859,3829117,60.160465,-1.155372,0.,-13,1.075,-99999.,-99999.,-99999.,-99999.,-99999.,-99999.
111859,3830066,60.160475,-1.155337,0.,-13,1.075,-99999.,-99999.,-99999.,-99999.,-99999.,-99999.
111859,3831006,60.160478,-1.155332,0.,-13,1.075,-99999.,-99999.,-99999.,-99999.,-99999.,-99999.
111859,3831957,60.160475,-1.155342,0.,-13,1.075,-99999.,-99999.,-99999.,-99999.,-99999.,-99999.
111859,3832917,60.160508,-1.155297,0.,-13,1.075,-99999.,-99999.,-99999.,-99999.,-99999.,-99999.
111859,3833917,60.160553,-1.155282,0.,-13,1.075,-99999.,-99999.,-99999.,-99999.,-99999.,-99999.
111859,3834878,60.160545,-1.155343,0.,-13,1.075,-99999.,-99999.,-99999.,-99999.,-99999.,-99999.
111859,3835837,60.160503,-1.155297,0.,-13,1.075,-99999.,-99999.,-99999.,-99999.,-99999.,-99999.
111859,3836809,60.16048,-1.155347,0.,-13,1.075,-99999.,-99999.,-99999.,-99999.,-99999.,-99999.
111859,3837758,60.16051,-1.155347,0.,-13,1.075,-99999.,-99999.,-99999.,-99999.,-99999.,-99999.
111859,3838718,60.160455,-1.155378,0.,-13,1.075,-99999.,-99999.,-99999.,-99999.,-99999.,-99999.
111859,3839667,60.160458,-1.155398,0.,-13,1.075,-99999.,-99999.,-99999.,-99999.,-99999.,-99999.
111859,3840397,60.16,-1.155,0.,-13,1.075,-99999.,-99999.,-99999.,-99999.,-99999.,-99999.
111859,3840636,60.160505,-1.155333,0.,-13,1.075,-99999.,-99999.,-99999.,-99999.,-99999.,-99999.
111859,3841545,60.160458,-1.155365,0.,-13,1.075,-99999.,-99999.,-99999.,-99999.,-99999.,-99999.
111859,3842509,60.160525,-1.155275,0.,-13,1.075,-99999.,-99999.,-99999.,-99999.,-99999.,-99999.
111859,3843449,60.160465,-1.155355,0.,-13,1.075,-99999.,-99999.,-99999.,-99999.,-99999.,-99999.
111859,3844437,60.160448,-1.155287,0.,-13,1.075,-99999.,-99999.,-99999.,-99999.,-99999.,-99999.
111859,3845389,60.160465,-1.155318,0.,-13,1.075,-99999.,-99999.,-99999.,-99999.,-99999.,-99999.
111859,3846339,60.16044,-1.155327,0.,-13,1.075,-99999.,-99999.,-99999.,-99999.,-99999.,-99999.
111859,3847250,60.16047,-1.155367,0.,-13,1.075,-99999.,-99999.,-99999.,-99999.,-99999.,-99999.
111859,3848186,60.160497,-1.155248,0.,-13,1.075,-99999.,-99999.,-99999.,-99999.,-99999.,-99999.
111859,3849131,60.160463,-1.155367,0.,-13,1.075,-99999.,-99999.,-99999.,-99999.,-99999.,-99999.
111859,3850088,60.160465,-1.155362,0.,-13,1.075,-99999.,-99999.,-99999.,-99999.,-99999.,-99999.
111859,3851038,60.16045,-1.155345,0.,-13,1.075,-99999.,-99999.,-99999.,-99999.,-99999.,-99999.
111859,3851998,60.160492,-1.155362,0.,-13,1.075,-99999.,-99999.,-99999.,-99999.,-99999.,-99999.
111859,3852955,60.16046,-1.155365,0.,-13,1.075,-99999.,-99999.,-99999.,-99999.,-99999.,-99999.
111859,3853918,60.160433,-1.155368,0.,-13,1.075,-99999.,-99999.,-99999.,-99999.,-99999.,-99999.
111859,3854858,60.160462,-1.15529,0.,-13,1.075,-99999.,-99999.,-99999.,-99999.,-99999.,-99999.
111859,3855819,60.160473,-1.155343,0.,-13,1.075,-99999.,-99999.,-99999.,-99999.,-99999.,-99999.
111859,3856726,60.160478,-1.155323,0.,-13,1.075,-99999.,-99999.,-99999.,-99999.,-99999.,-99999.
111859,3857642,60.160567,-1.155353,0.,-13,1.075,-99999.,-99999.,-99999.,-99999.,-99999.,-99999.
111859,3858559,60.160483,-1.155292,0.,-13,1.075,-99999.,-99999.,-99999.,-99999.,-99999.,-99999.
111859,3859476,60.160492,-1.155365,0.,-13,1.075,-99999.,-99999.,-99999.,-99999.,-99999.,-99999.
111859,3860428,60.160472,-1.155352,0.,-13,1.075,-99999.,-99999.,-99999.,-99999.,-99999.,-99999.
111859,3861377,60.160477,-1.155345,0.,-13,1.075,-99999.,-99999.,-99999.,-99999.,-99999.,-99999.
111859,3862318,60.160468,-1.155343,0.,-13,1.075,-99999.,-99999.,-99999.,-99999.,-99999.,-99999.
111859,3863259,60.160472,-1.155317,0.,-13,1.075,-99999.,-99999.,-99999.,-99999.,-99999.,-99999.
111859,3864208,60.160518,-1.155262,0.,-13,1.075,-99999.,-99999.,-99999.,-99999.,-99999.,-99999.
111859,3865158,60.160483,-1.155352,0.,-13,1.075,-99999.,-99999.,-99999.,-99999.,-99999.,-99999.
111859,3867043,60.160482,-1.155315,0.,-13,1.075,-99999.,-99999.,-99999.,-99999.,-99999.,-99999.
111859,3867969,60.160492,-1.155358,0.,-13,1.075,-99999.,-99999.,-99999.,-99999.,-99999.,-99999.
111859,3868898,60.160478,-1.155195,0.,-13,1.075,-99999.,-99999.,-99999.,-99999.,-99999.,-99999.
111859,3869859,60.16048,-1.155283,0.,-13,1.075,-99999.,-99999.,-99999.,-99999.,-99999.,-99999.
111859,3870832,60.160457,-1.155352,0.,-13,1.075,-99999.,-99999.,-99999.,-99999.,-99999.,-99999.
111859,3871780,60.160468,-1.155348,0.,-13,1.075,-99999.,-99999.,-99999.,-99999.,-99999.,-99999.
111859,3872741,60.160482,-1.155328,0.,-13,1.075,-99999.,-99999.,-99999.,-99999.,-99999.,-99999.
111859,3873670,60.160485,-1.155343,0.,-13,1.075,-99999.,-99999.,-99999.,-99999.,-99999.,-99999.
111859,3874577,60.160495,-1.155355,0.,-13,1.075,-99999.,-99999.,-99999.,-99999.,-99999.,-99999.
111859,3875517,60.160477,-1.155322,0.,-13,1.075,-99999.,-99999.,-99999.,-99999.,-99999.,-99999.
111859,3876478,60.160477,-1.15537,0.,-13,1.075,-99999.,-99999.,-99999.,-99999.,-99999.,-99999.
111859,3877418,60.160502,-1.155308,0.,-13,1.075,-99999.,-99999.,-99999.,-99999.,-99999.,-99999.
111859,3878367,60.160578,-1.1553,0.,-13,1.075,-99999.,-99999.,-99999.,-99999.,-99999.,-99999.
111859,3879323,60.160417,-1.155385,0.,-13,1.075,-99999.,-99999.,-99999.,-99999.,-99999.,-99999.
111859,3880256,60.160475,-1.155355,0.,-13,1.075,-99999.,-99999.,-99999.,-99999.,-99999.,-99999.
111859,3881203,60.160482,-1.155247,0.,-13,1.075,-99999.,-99999.,-99999.,-99999.,-99999.,-99999.
111859,3882127,60.160492,-1.155348,0.,-13,1.075,-99999.,-99999.,-99999.,-99999.,-99999.,-99999.
111859,3883039,60.160458,-1.15537,0.,-13,1.075,-99999.,-99999.,-99999.,-99999.,-99999.,-99999.
111859,3883968,60.160503,-1.155357,0.,-13,1.075,-99999.,-99999.,-99999.,-99999.,-99999.,-99999.
111859,3884927,60.160532,-1.155342,0.,-13,1.075,-99999.,-99999.,-99999.,-99999.,-99999.,-99999.
111859,3885887,60.16052,-1.155345,0.,-13,1.075,-99999.,-99999.,-99999.,-99999.,-99999.,-99999.
111859,3886839,60.160495,-1.15533,0.,-13,1.075,-99999.,-99999.,-99999.,-99999.,-99999.,-99999.
111859,3887799,60.1605,-1.155413,0.,-13,1.075,-99999.,-99999.,-99999.,-99999.,-99999.,-99999.
111859,3888638,60.16,-1.155,0.,-13,1.075,-99999.,-99999.,-99999.,-99999.,-99999.,-99999.
111859,3888640,60.16,-1.155,0.,-13,1.075,-99999.,-99999.,-99999.,-99999.,-99999.,-99999.
111859,3888719,60.160487,-1.155368,0.,-13,1.075,-99999.,-99999.,-99999.,-99999.,-99999.,-99999.
111859,3888820,60.16,-1.155,0.,-13,1.075,-99999.,-99999.,-99999.,-99999.,-99999.,-99999.
111859,3889648,60.160578,-1.155328,0.,-13,1.075,-99999.,-99999.,-99999.,-99999.,-99999.,-99999.
111859,3890651,60.160517,-1.155363,0.,-13,1.075,-99999.,-99999.,-99999.,-99999.,-99999.,-99999.
111859,3891587,60.160548,-1.15531,0.,-13,1.075,-99999.,-99999.,-99999.,-99999.,-99999.,-99999.
111859,3892496,60.16049,-1.15536,0.,-13,1.075,-99999.,-99999.,-99999.,-99999.,-99999.,-99999.
111859,3893417,60.160475,-1.155337,0.,-13,1.075,-99999.,-99999.,-99999.,-99999.,-99999.,-99999.
111859,3894217,60.16,-1.155,0.,-13,1.075,-99999.,-99999.,-99999.,-99999.,-99999.,-99999.
111859,3894365,60.160468,-1.155345,0.,-13,1.075,-99999.,-99999.,-99999.,-99999.,-99999.,-99999.
111859,3895318,60.160462,-1.15536,0.,-13,1.075,-99999.,-99999.,-99999.,-99999.,-99999.,-99999.
111859,3896229,60.160457,-1.15535,0.,-13,1.075,-99999.,-99999.,-99999.,-99999.,-99999.,-99999.
111859,3897181,60.16048,-1.155345,0.,-13,1.075,-99999.,-99999.,-99999.,-99999.,-99999.,-99999.
111859,3898117,60.160477,-1.155363,0.,-13,1.075,-99999.,-99999.,-99999.,-99999.,-99999.,-99999.
111859,3899070,60.160465,-1.155363,0.,-13,1.075,-99999.,-99999.,-99999.,-99999.,-99999.,-99999.
111859,3900017,60.160535,-1.155358,0.,-13,1.075,-99999.,-99999.,-99999.,-99999.,-99999.,-99999.
111859,3900977,60.1605,-1.155355,0.,-13,1.075,-99999.,-99999.,-99999.,-99999.,-99999.,-99999.
111859,3901938,60.160487,-1.155348,0.,-13,1.075,-99999.,-99999.,-99999.,-99999.,-99999.,-99999.
111859,3902898,60.160463,-1.155355,0.,-13,1.075,-99999.,-99999.,-99999.,-99999.,-99999.,-99999.
111859,3903858,60.160573,-1.155268,0.,-13,1.075,-99999.,-99999.,-99999.,-99999.,-99999.,-99999.
111859,3904798,60.16055,-1.155272,0.,-13,1.075,-99999.,-99999.,-99999.,-99999.,-99999.,-99999.
111859,3905750,60.160517,-1.155297,0.,-13,1.075,-99999.,-99999.,-99999.,-99999.,-99999.,-99999.
111859,3906708,60.16048,-1.155325,0.,-13,1.075,-99999.,-99999.,-99999.,-99999.,-99999.,-99999.
111859,3907678,60.160495,-1.155387,0.,-13,1.075,-99999.,-99999.,-99999.,-99999.,-99999.,-99999.
111859,3908630,60.160547,-1.15519,0.,-13,1.075,-99999.,-99999.,-99999.,-99999.,-99999.,-99999.
111859,3909551,60.160508,-1.155378,0.,-13,1.075,-99999.,-99999.,-99999.,-99999.,-99999.,-99999.
111859,3910507,60.160497,-1.155267,0.,-13,1.075,-99999.,-99999.,-99999.,-99999.,-99999.,-99999.
111859,3911468,60.160485,-1.155363,0.,-13,1.075,-99999.,-99999.,-99999.,-99999.,-99999.,-99999.
111859,3912420,60.160502,-1.155298,0.,-13,1.075,-99999.,-99999.,-99999.,-99999.,-99999.,-99999.
111859,3913357,60.160467,-1.155343,0.,-13,1.075,-99999.,-99999.,-99999.,-99999.,-99999.,-99999.
111859,3914317,60.160482,-1.155347,0.,-13,1.075,-99999.,-99999.,-99999.,-99999.,-99999.,-99999.
111859,3915269,60.160457,-1.155335,0.,-13,1.075,-99999.,-99999.,-99999.,-99999.,-99999.,-99999.
111859,3916217,60.16046,-1.155338,0.,-13,1.075,-99999.,-99999.,-99999.,-99999.,-99999.,-99999.
111859,3917179,60.160473,-1.155343,0.,-13,1.075,-99999.,-99999.,-99999.,-99999.,-99999.,-99999.
111859,3918127,60.160463,-1.155357,0.,-13,1.075,-99999.,-99999.,-99999.,-99999.,-99999.,-99999.
111859,3919068,60.160507,-1.155388,0.,-13,1.075,-99999.,-99999.,-99999.,-99999.,-99999.,-99999.
111859,3920039,60.160498,-1.155318,0.,-13,1.075,-99999.,-99999.,-99999.,-99999.,-99999.,-99999.
111859,3920988,60.160473,-1.15532,0.,-13,1.075,-99999.,-99999.,-99999.,-99999.,-99999.,-99999.
111859,3921929,60.160512,-1.155337,0.,-13,1.075,-99999.,-99999.,-99999.,-99999.,-99999.,-99999.
111859,3922918,60.160487,-1.155332,0.,-13,1.075,-99999.,-99999.,-99999.,-99999.,-99999.,-99999.
111859,3923198,60.16,-1.155,0.,-13,1.075,-99999.,-99999.,-99999.,-99999.,-99999.,-99999.
111859,3923878,60.160502,-1.15532,0.,-13,1.075,-99999.,-99999.,-99999.,-99999.,-99999.,-99999.
111859,3924847,60.16046,-1.155352,0.,-13,1.075,-99999.,-99999.,-99999.,-99999.,-99999.,-99999.
111859,3925750,60.160458,-1.155382,0.,-13,1.075,-99999.,-99999.,-99999.,-99999.,-99999.,-99999.
111859,3926718,60.160493,-1.15537,0.,-13,1.075,-99999.,-99999.,-99999.,-99999.,-99999.,-99999.
111859,3927638,60.160542,-1.155305,0.,-13,1.075,-99999.,-99999.,-99999.,-99999.,-99999.,-99999.
111859,3928579,60.160588,-1.155238,0.,-13,1.075,-99999.,-99999.,-99999.,-99999.,-99999.,-99999.
111859,3928598,60.16,-1.155,0.,-13,1.075,-99999.,-99999.,-99999.,-99999.,-99999.,-99999.
111859,3928958,60.16,-1.155,0.,-13,1.075,-99999.,-99999.,-99999.,-99999.,-99999.,-99999.
111859,3929539,60.160545,-1.155225,0.,-13,1.075,-99999.,-99999.,-99999.,-99999.,-99999.,-99999.
111859,3930487,60.160482,-1.155297,0.,-13,1.075,-99999.,-99999.,-99999.,-99999.,-99999.,-99999.
111859,3931452,60.160472,-1.15534,0.,-13,1.075,-99999.,-99999.,-99999.,-99999.,-99999.,-99999.
111859,3932396,60.160472,-1.155387,0.,-13,1.075,-99999.,-99999.,-99999.,-99999.,-99999.,-99999.
111859,3933337,60.16047,-1.155345,0.,-13,1.075,-99999.,-99999.,-99999.,-99999.,-99999.,-99999.
111859,3934181,60.16,-1.155,0.,-13,1.075,-99999.,-99999.,-99999.,-99999.,-99999.,-99999.
111859,3934297,60.160482,-1.155343,0.,-13,1.075,-99999.,-99999.,-99999.,-99999.,-99999.,-99999.
111859,3935247,60.16047,-1.155257,0.,-13,1.075,-99999.,-99999.,-99999.,-99999.,-99999.,-99999.
111859,3936197,60.160483,-1.155333,0.,-13,1.075,-99999.,-99999.,-99999.,-99999.,-99999.,-99999.
111859,3937156,60.16047,-1.155348,0.,-13,1.075,-99999.,-99999.,-99999.,-99999.,-99999.,-99999.
111859,3938097,60.160478,-1.155342,0.,-13,1.075,-99999.,-99999.,-99999.,-99999.,-99999.,-99999.
111859,3939071,60.160483,-1.155343,0.,-13,1.075,-99999.,-99999.,-99999.,-99999.,-99999.,-99999.
111859,3939581,60.16,-1.155,0.,-13,1.075,-99999.,-99999.,-99999.,-99999.,-99999.,-99999.
111859,3939762,60.16,-1.155,0.,-13,1.075,-99999.,-99999.,-99999.,-99999.,-99999.,-99999.
111859,3940023,60.160493,-1.155323,0.,-13,1.075,-99999.,-99999.,-99999.,-99999.,-99999.,-99999.
111859,3940975,60.160482,-1.15532,0.,-13,1.075,-99999.,-99999.,-99999.,-99999.,-99999.,-99999.
111859,3941919,60.160477,-1.155357,0.,-13,1.075,-99999.,-99999.,-99999.,-99999.,-99999.,-99999.
111859,3942867,60.160493,-1.155367,0.,-13,1.075,-99999.,-99999.,-99999.,-99999.,-99999.,-99999.
111859,3943797,60.16048,-1.155342,0.,-13,1.075,-99999.,-99999.,-99999.,-99999.,-99999.,-99999.
111859,3944756,60.160493,-1.155302,0.,-13,1.075,-99999.,-99999.,-99999.,-99999.,-99999.,-99999.
111859,3945718,60.160488,-1.155337,0.,-13,1.075,-99999.,-99999.,-99999.,-99999.,-99999.,-99999.
111859,3946659,60.160465,-1.155357,0.,-13,1.075,-99999.,-99999.,-99999.,-99999.,-99999.,-99999.
111859,3947607,60.160478,-1.155323,0.,-13,1.075,-99999.,-99999.,-99999.,-99999.,-99999.,-99999.
111859,3948539,60.160472,-1.155338,0.,-13,1.075,-99999.,-99999.,-99999.,-99999.,-99999.,-99999.
111859,3949467,60.16047,-1.155333,0.,-13,1.075,-99999.,-99999.,-99999.,-99999.,-99999.,-99999.
111859,3950388,60.160478,-1.15533,0.,-13,1.075,-99999.,-99999.,-99999.,-99999.,-99999.,-99999.
111859,3951309,60.16048,-1.155328,0.,-13,1.075,-99999.,-99999.,-99999.,-99999.,-99999.,-99999.
111859,3952248,60.16048,-1.155328,0.,-13,1.075,-99999.,-99999.,-99999.,-99999.,-99999.,-99999.
111859,3953197,60.16049,-1.155222,0.,-13,1.075,-99999.,-99999.,-99999.,-99999.,-99999.,-99999.
111859,3954101,60.160482,-1.155275,0.,-13,1.075,-99999.,-99999.,-99999.,-99999.,-99999.,-99999.
111859,3955048,60.160483,-1.155257,0.,-13,1.075,-99999.,-99999.,-99999.,-99999.,-99999.,-99999.
111859,3956020,60.160465,-1.155368,0.,-13,1.075,-99999.,-99999.,-99999.,-99999.,-99999.,-99999.
111859,3956962,60.160463,-1.155325,0.,-13,1.075,-99999.,-99999.,-99999.,-99999.,-99999.,-99999.
111859,3957927,60.160477,-1.155337,0.,-13,1.075,-99999.,-99999.,-99999.,-99999.,-99999.,-99999.
111859,3958884,60.160477,-1.155372,0.,-13,1.075,-99999.,-99999.,-99999.,-99999.,-99999.,-99999.
111859,3959838,60.160473,-1.15536,0.,-13,1.075,-99999.,-99999.,-99999.,-99999.,-99999.,-99999.
111859,3960778,60.160488,-1.155355,0.,-13,1.075,-99999.,-99999.,-99999.,-99999.,-99999.,-99999.
111859,3961746,60.160475,-1.155312,0.,-13,1.075,-99999.,-99999.,-99999.,-99999.,-99999.,-99999.
111859,3962670,60.160502,-1.155378,0.,-13,1.075,-99999.,-99999.,-99999.,-99999.,-99999.,-99999.
111859,3963630,60.160492,-1.155333,0.,-13,1.075,-99999.,-99999.,-99999.,-99999.,-99999.,-99999.
111859,3964589,60.160612,-1.15529,0.,-13,1.075,-99999.,-99999.,-99999.,-99999.,-99999.,-99999.
111859,3965549,60.1605,-1.155268,0.,-13,1.075,-99999.,-99999.,-99999.,-99999.,-99999.,-99999.
111859,3966498,60.16047,-1.155325,0.,-13,1.075,-99999.,-99999.,-99999.,-99999.,-99999.,-99999.
111859,3967438,60.16042,-1.155397,0.,-13,1.075,-99999.,-99999.,-99999.,-99999.,-99999.,-99999.
111859,3968380,60.160483,-1.155345,0.,-13,1.075,-99999.,-99999.,-99999.,-99999.,-99999.,-99999.
111859,3969337,60.160487,-1.155388,0.,-13,1.075,-99999.,-99999.,-99999.,-99999.,-99999.,-99999.
111859,3970289,60.16051,-1.15536,0.,-13,1.075,-99999.,-99999.,-99999.,-99999.,-99999.,-99999.
111859,3970900,60.16,-1.155,0.,-13,1.075,-99999.,-99999.,-99999.,-99999.,-99999.,-99999.
111859,3971079,60.16,-1.155,0.,-13,1.075,-99999.,-99999.,-99999.,-99999.,-99999.,-99999.
111859,3971238,60.160502,-1.155377,0.,-13,1.075,-99999.,-99999.,-99999.,-99999.,-99999.,-99999.
111859,3972187,60.16047,-1.15536,0.,-13,1.075,-99999.,-99999.,-99999.,-99999.,-99999.,-99999.
111859,3972342,60.16,-1.155,0.,-13,1.075,-99999.,-99999.,-99999.,-99999.,-99999.,-99999.
111859,3973156,60.160482,-1.155438,0.,-13,1.075,-99999.,-99999.,-99999.,-99999.,-99999.,-99999.
111859,3974108,60.160498,-1.155308,0.,-13,1.075,-99999.,-99999.,-99999.,-99999.,-99999.,-99999.
111859,3975081,60.160462,-1.15536,0.,-13,1.075,-99999.,-99999.,-99999.,-99999.,-99999.,-99999.
111859,3976024,60.160578,-1.15535,0.,-13,1.075,-99999.,-99999.,-99999.,-99999.,-99999.,-99999.
111859,3976840,60.16,-1.155,0.,-13,1.075,-99999.,-99999.,-99999.,-99999.,-99999.,-99999.
111859,3976959,60.160515,-1.155368,0.,-13,1.075,-99999.,-99999.,-99999.,-99999.,-99999.,-99999.
111859,3977019,60.16,-1.155,0.,-13,1.075,-99999.,-99999.,-99999.,-99999.,-99999.,-99999.
111859,3977562,60.16,-1.155,0.,-13,1.075,-99999.,-99999.,-99999.,-99999.,-99999.,-99999.
111859,3977742,60.16,-1.155,0.,-13,1.075,-99999.,-99999.,-99999.,-99999.,-99999.,-99999.
111859,3977857,60.160527,-1.155368,0.,-13,1.075,-99999.,-99999.,-99999.,-99999.,-99999.,-99999.
111859,3977907,60.160502,-1.155363,0.,-13,1.075,-99999.,-99999.,-99999.,-99999.,-99999.,-99999.
111859,3977924,60.16,-1.155,0.,-13,1.075,-99999.,-99999.,-99999.,-99999.,-99999.,-99999.
111859,3978856,60.160452,-1.155398,0.,-13,1.075,-99999.,-99999.,-99999.,-99999.,-99999.,-99999.
111859,3979806,60.160463,-1.15532,0.,-13,1.075,-99999.,-99999.,-99999.,-99999.,-99999.,-99999.
111859,3980758,60.160467,-1.155377,0.,-13,1.075,-99999.,-99999.,-99999.,-99999.,-99999.,-99999.
111859,3981698,60.160475,-1.155365,0.,-13,1.075,-99999.,-99999.,-99999.,-99999.,-99999.,-99999.
111859,3982420,60.16,-1.155,0.,-13,1.075,-99999.,-99999.,-99999.,-99999.,-99999.,-99999.
111859,3982600,60.16,-1.155,0.,-13,1.075,-99999.,-99999.,-99999.,-99999.,-99999.,-99999.
111859,3982626,60.160462,-1.15536,0.,-13,1.075,-99999.,-99999.,-99999.,-99999.,-99999.,-99999.
111859,3983590,60.160452,-1.155337,0.,-13,1.075,-99999.,-99999.,-99999.,-99999.,-99999.,-99999.
111859,3984570,60.160478,-1.155345,0.,-13,1.075,-99999.,-99999.,-99999.,-99999.,-99999.,-99999.
111859,3985527,60.160413,-1.155318,0.,-13,1.075,-99999.,-99999.,-99999.,-99999.,-99999.,-99999.
111859,3986468,60.160448,-1.155325,0.,-13,1.075,-99999.,-99999.,-99999.,-99999.,-99999.,-99999.
111859,3987417,60.160523,-1.155327,0.,-13,1.075,-99999.,-99999.,-99999.,-99999.,-99999.,-99999.
111859,3988358,60.160435,-1.15532,0.,-13,1.075,-99999.,-99999.,-99999.,-99999.,-99999.,-99999.
111859,3989319,60.160478,-1.155323,0.,-13,1.075,-99999.,-99999.,-99999.,-99999.,-99999.,-99999.
111859,3990269,60.160518,-1.155272,0.,-13,1.075,-99999.,-99999.,-99999.,-99999.,-99999.,-99999.
111859,3991217,60.160523,-1.155302,0.,-13,1.075,-99999.,-99999.,-99999.,-99999.,-99999.,-99999.
111859,3992198,60.160502,-1.155272,0.,-13,1.075,-99999.,-99999.,-99999.,-99999.,-99999.,-99999.
111859,3993146,60.160465,-1.15537,0.,-13,1.075,-99999.,-99999.,-99999.,-99999.,-99999.,-99999.
111859,3994090,60.160505,-1.155298,0.,-13,1.075,-99999.,-99999.,-99999.,-99999.,-99999.,-99999.
111859,3995026,60.160513,-1.155285,0.,-13,1.075,-99999.,-99999.,-99999.,-99999.,-99999.,-99999.
111859,3996919,60.160498,-1.155403,0.,-13,1.075,-99999.,-99999.,-99999.,-99999.,-99999.,-99999.
111859,3997868,60.160493,-1.155315,0.,-13,1.075,-99999.,-99999.,-99999.,-99999.,-99999.,-99999.
111859,3998825,60.16049,-1.155338,0.,-13,1.075,-99999.,-99999.,-99999.,-99999.,-99999.,-99999.
111859,3999769,60.160488,-1.155377,0.,-13,1.075,-99999.,-99999.,-99999.,-99999.,-99999.,-99999.
111859,4000729,60.160497,-1.155345,0.,-13,1.075,-99999.,-99999.,-99999.,-99999.,-99999.,-99999.
111859,4001677,60.16046,-1.155373,0.,-13,1.075,-99999.,-99999.,-99999.,-99999.,-99999.,-99999.
111859,4002638,60.160483,-1.155352,0.,-13,1.075,-99999.,-99999.,-99999.,-99999.,-99999.,-99999.
111859,4003597,60.160472,-1.155325,0.,-13,1.075,-99999.,-99999.,-99999.,-99999.,-99999.,-99999.
111859,4004547,60.160462,-1.155365,0.,-13,1.075,-99999.,-99999.,-99999.,-99999.,-99999.,-99999.
111859,4005496,60.160507,-1.155342,0.,-13,1.075,-99999.,-99999.,-99999.,-99999.,-99999.,-99999.
111859,4006480,60.16052,-1.155327,0.,-13,1.075,-99999.,-99999.,-99999.,-99999.,-99999.,-99999.
111859,4007437,60.160503,-1.155345,0.,-13,1.075,-99999.,-99999.,-99999.,-99999.,-99999.,-99999.
111859,4008368,60.160492,-1.155382,0.,-13,1.075,-99999.,-99999.,-99999.,-99999.,-99999.,-99999.
111859,4009341,60.160472,-1.155348,0.,-13,1.075,-99999.,-99999.,-99999.,-99999.,-99999.,-99999.
111859,4010280,60.160508,-1.15536,0.,-13,1.075,-99999.,-99999.,-99999.,-99999.,-99999.,-99999.
111859,4011208,60.160513,-1.15537,0.,-13,1.075,-99999.,-99999.,-99999.,-99999.,-99999.,-99999.
111859,4012129,60.160473,-1.155358,0.,-13,1.075,-99999.,-99999.,-99999.,-99999.,-99999.,-99999.
111859,4013077,60.160448,-1.155363,0.,-13,1.075,-99999.,-99999.,-99999.,-99999.,-99999.,-99999.
111859,4013979,60.16049,-1.155307,0.,-13,1.075,-99999.,-99999.,-99999.,-99999.,-99999.,-99999.
111859,4014920,60.160458,-1.155343,0.,-13,1.075,-99999.,-99999.,-99999.,-99999.,-99999.,-99999.
111859,4015868,60.160512,-1.155298,0.,-13,1.075,-99999.,-99999.,-99999.,-99999.,-99999.,-99999.
111859,4016777,60.160457,-1.15531,0.,-13,1.075,-99999.,-99999.,-99999.,-99999.,-99999.,-99999.
111859,4017729,60.160455,-1.155367,0.,-13,1.075,-99999.,-99999.,-99999.,-99999.,-99999.,-99999.
111859,4018689,60.160463,-1.15532,0.,-13,1.075,-99999.,-99999.,-99999.,-99999.,-99999.,-99999.
111859,4019648,60.16047,-1.155367,0.,-13,1.075,-99999.,-99999.,-99999.,-99999.,-99999.,-99999.
111859,4020609,60.160488,-1.1553,0.,-13,1.075,-99999.,-99999.,-99999.,-99999.,-99999.,-99999.
111859,4021599,60.160462,-1.155298,0.,-13,1.075,-99999.,-99999.,-99999.,-99999.,-99999.,-99999.
111859,4022530,60.160458,-1.15536,0.,-13,1.075,-99999.,-99999.,-99999.,-99999.,-99999.,-99999.
111859,4023488,60.160477,-1.155347,0.,-13,1.075,-99999.,-99999.,-99999.,-99999.,-99999.,-99999.
111859,4024438,60.160483,-1.155353,0.,-13,1.075,-99999.,-99999.,-99999.,-99999.,-99999.,-99999.
111859,4025387,60.160457,-1.15534,0.,-13,1.075,-99999.,-99999.,-99999.,-99999.,-99999.,-99999.
111859,4026346,60.160478,-1.155372,0.,-13,1.075,-99999.,-99999.,-99999.,-99999.,-99999.,-99999.
111859,4027306,60.160507,-1.155267,0.,-13,1.075,-99999.,-99999.,-99999.,-99999.,-99999.,-99999.
111859,4028279,60.160478,-1.155332,0.,-13,1.075,-99999.,-99999.,-99999.,-99999.,-99999.,-99999.
111859,4028503,60.16,-1.155,0.,-13,1.075,-99999.,-99999.,-99999.,-99999.,-99999.,-99999.
111859,4029188,60.160505,-1.155397,0.,-13,1.075,-99999.,-99999.,-99999.,-99999.,-99999.,-99999.
111859,4030137,60.16045,-1.15534,0.,-13,1.075,-99999.,-99999.,-99999.,-99999.,-99999.,-99999.
111859,4031078,60.160445,-1.155372,0.,-13,1.075,-99999.,-99999.,-99999.,-99999.,-99999.,-99999.
111859,4032026,60.16049,-1.155352,0.,-13,1.075,-99999.,-99999.,-99999.,-99999.,-99999.,-99999.
111859,4032966,60.160493,-1.155323,0.,-13,1.075,-99999.,-99999.,-99999.,-99999.,-99999.,-99999.
111859,4033870,60.160463,-1.155373,0.,-13,1.075,-99999.,-99999.,-99999.,-99999.,-99999.,-99999.
111859,4034808,60.160488,-1.155278,0.,-13,1.075,-99999.,-99999.,-99999.,-99999.,-99999.,-99999.
111859,4035756,60.160477,-1.155335,0.,-13,1.075,-99999.,-99999.,-99999.,-99999.,-99999.,-99999.
111859,4036707,60.160488,-1.155308,0.,-13,1.075,-99999.,-99999.,-99999.,-99999.,-99999.,-99999.
111859,4037646,60.160475,-1.15534,0.,-13,1.075,-99999.,-99999.,-99999.,-99999.,-99999.,-99999.
111859,4038609,60.16052,-1.15535,0.,-13,1.075,-99999.,-99999.,-99999.,-99999.,-99999.,-99999.
111859,4039566,60.160475,-1.155158,0.,-13,1.075,-99999.,-99999.,-99999.,-99999.,-99999.,-99999.
111859,4040526,60.1605,-1.155338,0.,-13,1.075,-99999.,-99999.,-99999.,-99999.,-99999.,-99999.
111859,4041458,60.160478,-1.155307,0.,-13,1.075,-99999.,-99999.,-99999.,-99999.,-99999.,-99999.
111859,4042399,60.160487,-1.155353,0.,-13,1.075,-99999.,-99999.,-99999.,-99999.,-99999.,-99999.
111859,4043398,60.160467,-1.155357,0.,-13,1.075,-99999.,-99999.,-99999.,-99999.,-99999.,-99999.
111859,4044347,60.160483,-1.155357,0.,-13,1.075,-99999.,-99999.,-99999.,-99999.,-99999.,-99999.
111859,4045279,60.160488,-1.155355,0.,-13,1.075,-99999.,-99999.,-99999.,-99999.,-99999.,-99999.
111859,4046215,60.160497,-1.15537,0.,-13,1.075,-99999.,-99999.,-99999.,-99999.,-99999.,-99999.
111859,4047163,60.160478,-1.155342,0.,-13,1.075,-99999.,-99999.,-99999.,-99999.,-99999.,-99999.
111859,4048096,60.160475,-1.155337,0.,-13,1.075,-99999.,-99999.,-99999.,-99999.,-99999.,-99999.
111859,4049036,60.160478,-1.155327,0.,-13,1.075,-99999.,-99999.,-99999.,-99999.,-99999.,-99999.
111859,4049986,60.160457,-1.155343,0.,-13,1.075,-99999.,-99999.,-99999.,-99999.,-99999.,-99999.
111859,4050890,60.160542,-1.155312,0.,-13,1.075,-99999.,-99999.,-99999.,-99999.,-99999.,-99999.
111859,4051794,60.160498,-1.15533,0.,-13,1.075,-99999.,-99999.,-99999.,-99999.,-99999.,-99999.
111859,4052799,60.160465,-1.155373,0.,-13,1.075,-99999.,-99999.,-99999.,-99999.,-99999.,-99999.
111859,4053707,60.160452,-1.155345,0.,-13,1.075,-99999.,-99999.,-99999.,-99999.,-99999.,-99999.
111859,4054631,60.160465,-1.155347,0.,-13,1.075,-99999.,-99999.,-99999.,-99999.,-99999.,-99999.
111859,4055504,60.16,-1.155,0.,-13,1.075,-99999.,-99999.,-99999.,-99999.,-99999.,-99999.
111859,4055555,60.160508,-1.155353,0.,-13,1.075,-99999.,-99999.,-99999.,-99999.,-99999.,-99999.
111859,4056527,60.160463,-1.155332,0.,-13,1.075,-99999.,-99999.,-99999.,-99999.,-99999.,-99999.
111859,4057488,60.160483,-1.155358,0.,-13,1.075,-99999.,-99999.,-99999.,-99999.,-99999.,-99999.
111859,4058432,60.16048,-1.155327,0.,-13,1.075,-99999.,-99999.,-99999.,-99999.,-99999.,-99999.
111859,4059282,60.16,-1.155,0.,-13,1.075,-99999.,-99999.,-99999.,-99999.,-99999.,-99999.
111859,4059378,60.16048,-1.155413,0.,-13,1.075,-99999.,-99999.,-99999.,-99999.,-99999.,-99999.
111859,4060354,60.160487,-1.155192,0.,-13,1.075,-99999.,-99999.,-99999.,-99999.,-99999.,-99999.
111859,4061084,60.16,-1.155,0.,-13,1.075,-99999.,-99999.,-99999.,-99999.,-99999.,-99999.
111859,4061278,60.160492,-1.155378,0.,-13,1.075,-99999.,-99999.,-99999.,-99999.,-99999.,-99999.
111859,4062228,60.160402,-1.155442,0.,-13,1.075,-99999.,-99999.,-99999.,-99999.,-99999.,-99999.
111859,4063198,60.160418,-1.155398,0.,-13,1.075,-99999.,-99999.,-99999.,-99999.,-99999.,-99999.
111859,4064110,60.160482,-1.15534,0.,-13,1.075,-99999.,-99999.,-99999.,-99999.,-99999.,-99999.
111859,4065058,60.160463,-1.15534,0.,-13,1.075,-99999.,-99999.,-99999.,-99999.,-99999.,-99999.
111859,4065402,60.16,-1.155,0.,-13,1.075,-99999.,-99999.,-99999.,-99999.,-99999.,-99999.
111859,4065988,60.160472,-1.155348,0.,-13,1.075,-99999.,-99999.,-99999.,-99999.,-99999.,-99999.
111859,4066929,60.160445,-1.155377,0.,-13,1.075,-99999.,-99999.,-99999.,-99999.,-99999.,-99999.
111859,4067880,60.160445,-1.155355,0.,-13,1.075,-99999.,-99999.,-99999.,-99999.,-99999.,-99999.
111859,4068824,60.16046,-1.15536,0.,-13,1.075,-99999.,-99999.,-99999.,-99999.,-99999.,-99999.
111859,4069793,60.16047,-1.155363,0.,-13,1.075,-99999.,-99999.,-99999.,-99999.,-99999.,-99999.
111859,4070778,60.16048,-1.155342,0.,-13,1.075,-99999.,-99999.,-99999.,-99999.,-99999.,-99999.
111859,4070797,60.16,-1.155,0.,-13,1.075,-99999.,-99999.,-99999.,-99999.,-99999.,-99999.
111859,4070978,60.16,-1.155,0.,-13,1.075,-99999.,-99999.,-99999.,-99999.,-99999.,-99999.
111859,4071723,60.16049,-1.155347,0.,-13,1.075,-99999.,-99999.,-99999.,-99999.,-99999.,-99999.
111859,4072670,60.160427,-1.155285,0.,-13,1.075,-99999.,-99999.,-99999.,-99999.,-99999.,-99999.
111859,4073626,60.160455,-1.15538,0.,-13,1.075,-99999.,-99999.,-99999.,-99999.,-99999.,-99999.
111859,4074562,60.160483,-1.155322,0.,-13,1.075,-99999.,-99999.,-99999.,-99999.,-99999.,-99999.
111859,4075499,60.160467,-1.155377,0.,-13,1.075,-99999.,-99999.,-99999.,-99999.,-99999.,-99999.
111859,4076437,60.160615,-1.155223,0.,-13,1.075,-99999.,-99999.,-99999.,-99999.,-99999.,-99999.
111859,4077399,60.160567,-1.155267,0.,-13,1.075,-99999.,-99999.,-99999.,-99999.,-99999.,-99999.
111859,4078339,60.160528,-1.155283,0.,-13,1.075,-99999.,-99999.,-99999.,-99999.,-99999.,-99999.
111859,4079280,60.160502,-1.155352,0.,-13,1.075,-99999.,-99999.,-99999.,-99999.,-99999.,-99999.
111859,4080218,60.160475,-1.155332,0.,-13,1.075,-99999.,-99999.,-99999.,-99999.,-99999.,-99999.
111859,4081168,60.160522,-1.155292,0.,-13,1.075,-99999.,-99999.,-99999.,-99999.,-99999.,-99999.
111859,4082128,60.160502,-1.155228,0.,-13,1.075,-99999.,-99999.,-99999.,-99999.,-99999.,-99999.
111859,4083081,60.160473,-1.155367,0.,-13,1.075,-99999.,-99999.,-99999.,-99999.,-99999.,-99999.
111859,4084016,60.16049,-1.155345,0.,-13,1.075,-99999.,-99999.,-99999.,-99999.,-99999.,-99999.
111859,4084978,60.16046,-1.155363,0.,-13,1.075,-99999.,-99999.,-99999.,-99999.,-99999.,-99999.
111859,4085927,60.160477,-1.15536,0.,-13,1.075,-99999.,-99999.,-99999.,-99999.,-99999.,-99999.
111859,4086889,60.160507,-1.155342,0.,-13,1.075,-99999.,-99999.,-99999.,-99999.,-99999.,-99999.
111859,4088788,60.1605,-1.155333,0.,-13,1.075,-99999.,-99999.,-99999.,-99999.,-99999.,-99999.
111859,4089737,60.160495,-1.155333,0.,-13,1.075,-99999.,-99999.,-99999.,-99999.,-99999.,-99999.
111859,4090688,60.160483,-1.155332,0.,-13,1.075,-99999.,-99999.,-99999.,-99999.,-99999.,-99999.
111859,4091650,60.160495,-1.15532,0.,-13,1.075,-99999.,-99999.,-99999.,-99999.,-99999.,-99999.
111859,4092566,60.160467,-1.155267,0.,-13,1.075,-99999.,-99999.,-99999.,-99999.,-99999.,-99999.
111859,4093518,60.160537,-1.155368,0.,-13,1.075,-99999.,-99999.,-99999.,-99999.,-99999.,-99999.
111859,4094458,60.160465,-1.155377,0.,-13,1.075,-99999.,-99999.,-99999.,-99999.,-99999.,-99999.
111859,4095418,60.160512,-1.155363,0.,-13,1.075,-99999.,-99999.,-99999.,-99999.,-99999.,-99999.
111859,4096367,60.160497,-1.155372,0.,-13,1.075,-99999.,-99999.,-99999.,-99999.,-99999.,-99999.
111859,4097328,60.160458,-1.155363,0.,-13,1.075,-99999.,-99999.,-99999.,-99999.,-99999.,-99999.
111859,4098288,60.160438,-1.15535,0.,-13,1.075,-99999.,-99999.,-99999.,-99999.,-99999.,-99999.
111859,4099602,60.16,-1.155,0.,-13,1.075,-99999.,-99999.,-99999.,-99999.,-99999.,-99999.
111859,4100177,60.160482,-1.155358,0.,-13,1.075,-99999.,-99999.,-99999.,-99999.,-99999.,-99999.
111859,4101119,60.160558,-1.155297,0.,-13,1.075,-99999.,-99999.,-99999.,-99999.,-99999.,-99999.
111859,4102077,60.160483,-1.155355,0.,-13,1.075,-99999.,-99999.,-99999.,-99999.,-99999.,-99999.
111859,4103037,60.160482,-1.155275,0.,-13,1.075,-99999.,-99999.,-99999.,-99999.,-99999.,-99999.
111859,4103977,60.160512,-1.1554,0.,-13,1.075,-99999.,-99999.,-99999.,-99999.,-99999.,-99999.
111859,4104926,60.160477,-1.155375,0.,-13,1.075,-99999.,-99999.,-99999.,-99999.,-99999.,-99999.
111859,4105879,60.160493,-1.155342,0.,-13,1.075,-99999.,-99999.,-99999.,-99999.,-99999.,-99999.
111859,4106835,60.160495,-1.155365,0.,-13,1.075,-99999.,-99999.,-99999.,-99999.,-99999.,-99999.
111859,4107787,60.160493,-1.155357,0.,-13,1.075,-99999.,-99999.,-99999.,-99999.,-99999.,-99999.
111859,4108719,60.160467,-1.155372,0.,-13,1.075,-99999.,-99999.,-99999.,-99999.,-99999.,-99999.
111859,4109679,60.160492,-1.155353,0.,-13,1.075,-99999.,-99999.,-99999.,-99999.,-99999.,-99999.
111859,4110607,60.160502,-1.15535,0.,-13,1.075,-99999.,-99999.,-99999.,-99999.,-99999.,-99999.
111859,4111556,60.160485,-1.155355,0.,-13,1.075,-99999.,-99999.,-99999.,-99999.,-99999.,-99999.
111859,4111845,60.16,-1.155,0.,-13,1.075,-99999.,-99999.,-99999.,-99999.,-99999.,-99999.
111859,4112025,60.16,-1.155,0.,-13,1.075,-99999.,-99999.,-99999.,-99999.,-99999.,-99999.
111859,4112489,60.160477,-1.155332,0.,-13,1.075,-99999.,-99999.,-99999.,-99999.,-99999.,-99999.
111859,4113458,60.160475,-1.155335,0.,-13,1.075,-99999.,-99999.,-99999.,-99999.,-99999.,-99999.
111859,4114407,60.16051,-1.15526,0.,-13,1.075,-99999.,-99999.,-99999.,-99999.,-99999.,-99999.
111859,4115488,60.160488,-1.155325,0.,-13,1.075,-99999.,-99999.,-99999.,-99999.,-99999.,-99999.
111859,4116439,60.160487,-1.155342,0.,-13,1.075,-99999.,-99999.,-99999.,-99999.,-99999.,-99999.
111859,4117399,60.160477,-1.155362,0.,-13,1.075,-99999.,-99999.,-99999.,-99999.,-99999.,-99999.
111859,4118348,60.160478,-1.15535,0.,-13,1.075,-99999.,-99999.,-99999.,-99999.,-99999.,-99999.
111859,4119308,60.160468,-1.155357,0.,-13,1.075,-99999.,-99999.,-99999.,-99999.,-99999.,-99999.
111859,4120268,60.160488,-1.155333,0.,-13,1.075,-99999.,-99999.,-99999.,-99999.,-99999.,-99999.
111859,4121221,60.160488,-1.155307,0.,-13,1.075,-99999.,-99999.,-99999.,-99999.,-99999.,-99999.
111859,4122176,60.160525,-1.15527,0.,-13,1.075,-99999.,-99999.,-99999.,-99999.,-99999.,-99999.
111859,4123138,60.160488,-1.15534,0.,-13,1.075,-99999.,-99999.,-99999.,-99999.,-99999.,-99999.
111859,4124090,60.160478,-1.155362,0.,-13,1.075,-99999.,-99999.,-99999.,-99999.,-99999.,-99999.
111859,4125034,60.160488,-1.155355,0.,-13,1.075,-99999.,-99999.,-99999.,-99999.,-99999.,-99999.
111859,4125978,60.16051,-1.155107,0.,-13,1.075,-99999.,-99999.,-99999.,-99999.,-99999.,-99999.
111859,4126927,60.16049,-1.155378,0.,-13,1.075,-99999.,-99999.,-99999.,-99999.,-99999.,-99999.
111859,4127859,60.160473,-1.155213,0.,-13,1.075,-99999.,-99999.,-99999.,-99999.,-99999.,-99999.
111859,4128807,60.160433,-1.15537,0.,-13,1.075,-99999.,-99999.,-99999.,-99999.,-99999.,-99999.
111859,4129768,60.160493,-1.155343,0.,-13,1.075,-99999.,-99999.,-99999.,-99999.,-99999.,-99999.
111859,4130729,60.160487,-1.155347,0.,-13,1.075,-99999.,-99999.,-99999.,-99999.,-99999.,-99999.
111859,4131677,60.160493,-1.155355,0.,-13,1.075,-99999.,-99999.,-99999.,-99999.,-99999.,-99999.
111859,4132627,60.1605,-1.155347,0.,-13,1.075,-99999.,-99999.,-99999.,-99999.,-99999.,-99999.
111859,4133587,60.16044,-1.155298,0.,-13,1.075,-99999.,-99999.,-99999.,-99999.,-99999.,-99999.
111859,4134548,60.16049,-1.155353,0.,-13,1.075,-99999.,-99999.,-99999.,-99999.,-99999.,-99999.
111859,4135489,60.160505,-1.155318,0.,-13,1.075,-99999.,-99999.,-99999.,-99999.,-99999.,-99999.
111859,4136441,60.160498,-1.155353,0.,-13,1.075,-99999.,-99999.,-99999.,-99999.,-99999.,-99999.
111859,4137398,60.160625,-1.155255,0.,-13,1.075,-99999.,-99999.,-99999.,-99999.,-99999.,-99999.
111859,4138359,60.160457,-1.155365,0.,-13,1.075,-99999.,-99999.,-99999.,-99999.,-99999.,-99999.
111859,4139278,60.160443,-1.155385,0.,-13,1.075,-99999.,-99999.,-99999.,-99999.,-99999.,-99999.
111859,4140239,60.160447,-1.155358,0.,-13,1.075,-99999.,-99999.,-99999.,-99999.,-99999.,-99999.
111859,4141187,60.160468,-1.15538,0.,-13,1.075,-99999.,-99999.,-99999.,-99999.,-99999.,-99999.
111859,4142082,60.16,-1.155,0.,-13,1.075,-99999.,-99999.,-99999.,-99999.,-99999.,-99999.
111859,4142136,60.160453,-1.15538,0.,-13,1.075,-99999.,-99999.,-99999.,-99999.,-99999.,-99999.
111859,4143099,60.16049,-1.155397,0.,-13,1.075,-99999.,-99999.,-99999.,-99999.,-99999.,-99999.
111859,4144038,60.160558,-1.15531,0.,-13,1.075,-99999.,-99999.,-99999.,-99999.,-99999.,-99999.
111859,4144997,60.16046,-1.155285,0.,-13,1.075,-99999.,-99999.,-99999.,-99999.,-99999.,-99999.
111859,4145938,60.160472,-1.155335,0.,-13,1.075,-99999.,-99999.,-99999.,-99999.,-99999.,-99999.
111859,4146890,60.160477,-1.155337,0.,-13,1.075,-99999.,-99999.,-99999.,-99999.,-99999.,-99999.
111859,4147826,60.160463,-1.155392,0.,-13,1.075,-99999.,-99999.,-99999.,-99999.,-99999.,-99999.
111859,4148769,60.160538,-1.155328,0.,-13,1.075,-99999.,-99999.,-99999.,-99999.,-99999.,-99999.
111859,4149728,60.160617,-1.155258,0.,-13,1.075,-99999.,-99999.,-99999.,-99999.,-99999.,-99999.
111859,4149826,60.16,-1.155,0.,-13,1.075,-99999.,-99999.,-99999.,-99999.,-99999.,-99999.
111859,4150006,60.16,-1.155,0.,-13,1.075,-99999.,-99999.,-99999.,-99999.,-99999.,-99999.
111859,4150777,60.160495,-1.155308,0.,-13,1.075,-99999.,-99999.,-99999.,-99999.,-99999.,-99999.
111859,4151729,60.160447,-1.155385,0.,-13,1.075,-99999.,-99999.,-99999.,-99999.,-99999.,-99999.
111859,4152686,60.160443,-1.155392,0.,-13,1.075,-99999.,-99999.,-99999.,-99999.,-99999.,-99999.
111859,4153603,60.16,-1.155,0.,-13,1.075,-99999.,-99999.,-99999.,-99999.,-99999.,-99999.
111859,4153638,60.160438,-1.155322,0.,-13,1.075,-99999.,-99999.,-99999.,-99999.,-99999.,-99999.
111859,4154590,60.160465,-1.15536,0.,-13,1.075,-99999.,-99999.,-99999.,-99999.,-99999.,-99999.
111859,4155550,60.160448,-1.155345,0.,-13,1.075,-99999.,-99999.,-99999.,-99999.,-99999.,-99999.
111859,4156486,60.160475,-1.155335,0.,-13,1.075,-99999.,-99999.,-99999.,-99999.,-99999.,-99999.
111859,4157451,60.16048,-1.15532,0.,-13,1.075,-99999.,-99999.,-99999.,-99999.,-99999.,-99999.
111859,4158399,60.160515,-1.155372,0.,-13,1.075,-99999.,-99999.,-99999.,-99999.,-99999.,-99999.
111859,4159348,60.160447,-1.155338,0.,-13,1.075,-99999.,-99999.,-99999.,-99999.,-99999.,-99999.
111859,4159362,60.16,-1.155,0.,-13,1.075,-99999.,-99999.,-99999.,-99999.,-99999.,-99999.
111859,4160307,60.1605,-1.15535,0.,-13,1.075,-99999.,-99999.,-99999.,-99999.,-99999.,-99999.
111859,4161256,60.16045,-1.155328,0.,-13,1.075,-99999.,-99999.,-99999.,-99999.,-99999.,-99999.
111859,4162199,60.160572,-1.15527,0.,-13,1.075,-99999.,-99999.,-99999.,-99999.,-99999.,-99999.
111859,4163138,60.160527,-1.155322,0.,-13,1.075,-99999.,-99999.,-99999.,-99999.,-99999.,-99999.
111859,4164087,60.160537,-1.15532,0.,-13,1.075,-99999.,-99999.,-99999.,-99999.,-99999.,-99999.
111859,4165048,60.160493,-1.15536,0.,-13,1.075,-99999.,-99999.,-99999.,-99999.,-99999.,-99999.
111859,4165998,60.16047,-1.155387,0.,-13,1.075,-99999.,-99999.,-99999.,-99999.,-99999.,-99999.
111859,4166958,60.160523,-1.15538,0.,-13,1.075,-99999.,-99999.,-99999.,-99999.,-99999.,-99999.
111859,4167906,60.160538,-1.15529,0.,-13,1.075,-99999.,-99999.,-99999.,-99999.,-99999.,-99999.
111859,4168858,60.160545,-1.155297,0.,-13,1.075,-99999.,-99999.,-99999.,-99999.,-99999.,-99999.
111859,4169819,60.160483,-1.155398,0.,-13,1.075,-99999.,-99999.,-99999.,-99999.,-99999.,-99999.
111859,4170777,60.160472,-1.15536,0.,-13,1.075,-99999.,-99999.,-99999.,-99999.,-99999.,-99999.
111859,4171729,60.160475,-1.15537,0.,-13,1.075,-99999.,-99999.,-99999.,-99999.,-99999.,-99999.
111859,4172686,60.160518,-1.155355,0.,-13,1.075,-99999.,-99999.,-99999.,-99999.,-99999.,-99999.
111859,4173639,60.160448,-1.155388,0.,-13,1.075,-99999.,-99999.,-99999.,-99999.,-99999.,-99999.
111859,4174657,60.1605,-1.15537,0.,-13,1.075,-99999.,-99999.,-99999.,-99999.,-99999.,-99999.
111859,4175599,60.160497,-1.155355,0.,-13,1.075,-99999.,-99999.,-99999.,-99999.,-99999.,-99999.
111859,4176556,60.160483,-1.155358,0.,-13,1.075,-99999.,-99999.,-99999.,-99999.,-99999.,-99999.
111859,4177508,60.160493,-1.155382,0.,-13,1.075,-99999.,-99999.,-99999.,-99999.,-99999.,-99999.
111859,4178468,60.160455,-1.15534,0.,-13,1.075,-99999.,-99999.,-99999.,-99999.,-99999.,-99999.
111859,4179420,60.160495,-1.155383,0.,-13,1.075,-99999.,-99999.,-99999.,-99999.,-99999.,-99999.
111859,4180356,60.160472,-1.155375,0.,-13,1.075,-99999.,-99999.,-99999.,-99999.,-99999.,-99999.
111859,4181317,60.160483,-1.155427,0.,-13,1.075,-99999.,-99999.,-99999.,-99999.,-99999.,-99999.
111859,4182277,60.16051,-1.155413,0.,-13,1.075,-99999.,-99999.,-99999.,-99999.,-99999.,-99999.
111859,4183230,60.160475,-1.155433,0.,-13,1.075,-99999.,-99999.,-99999.,-99999.,-99999.,-99999.
111859,4184187,60.160478,-1.155392,0.,-13,1.075,-99999.,-99999.,-99999.,-99999.,-99999.,-99999.
111859,4185146,60.160495,-1.155383,0.,-13,1.075,-99999.,-99999.,-99999.,-99999.,-99999.,-99999.
111859,4186066,60.160492,-1.15537,0.,-13,1.075,-99999.,-99999.,-99999.,-99999.,-99999.,-99999.
111859,4187017,60.16049,-1.155368,0.,-13,1.075,-99999.,-99999.,-99999.,-99999.,-99999.,-99999.
111859,4187977,60.160518,-1.155297,0.,-13,1.075,-99999.,-99999.,-99999.,-99999.,-99999.,-99999.
111859,4188163,60.16,-1.155,0.,-13,1.075,-99999.,-99999.,-99999.,-99999.,-99999.,-99999.
111859,4188929,60.160497,-1.155333,0.,-13,1.075,-99999.,-99999.,-99999.,-99999.,-99999.,-99999.
111859,4189910,60.160508,-1.155343,0.,-13,1.075,-99999.,-99999.,-99999.,-99999.,-99999.,-99999.
111859,4190858,60.160508,-1.15533,0.,-13,1.075,-99999.,-99999.,-99999.,-99999.,-99999.,-99999.
111859,4191810,60.160478,-1.15537,0.,-13,1.075,-99999.,-99999.,-99999.,-99999.,-99999.,-99999.
111859,4192770,60.160537,-1.155278,0.,-13,1.075,-99999.,-99999.,-99999.,-99999.,-99999.,-99999.
111859,4193719,60.160472,-1.155385,0.,-13,1.075,-99999.,-99999.,-99999.,-99999.,-99999.,-99999.
111859,4194667,60.160472,-1.155357,0.,-13,1.075,-99999.,-99999.,-99999.,-99999.,-99999.,-99999.
111859,4195367,60.16,-1.155,0.,-13,1.075,-99999.,-99999.,-99999.,-99999.,-99999.,-99999.
111859,4195628,60.160467,-1.155395,0.,-13,1.075,-99999.,-99999.,-99999.,-99999.,-99999.,-99999.
111859,4196589,60.160465,-1.155415,0.,-13,1.075,-99999.,-99999.,-99999.,-99999.,-99999.,-99999.
111859,4197537,60.160508,-1.155357,0.,-13,1.075,-99999.,-99999.,-99999.,-99999.,-99999.,-99999.
111859,4198546,60.160502,-1.155357,0.,-13,1.075,-99999.,-99999.,-99999.,-99999.,-99999.,-99999.
111859,4199507,60.160505,-1.155313,0.,-13,1.075,-99999.,-99999.,-99999.,-99999.,-99999.,-99999.
111859,4200459,60.160487,-1.155352,0.,-13,1.075,-99999.,-99999.,-99999.,-99999.,-99999.,-99999.
111859,4200587,60.16,-1.155,0.,-13,1.075,-99999.,-99999.,-99999.,-99999.,-99999.,-99999.
111859,4200767,60.16,-1.155,0.,-13,1.075,-99999.,-99999.,-99999.,-99999.,-99999.,-99999.
111859,4201396,60.160482,-1.155365,0.,-13,1.075,-99999.,-99999.,-99999.,-99999.,-99999.,-99999.
111859,4202357,60.16047,-1.15534,0.,-13,1.075,-99999.,-99999.,-99999.,-99999.,-99999.,-99999.
111859,4203310,60.160448,-1.155373,0.,-13,1.075,-99999.,-99999.,-99999.,-99999.,-99999.,-99999.
111859,4205227,60.160458,-1.155377,0.,-13,1.075,-99999.,-99999.,-99999.,-99999.,-99999.,-99999.
111859,4206179,60.160482,-1.15536,0.,-13,1.075,-99999.,-99999.,-99999.,-99999.,-99999.,-99999.
111859,4207136,60.16047,-1.155332,0.,-13,1.075,-99999.,-99999.,-99999.,-99999.,-99999.,-99999.
111859,4208087,60.160503,-1.155313,0.,-13,1.075,-99999.,-99999.,-99999.,-99999.,-99999.,-99999.
111859,4209039,60.160483,-1.155363,0.,-13,1.075,-99999.,-99999.,-99999.,-99999.,-99999.,-99999.
111859,4210059,60.160473,-1.155367,0.,-13,1.075,-99999.,-99999.,-99999.,-99999.,-99999.,-99999.
111859,4211009,60.160507,-1.155385,0.,-13,1.075,-99999.,-99999.,-99999.,-99999.,-99999.,-99999.
111859,4211966,60.160502,-1.155205,0.,-13,1.075,-99999.,-99999.,-99999.,-99999.,-99999.,-99999.
111859,4212907,60.160483,-1.155245,0.,-13,1.075,-99999.,-99999.,-99999.,-99999.,-99999.,-99999.
111859,4213868,60.1605,-1.155262,0.,-13,1.075,-99999.,-99999.,-99999.,-99999.,-99999.,-99999.
111859,4214807,60.160478,-1.155342,0.,-13,1.075,-99999.,-99999.,-99999.,-99999.,-99999.,-99999.
111859,4215749,60.160493,-1.155355,0.,-13,1.075,-99999.,-99999.,-99999.,-99999.,-99999.,-99999.
111859,4216718,60.160503,-1.155348,0.,-13,1.075,-99999.,-99999.,-99999.,-99999.,-99999.,-99999.
111859,4217666,60.160467,-1.155382,0.,-13,1.075,-99999.,-99999.,-99999.,-99999.,-99999.,-99999.
111859,4218609,60.160483,-1.15538,0.,-13,1.075,-99999.,-99999.,-99999.,-99999.,-99999.,-99999.
111859,4219569,60.160497,-1.15534,0.,-13,1.075,-99999.,-99999.,-99999.,-99999.,-99999.,-99999.
111859,4220518,60.16048,-1.155332,0.,-13,1.075,-99999.,-99999.,-99999.,-99999.,-99999.,-99999.
111859,4221489,60.160497,-1.155328,0.,-13,1.075,-99999.,-99999.,-99999.,-99999.,-99999.,-99999.
111859,4222429,60.16044,-1.15537,0.,-13,1.075,-99999.,-99999.,-99999.,-99999.,-99999.,-99999.
111859,4223359,60.160558,-1.155298,0.,-13,1.075,-99999.,-99999.,-99999.,-99999.,-99999.,-99999.
111859,4224326,60.160448,-1.155345,0.1,-13,1.075,-99999.,-99999.,-99999.,-99999.,-99999.,-99999.
111859,4225279,60.160498,-1.155347,0.,-13,1.075,-99999.,-99999.,-99999.,-99999.,-99999.,-99999.
111859,4226246,60.16048,-1.155368,0.,-13,1.075,-99999.,-99999.,-99999.,-99999.,-99999.,-99999.
111859,4227196,60.16047,-1.155365,0.,-13,1.075,-99999.,-99999.,-99999.,-99999.,-99999.,-99999.
111859,4228147,60.16051,-1.155348,0.,-13,1.075,-99999.,-99999.,-99999.,-99999.,-99999.,-99999.
111859,4229100,60.160467,-1.155363,0.,-13,1.075,-99999.,-99999.,-99999.,-99999.,-99999.,-99999.
111859,4230048,60.160502,-1.155323,0.,-13,1.075,-99999.,-99999.,-99999.,-99999.,-99999.,-99999.
111859,4230285,60.16,-1.155,0.,-13,1.075,-99999.,-99999.,-99999.,-99999.,-99999.,-99999.
111859,4230465,60.16,-1.155,0.,-13,1.075,-99999.,-99999.,-99999.,-99999.,-99999.,-99999.
111859,4230645,60.16,-1.155,0.,-13,1.075,-99999.,-99999.,-99999.,-99999.,-99999.,-99999.
111859,4230998,60.160478,-1.15534,0.,-13,1.075,-99999.,-99999.,-99999.,-99999.,-99999.,-99999.
111859,4231948,60.160468,-1.155323,0.,-13,1.075,-99999.,-99999.,-99999.,-99999.,-99999.,-99999.
111859,4233118,60.160483,-1.155312,0.,-13,1.075,-99999.,-99999.,-99999.,-99999.,-99999.,-99999.
111859,4233168,60.16,-1.155,0.,-13,1.075,-99999.,-99999.,-99999.,-99999.,-99999.,-99999.
111859,4233348,60.16,-1.155,0.,-13,1.075,-99999.,-99999.,-99999.,-99999.,-99999.,-99999.
111859,4234078,60.16047,-1.155343,0.,-13,1.075,-99999.,-99999.,-99999.,-99999.,-99999.,-99999.
111859,4235028,60.160478,-1.155367,0.,-13,1.075,-99999.,-99999.,-99999.,-99999.,-99999.,-99999.
111859,4235982,60.160508,-1.155278,0.,-13,1.075,-99999.,-99999.,-99999.,-99999.,-99999.,-99999.
111859,4236225,60.16,-1.155,0.,-13,1.075,-99999.,-99999.,-99999.,-99999.,-99999.,-99999.
111859,4236936,60.160493,-1.155253,0.,-13,1.075,-99999.,-99999.,-99999.,-99999.,-99999.,-99999.
111859,4237889,60.160452,-1.155393,0.,-13,1.075,-99999.,-99999.,-99999.,-99999.,-99999.,-99999.
111859,4238837,60.160455,-1.155358,0.,-13,1.075,-99999.,-99999.,-99999.,-99999.,-99999.,-99999.
111859,4238928,60.16,-1.155,0.,-13,1.075,-99999.,-99999.,-99999.,-99999.,-99999.,-99999.
111859,4239786,60.16046,-1.155373,0.,-13,1.075,-99999.,-99999.,-99999.,-99999.,-99999.,-99999.
111859,4240739,60.160452,-1.155333,0.,-13,1.075,-99999.,-99999.,-99999.,-99999.,-99999.,-99999.
111859,4241696,60.16048,-1.155357,0.,-13,1.075,-99999.,-99999.,-99999.,-99999.,-99999.,-99999.
111859,4241806,60.16,-1.155,0.,-13,1.075,-99999.,-99999.,-99999.,-99999.,-99999.,-99999.
111859,4241986,60.16,-1.155,0.,-13,1.075,-99999.,-99999.,-99999.,-99999.,-99999.,-99999.
111859,4242636,60.160478,-1.155383,0.,-13,1.075,-99999.,-99999.,-99999.,-99999.,-99999.,-99999.
111859,4243597,60.160485,-1.155273,0.,-13,1.075,-99999.,-99999.,-99999.,-99999.,-99999.,-99999.
111859,4244539,60.160527,-1.155348,0.,-13,1.075,-99999.,-99999.,-99999.,-99999.,-99999.,-99999.
111859,4245476,60.160473,-1.155342,0.,-13,1.075,-99999.,-99999.,-99999.,-99999.,-99999.,-99999.
111859,4246428,60.160467,-1.155375,0.,-13,1.075,-99999.,-99999.,-99999.,-99999.,-99999.,-99999.
111859,4247376,60.160467,-1.155355,0.,-13,1.075,-99999.,-99999.,-99999.,-99999.,-99999.,-99999.
111859,4248309,60.160505,-1.155327,0.,-13,1.075,-99999.,-99999.,-99999.,-99999.,-99999.,-99999.
111859,4249245,60.160515,-1.155298,0.,-13,1.075,-99999.,-99999.,-99999.,-99999.,-99999.,-99999.
111859,4251150,60.160488,-1.155362,0.,-13,1.075,-99999.,-99999.,-99999.,-99999.,-99999.,-99999.
111859,4252098,60.160477,-1.155363,0.,-13,1.075,-99999.,-99999.,-99999.,-99999.,-99999.,-99999.
111859,4253058,60.160492,-1.155342,0.,-13,1.075,-99999.,-99999.,-99999.,-99999.,-99999.,-99999.
111859,4254018,60.160563,-1.155353,0.,-13,1.075,-99999.,-99999.,-99999.,-99999.,-99999.,-99999.
111859,4254979,60.160488,-1.155343,0.,-13,1.075,-99999.,-99999.,-99999.,-99999.,-99999.,-99999.
111859,4255939,60.160483,-1.155365,0.1,-13,1.075,-99999.,-99999.,-99999.,-99999.,-99999.,-99999.
111859,4256879,60.160497,-1.155365,0.,-13,1.075,-99999.,-99999.,-99999.,-99999.,-99999.,-99999.
111859,4257825,60.160482,-1.15536,0.,-13,1.075,-99999.,-99999.,-99999.,-99999.,-99999.,-99999.
111859,4258777,60.160488,-1.15537,0.,-13,1.075,-99999.,-99999.,-99999.,-99999.,-99999.,-99999.
111859,4259717,60.160485,-1.155368,0.,-13,1.075,-99999.,-99999.,-99999.,-99999.,-99999.,-99999.
111859,4260671,60.160488,-1.155337,0.,-13,1.075,-99999.,-99999.,-99999.,-99999.,-99999.,-99999.
111859,4261609,60.160488,-1.155365,0.,-13,1.075,-99999.,-99999.,-99999.,-99999.,-99999.,-99999.
111859,4262577,60.16048,-1.155365,0.,-13,1.075,-99999.,-99999.,-99999.,-99999.,-99999.,-99999.
111859,4263529,60.160497,-1.155348,0.,-13,1.075,-99999.,-99999.,-99999.,-99999.,-99999.,-99999.
111859,4264469,60.160505,-1.155337,0.,-13,1.075,-99999.,-99999.,-99999.,-99999.,-99999.,-99999.
111859,4265417,60.160488,-1.155298,0.,-13,1.075,-99999.,-99999.,-99999.,-99999.,-99999.,-99999.
111859,4266369,60.160545,-1.155322,0.,-13,1.075,-99999.,-99999.,-99999.,-99999.,-99999.,-99999.
111859,4267298,60.160452,-1.155388,0.,-13,1.075,-99999.,-99999.,-99999.,-99999.,-99999.,-99999.
111859,4268397,60.160485,-1.155363,0.,-13,1.075,-99999.,-99999.,-99999.,-99999.,-99999.,-99999.
111859,4269359,60.160465,-1.155373,0.,-13,1.075,-99999.,-99999.,-99999.,-99999.,-99999.,-99999.
111859,4270299,60.160458,-1.155387,0.,-13,1.075,-99999.,-99999.,-99999.,-99999.,-99999.,-99999.
111859,4270606,60.16,-1.155,0.,-13,1.075,-99999.,-99999.,-99999.,-99999.,-99999.,-99999.
111859,4271260,60.16049,-1.155355,0.,-13,1.075,-99999.,-99999.,-99999.,-99999.,-99999.,-99999.
111859,4272208,60.160505,-1.155348,0.,-13,1.075,-99999.,-99999.,-99999.,-99999.,-99999.,-99999.
111859,4273156,60.160528,-1.15533,0.,-13,1.075,-99999.,-99999.,-99999.,-99999.,-99999.,-99999.
111859,4274108,60.160498,-1.155332,0.,-13,1.075,-99999.,-99999.,-99999.,-99999.,-99999.,-99999.
111859,4275068,60.160485,-1.155352,0.,-13,1.075,-99999.,-99999.,-99999.,-99999.,-99999.,-99999.
111859,4276008,60.160478,-1.15538,0.,-13,1.075,-99999.,-99999.,-99999.,-99999.,-99999.,-99999.
111859,4276726,60.16,-1.155,0.,-13,1.075,-99999.,-99999.,-99999.,-99999.,-99999.,-99999.
111859,4276957,60.160487,-1.15533,0.,-13,1.075,-99999.,-99999.,-99999.,-99999.,-99999.,-99999.
111859,4277909,60.160483,-1.155365,0.,-13,1.075,-99999.,-99999.,-99999.,-99999.,-99999.,-99999.
111859,4278857,60.160497,-1.155275,0.,-13,1.075,-99999.,-99999.,-99999.,-99999.,-99999.,-99999.
111859,4279807,60.160462,-1.155293,0.,-13,1.075,-99999.,-99999.,-99999.,-99999.,-99999.,-99999.
111859,4280758,60.16047,-1.155328,0.,-13,1.075,-99999.,-99999.,-99999.,-99999.,-99999.,-99999.
111859,4281719,60.160465,-1.155352,0.,-13,1.075,-99999.,-99999.,-99999.,-99999.,-99999.,-99999.
111859,4282662,60.160475,-1.155368,0.,-13,1.075,-99999.,-99999.,-99999.,-99999.,-99999.,-99999.
111859,4283619,60.160482,-1.155352,0.,-13,1.075,-99999.,-99999.,-99999.,-99999.,-99999.,-99999.
111859,4283929,60.16,-1.155,0.,-13,1.075,-99999.,-99999.,-99999.,-99999.,-99999.,-99999.
111859,4284109,60.16,-1.155,0.,-13,1.075,-99999.,-99999.,-99999.,-99999.,-99999.,-99999.
111859,4284567,60.160475,-1.15538,0.,-13,1.075,-99999.,-99999.,-99999.,-99999.,-99999.,-99999.
111859,4285517,60.160463,-1.155348,0.,-13,1.075,-99999.,-99999.,-99999.,-99999.,-99999.,-99999.
111859,4286478,60.160492,-1.155358,0.,-13,1.075,-99999.,-99999.,-99999.,-99999.,-99999.,-99999.
111859,4287439,60.160493,-1.155387,0.,-13,1.075,-99999.,-99999.,-99999.,-99999.,-99999.,-99999.
111859,4288387,60.160477,-1.15536,0.,-13,1.075,-99999.,-99999.,-99999.,-99999.,-99999.,-99999.
111859,4289337,60.160482,-1.155317,0.,-13,1.075,-99999.,-99999.,-99999.,-99999.,-99999.,-99999.
111859,4290288,60.160482,-1.155352,0.,-13,1.075,-99999.,-99999.,-99999.,-99999.,-99999.,-99999.
111859,4291220,60.16046,-1.155368,0.,-13,1.075,-99999.,-99999.,-99999.,-99999.,-99999.,-99999.
111859,4292177,60.160458,-1.155368,0.,-13,1.075,-99999.,-99999.,-99999.,-99999.,-99999.,-99999.
111859,4293130,60.160467,-1.155362,0.,-13,1.075,-99999.,-99999.,-99999.,-99999.,-99999.,-99999.
111859,4294078,60.160463,-1.15534,0.,-13,1.075,-99999.,-99999.,-99999.,-99999.,-99999.,-99999.
111859,4295038,60.160483,-1.155322,0.,-13,1.075,-99999.,-99999.,-99999.,-99999.,-99999.,-99999.
111859,4295997,60.160475,-1.155348,0.,-13,1.075,-99999.,-99999.,-99999.,-99999.,-99999.,-99999.
111859,4296927,60.160495,-1.155298,0.,-13,1.075,-99999.,-99999.,-99999.,-99999.,-99999.,-99999.
111859,4297886,60.160487,-1.155217,0.,-13,1.075,-99999.,-99999.,-99999.,-99999.,-99999.,-99999.
111859,4298828,60.160482,-1.155323,0.,-13,1.075,-99999.,-99999.,-99999.,-99999.,-99999.,-99999.
111859,4299768,60.160472,-1.15531,0.,-13,1.075,-99999.,-99999.,-99999.,-99999.,-99999.,-99999.
111859,4300716,60.160477,-1.155358,0.,-13,1.075,-99999.,-99999.,-99999.,-99999.,-99999.,-99999.
111859,4301669,60.160485,-1.155332,0.,-13,1.075,-99999.,-99999.,-99999.,-99999.,-99999.,-99999.
111859,4302629,60.160487,-1.155345,0.,-13,1.075,-99999.,-99999.,-99999.,-99999.,-99999.,-99999.
111859,4303685,60.160497,-1.155332,0.,-13,1.075,-99999.,-99999.,-99999.,-99999.,-99999.,-99999.
111859,4304637,60.160488,-1.155362,0.,-13,1.075,-99999.,-99999.,-99999.,-99999.,-99999.,-99999.
111859,4305578,60.160483,-1.155348,0.,-13,1.075,-99999.,-99999.,-99999.,-99999.,-99999.,-99999.
111859,4306530,60.160487,-1.155323,0.,-13,1.075,-99999.,-99999.,-99999.,-99999.,-99999.,-99999.
111859,4307479,60.160475,-1.1553,0.,-13,1.075,-99999.,-99999.,-99999.,-99999.,-99999.,-99999.
111859,4308438,60.160565,-1.15532,0.,-13,1.075,-99999.,-99999.,-99999.,-99999.,-99999.,-99999.
111859,4309399,60.160562,-1.155297,0.,-13,1.075,-99999.,-99999.,-99999.,-99999.,-99999.,-99999.
111859,4310336,60.160547,-1.155225,0.,-13,1.075,-99999.,-99999.,-99999.,-99999.,-99999.,-99999.
111859,4311288,60.16049,-1.155338,0.1,-13,1.075,-99999.,-99999.,-99999.,-99999.,-99999.,-99999.
111859,4312238,60.160457,-1.155365,0.,-13,1.075,-99999.,-99999.,-99999.,-99999.,-99999.,-99999.
111859,4313198,60.160477,-1.155322,0.,-13,1.075,-99999.,-99999.,-99999.,-99999.,-99999.,-99999.
111859,4314158,60.16048,-1.155348,0.,-13,1.075,-99999.,-99999.,-99999.,-99999.,-99999.,-99999.
111859,4315108,60.160477,-1.155352,0.,-13,1.075,-99999.,-99999.,-99999.,-99999.,-99999.,-99999.
111859,4316048,60.160475,-1.15534,0.,-13,1.075,-99999.,-99999.,-99999.,-99999.,-99999.,-99999.
111859,4316997,60.160477,-1.155335,0.,-13,1.075,-99999.,-99999.,-99999.,-99999.,-99999.,-99999.
111859,4317948,60.160475,-1.155388,0.,-13,1.075,-99999.,-99999.,-99999.,-99999.,-99999.,-99999.
111859,4318897,60.160487,-1.155337,0.,-13,1.075,-99999.,-99999.,-99999.,-99999.,-99999.,-99999.
111859,4319860,60.160472,-1.155345,0.,-13,1.075,-99999.,-99999.,-99999.,-99999.,-99999.,-99999.
111859,4320817,60.160535,-1.155333,0.,-13,1.075,-99999.,-99999.,-99999.,-99999.,-99999.,-99999.
111859,4321769,60.160515,-1.155312,0.,-13,1.075,-99999.,-99999.,-99999.,-99999.,-99999.,-99999.
111859,4322090,60.16,-1.155,0.,-13,1.075,-99999.,-99999.,-99999.,-99999.,-99999.,-99999.
111859,4322727,60.160518,-1.155322,0.,-13,1.075,-99999.,-99999.,-99999.,-99999.,-99999.,-99999.
111859,4323679,60.160483,-1.155347,0.1,-13,1.075,-99999.,-99999.,-99999.,-99999.,-99999.,-99999.
111859,4324607,60.16,-1.155,0.,-13,1.075,-99999.,-99999.,-99999.,-99999.,-99999.,-99999.
111859,4324627,60.160473,-1.155368,0.,-13,1.075,-99999.,-99999.,-99999.,-99999.,-99999.,-99999.
111859,4325569,60.160473,-1.155343,0.,-13,1.075,-99999.,-99999.,-99999.,-99999.,-99999.,-99999.
111859,4326509,60.16048,-1.155342,0.,-13,1.075,-99999.,-99999.,-99999.,-99999.,-99999.,-99999.
111859,4327448,60.16047,-1.155365,0.,-13,1.075,-99999.,-99999.,-99999.,-99999.,-99999.,-99999.
111859,4328388,60.160482,-1.155362,0.,-13,1.075,-99999.,-99999.,-99999.,-99999.,-99999.,-99999.
111859,4329328,60.160495,-1.155322,0.,-13,1.075,-99999.,-99999.,-99999.,-99999.,-99999.,-99999.
111859,4330256,60.160487,-1.155335,0.,-13,1.075,-99999.,-99999.,-99999.,-99999.,-99999.,-99999.
111859,4330367,60.16,-1.155,0.,-13,1.075,-99999.,-99999.,-99999.,-99999.,-99999.,-99999.
111859,4330394,60.160477,-1.155353,0.,-13,1.075,-99999.,-99999.,-99999.,-99999.,-99999.,-99999.
111859,4332159,60.160503,-1.155318,0.,-13,1.075,-99999.,-99999.,-99999.,-99999.,-99999.,-99999.
111859,4333108,60.160488,-1.15535,0.,-13,1.075,-99999.,-99999.,-99999.,-99999.,-99999.,-99999.
111859,4334049,60.16047,-1.155353,0.,-13,1.075,-99999.,-99999.,-99999.,-99999.,-99999.,-99999.
111859,4335008,60.160533,-1.155315,0.,-13,1.075,-99999.,-99999.,-99999.,-99999.,-99999.,-99999.
111859,4335967,60.160505,-1.155332,0.,-13,1.075,-99999.,-99999.,-99999.,-99999.,-99999.,-99999.
111859,4336907,60.160488,-1.155337,0.,-13,1.075,-99999.,-99999.,-99999.,-99999.,-99999.,-99999.
111859,4337859,60.16048,-1.155375,0.,-13,1.075,-99999.,-99999.,-99999.,-99999.,-99999.,-99999.
111859,4338968,60.160505,-1.155298,0.,-13,1.075,-99999.,-99999.,-99999.,-99999.,-99999.,-99999.
111859,4339920,60.160545,-1.155362,0.,-13,1.075,-99999.,-99999.,-99999.,-99999.,-99999.,-99999.
111859,4340869,60.160558,-1.155373,0.,-13,1.075,-99999.,-99999.,-99999.,-99999.,-99999.,-99999.
111859,4341799,60.160508,-1.155418,0.,-13,1.075,-99999.,-99999.,-99999.,-99999.,-99999.,-99999.
111859,4342738,60.160543,-1.15539,0.,-13,1.075,-99999.,-99999.,-99999.,-99999.,-99999.,-99999.
111859,4343698,60.160485,-1.155348,0.,-13,1.075,-99999.,-99999.,-99999.,-99999.,-99999.,-99999.
111859,4344658,60.160487,-1.155367,0.,-13,1.075,-99999.,-99999.,-99999.,-99999.,-99999.,-99999.
111859,4345610,60.160517,-1.155345,0.,-13,1.075,-99999.,-99999.,-99999.,-99999.,-99999.,-99999.
111859,4346540,60.160482,-1.155352,0.,-13,1.075,-99999.,-99999.,-99999.,-99999.,-99999.,-99999.
111859,4347499,60.160482,-1.15536,0.,-13,1.075,-99999.,-99999.,-99999.,-99999.,-99999.,-99999.
111859,4348446,60.16048,-1.155363,0.,-13,1.075,-99999.,-99999.,-99999.,-99999.,-99999.,-99999.
111859,4349398,60.16049,-1.15534,0.,-13,1.075,-99999.,-99999.,-99999.,-99999.,-99999.,-99999.
111859,4350358,60.160482,-1.155348,0.,-13,1.075,-99999.,-99999.,-99999.,-99999.,-99999.,-99999.
111859,4351337,60.160615,-1.155353,0.,-13,1.075,-99999.,-99999.,-99999.,-99999.,-99999.,-99999.
111859,4352298,60.160527,-1.155298,0.,-13,1.075,-99999.,-99999.,-99999.,-99999.,-99999.,-99999.
111859,4353259,60.16056,-1.155325,0.,-13,1.075,-99999.,-99999.,-99999.,-99999.,-99999.,-99999.
111859,4354228,60.160475,-1.155345,0.,-13,1.075,-99999.,-99999.,-99999.,-99999.,-99999.,-99999.
111859,4355188,60.160518,-1.155348,0.,-13,1.075,-99999.,-99999.,-99999.,-99999.,-99999.,-99999.
111859,4356148,60.16048,-1.155362,0.,-13,1.075,-99999.,-99999.,-99999.,-99999.,-99999.,-99999.
111859,4357097,60.160465,-1.155363,0.,-13,1.075,-99999.,-99999.,-99999.,-99999.,-99999.,-99999.
111859,4358058,60.16047,-1.15536,0.,-13,1.075,-99999.,-99999.,-99999.,-99999.,-99999.,-99999.
111859,4358987,60.16,-1.155,0.,-13,1.075,-99999.,-99999.,-99999.,-99999.,-99999.,-99999.
111859,4358998,60.160492,-1.15533,0.,-13,1.075,-99999.,-99999.,-99999.,-99999.,-99999.,-99999.
111859,4359950,60.160548,-1.155215,0.,-13,1.075,-99999.,-99999.,-99999.,-99999.,-99999.,-99999.
111859,4360899,60.160483,-1.155322,0.,-13,1.075,-99999.,-99999.,-99999.,-99999.,-99999.,-99999.
111859,4361859,60.160448,-1.155327,0.,-13,1.075,-99999.,-99999.,-99999.,-99999.,-99999.,-99999.
111859,4362856,60.16047,-1.15534,0.,-13,1.075,-99999.,-99999.,-99999.,-99999.,-99999.,-99999.
111859,4363809,60.160462,-1.155355,0.,-13,1.075,-99999.,-99999.,-99999.,-99999.,-99999.,-99999.
111859,4364758,60.16047,-1.155355,0.,-13,1.075,-99999.,-99999.,-99999.,-99999.,-99999.,-99999.
111859,4365715,60.160478,-1.155293,0.,-13,1.075,-99999.,-99999.,-99999.,-99999.,-99999.,-99999.
111859,4366659,60.160467,-1.155302,0.,-13,1.075,-99999.,-99999.,-99999.,-99999.,-99999.,-99999.
111859,4367618,60.160462,-1.155362,0.,-13,1.075,-99999.,-99999.,-99999.,-99999.,-99999.,-99999.
111859,4368566,60.160467,-1.155358,0.,-13,1.075,-99999.,-99999.,-99999.,-99999.,-99999.,-99999.
111859,4369518,60.16047,-1.155368,0.,-13,1.075,-99999.,-99999.,-99999.,-99999.,-99999.,-99999.
111859,4370467,60.160493,-1.155363,0.,-13,1.075,-99999.,-99999.,-99999.,-99999.,-99999.,-99999.
111859,4371427,60.16047,-1.155335,0.,-13,1.075,-99999.,-99999.,-99999.,-99999.,-99999.,-99999.
111859,4372369,60.160493,-1.15531,0.,-13,1.075,-99999.,-99999.,-99999.,-99999.,-99999.,-99999.
111859,4372851,60.16,-1.155,0.,-13,1.075,-99999.,-99999.,-99999.,-99999.,-99999.,-99999.
111859,4373329,60.160492,-1.155298,0.,-13,1.075,-99999.,-99999.,-99999.,-99999.,-99999.,-99999.
111859,4374267,60.160503,-1.15535,0.,-13,1.075,-99999.,-99999.,-99999.,-99999.,-99999.,-99999.
111859,4375239,60.16046,-1.155302,0.,-13,1.075,-99999.,-99999.,-99999.,-99999.,-99999.,-99999.
111859,4376195,60.160482,-1.155333,0.,-13,1.075,-99999.,-99999.,-99999.,-99999.,-99999.,-99999.
111859,4377136,60.160473,-1.155362,0.,-13,1.075,-99999.,-99999.,-99999.,-99999.,-99999.,-99999.
111859,4378066,60.160475,-1.155352,0.,-13,1.075,-99999.,-99999.,-99999.,-99999.,-99999.,-99999.
111859,4379030,60.160467,-1.155355,0.,-13,1.075,-99999.,-99999.,-99999.,-99999.,-99999.,-99999.
111859,4379966,60.160482,-1.155332,0.,-13,1.075,-99999.,-99999.,-99999.,-99999.,-99999.,-99999.
111859,4380919,60.16048,-1.155367,0.,-13,1.075,-99999.,-99999.,-99999.,-99999.,-99999.,-99999.
111859,4381868,60.160478,-1.155322,0.,-13,1.075,-99999.,-99999.,-99999.,-99999.,-99999.,-99999.
111859,4383777,60.16049,-1.15516,0.,-13,1.075,-99999.,-99999.,-99999.,-99999.,-99999.,-99999.
111859,4384737,60.1605,-1.155318,0.,-13,1.075,-99999.,-99999.,-99999.,-99999.,-99999.,-99999.
111859,4385690,60.1605,-1.155197,0.,-13,1.075,-99999.,-99999.,-99999.,-99999.,-99999.,-99999.
111859,4386618,60.160525,-1.155313,0.,-13,1.075,-99999.,-99999.,-99999.,-99999.,-99999.,-99999.
111859,4387587,60.160477,-1.15536,0.,-13,1.075,-99999.,-99999.,-99999.,-99999.,-99999.,-99999.
111859,4388548,60.160482,-1.155378,0.,-13,1.075,-99999.,-99999.,-99999.,-99999.,-99999.,-99999.
111859,4389507,60.16053,-1.15533,0.,-13,1.075,-99999.,-99999.,-99999.,-99999.,-99999.,-99999.
111859,4390468,60.160497,-1.155367,0.,-13,1.075,-99999.,-99999.,-99999.,-99999.,-99999.,-99999.
111859,4391427,60.160503,-1.155342,0.,-13,1.075,-99999.,-99999.,-99999.,-99999.,-99999.,-99999.
111859,4392368,60.160487,-1.155333,0.,-13,1.075,-99999.,-99999.,-99999.,-99999.,-99999.,-99999.
111859,4393317,60.160483,-1.155342,0.,-13,1.075,-99999.,-99999.,-99999.,-99999.,-99999.,-99999.
111859,4394259,60.160543,-1.155335,0.,-13,1.075,-99999.,-99999.,-99999.,-99999.,-99999.,-99999.
111859,4395215,60.160557,-1.155323,0.,-13,1.075,-99999.,-99999.,-99999.,-99999.,-99999.,-99999.
111859,4396168,60.160547,-1.155298,0.,-13,1.075,-99999.,-99999.,-99999.,-99999.,-99999.,-99999.
111859,4397128,60.160497,-1.155345,0.,-13,1.075,-99999.,-99999.,-99999.,-99999.,-99999.,-99999.
111859,4398136,60.160488,-1.15536,0.,-13,1.075,-99999.,-99999.,-99999.,-99999.,-99999.,-99999.
111859,4399080,60.160483,-1.15534,0.,-13,1.075,-99999.,-99999.,-99999.,-99999.,-99999.,-99999.
111859,4400028,60.160515,-1.155353,0.,-13,1.075,-99999.,-99999.,-99999.,-99999.,-99999.,-99999.
111859,4400985,60.160535,-1.155343,0.,-13,1.075,-99999.,-99999.,-99999.,-99999.,-99999.,-99999.
111859,4401650,60.16,-1.155,0.,-13,1.075,-99999.,-99999.,-99999.,-99999.,-99999.,-99999.
111859,4401918,60.160498,-1.155345,0.,-13,1.075,-99999.,-99999.,-99999.,-99999.,-99999.,-99999.
111859,4402878,60.160493,-1.15537,0.,-13,1.075,-99999.,-99999.,-99999.,-99999.,-99999.,-99999.
111859,4403840,60.160515,-1.155297,0.,-13,1.075,-99999.,-99999.,-99999.,-99999.,-99999.,-99999.
111859,4404797,60.160502,-1.15528,0.,-13,1.075,-99999.,-99999.,-99999.,-99999.,-99999.,-99999.
111859,4405432,60.16,-1.155,0.,-13,1.075,-99999.,-99999.,-99999.,-99999.,-99999.,-99999.
111859,4405738,60.16049,-1.155337,0.,-13,1.075,-99999.,-99999.,-99999.,-99999.,-99999.,-99999.
111859,4406699,60.160608,-1.1553,0.,-13,1.075,-99999.,-99999.,-99999.,-99999.,-99999.,-99999.
111859,4407410,60.16,-1.155,0.,-13,1.075,-99999.,-99999.,-99999.,-99999.,-99999.,-99999.
111859,4407648,60.16056,-1.155322,0.,-13,1.075,-99999.,-99999.,-99999.,-99999.,-99999.,-99999.
111859,4408597,60.160498,-1.155315,0.,-13,1.075,-99999.,-99999.,-99999.,-99999.,-99999.,-99999.
111859,4409557,60.160472,-1.155363,0.,-13,1.075,-99999.,-99999.,-99999.,-99999.,-99999.,-99999.
111859,4410518,60.16048,-1.155335,0.,-13,1.075,-99999.,-99999.,-99999.,-99999.,-99999.,-99999.
111859,4411447,60.160463,-1.155342,0.,-13,1.075,-99999.,-99999.,-99999.,-99999.,-99999.,-99999.
111859,4412399,60.160475,-1.155353,0.,-13,1.075,-99999.,-99999.,-99999.,-99999.,-99999.,-99999.
111859,4412810,60.16,-1.155,0.,-13,1.075,-99999.,-99999.,-99999.,-99999.,-99999.,-99999.
111859,4413359,60.160477,-1.155357,0.,-13,1.075,-99999.,-99999.,-99999.,-99999.,-99999.,-99999.
111859,4414319,60.16048,-1.155372,0.,-13,1.075,-99999.,-99999.,-99999.,-99999.,-99999.,-99999.
111859,4415256,60.160473,-1.15534,0.,-13,1.075,-99999.,-99999.,-99999.,-99999.,-99999.,-99999.
111859,4416217,60.160502,-1.15535,0.,-13,1.075,-99999.,-99999.,-99999.,-99999.,-99999.,-99999.
111859,4417182,60.160478,-1.155313,0.,-13,1.075,-99999.,-99999.,-99999.,-99999.,-99999.,-99999.
111859,4418138,60.160502,-1.155337,0.,-13,1.075,-99999.,-99999.,-99999.,-99999.,-99999.,-99999.
111859,4419087,60.160503,-1.155347,0.,-13,1.075,-99999.,-99999.,-99999.,-99999.,-99999.,-99999.
111859,4420988,60.160595,-1.155233,0.,-13,1.075,-99999.,-99999.,-99999.,-99999.,-99999.,-99999.
111859,4421920,60.160543,-1.155287,0.1,-13,1.075,-99999.,-99999.,-99999.,-99999.,-99999.,-99999.
111859,4422867,60.160507,-1.155325,0.,-13,1.075,-99999.,-99999.,-99999.,-99999.,-99999.,-99999.
111859,4423827,60.160495,-1.155338,0.,-13,1.075,-99999.,-99999.,-99999.,-99999.,-99999.,-99999.
111859,4424779,60.160515,-1.155338,0.,-13,1.075,-99999.,-99999.,-99999.,-99999.,-99999.,-99999.
111859,4425739,60.160542,-1.155305,0.,-13,1.075,-99999.,-99999.,-99999.,-99999.,-99999.,-99999.
111859,4426687,60.160493,-1.155295,0.,-13,1.075,-99999.,-99999.,-99999.,-99999.,-99999.,-99999.
111859,4427639,60.16048,-1.155372,0.,-13,1.075,-99999.,-99999.,-99999.,-99999.,-99999.,-99999.
111859,4428599,60.160492,-1.155335,0.,-13,1.075,-99999.,-99999.,-99999.,-99999.,-99999.,-99999.
111859,4429547,60.160468,-1.155367,0.,-13,1.075,-99999.,-99999.,-99999.,-99999.,-99999.,-99999.
111859,4430479,60.160475,-1.155358,0.,-13,1.075,-99999.,-99999.,-99999.,-99999.,-99999.,-99999.
111859,4432399,60.160467,-1.155357,0.,-13,1.075,-99999.,-99999.,-99999.,-99999.,-99999.,-99999.
111859,4433316,60.160482,-1.155347,0.,-13,1.075,-99999.,-99999.,-99999.,-99999.,-99999.,-99999.
111859,4434280,60.160477,-1.15534,0.,-13,1.075,-99999.,-99999.,-99999.,-99999.,-99999.,-99999.
111859,4435225,60.160473,-1.155323,0.1,-13,1.075,-99999.,-99999.,-99999.,-99999.,-99999.,-99999.
111859,4436166,60.160492,-1.155353,0.,-13,1.075,-99999.,-99999.,-99999.,-99999.,-99999.,-99999.
111859,4437119,60.160548,-1.155283,0.,-13,1.075,-99999.,-99999.,-99999.,-99999.,-99999.,-99999.
111859,4438066,60.160578,-1.155332,0.,-13,1.075,-99999.,-99999.,-99999.,-99999.,-99999.,-99999.
111859,4439027,60.160517,-1.155342,0.,-13,1.075,-99999.,-99999.,-99999.,-99999.,-99999.,-99999.
111859,4439957,60.160488,-1.15536,0.1,-13,1.075,-99999.,-99999.,-99999.,-99999.,-99999.,-99999.
111859,4440908,60.160477,-1.155378,0.,-13,1.075,-99999.,-99999.,-99999.,-99999.,-99999.,-99999.
111859,4441609,60.16,-1.155,0.,-13,1.075,-99999.,-99999.,-99999.,-99999.,-99999.,-99999.
111859,4441884,60.160482,-1.155353,0.,-13,1.075,-99999.,-99999.,-99999.,-99999.,-99999.,-99999.
111859,4442837,60.160475,-1.155347,0.,-13,1.075,-99999.,-99999.,-99999.,-99999.,-99999.,-99999.
111859,4443789,60.1605,-1.155322,0.,-13,1.075,-99999.,-99999.,-99999.,-99999.,-99999.,-99999.
111859,4444838,60.160492,-1.155358,0.,-13,1.075,-99999.,-99999.,-99999.,-99999.,-99999.,-99999.
111859,4445799,60.160522,-1.15529,0.,-13,1.075,-99999.,-99999.,-99999.,-99999.,-99999.,-99999.
111859,4446758,60.160493,-1.155312,0.,-13,1.075,-99999.,-99999.,-99999.,-99999.,-99999.,-99999.
111859,4447369,60.16,-1.155,0.,-13,1.075,-99999.,-99999.,-99999.,-99999.,-99999.,-99999.
111859,4447550,60.16,-1.155,0.,-13,1.075,-99999.,-99999.,-99999.,-99999.,-99999.,-99999.
111859,4447706,60.160467,-1.155313,0.,-13,1.075,-99999.,-99999.,-99999.,-99999.,-99999.,-99999.
111859,4447730,60.16,-1.155,0.,-13,1.075,-99999.,-99999.,-99999.,-99999.,-99999.,-99999.
111859,4448659,60.16047,-1.155285,0.,-13,1.075,-99999.,-99999.,-99999.,-99999.,-99999.,-99999.
111859,4449609,60.160462,-1.155338,0.,-13,1.075,-99999.,-99999.,-99999.,-99999.,-99999.,-99999.
111859,4450557,60.160465,-1.15534,0.,-13,1.075,-99999.,-99999.,-99999.,-99999.,-99999.,-99999.
111859,4451519,60.160503,-1.155303,0.,-13,1.075,-99999.,-99999.,-99999.,-99999.,-99999.,-99999.
111859,4452479,60.160475,-1.15533,0.,-13,1.075,-99999.,-99999.,-99999.,-99999.,-99999.,-99999.
111859,4453427,60.160462,-1.15533,0.,-13,1.075,-99999.,-99999.,-99999.,-99999.,-99999.,-99999.
111859,4454375,60.160467,-1.15535,0.,-13,1.075,-99999.,-99999.,-99999.,-99999.,-99999.,-99999.
111859,4455337,60.160467,-1.155368,0.1,-13,1.075,-99999.,-99999.,-99999.,-99999.,-99999.,-99999.
111859,4456268,60.160468,-1.155362,0.,-13,1.075,-99999.,-99999.,-99999.,-99999.,-99999.,-99999.
111859,4457197,60.16049,-1.155355,0.,-13,1.075,-99999.,-99999.,-99999.,-99999.,-99999.,-99999.
111859,4458156,60.16048,-1.15533,0.,-13,1.075,-99999.,-99999.,-99999.,-99999.,-99999.,-99999.
111859,4459098,60.160497,-1.15534,0.,-13,1.075,-99999.,-99999.,-99999.,-99999.,-99999.,-99999.
111859,4460038,60.160487,-1.155347,0.,-13,1.075,-99999.,-99999.,-99999.,-99999.,-99999.,-99999.
111859,4460983,60.16046,-1.15536,0.,-13,1.075,-99999.,-99999.,-99999.,-99999.,-99999.,-99999.
111859,4461917,60.160462,-1.155352,0.1,-13,1.075,-99999.,-99999.,-99999.,-99999.,-99999.,-99999.
111859,4462876,60.160462,-1.155362,0.,-13,1.075,-99999.,-99999.,-99999.,-99999.,-99999.,-99999.
111859,4463838,60.160468,-1.155353,0.,-13,1.075,-99999.,-99999.,-99999.,-99999.,-99999.,-99999.
111859,4464798,60.16047,-1.155357,0.,-13,1.075,-99999.,-99999.,-99999.,-99999.,-99999.,-99999.
111859,4465758,60.16047,-1.155355,0.,-13,1.075,-99999.,-99999.,-99999.,-99999.,-99999.,-99999.
111859,4466710,60.160477,-1.15536,0.,-13,1.075,-99999.,-99999.,-99999.,-99999.,-99999.,-99999.
111859,4467664,60.160497,-1.155322,0.,-13,1.075,-99999.,-99999.,-99999.,-99999.,-99999.,-99999.
111859,4468610,60.160475,-1.155357,0.,-13,1.075,-99999.,-99999.,-99999.,-99999.,-99999.,-99999.
111859,4469557,60.160495,-1.155312,0.,-13,1.075,-99999.,-99999.,-99999.,-99999.,-99999.,-99999.
111859,4470499,60.160492,-1.15527,0.,-13,1.075,-99999.,-99999.,-99999.,-99999.,-99999.,-99999.
111859,4471427,60.160473,-1.155345,0.,-13,1.075,-99999.,-99999.,-99999.,-99999.,-99999.,-99999.
111859,4472357,60.160473,-1.155328,0.,-13,1.075,-99999.,-99999.,-99999.,-99999.,-99999.,-99999.
111859,4473310,60.16048,-1.155367,0.,-13,1.075,-99999.,-99999.,-99999.,-99999.,-99999.,-99999.
111859,4474262,60.160478,-1.15536,0.,-13,1.075,-99999.,-99999.,-99999.,-99999.,-99999.,-99999.
111859,4475186,60.160487,-1.155392,0.,-13,1.075,-99999.,-99999.,-99999.,-99999.,-99999.,-99999.
111859,4476125,60.16049,-1.155365,0.,-13,1.075,-99999.,-99999.,-99999.,-99999.,-99999.,-99999.
111859,4478017,60.160505,-1.155343,0.,-13,1.075,-99999.,-99999.,-99999.,-99999.,-99999.,-99999.
111859,4478977,60.160485,-1.155357,0.,-13,1.075,-99999.,-99999.,-99999.,-99999.,-99999.,-99999.
111859,4480126,60.160577,-1.155237,0.,-13,1.075,-99999.,-99999.,-99999.,-99999.,-99999.,-99999.
111859,4481067,60.160575,-1.155307,0.,-13,1.075,-99999.,-99999.,-99999.,-99999.,-99999.,-99999.
111859,4482020,60.160735,-1.15518,0.,-13,1.075,-99999.,-99999.,-99999.,-99999.,-99999.,-99999.
111859,4482988,60.160467,-1.155348,0.,-13,1.075,-99999.,-99999.,-99999.,-99999.,-99999.,-99999.
111859,4484005,60.160483,-1.155327,0.,-13,1.075,-99999.,-99999.,-99999.,-99999.,-99999.,-99999.
111859,4484951,60.160477,-1.155362,0.,-13,1.075,-99999.,-99999.,-99999.,-99999.,-99999.,-99999.
111859,4485915,60.160473,-1.15538,0.,-13,1.075,-99999.,-99999.,-99999.,-99999.,-99999.,-99999.
111859,4486852,60.160498,-1.155325,0.,-13,1.075,-99999.,-99999.,-99999.,-99999.,-99999.,-99999.
111859,4487762,60.160488,-1.155343,0.,-13,1.075,-99999.,-99999.,-99999.,-99999.,-99999.,-99999.
111859,4488709,60.16052,-1.155327,0.,-13,1.075,-99999.,-99999.,-99999.,-99999.,-99999.,-99999.
111859,4488954,60.16,-1.155,0.,-13,1.075,-99999.,-99999.,-99999.,-99999.,-99999.,-99999.
111859,4489657,60.16048,-1.155315,0.,-13,1.075,-99999.,-99999.,-99999.,-99999.,-99999.,-99999.
111859,4490621,60.16049,-1.155282,0.,-13,1.075,-99999.,-99999.,-99999.,-99999.,-99999.,-99999.
111859,4491561,60.160512,-1.15531,0.,-13,1.075,-99999.,-99999.,-99999.,-99999.,-99999.,-99999.
111859,4492567,60.16059,-1.15531,0.,-13,1.075,-99999.,-99999.,-99999.,-99999.,-99999.,-99999.
111859,4493519,60.160507,-1.155345,0.,-13,1.075,-99999.,-99999.,-99999.,-99999.,-99999.,-99999.
111859,4494174,60.16,-1.155,0.,-13,1.075,-99999.,-99999.,-99999.,-99999.,-99999.,-99999.
111859,4495425,60.16049,-1.155338,0.,-13,1.075,-99999.,-99999.,-99999.,-99999.,-99999.,-99999.
111859,4495611,60.16,-1.155,0.,-13,1.075,-99999.,-99999.,-99999.,-99999.,-99999.,-99999.
111859,4496370,60.160478,-1.15538,0.,-13,1.075,-99999.,-99999.,-99999.,-99999.,-99999.,-99999.
111859,4497315,60.160455,-1.155368,0.,-13,1.075,-99999.,-99999.,-99999.,-99999.,-99999.,-99999.
111859,4498277,60.160457,-1.155357,0.,-13,1.075,-99999.,-99999.,-99999.,-99999.,-99999.,-99999.
111859,4499247,60.160472,-1.155378,0.,-13,1.075,-99999.,-99999.,-99999.,-99999.,-99999.,-99999.
111859,4500188,60.160473,-1.155353,0.,-13,1.075,-99999.,-99999.,-99999.,-99999.,-99999.,-99999.
111859,4501148,60.160492,-1.155355,0.,-13,1.075,-99999.,-99999.,-99999.,-99999.,-99999.,-99999.
111859,4502116,60.160505,-1.155323,0.,-13,1.075,-99999.,-99999.,-99999.,-99999.,-99999.,-99999.
111859,4503078,60.160493,-1.155333,0.,-13,1.075,-99999.,-99999.,-99999.,-99999.,-99999.,-99999.
111859,4503998,60.16048,-1.155352,0.,-13,1.075,-99999.,-99999.,-99999.,-99999.,-99999.,-99999.
111859,4504938,60.16049,-1.155325,0.,-13,1.075,-99999.,-99999.,-99999.,-99999.,-99999.,-99999.
111859,4505879,60.160487,-1.155327,0.,-13,1.075,-99999.,-99999.,-99999.,-99999.,-99999.,-99999.
111859,4506815,60.160567,-1.155287,0.,-13,1.075,-99999.,-99999.,-99999.,-99999.,-99999.,-99999.
111859,4507131,60.16,-1.155,0.,-13,1.075,-99999.,-99999.,-99999.,-99999.,-99999.,-99999.
111859,4507767,60.160537,-1.155267,0.,-13,1.075,-99999.,-99999.,-99999.,-99999.,-99999.,-99999.
111859,4508716,60.160507,-1.155345,0.,-13,1.075,-99999.,-99999.,-99999.,-99999.,-99999.,-99999.
111859,4509650,60.160472,-1.155328,0.,-13,1.075,-99999.,-99999.,-99999.,-99999.,-99999.,-99999.
111859,4510606,60.160508,-1.155363,0.,-13,1.075,-99999.,-99999.,-99999.,-99999.,-99999.,-99999.
111859,4511558,60.160482,-1.155312,0.,-13,1.075,-99999.,-99999.,-99999.,-99999.,-99999.,-99999.
111859,4512520,60.16053,-1.155302,0.,-13,1.075,-99999.,-99999.,-99999.,-99999.,-99999.,-99999.
111859,4513476,60.160478,-1.155295,0.,-13,1.075,-99999.,-99999.,-99999.,-99999.,-99999.,-99999.
111859,4514417,60.160508,-1.155297,0.,-13,1.075,-99999.,-99999.,-99999.,-99999.,-99999.,-99999.
111859,4515417,60.160543,-1.155288,0.,-13,1.075,-99999.,-99999.,-99999.,-99999.,-99999.,-99999.
111859,4516377,60.160488,-1.15534,0.,-13,1.075,-99999.,-99999.,-99999.,-99999.,-99999.,-99999.
111859,4517307,60.160528,-1.155347,0.,-13,1.075,-99999.,-99999.,-99999.,-99999.,-99999.,-99999.
111859,4518247,60.160485,-1.155352,0.,-13,1.075,-99999.,-99999.,-99999.,-99999.,-99999.,-99999.
111859,4519200,60.160477,-1.155337,0.,-13,1.075,-99999.,-99999.,-99999.,-99999.,-99999.,-99999.
111859,4520156,60.160483,-1.155355,0.,-13,1.075,-99999.,-99999.,-99999.,-99999.,-99999.,-99999.
111859,4521116,60.160478,-1.155338,0.,-13,1.075,-99999.,-99999.,-99999.,-99999.,-99999.,-99999.
111859,4522057,60.160503,-1.155347,0.,-13,1.075,-99999.,-99999.,-99999.,-99999.,-99999.,-99999.
111859,4523017,60.160668,-1.155323,0.,-13,1.075,-99999.,-99999.,-99999.,-99999.,-99999.,-99999.
111859,4523966,60.160502,-1.15529,0.,-13,1.075,-99999.,-99999.,-99999.,-99999.,-99999.,-99999.
111859,4524907,60.160542,-1.15532,0.,-13,1.075,-99999.,-99999.,-99999.,-99999.,-99999.,-99999.
111859,4525858,60.160478,-1.15535,0.,-13,1.075,-99999.,-99999.,-99999.,-99999.,-99999.,-99999.
111859,4526799,60.160502,-1.155378,0.,-13,1.075,-99999.,-99999.,-99999.,-99999.,-99999.,-99999.
111859,4527769,60.160457,-1.155365,0.,-13,1.075,-99999.,-99999.,-99999.,-99999.,-99999.,-99999.
111859,4528716,60.16045,-1.155368,0.,-13,1.075,-99999.,-99999.,-99999.,-99999.,-99999.,-99999.
111859,4529676,60.160475,-1.15534,0.,-13,1.075,-99999.,-99999.,-99999.,-99999.,-99999.,-99999.
111859,4530638,60.16048,-1.155342,0.,-13,1.075,-99999.,-99999.,-99999.,-99999.,-99999.,-99999.
111859,4531587,60.160468,-1.155333,0.,-13,1.075,-99999.,-99999.,-99999.,-99999.,-99999.,-99999.
111859,4532536,60.160515,-1.155258,0.,-13,1.075,-99999.,-99999.,-99999.,-99999.,-99999.,-99999.
111859,4533489,60.16048,-1.155327,0.,-13,1.075,-99999.,-99999.,-99999.,-99999.,-99999.,-99999.
111859,4534437,60.160478,-1.155308,0.,-13,1.075,-99999.,-99999.,-99999.,-99999.,-99999.,-99999.
111859,4535367,60.160448,-1.155363,0.,-13,1.075,-99999.,-99999.,-99999.,-99999.,-99999.,-99999.
111859,4535932,60.16,-1.155,0.,-13,1.075,-99999.,-99999.,-99999.,-99999.,-99999.,-99999.
111859,4536307,60.160453,-1.155368,0.,-13,1.075,-99999.,-99999.,-99999.,-99999.,-99999.,-99999.
111859,4537259,60.160465,-1.15538,0.,-13,1.075,-99999.,-99999.,-99999.,-99999.,-99999.,-99999.
111859,4538198,60.160495,-1.15532,0.,-13,1.075,-99999.,-99999.,-99999.,-99999.,-99999.,-99999.
111859,4539178,60.160457,-1.155313,0.,-13,1.075,-99999.,-99999.,-99999.,-99999.,-99999.,-99999.
111859,4540138,60.160463,-1.155363,0.,-13,1.075,-99999.,-99999.,-99999.,-99999.,-99999.,-99999.
111859,4541099,60.160488,-1.155352,0.,-13,1.075,-99999.,-99999.,-99999.,-99999.,-99999.,-99999.
111859,4542031,60.160487,-1.155367,0.,-13,1.075,-99999.,-99999.,-99999.,-99999.,-99999.,-99999.
111859,4542991,60.160428,-1.155383,0.,-13,1.075,-99999.,-99999.,-99999.,-99999.,-99999.,-99999.
111859,4543940,60.160455,-1.15532,0.,-13,1.075,-99999.,-99999.,-99999.,-99999.,-99999.,-99999.
111859,4544893,60.160493,-1.155325,0.,-13,1.075,-99999.,-99999.,-99999.,-99999.,-99999.,-99999.
111859,4544945,60.16,-1.155,0.,-13,1.075,-99999.,-99999.,-99999.,-99999.,-99999.,-99999.
111859,4545833,60.16049,-1.155362,0.,-13,1.075,-99999.,-99999.,-99999.,-99999.,-99999.,-99999.
111859,4546781,60.160565,-1.155355,0.,-13,1.075,-99999.,-99999.,-99999.,-99999.,-99999.,-99999.
111859,4547722,60.160498,-1.155233,0.,-13,1.075,-99999.,-99999.,-99999.,-99999.,-99999.,-99999.
111859,4548670,60.160445,-1.15536,0.,-13,1.075,-99999.,-99999.,-99999.,-99999.,-99999.,-99999.
111859,4549630,60.160467,-1.155373,0.,-13,1.075,-99999.,-99999.,-99999.,-99999.,-99999.,-99999.
111859,4550699,60.160458,-1.155358,0.,-13,1.075,-99999.,-99999.,-99999.,-99999.,-99999.,-99999.
111859,4551660,60.160477,-1.1553,0.,-13,1.075,-99999.,-99999.,-99999.,-99999.,-99999.,-99999.
111859,4552612,60.160478,-1.155285,0.,-13,1.075,-99999.,-99999.,-99999.,-99999.,-99999.,-99999.
111859,4553570,60.160467,-1.155315,0.,-13,1.075,-99999.,-99999.,-99999.,-99999.,-99999.,-99999.
111859,4554521,60.16047,-1.15539,0.,-13,1.075,-99999.,-99999.,-99999.,-99999.,-99999.,-99999.
111859,4555481,60.160472,-1.155323,0.,-13,1.075,-99999.,-99999.,-99999.,-99999.,-99999.,-99999.
111859,4556441,60.160493,-1.155362,0.,-13,1.075,-99999.,-99999.,-99999.,-99999.,-99999.,-99999.
111859,4557391,60.160483,-1.155353,0.,-13,1.075,-99999.,-99999.,-99999.,-99999.,-99999.,-99999.
111859,4558342,60.160457,-1.155342,0.,-13,1.075,-99999.,-99999.,-99999.,-99999.,-99999.,-99999.
111859,4559301,60.160482,-1.155408,0.,-13,1.075,-99999.,-99999.,-99999.,-99999.,-99999.,-99999.
111859,4560253,60.160473,-1.155373,0.,-13,1.075,-99999.,-99999.,-99999.,-99999.,-99999.,-99999.
111859,4561202,60.160475,-1.155362,0.,-13,1.075,-99999.,-99999.,-99999.,-99999.,-99999.,-99999.
111859,4562159,60.16051,-1.155308,0.,-13,1.075,-99999.,-99999.,-99999.,-99999.,-99999.,-99999.
111859,4563171,60.160495,-1.155372,0.,-13,1.075,-99999.,-99999.,-99999.,-99999.,-99999.,-99999.
111859,4564112,60.16048,-1.155362,0.,-13,1.075,-99999.,-99999.,-99999.,-99999.,-99999.,-99999.
111859,4565072,60.16049,-1.155348,0.,-13,1.075,-99999.,-99999.,-99999.,-99999.,-99999.,-99999.
111859,4566012,60.160478,-1.155345,0.,-13,1.075,-99999.,-99999.,-99999.,-99999.,-99999.,-99999.
111859,4566971,60.160602,-1.155327,0.,-13,1.075,-99999.,-99999.,-99999.,-99999.,-99999.,-99999.
111859,4567932,60.160532,-1.155338,0.,-13,1.075,-99999.,-99999.,-99999.,-99999.,-99999.,-99999.
111859,4568881,60.16052,-1.155303,0.1,-13,1.075,-99999.,-99999.,-99999.,-99999.,-99999.,-99999.
111859,4569833,60.160528,-1.155303,0.,-13,1.075,-99999.,-99999.,-99999.,-99999.,-99999.,-99999.
111859,4570791,60.160465,-1.155368,0.,-13,1.075,-99999.,-99999.,-99999.,-99999.,-99999.,-99999.
111859,4571765,60.160475,-1.155345,0.,-13,1.075,-99999.,-99999.,-99999.,-99999.,-99999.,-99999.
111859,4572692,60.160512,-1.155342,0.,-13,1.075,-99999.,-99999.,-99999.,-99999.,-99999.,-99999.
111859,4573632,60.16051,-1.155328,0.,-13,1.075,-99999.,-99999.,-99999.,-99999.,-99999.,-99999.
111859,4574572,60.160547,-1.155322,0.,-13,1.075,-99999.,-99999.,-99999.,-99999.,-99999.,-99999.
111859,4575530,60.160515,-1.155392,0.,-13,1.075,-99999.,-99999.,-99999.,-99999.,-99999.,-99999.
111859,4576485,60.160497,-1.15533,0.,-13,1.075,-99999.,-99999.,-99999.,-99999.,-99999.,-99999.
111859,4577431,60.160488,-1.15537,0.,-13,1.075,-99999.,-99999.,-99999.,-99999.,-99999.,-99999.
111859,4577706,60.16,-1.155,0.,-13,1.075,-99999.,-99999.,-99999.,-99999.,-99999.,-99999.
111859,4578062,60.16,-1.155,0.,-13,1.075,-99999.,-99999.,-99999.,-99999.,-99999.,-99999.
111859,4578242,60.16,-1.155,0.,-13,1.075,-99999.,-99999.,-99999.,-99999.,-99999.,-99999.
111859,4578370,60.160462,-1.155345,0.,-13,1.075,-99999.,-99999.,-99999.,-99999.,-99999.,-99999.
111859,4579293,60.160492,-1.155378,0.,-13,1.075,-99999.,-99999.,-99999.,-99999.,-99999.,-99999.
111859,4580215,60.160498,-1.155365,0.,-13,1.075,-99999.,-99999.,-99999.,-99999.,-99999.,-99999.
111859,4581160,60.160473,-1.155332,0.,-13,1.075,-99999.,-99999.,-99999.,-99999.,-99999.,-99999.
111859,4582111,60.160502,-1.155353,0.,-13,1.075,-99999.,-99999.,-99999.,-99999.,-99999.,-99999.
111859,4582925,60.16,-1.155,0.,-13,1.075,-99999.,-99999.,-99999.,-99999.,-99999.,-99999.
111859,4583071,60.160398,-1.15538,0.,-13,1.075,-99999.,-99999.,-99999.,-99999.,-99999.,-99999.
111859,4583105,60.16,-1.155,0.,-13,1.075,-99999.,-99999.,-99999.,-99999.,-99999.,-99999.
111859,4584002,60.16,-1.155,0.,-13,1.075,-99999.,-99999.,-99999.,-99999.,-99999.,-99999.
111859,4584012,60.160478,-1.155347,0.,-13,1.075,-99999.,-99999.,-99999.,-99999.,-99999.,-99999.
111859,4584952,60.160485,-1.155343,0.,-13,1.075,-99999.,-99999.,-99999.,-99999.,-99999.,-99999.
111859,4585991,60.160415,-1.155388,0.,-13,1.075,-99999.,-99999.,-99999.,-99999.,-99999.,-99999.
111859,4586923,60.160477,-1.155353,0.,-13,1.075,-99999.,-99999.,-99999.,-99999.,-99999.,-99999.
111859,4587881,60.160533,-1.155328,0.,-13,1.075,-99999.,-99999.,-99999.,-99999.,-99999.,-99999.
111859,4588830,60.160642,-1.15544,0.,-13,1.075,-99999.,-99999.,-99999.,-99999.,-99999.,-99999.
111859,4589762,60.16,-1.155,0.,-13,1.075,-99999.,-99999.,-99999.,-99999.,-99999.,-99999.
111859,4589782,60.160578,-1.155358,0.,-13,1.075,-99999.,-99999.,-99999.,-99999.,-99999.,-99999.
111859,4590720,60.16062,-1.155223,0.,-13,1.075,-99999.,-99999.,-99999.,-99999.,-99999.,-99999.
111859,4591699,60.160482,-1.155345,0.,-13,1.075,-99999.,-99999.,-99999.,-99999.,-99999.,-99999.
111859,4592649,60.16054,-1.155308,0.,-13,1.075,-99999.,-99999.,-99999.,-99999.,-99999.,-99999.
111859,4593609,60.160563,-1.155265,0.,-13,1.075,-99999.,-99999.,-99999.,-99999.,-99999.,-99999.
111859,4594573,60.160478,-1.155357,0.,-13,1.075,-99999.,-99999.,-99999.,-99999.,-99999.,-99999.
111859,4595510,60.160477,-1.155338,0.,-13,1.075,-99999.,-99999.,-99999.,-99999.,-99999.,-99999.
111859,4596463,60.160505,-1.155303,0.,-13,1.075,-99999.,-99999.,-99999.,-99999.,-99999.,-99999.
111859,4597422,60.160573,-1.155228,0.,-13,1.075,-99999.,-99999.,-99999.,-99999.,-99999.,-99999.
111859,4598362,60.160442,-1.15529,0.,-13,1.075,-99999.,-99999.,-99999.,-99999.,-99999.,-99999.
111859,4599331,60.160535,-1.15538,0.,-13,1.075,-99999.,-99999.,-99999.,-99999.,-99999.,-99999.
111859,4600279,60.160472,-1.155335,0.,-13,1.075,-99999.,-99999.,-99999.,-99999.,-99999.,-99999.
111859,4601223,60.160468,-1.155322,0.,-13,1.075,-99999.,-99999.,-99999.,-99999.,-99999.,-99999.
111859,4602171,60.160448,-1.155365,0.,-13,1.075,-99999.,-99999.,-99999.,-99999.,-99999.,-99999.
111859,4603129,60.160458,-1.155352,0.,-13,1.075,-99999.,-99999.,-99999.,-99999.,-99999.,-99999.
111859,4604071,60.160473,-1.155353,0.,-13,1.075,-99999.,-99999.,-99999.,-99999.,-99999.,-99999.
111859,4605011,60.160475,-1.155333,0.,-13,1.075,-99999.,-99999.,-99999.,-99999.,-99999.,-99999.
111859,4605971,60.160472,-1.155352,0.,-13,1.075,-99999.,-99999.,-99999.,-99999.,-99999.,-99999.
111859,4606941,60.16048,-1.15534,0.,-13,1.075,-99999.,-99999.,-99999.,-99999.,-99999.,-99999.
111859,4607909,60.160475,-1.15536,0.,-13,1.075,-99999.,-99999.,-99999.,-99999.,-99999.,-99999.
111859,4608874,60.160477,-1.155323,0.,-13,1.075,-99999.,-99999.,-99999.,-99999.,-99999.,-99999.
111859,4609861,60.160592,-1.15535,0.,-13,1.075,-99999.,-99999.,-99999.,-99999.,-99999.,-99999.
111859,4610821,60.16058,-1.155258,0.,-13,1.075,-99999.,-99999.,-99999.,-99999.,-99999.,-99999.
111859,4611794,60.16048,-1.155368,0.,-13,1.075,-99999.,-99999.,-99999.,-99999.,-99999.,-99999.
111859,4612779,60.160485,-1.155367,0.,-13,1.075,-99999.,-99999.,-99999.,-99999.,-99999.,-99999.
111859,4613761,60.160535,-1.15534,0.,-13,1.075,-99999.,-99999.,-99999.,-99999.,-99999.,-99999.
111859,4614701,60.160518,-1.155397,0.,-13,1.075,-99999.,-99999.,-99999.,-99999.,-99999.,-99999.
111859,4615671,60.160472,-1.155378,0.,-13,1.075,-99999.,-99999.,-99999.,-99999.,-99999.,-99999.
111859,4616622,60.160517,-1.15533,0.,-13,1.075,-99999.,-99999.,-99999.,-99999.,-99999.,-99999.
111859,4617580,60.160515,-1.155322,0.,-13,1.075,-99999.,-99999.,-99999.,-99999.,-99999.,-99999.
111859,4618204,60.16,-1.155,0.,-13,1.075,-99999.,-99999.,-99999.,-99999.,-99999.,-99999.
111859,4618384,60.16,-1.155,0.,-13,1.075,-99999.,-99999.,-99999.,-99999.,-99999.,-99999.
111859,4618520,60.160507,-1.155303,0.,-13,1.075,-99999.,-99999.,-99999.,-99999.,-99999.,-99999.
111859,4619472,60.160525,-1.155202,0.,-13,1.075,-99999.,-99999.,-99999.,-99999.,-99999.,-99999.
111859,4620420,60.160452,-1.155367,0.,-13,1.075,-99999.,-99999.,-99999.,-99999.,-99999.,-99999.
111859,4621381,60.160462,-1.155347,0.,-13,1.075,-99999.,-99999.,-99999.,-99999.,-99999.,-99999.
111859,4622341,60.160457,-1.155377,0.,-13,1.075,-99999.,-99999.,-99999.,-99999.,-99999.,-99999.
111859,4623293,60.160475,-1.155342,0.,-13,1.075,-99999.,-99999.,-99999.,-99999.,-99999.,-99999.
111859,4624251,60.160468,-1.155335,0.,-13,1.075,-99999.,-99999.,-99999.,-99999.,-99999.,-99999.
111859,4625211,60.160473,-1.155308,0.,-13,1.075,-99999.,-99999.,-99999.,-99999.,-99999.,-99999.
111859,4626172,60.16047,-1.15534,0.,-13,1.075,-99999.,-99999.,-99999.,-99999.,-99999.,-99999.
111859,4627113,60.160483,-1.155372,0.,-13,1.075,-99999.,-99999.,-99999.,-99999.,-99999.,-99999.
111859,4628070,60.160463,-1.155367,0.,-13,1.075,-99999.,-99999.,-99999.,-99999.,-99999.,-99999.
111859,4628467,60.16,-1.155,0.,-13,1.075,-99999.,-99999.,-99999.,-99999.,-99999.,-99999.
111859,4628647,60.16,-1.155,0.,-13,1.075,-99999.,-99999.,-99999.,-99999.,-99999.,-99999.
111859,4629022,60.160522,-1.155358,0.,-13,1.075,-99999.,-99999.,-99999.,-99999.,-99999.,-99999.
111859,4629962,60.160482,-1.155338,0.,-13,1.075,-99999.,-99999.,-99999.,-99999.,-99999.,-99999.
111859,4630901,60.160497,-1.155342,0.,-13,1.075,-99999.,-99999.,-99999.,-99999.,-99999.,-99999.
111859,4631841,60.160452,-1.155342,0.,-13,1.075,-99999.,-99999.,-99999.,-99999.,-99999.,-99999.
111859,4632779,60.160512,-1.155352,0.,-13,1.075,-99999.,-99999.,-99999.,-99999.,-99999.,-99999.
111859,4633730,60.160463,-1.155342,0.,-13,1.075,-99999.,-99999.,-99999.,-99999.,-99999.,-99999.
111859,4633867,60.16,-1.155,0.,-13,1.075,-99999.,-99999.,-99999.,-99999.,-99999.,-99999.
111859,4634682,60.160465,-1.155347,0.,-13,1.075,-99999.,-99999.,-99999.,-99999.,-99999.,-99999.
111859,4635620,60.160485,-1.15537,0.,-13,1.075,-99999.,-99999.,-99999.,-99999.,-99999.,-99999.
111859,4636581,60.16048,-1.155375,0.,-13,1.075,-99999.,-99999.,-99999.,-99999.,-99999.,-99999.
111859,4637550,60.160473,-1.155362,0.,-13,1.075,-99999.,-99999.,-99999.,-99999.,-99999.,-99999.
111859,4638531,60.160485,-1.155372,0.,-13,1.075,-99999.,-99999.,-99999.,-99999.,-99999.,-99999.
111859,4639490,60.160487,-1.155362,0.,-13,1.075,-99999.,-99999.,-99999.,-99999.,-99999.,-99999.
111859,4640434,60.160498,-1.155343,0.,-13,1.075,-99999.,-99999.,-99999.,-99999.,-99999.,-99999.
111859,4641394,60.160493,-1.155313,0.,-13,1.075,-99999.,-99999.,-99999.,-99999.,-99999.,-99999.
111859,4642323,60.16046,-1.155322,0.,-13,1.075,-99999.,-99999.,-99999.,-99999.,-99999.,-99999.
111859,4643261,60.160493,-1.155417,0.,-13,1.075,-99999.,-99999.,-99999.,-99999.,-99999.,-99999.
111859,4644194,60.160488,-1.15533,0.,-13,1.075,-99999.,-99999.,-99999.,-99999.,-99999.,-99999.
111859,4645160,60.160477,-1.155303,0.,-13,1.075,-99999.,-99999.,-99999.,-99999.,-99999.,-99999.
111859,4646091,60.160475,-1.155363,0.,-13,1.075,-99999.,-99999.,-99999.,-99999.,-99999.,-99999.
111859,4647022,60.160467,-1.15536,0.,-13,1.075,-99999.,-99999.,-99999.,-99999.,-99999.,-99999.
111859,4647962,60.160538,-1.155292,0.,-13,1.075,-99999.,-99999.,-99999.,-99999.,-99999.,-99999.
111859,4648902,60.160492,-1.155382,0.,-13,1.075,-99999.,-99999.,-99999.,-99999.,-99999.,-99999.
111859,4649859,60.16048,-1.155365,0.,-13,1.075,-99999.,-99999.,-99999.,-99999.,-99999.,-99999.
111859,4650796,60.160487,-1.15536,0.,-13,1.075,-99999.,-99999.,-99999.,-99999.,-99999.,-99999.
111859,4651749,60.160502,-1.155357,0.,-13,1.075,-99999.,-99999.,-99999.,-99999.,-99999.,-99999.
111859,4652681,60.160702,-1.155312,0.,-13,1.075,-99999.,-99999.,-99999.,-99999.,-99999.,-99999.
111859,4653608,60.160653,-1.155275,0.,-13,1.075,-99999.,-99999.,-99999.,-99999.,-99999.,-99999.
111859,4654552,60.1606,-1.155252,0.,-13,1.075,-99999.,-99999.,-99999.,-99999.,-99999.,-99999.
111859,4655493,60.160487,-1.155378,0.1,-13,1.075,-99999.,-99999.,-99999.,-99999.,-99999.,-99999.
111859,4656551,60.160433,-1.155328,0.,-13,1.075,-99999.,-99999.,-99999.,-99999.,-99999.,-99999.
111859,4657480,60.16047,-1.155382,0.,-13,1.075,-99999.,-99999.,-99999.,-99999.,-99999.,-99999.
111859,4658411,60.16051,-1.155343,0.,-13,1.075,-99999.,-99999.,-99999.,-99999.,-99999.,-99999.
111859,4659359,60.16049,-1.155355,0.,-13,1.075,-99999.,-99999.,-99999.,-99999.,-99999.,-99999.
111859,4660307,60.160535,-1.15534,0.,-13,1.075,-99999.,-99999.,-99999.,-99999.,-99999.,-99999.
111859,4661255,60.160523,-1.155367,0.,-13,1.075,-99999.,-99999.,-99999.,-99999.,-99999.,-99999.
111859,4662173,60.160502,-1.155305,0.,-13,1.075,-99999.,-99999.,-99999.,-99999.,-99999.,-99999.
111859,4663125,60.160483,-1.155358,0.,-13,1.075,-99999.,-99999.,-99999.,-99999.,-99999.,-99999.
111859,4664070,60.160502,-1.155353,0.,-13,1.075,-99999.,-99999.,-99999.,-99999.,-99999.,-99999.
111859,4665033,60.160625,-1.155325,0.,-13,1.075,-99999.,-99999.,-99999.,-99999.,-99999.,-99999.
111859,4665957,60.160523,-1.155333,0.,-13,1.075,-99999.,-99999.,-99999.,-99999.,-99999.,-99999.
111859,4666088,60.16,-1.155,0.,-13,1.075,-99999.,-99999.,-99999.,-99999.,-99999.,-99999.
111859,4666897,60.160553,-1.155343,0.,-13,1.075,-99999.,-99999.,-99999.,-99999.,-99999.,-99999.
111859,4667817,60.160483,-1.15537,0.,-13,1.075,-99999.,-99999.,-99999.,-99999.,-99999.,-99999.
111859,4668798,60.16045,-1.155378,0.,-13,1.075,-99999.,-99999.,-99999.,-99999.,-99999.,-99999.
111859,4669738,60.16045,-1.15537,0.,-13,1.075,-99999.,-99999.,-99999.,-99999.,-99999.,-99999.
111859,4670684,60.160453,-1.15536,0.,-13,1.075,-99999.,-99999.,-99999.,-99999.,-99999.,-99999.
111859,4671657,60.160472,-1.155363,0.,-13,1.075,-99999.,-99999.,-99999.,-99999.,-99999.,-99999.
111859,4672589,60.160452,-1.155382,0.,-13,1.075,-99999.,-99999.,-99999.,-99999.,-99999.,-99999.
111859,4673510,60.160498,-1.155385,0.,-13,1.075,-99999.,-99999.,-99999.,-99999.,-99999.,-99999.
111859,4674432,60.160513,-1.15532,0.,-13,1.075,-99999.,-99999.,-99999.,-99999.,-99999.,-99999.
111859,4675380,60.160503,-1.155373,0.,-13,1.075,-99999.,-99999.,-99999.,-99999.,-99999.,-99999.
111859,4676312,60.160508,-1.155355,0.,-13,1.075,-99999.,-99999.,-99999.,-99999.,-99999.,-99999.
111859,4677269,60.16049,-1.155328,0.,-13,1.075,-99999.,-99999.,-99999.,-99999.,-99999.,-99999.
111859,4678190,60.160468,-1.15537,0.,-13,1.075,-99999.,-99999.,-99999.,-99999.,-99999.,-99999.
111859,4679131,60.160585,-1.155268,0.,-13,1.075,-99999.,-99999.,-99999.,-99999.,-99999.,-99999.
111859,4680091,60.160463,-1.15535,0.,-13,1.075,-99999.,-99999.,-99999.,-99999.,-99999.,-99999.
111859,4681004,60.160528,-1.155315,0.,-13,1.075,-99999.,-99999.,-99999.,-99999.,-99999.,-99999.
111859,4681959,60.16049,-1.155333,0.,-13,1.075,-99999.,-99999.,-99999.,-99999.,-99999.,-99999.
111859,4682911,60.16047,-1.155347,0.,-13,1.075,-99999.,-99999.,-99999.,-99999.,-99999.,-99999.
111859,4683852,60.160527,-1.155325,0.,-13,1.075,-99999.,-99999.,-99999.,-99999.,-99999.,-99999.
111859,4684807,60.160497,-1.155347,0.,-13,1.075,-99999.,-99999.,-99999.,-99999.,-99999.,-99999.
111859,4685739,60.160502,-1.155278,0.,-13,1.075,-99999.,-99999.,-99999.,-99999.,-99999.,-99999.
111859,4686672,60.160488,-1.155387,0.,-13,1.075,-99999.,-99999.,-99999.,-99999.,-99999.,-99999.
111859,4687632,60.160512,-1.155297,0.,-13,1.075,-99999.,-99999.,-99999.,-99999.,-99999.,-99999.
111859,4688573,60.160468,-1.155337,0.,-13,1.075,-99999.,-99999.,-99999.,-99999.,-99999.,-99999.
111859,4689523,60.160467,-1.155365,0.,-13,1.075,-99999.,-99999.,-99999.,-99999.,-99999.,-99999.
111859,4690469,60.160477,-1.155337,0.,-13,1.075,-99999.,-99999.,-99999.,-99999.,-99999.,-99999.
111859,4691422,60.16047,-1.155348,0.,-13,1.075,-99999.,-99999.,-99999.,-99999.,-99999.,-99999.
111859,4692430,60.160482,-1.15535,0.,-13,1.075,-99999.,-99999.,-99999.,-99999.,-99999.,-99999.
111859,4693382,60.160488,-1.155353,0.,-13,1.075,-99999.,-99999.,-99999.,-99999.,-99999.,-99999.
111859,4694332,60.160497,-1.155325,0.,-13,1.075,-99999.,-99999.,-99999.,-99999.,-99999.,-99999.
111859,4695244,60.16,-1.155,0.,-13,1.075,-99999.,-99999.,-99999.,-99999.,-99999.,-99999.
111859,4695303,60.160503,-1.155298,0.,-13,1.075,-99999.,-99999.,-99999.,-99999.,-99999.,-99999.
111859,4695424,60.16,-1.155,0.,-13,1.075,-99999.,-99999.,-99999.,-99999.,-99999.,-99999.
111859,4696253,60.160522,-1.155333,0.,-13,1.075,-99999.,-99999.,-99999.,-99999.,-99999.,-99999.
111859,4697212,60.160488,-1.155355,0.,-13,1.075,-99999.,-99999.,-99999.,-99999.,-99999.,-99999.
111859,4698172,60.160465,-1.155372,0.,-13,1.075,-99999.,-99999.,-99999.,-99999.,-99999.,-99999.
111859,4699100,60.160453,-1.155372,0.,-13,1.075,-99999.,-99999.,-99999.,-99999.,-99999.,-99999.
111859,4700070,60.160463,-1.155367,0.,-13,1.075,-99999.,-99999.,-99999.,-99999.,-99999.,-99999.
111859,4701009,60.16046,-1.15542,0.,-13,1.075,-99999.,-99999.,-99999.,-99999.,-99999.,-99999.
111859,4701962,60.16047,-1.15537,0.,-13,1.075,-99999.,-99999.,-99999.,-99999.,-99999.,-99999.
111859,4702900,60.16047,-1.155368,0.,-13,1.075,-99999.,-99999.,-99999.,-99999.,-99999.,-99999.
111859,4703852,60.160495,-1.155335,0.,-13,1.075,-99999.,-99999.,-99999.,-99999.,-99999.,-99999.
111859,4704812,60.16052,-1.155258,0.,-13,1.075,-99999.,-99999.,-99999.,-99999.,-99999.,-99999.
111859,4705762,60.16047,-1.155333,0.1,-13,1.075,-99999.,-99999.,-99999.,-99999.,-99999.,-99999.
111859,4706711,60.16046,-1.155395,0.,-13,1.075,-99999.,-99999.,-99999.,-99999.,-99999.,-99999.
111859,4706764,60.16,-1.155,0.,-13,1.075,-99999.,-99999.,-99999.,-99999.,-99999.,-99999.
111859,4707661,60.160452,-1.155342,0.,-13,1.075,-99999.,-99999.,-99999.,-99999.,-99999.,-99999.
111859,4708621,60.160458,-1.155342,0.,-13,1.075,-99999.,-99999.,-99999.,-99999.,-99999.,-99999.
111859,4709553,60.160475,-1.155357,0.,-13,1.075,-99999.,-99999.,-99999.,-99999.,-99999.,-99999.
111859,4710493,60.16047,-1.155368,0.,-13,1.075,-99999.,-99999.,-99999.,-99999.,-99999.,-99999.
111859,4711441,60.160468,-1.155342,0.,-13,1.075,-99999.,-99999.,-99999.,-99999.,-99999.,-99999.
111859,4712382,60.160457,-1.155373,0.,-13,1.075,-99999.,-99999.,-99999.,-99999.,-99999.,-99999.
111859,4713334,60.160463,-1.15537,0.,-13,1.075,-99999.,-99999.,-99999.,-99999.,-99999.,-99999.
111859,4714271,60.160458,-1.155385,0.,-13,1.075,-99999.,-99999.,-99999.,-99999.,-99999.,-99999.
111859,4715372,60.16048,-1.155383,0.,-13,1.075,-99999.,-99999.,-99999.,-99999.,-99999.,-99999.
111859,4716322,60.160457,-1.155377,0.,-13,1.075,-99999.,-99999.,-99999.,-99999.,-99999.,-99999.
111859,4717209,60.16,-1.155,0.,-13,1.075,-99999.,-99999.,-99999.,-99999.,-99999.,-99999.
111859,4717274,60.160472,-1.155322,0.1,-13,1.075,-99999.,-99999.,-99999.,-99999.,-99999.,-99999.
111859,4718222,60.160513,-1.155358,0.,-13,1.075,-99999.,-99999.,-99999.,-99999.,-99999.,-99999.
111859,4719181,60.160513,-1.155375,0.,-13,1.075,-99999.,-99999.,-99999.,-99999.,-99999.,-99999.
111859,4720133,60.160468,-1.15539,0.,-13,1.075,-99999.,-99999.,-99999.,-99999.,-99999.,-99999.
111859,4721085,60.16046,-1.155368,0.,-13,1.075,-99999.,-99999.,-99999.,-99999.,-99999.,-99999.
111859,4722021,60.160453,-1.155348,0.,-13,1.075,-99999.,-99999.,-99999.,-99999.,-99999.,-99999.
111859,4722710,60.160458,-1.155345,0.,-13,1.075,-99999.,-99999.,-99999.,-99999.,-99999.,-99999.
111859,4722973,60.160462,-1.155357,0.,-13,1.075,-99999.,-99999.,-99999.,-99999.,-99999.,-99999.
111859,4723922,60.160477,-1.155348,0.,-13,1.075,-99999.,-99999.,-99999.,-99999.,-99999.,-99999.
111859,4724879,60.160483,-1.155317,0.,-13,1.075,-99999.,-99999.,-99999.,-99999.,-99999.,-99999.
111859,4725820,60.160508,-1.155242,0.,-13,1.075,-99999.,-99999.,-99999.,-99999.,-99999.,-99999.
111859,4726780,60.160467,-1.155322,0.,-13,1.075,-99999.,-99999.,-99999.,-99999.,-99999.,-99999.
111859,4727722,60.160453,-1.155352,0.,-13,1.075,-99999.,-99999.,-99999.,-99999.,-99999.,-99999.
111859,4728674,60.160483,-1.155362,0.,-13,1.075,-99999.,-99999.,-99999.,-99999.,-99999.,-99999.
111859,4729680,60.160457,-1.155255,0.,-13,1.075,-99999.,-99999.,-99999.,-99999.,-99999.,-99999.
111859,4730653,60.16047,-1.155337,0.,-13,1.075,-99999.,-99999.,-99999.,-99999.,-99999.,-99999.
111859,4731584,60.160435,-1.155382,0.,-13,1.075,-99999.,-99999.,-99999.,-99999.,-99999.,-99999.
111859,4732525,60.160462,-1.155358,0.,-13,1.075,-99999.,-99999.,-99999.,-99999.,-99999.,-99999.
111859,4733473,60.160485,-1.155348,0.,-13,1.075,-99999.,-99999.,-99999.,-99999.,-99999.,-99999.
111859,4734429,60.160497,-1.15536,0.,-13,1.075,-99999.,-99999.,-99999.,-99999.,-99999.,-99999.
111859,4735353,60.160485,-1.155363,0.,-13,1.075,-99999.,-99999.,-99999.,-99999.,-99999.,-99999.
111859,4736281,60.160705,-1.155835,0.1,-13,1.075,-99999.,-99999.,-99999.,-99999.,-99999.,-99999.
111859,4737262,60.16074,-1.155895,0.,-13,1.075,-99999.,-99999.,-99999.,-99999.,-99999.,-99999.
111859,4738200,60.160745,-1.156038,0.,-13,1.075,-99999.,-99999.,-99999.,-99999.,-99999.,-99999.
111859,4738810,60.16,-1.155,0.,-13,1.075,-99999.,-99999.,-99999.,-99999.,-99999.,-99999.
111859,4739121,60.160725,-1.155907,0.,-13,1.075,-99999.,-99999.,-99999.,-99999.,-99999.,-99999.
111859,4740073,60.160748,-1.155883,0.,-13,1.075,-99999.,-99999.,-99999.,-99999.,-99999.,-99999.
111859,4741031,60.160723,-1.155913,0.,-13,1.075,-99999.,-99999.,-99999.,-99999.,-99999.,-99999.
111859,4741979,60.160728,-1.155923,0.,-13,1.075,-99999.,-99999.,-99999.,-99999.,-99999.,-99999.
111859,4743879,60.160742,-1.155927,0.,-13,1.075,-99999.,-99999.,-99999.,-99999.,-99999.,-99999.
111859,4744389,60.16,-1.155,0.,-13,1.075,-99999.,-99999.,-99999.,-99999.,-99999.,-99999.
111859,4744880,60.160732,-1.155932,0.,-13,1.075,-99999.,-99999.,-99999.,-99999.,-99999.,-99999.
111859,4745853,60.160763,-1.155902,0.,-13,1.075,-99999.,-99999.,-99999.,-99999.,-99999.,-99999.
111859,4746822,60.160735,-1.155917,0.,-13,1.075,-99999.,-99999.,-99999.,-99999.,-99999.,-99999.
111859,4747770,60.16072,-1.15598,0.,-13,1.075,-99999.,-99999.,-99999.,-99999.,-99999.,-99999.
111859,4748711,60.160728,-1.155922,0.,-13,1.075,-99999.,-99999.,-99999.,-99999.,-99999.,-99999.
111859,4749663,60.160753,-1.15589,0.,-13,1.075,-99999.,-99999.,-99999.,-99999.,-99999.,-99999.
111859,4750651,60.160715,-1.15593,0.,-13,1.075,-99999.,-99999.,-99999.,-99999.,-99999.,-99999.
111859,4751591,60.160715,-1.15589,0.,-13,1.075,-99999.,-99999.,-99999.,-99999.,-99999.,-99999.
111859,4753481,60.160715,-1.155987,0.,-13,1.075,-99999.,-99999.,-99999.,-99999.,-99999.,-99999.
111859,4754441,60.160737,-1.155912,0.,-13,1.075,-99999.,-99999.,-99999.,-99999.,-99999.,-99999.
111859,4755190,60.16,-1.155,0.,-13,1.075,-99999.,-99999.,-99999.,-99999.,-99999.,-99999.
111859,4755382,60.160712,-1.155945,0.,-13,1.075,-99999.,-99999.,-99999.,-99999.,-99999.,-99999.
111859,4756340,60.160732,-1.155887,0.,-13,1.075,-99999.,-99999.,-99999.,-99999.,-99999.,-99999.
111859,4757300,60.16073,-1.155895,0.,-13,1.075,-99999.,-99999.,-99999.,-99999.,-99999.,-99999.
111859,4758239,60.16073,-1.155923,0.,-13,1.075,-99999.,-99999.,-99999.,-99999.,-99999.,-99999.
111859,4759183,60.160725,-1.155917,0.,-13,1.075,-99999.,-99999.,-99999.,-99999.,-99999.,-99999.
111859,4760132,60.160738,-1.155917,0.,-13,1.075,-99999.,-99999.,-99999.,-99999.,-99999.,-99999.
111859,4760408,60.16,-1.155,0.,-13,1.075,-99999.,-99999.,-99999.,-99999.,-99999.,-99999.
111859,4761072,60.160752,-1.15595,0.,-13,1.075,-99999.,-99999.,-99999.,-99999.,-99999.,-99999.
111859,4762022,60.16072,-1.155947,0.,-13,1.075,-99999.,-99999.,-99999.,-99999.,-99999.,-99999.
111859,4763011,60.160748,-1.155933,0.,-13,1.075,-99999.,-99999.,-99999.,-99999.,-99999.,-99999.
111859,4763974,60.160727,-1.155945,0.,-13,1.075,-99999.,-99999.,-99999.,-99999.,-99999.,-99999.
111859,4764913,60.160708,-1.155943,0.,-13,1.075,-99999.,-99999.,-99999.,-99999.,-99999.,-99999.
111859,4765853,60.160732,-1.155933,0.,-13,1.075,-99999.,-99999.,-99999.,-99999.,-99999.,-99999.
111859,4766348,60.16,-1.155,0.,-13,1.075,-99999.,-99999.,-99999.,-99999.,-99999.,-99999.
111859,4766793,60.160722,-1.155933,0.,-13,1.075,-99999.,-99999.,-99999.,-99999.,-99999.,-99999.
111859,4767722,60.160743,-1.155948,0.,-13,1.075,-99999.,-99999.,-99999.,-99999.,-99999.,-99999.
111859,4768672,60.160753,-1.155937,0.,-13,1.075,-99999.,-99999.,-99999.,-99999.,-99999.,-99999.
111859,4769620,60.160745,-1.15593,0.,-13,1.075,-99999.,-99999.,-99999.,-99999.,-99999.,-99999.
111859,4770581,60.160735,-1.155897,0.,-13,1.075,-99999.,-99999.,-99999.,-99999.,-99999.,-99999.
111859,4771521,60.160773,-1.155913,0.,-13,1.075,-99999.,-99999.,-99999.,-99999.,-99999.,-99999.
111859,4772470,60.160775,-1.155965,0.,-13,1.075,-99999.,-99999.,-99999.,-99999.,-99999.,-99999.
111859,4773401,60.160717,-1.155885,0.,-13,1.075,-99999.,-99999.,-99999.,-99999.,-99999.,-99999.
111859,4774410,60.160702,-1.155898,0.,-13,1.075,-99999.,-99999.,-99999.,-99999.,-99999.,-99999.
111859,4775362,60.160767,-1.155852,0.,-13,1.075,-99999.,-99999.,-99999.,-99999.,-99999.,-99999.
111859,4776321,60.160747,-1.155878,0.,-13,1.075,-99999.,-99999.,-99999.,-99999.,-99999.,-99999.
111859,4777298,60.160743,-1.155887,0.,-13,1.075,-99999.,-99999.,-99999.,-99999.,-99999.,-99999.
111859,4778250,60.160728,-1.155902,0.,-13,1.075,-99999.,-99999.,-99999.,-99999.,-99999.,-99999.
111859,4779200,60.160765,-1.155893,0.,-13,1.075,-99999.,-99999.,-99999.,-99999.,-99999.,-99999.
111859,4780140,60.160763,-1.15593,0.,-13,1.075,-99999.,-99999.,-99999.,-99999.,-99999.,-99999.
111859,4781093,60.160723,-1.155915,0.,-13,1.075,-99999.,-99999.,-99999.,-99999.,-99999.,-99999.
111859,4782031,60.160742,-1.1559,0.,-13,1.075,-99999.,-99999.,-99999.,-99999.,-99999.,-99999.
111859,4782984,60.160752,-1.155905,0.,-13,1.075,-99999.,-99999.,-99999.,-99999.,-99999.,-99999.
111859,4783809,60.16,-1.155,0.,-13,1.075,-99999.,-99999.,-99999.,-99999.,-99999.,-99999.
111859,4783963,60.160745,-1.155893,0.,-13,1.075,-99999.,-99999.,-99999.,-99999.,-99999.,-99999.
111859,4784903,60.160752,-1.15588,0.,-13,1.075,-99999.,-99999.,-99999.,-99999.,-99999.,-99999.
111859,4785940,60.160748,-1.155882,0.,-13,1.075,-99999.,-99999.,-99999.,-99999.,-99999.,-99999.
111859,4786880,60.160735,-1.155898,0.,-13,1.075,-99999.,-99999.,-99999.,-99999.,-99999.,-99999.
111859,4787841,60.160733,-1.155887,0.,-13,1.075,-99999.,-99999.,-99999.,-99999.,-99999.,-99999.
111859,4788780,60.160733,-1.155932,0.,-13,1.075,-99999.,-99999.,-99999.,-99999.,-99999.,-99999.
111859,4789210,60.16,-1.155,0.,-13,1.075,-99999.,-99999.,-99999.,-99999.,-99999.,-99999.
111859,4789741,60.160735,-1.1559,0.,-13,1.075,-99999.,-99999.,-99999.,-99999.,-99999.,-99999.
111859,4789750,60.16,-1.155,0.,-13,1.075,-99999.,-99999.,-99999.,-99999.,-99999.,-99999.
111859,4790711,60.160742,-1.155878,0.,-13,1.075,-99999.,-99999.,-99999.,-99999.,-99999.,-99999.
111859,4791691,60.160717,-1.155928,0.,-13,1.075,-99999.,-99999.,-99999.,-99999.,-99999.,-99999.
111859,4792601,60.160717,-1.155907,0.,-13,1.075,-99999.,-99999.,-99999.,-99999.,-99999.,-99999.
111859,4793558,60.160733,-1.155877,0.,-13,1.075,-99999.,-99999.,-99999.,-99999.,-99999.,-99999.
111859,4794473,60.160732,-1.155957,0.,-13,1.075,-99999.,-99999.,-99999.,-99999.,-99999.,-99999.
111859,4795501,60.160748,-1.155968,0.,-13,1.075,-99999.,-99999.,-99999.,-99999.,-99999.,-99999.
111859,4796489,60.160758,-1.155917,0.,-13,1.075,-99999.,-99999.,-99999.,-99999.,-99999.,-99999.
111859,4797442,60.160737,-1.155908,0.,-13,1.075,-99999.,-99999.,-99999.,-99999.,-99999.,-99999.
111859,4798399,60.1607,-1.155985,0.,-13,1.075,-99999.,-99999.,-99999.,-99999.,-99999.,-99999.
111859,4800312,60.16073,-1.155922,0.,-13,1.075,-99999.,-99999.,-99999.,-99999.,-99999.,-99999.
111859,4801281,60.160708,-1.155897,0.,-13,1.075,-99999.,-99999.,-99999.,-99999.,-99999.,-99999.
111859,4802221,60.160738,-1.155913,0.,-13,1.075,-99999.,-99999.,-99999.,-99999.,-99999.,-99999.
111859,4803173,60.160745,-1.155892,0.,-13,1.075,-99999.,-99999.,-99999.,-99999.,-99999.,-99999.
111859,4804141,60.160745,-1.155923,0.,-13,1.075,-99999.,-99999.,-99999.,-99999.,-99999.,-99999.
111859,4805102,60.160717,-1.155915,0.,-13,1.075,-99999.,-99999.,-99999.,-99999.,-99999.,-99999.
111859,4805950,60.16,-1.155,0.,-13,1.075,-99999.,-99999.,-99999.,-99999.,-99999.,-99999.
111859,4806080,60.160703,-1.155947,0.,-13,1.075,-99999.,-99999.,-99999.,-99999.,-99999.,-99999.
111859,4807010,60.160692,-1.155872,0.,-13,1.075,-99999.,-99999.,-99999.,-99999.,-99999.,-99999.
111859,4807953,60.160732,-1.155905,0.,-13,1.075,-99999.,-99999.,-99999.,-99999.,-99999.,-99999.
111859,4808882,60.160715,-1.15592,0.,-13,1.075,-99999.,-99999.,-99999.,-99999.,-99999.,-99999.
111859,4809801,60.160727,-1.155915,0.,-13,1.075,-99999.,-99999.,-99999.,-99999.,-99999.,-99999.
111859,4810753,60.160727,-1.155883,0.,-13,1.075,-99999.,-99999.,-99999.,-99999.,-99999.,-99999.
111859,4811711,60.160735,-1.155872,0.,-13,1.075,-99999.,-99999.,-99999.,-99999.,-99999.,-99999.
111859,4812678,60.160732,-1.155897,0.,-13,1.075,-99999.,-99999.,-99999.,-99999.,-99999.,-99999.
111859,4813639,60.160748,-1.155902,0.,-13,1.075,-99999.,-99999.,-99999.,-99999.,-99999.,-99999.
111859,4814581,60.16072,-1.155892,0.,-13,1.075,-99999.,-99999.,-99999.,-99999.,-99999.,-99999.
111859,4815530,60.160738,-1.155917,0.,-13,1.075,-99999.,-99999.,-99999.,-99999.,-99999.,-99999.
111859,4816482,60.160753,-1.155908,0.,-13,1.075,-99999.,-99999.,-99999.,-99999.,-99999.,-99999.
111859,4817439,60.160725,-1.15592,0.,-13,1.075,-99999.,-99999.,-99999.,-99999.,-99999.,-99999.
111859,4818363,60.160738,-1.155913,0.,-13,1.075,-99999.,-99999.,-99999.,-99999.,-99999.,-99999.
111859,4819311,60.16073,-1.155888,0.,-13,1.075,-99999.,-99999.,-99999.,-99999.,-99999.,-99999.
111859,4820259,60.160743,-1.155902,0.,-13,1.075,-99999.,-99999.,-99999.,-99999.,-99999.,-99999.
111859,4821223,60.160767,-1.155967,0.,-13,1.075,-99999.,-99999.,-99999.,-99999.,-99999.,-99999.
111859,4822171,60.160753,-1.155883,0.,-13,1.075,-99999.,-99999.,-99999.,-99999.,-99999.,-99999.
111859,4823119,60.160763,-1.155873,0.,-13,1.075,-99999.,-99999.,-99999.,-99999.,-99999.,-99999.
111859,4824060,60.160755,-1.156065,0.,-13,1.075,-99999.,-99999.,-99999.,-99999.,-99999.,-99999.
111859,4825001,60.160727,-1.155895,0.,-13,1.075,-99999.,-99999.,-99999.,-99999.,-99999.,-99999.
111859,4825960,60.160745,-1.155915,0.,-13,1.075,-99999.,-99999.,-99999.,-99999.,-99999.,-99999.
111859,4827961,60.160747,-1.155902,0.,-13,1.075,-99999.,-99999.,-99999.,-99999.,-99999.,-99999.
111859,4829001,60.160692,-1.155898,0.,-13,1.075,-99999.,-99999.,-99999.,-99999.,-99999.,-99999.
111859,4829969,60.160748,-1.155938,0.,-13,1.075,-99999.,-99999.,-99999.,-99999.,-99999.,-99999.
111859,4830921,60.160778,-1.155923,0.,-13,1.075,-99999.,-99999.,-99999.,-99999.,-99999.,-99999.
111859,4831881,60.160737,-1.15592,0.,-13,1.075,-99999.,-99999.,-99999.,-99999.,-99999.,-99999.
111859,4832829,60.160753,-1.155902,0.,-13,1.075,-99999.,-99999.,-99999.,-99999.,-99999.,-99999.
111859,4832951,60.16,-1.155,0.,-13,1.075,-99999.,-99999.,-99999.,-99999.,-99999.,-99999.
111859,4833780,60.160727,-1.155902,0.,-13,1.075,-99999.,-99999.,-99999.,-99999.,-99999.,-99999.
111859,4834740,60.160735,-1.155895,0.,-13,1.075,-99999.,-99999.,-99999.,-99999.,-99999.,-99999.
111859,4835684,60.160725,-1.155855,0.,-13,1.075,-99999.,-99999.,-99999.,-99999.,-99999.,-99999.
111859,4836613,60.160735,-1.155948,0.,-13,1.075,-99999.,-99999.,-99999.,-99999.,-99999.,-99999.
111859,4837273,60.16,-1.155,0.,-13,1.075,-99999.,-99999.,-99999.,-99999.,-99999.,-99999.
111859,4837580,60.160723,-1.155917,0.,-13,1.075,-99999.,-99999.,-99999.,-99999.,-99999.,-99999.
111859,4838526,60.16073,-1.155932,0.,-13,1.075,-99999.,-99999.,-99999.,-99999.,-99999.,-99999.
111859,4839473,60.160777,-1.155935,0.,-13,1.075,-99999.,-99999.,-99999.,-99999.,-99999.,-99999.
111859,4840622,60.160752,-1.155912,0.,-13,1.075,-99999.,-99999.,-99999.,-99999.,-99999.,-99999.
111859,4841645,60.1607,-1.155942,0.,-13,1.075,-99999.,-99999.,-99999.,-99999.,-99999.,-99999.
111859,4842650,60.160723,-1.155902,0.,-13,1.075,-99999.,-99999.,-99999.,-99999.,-99999.,-99999.
111859,4843590,60.160718,-1.15592,0.,-13,1.075,-99999.,-99999.,-99999.,-99999.,-99999.,-99999.
111859,4844541,60.16073,-1.15593,0.,-13,1.075,-99999.,-99999.,-99999.,-99999.,-99999.,-99999.
111859,4845493,60.160737,-1.155915,0.,-13,1.075,-99999.,-99999.,-99999.,-99999.,-99999.,-99999.
111859,4846429,60.160737,-1.155897,0.,-13,1.075,-99999.,-99999.,-99999.,-99999.,-99999.,-99999.
111859,4848342,60.160745,-1.15595,0.,-13,1.075,-99999.,-99999.,-99999.,-99999.,-99999.,-99999.
111859,4849300,60.160738,-1.155927,0.,-13,1.075,-99999.,-99999.,-99999.,-99999.,-99999.,-99999.
111859,4850240,60.160737,-1.15592,0.,-13,1.075,-99999.,-99999.,-99999.,-99999.,-99999.,-99999.
111859,4851193,60.160772,-1.15587,0.,-13,1.075,-99999.,-99999.,-99999.,-99999.,-99999.,-99999.
111859,4852153,60.160752,-1.155892,0.,-13,1.075,-99999.,-99999.,-99999.,-99999.,-99999.,-99999.
111859,4853113,60.160747,-1.155903,0.,-13,1.075,-99999.,-99999.,-99999.,-99999.,-99999.,-99999.
111859,4854071,60.160735,-1.155902,0.,-13,1.075,-99999.,-99999.,-99999.,-99999.,-99999.,-99999.
111859,4855031,60.160727,-1.15594,0.,-13,1.075,-99999.,-99999.,-99999.,-99999.,-99999.,-99999.
111859,4855983,60.160735,-1.155912,0.,-13,1.075,-99999.,-99999.,-99999.,-99999.,-99999.,-99999.
111859,4856939,60.160732,-1.155918,0.,-13,1.075,-99999.,-99999.,-99999.,-99999.,-99999.,-99999.
111859,4857889,60.160763,-1.155883,0.,-13,1.075,-99999.,-99999.,-99999.,-99999.,-99999.,-99999.
111859,4858831,60.16076,-1.155963,0.,-13,1.075,-99999.,-99999.,-99999.,-99999.,-99999.,-99999.
111859,4859792,60.16074,-1.155895,0.,-13,1.075,-99999.,-99999.,-99999.,-99999.,-99999.,-99999.
111859,4860752,60.160682,-1.155918,0.,-13,1.075,-99999.,-99999.,-99999.,-99999.,-99999.,-99999.
111859,4861694,60.16073,-1.15594,0.,-13,1.075,-99999.,-99999.,-99999.,-99999.,-99999.,-99999.
111859,4862650,60.160727,-1.155915,0.,-13,1.075,-99999.,-99999.,-99999.,-99999.,-99999.,-99999.
111859,4863602,60.160733,-1.15593,0.,-13,1.075,-99999.,-99999.,-99999.,-99999.,-99999.,-99999.
111859,4864523,60.160743,-1.155913,0.,-13,1.075,-99999.,-99999.,-99999.,-99999.,-99999.,-99999.
111859,4865460,60.16076,-1.155922,0.,-13,1.075,-99999.,-99999.,-99999.,-99999.,-99999.,-99999.
111859,4866404,60.16796,-1.158287,4.6,-2,-99999,-99999.,-99999.,-99999.,-99999.,-99999.,-99999.
111859,4867342,60.166287,-1.16066,0.,-15,1.075,-99999.,-99999.,-99999.,-99999.,-99999.,-99999.
111859,4868251,60.1663,-1.160685,0.,-15,1.075,-99999.,-99999.,-99999.,-99999.,-99999.,-99999.
111859,4869202,60.16631,-1.160715,0.,-15,1.075,-99999.,-99999.,-99999.,-99999.,-99999.,-99999.
111859,4870170,60.166282,-1.160682,0.,-15,1.075,-99999.,-99999.,-99999.,-99999.,-99999.,-99999.
111859,4871083,60.166277,-1.160723,0.,-15,1.075,-99999.,-99999.,-99999.,-99999.,-99999.,-99999.
111859,4872073,60.166298,-1.160718,0.,-15,1.075,-99999.,-99999.,-99999.,-99999.,-99999.,-99999.
111859,4872188,60.165,-1.16,0.,-15,1.075,-99999.,-99999.,-99999.,-99999.,-99999.,-99999.
111859,4873050,60.16632,-1.160707,0.,-15,1.075,-99999.,-99999.,-99999.,-99999.,-99999.,-99999.
111859,4873990,60.166318,-1.160703,0.,-15,1.075,-99999.,-99999.,-99999.,-99999.,-99999.,-99999.
111859,4874983,60.166317,-1.160707,0.,-15,1.075,-99999.,-99999.,-99999.,-99999.,-99999.,-99999.
111859,4875921,60.166312,-1.160697,0.,-15,1.075,-99999.,-99999.,-99999.,-99999.,-99999.,-99999.
111859,4876861,60.16631,-1.160685,0.,-15,1.075,-99999.,-99999.,-99999.,-99999.,-99999.,-99999.
111859,4877768,60.165,-1.16,0.,-15,1.075,-99999.,-99999.,-99999.,-99999.,-99999.,-99999.
111859,4877799,60.166308,-1.160698,0.,-15,1.075,-99999.,-99999.,-99999.,-99999.,-99999.,-99999.
111859,4878700,60.166305,-1.160687,0.,-15,1.075,-99999.,-99999.,-99999.,-99999.,-99999.,-99999.
111859,4879611,60.166253,-1.16064,0.2,-15,1.075,-99999.,-99999.,-99999.,-99999.,-99999.,-99999.
111859,4880533,60.159747,-1.153448,0.,-13,1.075,35.2,-0.59,12.600000000000001,13.600000000000001,0.,0.
111859,4881501,60.159798,-1.153518,0.,-13,1.075,35.2,-0.59,12.600000000000001,13.600000000000001,0.,0.
111859,4882413,60.159357,-1.144045,6.7,-11,1.075,35.2,-0.59,12.600000000000001,13.600000000000001,0.,0.
111859,4883323,60.136275,-1.132062,8.,-8,1.075,35.2,-0.59,12.600000000000001,13.700000000000001,0.,0.
111859,4883892,60.115,-1.136667,7.,-7,1.1902000000000001,35.2,-0.59,12.600000000000001,13.700000000000001,0.,0.
111859,4884233,60.103342,-1.138902,7.8,-6,1.1788,35.2,-0.59,12.600000000000001,13.700000000000001,0.,0.
111859,4885139,60.070927,-1.142212,7.8,-6,1.3436000000000001,35.2,-0.59,12.600000000000001,13.5,0.,0.
111859,4886063,60.037913,-1.134758,7.9,-12,1.5424,35.2,-0.58,12.700000000000001,13.,0.,-0.01
111859,4886970,60.004912,-1.129828,7.9,-17,1.4619,35.2,-0.58,12.8,12.4,0.,-0.01
111859,4887919,59.970762,-1.130097,7.6,-20,1.6403,35.2,-0.58,12.9,16.5,0.,-0.01
111859,4888839,59.938652,-1.138007,7.6,-22,1.5947,35.2,-0.58,12.9,20.3,0.,-0.01
111859,4889473,59.916667,-1.141667,7.,-24,1.5955000000000001,35.2,-0.58,12.9,22.3,0.,-0.02
111859,4889743,59.907712,-1.145772,7.5,-24,1.3938000000000001,35.2,-0.58,13.,23.,-0.01,-0.02
111859,4890651,59.876562,-1.154512,7.6,-25,1.4521000000000002,35.2,-0.58,13.,25.5,-0.03,-0.02
111859,4891552,59.845868,-1.165948,7.3,-24,1.2089,35.1,-0.58,13.100000000000001,27.200000000000003,-0.05,-0.02
111859,4892512,59.81581,-1.191197,7.6,-23,0.9805,35.1,-0.58,13.100000000000001,25.6,-0.07,-0.01
111859,4893429,59.787738,-1.215487,7.,-22,0.9834,35.1,-0.59,13.100000000000001,26.3,-0.08,-0.01
111859,4894330,59.760613,-1.236143,7.,-24,0.9449000000000001,35.1,-0.59,13.100000000000001,26.900000000000002,-0.08,-0.01
111859,4895242,59.73283,-1.248825,7.3,-25,0.9832000000000001,35.1,-0.59,13.,27.5,-0.07,-0.02
111859,4896160,59.704142,-1.262113,7.2,-24,1.046,35.1,-0.6,13.,28.400000000000002,-0.07,-0.03
111859,4897063,59.675468,-1.275557,7.1,-24,1.1142,35.1,-0.6,13.,29.200000000000003,-0.06,-0.05
111859,4897973,59.645823,-1.287458,7.1,-25,1.0148000000000001,35.1,-0.6,13.,29.700000000000003,-0.05,-0.07
111859,4898882,59.615997,-1.297838,7.2,-25,1.0817,35.1,-0.6,12.9,30.700000000000003,-0.05,-0.1
111859,4899811,59.585313,-1.306857,7.3,-25,1.0488,35.1,-0.6,12.9,31.5,-0.05,-0.12
111859,4900732,59.554827,-1.321283,7.7,-25,1.0725,35.1,-0.6,12.9,31.900000000000002,-0.05,-0.14
111859,4901692,59.522507,-1.337087,7.3,-24,1.1347,35.1,-0.6,12.8,31.700000000000003,-0.05,-0.16
111859,4902629,59.490558,-1.351225,7.9,-23,1.2336,35.1,-0.61,12.8,31.200000000000003,-0.07,-0.16
111859,4903532,59.459895,-1.367975,7.6,-24,1.1974,35.1,-0.61,12.8,30.6,-0.08,-0.17
111859,4904450,59.430127,-1.392697,7.6,-24,1.2817,35.1,-0.61,12.700000000000001,30.5,-0.09,-0.16
111859,4905430,59.413298,-1.39939,2.5,-24,1.2182,35.1,-0.61,12.700000000000001,30.5,-0.09,-0.16
111859,4906391,59.403228,-1.406242,2.2,-24,1.262,35.1,-0.61,12.700000000000001,30.5,-0.09,-0.16
111859,4907351,59.393478,-1.415752,2.6,-24,1.3011000000000001,35.1,-0.61,12.600000000000001,30.400000000000002,-0.09,-0.16
111859,4908301,59.383225,-1.425898,2.5,-24,1.1413,35.1,-0.61,12.600000000000001,30.3,-0.1,-0.16
111859,4909231,59.372657,-1.431123,2.6,-24,0.9754,35.1,-0.61,12.600000000000001,30.1,-0.1,-0.15
111859,4910142,59.364272,-1.431858,3.2,-24,1.0218,35.1,-0.61,12.600000000000001,30.,-0.1,-0.15
111859,4911190,59.35152,-1.426303,3.1,-24,1.0883,35.1,-0.61,12.600000000000001,30.1,-0.09,-0.15
111859,4912204,59.346685,-1.403742,2.7,-25,1.2606000000000002,35.1,-0.62,12.600000000000001,30.400000000000002,-0.09,-0.14
111859,4913151,59.34931,-1.383943,2.3,-25,1.2359,35.1,-0.62,12.600000000000001,30.5,-0.08,-0.14
111859,4914124,59.352395,-1.363303,2.4,-25,1.3194000000000001,35.1,-0.62,12.600000000000001,30.700000000000003,-0.08,-0.13
111859,4915056,59.356898,-1.34506,2.4,-25,1.2851000000000001,35.1,-0.62,12.600000000000001,30.700000000000003,-0.08,-0.13
111859,4915961,59.361562,-1.327917,2.3,-26,1.3407,35.1,-0.62,12.600000000000001,30.700000000000003,-0.08,-0.13
111859,4916873,59.36625,-1.311,2.4,-26,1.3213000000000001,35.1,-0.62,12.600000000000001,30.700000000000003,-0.08,-0.12
111859,4917818,59.371447,-1.293615,2.5,-26,1.2996,35.1,-0.62,12.600000000000001,30.6,-0.07,-0.12
111859,4918769,59.377812,-1.278523,2.4,-26,1.3795000000000002,35.1,-0.62,12.600000000000001,30.700000000000003,-0.07,-0.11
111859,4919723,59.38686,-1.270798,2.4,-26,1.3836000000000002,35.1,-0.62,12.700000000000001,31.,-0.07,-0.11
111859,4920734,59.397098,-1.26125,2.4,-26,1.379,35.1,-0.62,12.700000000000001,31.200000000000003,-0.07,-0.11
111859,4921703,59.406718,-1.253712,2.5,-26,1.367,35.1,-0.62,12.700000000000001,31.400000000000002,-0.07,-0.11
111859,4922940,59.416932,-1.246708,2.1,-28,1.403,35.1,-0.62,12.700000000000001,31.6,-0.07,-0.11
111859,4923885,59.417807,-1.242115,0.2,-28,1.3957000000000002,35.1,-0.62,12.700000000000001,31.700000000000003,-0.07,-0.1
111859,4924871,59.417042,-1.244668,0.6,-28,1.3997000000000002,35.1,-0.62,12.700000000000001,31.6,-0.07,-0.11
111859,4925832,59.416667,-1.246667,0.,-28,1.4029,35.1,-0.62,12.700000000000001,31.6,-0.07,-0.11
111859,4925838,59.416873,-1.247172,0.7,-28,1.4037000000000002,35.1,-0.62,12.700000000000001,31.5,-0.07,-0.11
111859,4926012,59.416667,-1.248333,0.,-28,1.4056,35.1,-0.62,12.700000000000001,31.5,-0.07,-0.11
111859,4926822,59.417195,-1.250935,0.6,-27,1.3728,35.1,-0.62,12.700000000000001,31.5,-0.07,-0.11
111859,4927093,59.416667,-1.251667,0.,-27,1.3729,35.1,-0.62,12.700000000000001,31.400000000000002,-0.07,-0.11
111859,4927274,59.416667,-1.251667,0.,-27,1.3729,35.1,-0.62,12.700000000000001,31.400000000000002,-0.07,-0.11
111859,4927453,59.416667,-1.253333,0.,-27,1.3745,35.1,-0.62,12.700000000000001,31.400000000000002,-0.07,-0.11
111859,4927743,59.418062,-1.255572,0.9,-27,1.3782,35.1,-0.62,12.700000000000001,31.3,-0.07,-0.11
111859,4928667,59.419165,-1.260222,0.4,-26,1.3837000000000002,35.1,-0.62,12.700000000000001,31.200000000000003,-0.07,-0.11
111859,4929585,59.420548,-1.264692,0.6,-26,1.389,35.1,-0.62,12.700000000000001,31.1,-0.07,-0.12
111859,4930540,59.420883,-1.269485,5.3,-26,1.3935,35.1,-0.62,12.700000000000001,31.,-0.07,-0.12
111859,4931464,59.410077,-1.275792,5.2,-26,1.3933,35.1,-0.62,12.700000000000001,30.8,-0.07,-0.12
111859,4931772,59.405,-1.276667,2.,-26,1.3922,35.1,-0.62,12.700000000000001,30.8,-0.07,-0.12
111859,4932444,59.39873,-1.27811,2.5,-26,1.3905,35.1,-0.62,12.700000000000001,30.700000000000003,-0.07,-0.12
111859,4933384,59.388793,-1.279087,2.4,-26,1.3855000000000002,35.1,-0.62,12.700000000000001,30.700000000000003,-0.07,-0.12
111859,4934293,59.379223,-1.280662,2.4,-26,1.3796000000000002,35.1,-0.62,12.600000000000001,30.6,-0.07,-0.12
111859,4935221,59.371047,-1.292208,2.4,-26,1.2983,35.1,-0.62,12.600000000000001,30.6,-0.08,-0.12
111859,4936134,59.363792,-1.306802,2.5,-26,1.3181,35.1,-0.62,12.600000000000001,30.6,-0.08,-0.12
111859,4937064,59.35676,-1.320413,2.5,-26,1.3348,35.1,-0.62,12.600000000000001,30.6,-0.08,-0.13
111859,4938052,59.351905,-1.338493,2.2,-26,1.2795,35.1,-0.62,12.600000000000001,30.700000000000003,-0.08,-0.13
111859,4938959,59.34957,-1.358202,2.2,-25,1.3129,35.1,-0.62,12.600000000000001,30.6,-0.08,-0.14
111859,4939903,59.348152,-1.378872,2.4,-25,1.2332,35.1,-0.61,12.600000000000001,30.5,-0.09,-0.14
111859,4940846,59.34613,-1.399385,2.7,-25,1.2577,35.1,-0.61,12.5,30.3,-0.09,-0.14
111859,4941882,59.349943,-1.41847,2.4,-24,1.0967,35.1,-0.61,12.5,30.200000000000003,-0.09,-0.15
111859,4942826,59.359217,-1.431308,2.3,-24,1.0482,35.1,-0.61,12.5,29.900000000000002,-0.1,-0.15
111859,4943111,59.361667,-1.433333,2.,-24,1.0375,35.1,-0.61,12.5,29.900000000000002,-0.1,-0.15
111859,4943782,59.36917,-1.435403,2.4,-24,1.0025,35.1,-0.61,12.600000000000001,30.,-0.1,-0.16
111859,4944712,59.378898,-1.433388,2.3,-24,1.1727,35.1,-0.61,12.600000000000001,30.1,-0.1,-0.16
111859,4945621,59.38821,-1.427375,2.7,-24,1.1257000000000001,35.1,-0.6,12.600000000000001,30.3,-0.1,-0.16
111859,4946601,59.396305,-1.416752,2.4,-24,1.0879,35.1,-0.6,12.600000000000001,30.400000000000002,-0.1,-0.16
111859,4947545,59.401893,-1.39505,2.6,-24,1.2471,35.1,-0.6,12.600000000000001,30.400000000000002,-0.1,-0.16
111859,4948505,59.4065,-1.374953,2.5,-24,1.3734000000000002,35.1,-0.61,12.600000000000001,30.400000000000002,-0.09,-0.16
111859,4949489,59.408032,-1.350783,2.7,-25,1.3494000000000002,35.1,-0.61,12.600000000000001,30.400000000000002,-0.09,-0.15
111859,4950434,59.409515,-1.328208,2.9,-25,1.4435,35.1,-0.61,12.600000000000001,30.5,-0.09,-0.14
111859,4951366,59.408787,-1.305237,3.2,-25,1.3813,35.1,-0.61,12.700000000000001,30.6,-0.08,-0.13
111859,4952375,59.39919,-1.286352,2.8,-26,1.3969,35.1,-0.61,12.700000000000001,30.6,-0.08,-0.12
111859,4953278,59.390927,-1.269087,2.9,-26,1.3836000000000002,35.1,-0.62,12.700000000000001,30.900000000000002,-0.08,-0.12
111859,4954263,59.384615,-1.253842,0.5,-27,1.3835000000000002,35.1,-0.62,12.700000000000001,31.3,-0.08,-0.11
111859,4954811,59.383333,-1.248333,2.,-27,1.3498,35.1,-0.62,12.700000000000001,31.400000000000002,-0.07,-0.11
111859,4955213,59.388298,-1.24628,3.8,-27,1.3569,35.1,-0.62,12.700000000000001,31.5,-0.07,-0.11
111859,4956118,59.398345,-1.237162,2.4,-27,1.3751,35.1,-0.62,12.700000000000001,31.700000000000003,-0.07,-0.11
111859,4957073,59.40697,-1.229252,2.3,-27,1.3840000000000001,35.1,-0.62,12.700000000000001,31.8,-0.07,-0.1
111859,4958237,59.418603,-1.217,2.2,-28,1.3555000000000001,35.1,-0.61,12.700000000000001,32.1,-0.07,-0.1
111859,4959161,59.427868,-1.20826,2.3,-28,1.4060000000000001,35.1,-0.61,12.700000000000001,32.2,-0.07,-0.09
111859,4960121,59.437308,-1.197895,2.4,-28,1.387,35.1,-0.61,12.8,32.2,-0.07,-0.09
111859,4961070,59.44583,-1.18499,2.4,-27,1.3656000000000001,35.1,-0.61,12.8,32.,-0.07,-0.09
111859,4962034,59.45498,-1.172682,2.7,-27,1.3482,35.1,-0.61,12.8,32.,-0.07,-0.08
111859,4962983,59.464857,-1.161078,2.8,-28,1.1922000000000001,35.1,-0.61,12.8,32.,-0.07,-0.08
111859,4963901,59.476905,-1.160692,2.7,-28,1.2041,35.1,-0.61,12.8,32.1,-0.07,-0.08
111859,4964890,59.489748,-1.160175,2.7,-28,1.2171,35.1,-0.61,12.9,32.2,-0.08,-0.08
111859,4965810,59.50165,-1.162015,2.9,-29,1.0933000000000002,35.1,-0.61,12.9,32.2,-0.08,-0.08
111859,4966151,59.505,-1.161667,2.,-29,1.0918,35.1,-0.61,12.9,32.2,-0.08,-0.08
111859,4966761,59.514308,-1.163603,2.9,-29,1.0816000000000001,35.1,-0.61,12.9,32.2,-0.08,-0.08
111859,4967753,59.517908,-1.165318,0.5,-29,1.075,35.1,-0.61,12.9,32.2,-0.08,-0.08
111859,4968671,59.493727,-1.158013,4.2,-28,1.2315,35.1,-0.61,12.9,32.300000000000004,-0.08,-0.08
111859,4969620,59.481638,-1.1485,2.5,-28,1.2731000000000001,35.1,-0.61,12.9,32.300000000000004,-0.08,-0.08
111859,4970619,59.471122,-1.139933,2.4,-28,1.3133000000000001,35.1,-0.61,12.9,32.300000000000004,-0.08,-0.07
111859,4971562,59.461198,-1.131913,2.4,-29,1.3529,35.1,-0.61,12.9,32.1,-0.07,-0.07
111859,4972503,59.451645,-1.124072,2.5,-29,1.3907,35.1,-0.61,12.9,31.900000000000002,-0.07,-0.07
111859,4973451,59.444225,-1.11011,2.3,-29,1.4172,35.1,-0.61,12.9,31.5,-0.07,-0.07
111859,4974401,59.437483,-1.095482,2.3,-29,1.4572,35.1,-0.62,12.9,31.200000000000003,-0.07,-0.07
111859,4975362,59.43063,-1.080207,2.2,-31,1.3583,35.1,-0.62,13.,31.,-0.07,-0.07
111859,4976313,59.42772,-1.059612,2.6,-31,1.4098000000000002,35.1,-0.62,13.,30.8,-0.07,-0.07
111859,4977254,59.425755,-1.038775,2.5,-31,1.3061,35.1,-0.62,13.,30.6,-0.07,-0.07
111859,4978191,59.425015,-1.017368,2.6,-31,1.3289,35.1,-0.62,13.100000000000001,30.700000000000003,-0.07,-0.07
111859,4978214,59.425,-1.016667,2.,-31,1.3296000000000001,35.1,-0.62,13.100000000000001,30.700000000000003,-0.07,-0.07
111859,4979180,59.426775,-0.994272,2.6,-31,1.1732,35.1,-0.62,13.100000000000001,30.8,-0.07,-0.06
111859,4980132,59.42963,-0.972397,2.7,-31,1.196,35.1,-0.62,13.200000000000001,30.900000000000002,-0.07,-0.06
111859,4981093,59.43637,-0.953033,2.7,-31,1.0877000000000001,35.1,-0.62,13.200000000000001,30.900000000000002,-0.07,-0.06
111859,4982021,59.446413,-0.940257,2.8,-31,1.1116000000000001,35.1,-0.62,13.200000000000001,31.200000000000003,-0.07,-0.06
111859,4983891,59.468418,-0.952483,2.8,-31,1.0635000000000001,35.1,-0.61,13.200000000000001,31.200000000000003,-0.07,-0.07
111859,4984839,59.476437,-0.968308,2.6,-31,1.1803000000000001,35.1,-0.61,13.200000000000001,31.1,-0.08,-0.07
111859,4985771,59.483178,-0.985048,2.5,-31,1.1521000000000001,35.1,-0.61,13.200000000000001,31.1,-0.08,-0.07
111859,4986735,59.489973,-1.002077,2.5,-30,1.312,35.1,-0.61,13.200000000000001,31.,-0.08,-0.07
111859,4987661,59.496548,-1.018428,2.5,-30,1.2206000000000001,35.1,-0.61,13.100000000000001,31.,-0.08,-0.07
111859,4988601,59.50392,-1.03283,2.3,-31,1.0567,35.1,-0.61,13.100000000000001,30.900000000000002,-0.08,-0.07
111859,4989521,59.511007,-1.045268,2.3,-30,1.0873000000000002,35.1,-0.61,13.100000000000001,31.1,-0.08,-0.07
111859,4990442,59.516292,-1.060453,2.3,-30,1.085,35.1,-0.61,13.100000000000001,31.700000000000003,-0.08,-0.07
111859,4991383,59.521288,-1.0738,0.4,-30,1.0812000000000002,35.1,-0.61,13.,32.300000000000004,-0.08,-0.07
111859,4992307,59.52505,-1.080273,7.5,-30,1.0789,35.1,-0.6,13.,32.5,-0.08,-0.07
111859,4993239,59.543085,-1.133775,7.5,-28,1.087,35.1,-0.6,12.9,32.800000000000004,-0.09,-0.07
111859,4994180,59.564257,-1.17653,7.4,-26,1.0345,35.1,-0.6,12.9,31.400000000000002,-0.09,-0.08
111859,4995089,59.588188,-1.210687,7.,-27,1.0527,35.1,-0.59,12.9,30.900000000000002,-0.09,-0.08
111859,4996005,59.6026,-1.258655,7.,-25,1.0213,35.1,-0.59,12.9,30.400000000000002,-0.08,-0.09
111859,4996921,59.614748,-1.306787,5.9,-25,1.0783,35.1,-0.59,12.8,31.1,-0.07,-0.11
111859,4997829,59.625478,-1.353138,6.,-23,1.0314,35.1,-0.58,12.700000000000001,32.5,-0.05,-0.12
111859,4998734,59.63614,-1.397267,6.1,-22,1.0337,35.1,-0.58,12.700000000000001,32.,-0.03,-0.13
111859,4999664,59.645853,-1.442638,6.1,-17,1.0998,35.2,-0.58,12.600000000000001,31.700000000000003,-0.02,-0.13
111859,5000593,59.656258,-1.488665,6.1,-16,1.0973,35.1,-0.5700000000000001,12.5,33.5,0.,-0.11
111859,5001500,59.66493,-1.536747,6.3,-8,0.9465,35.1,-0.5700000000000001,12.5,34.800000000000004,0.01,-0.09
111859,5002434,59.675292,-1.584293,6.4,-14,0.9294,35.2,-0.5700000000000001,12.600000000000001,35.6,0.02,-0.06
111859,5003362,59.690993,-1.624838,4.1,-19,1.3006,35.2,-0.5700000000000001,12.600000000000001,36.800000000000004,0.03,-0.04
111859,5004398,59.70114,-1.629713,2.3,-20,0.9635,35.2,-0.5700000000000001,12.600000000000001,36.9,0.03,-0.04
111859,5005302,59.712262,-1.635765,2.5,-22,1.3611,35.2,-0.5700000000000001,12.600000000000001,36.9,0.03,-0.03
111859,5005395,59.713333,-1.635,2.,-22,1.3734000000000002,35.2,-0.5700000000000001,12.600000000000001,36.9,0.03,-0.03
111859,5006222,59.722443,-1.640167,2.5,-22,1.4229,35.2,-0.5700000000000001,12.600000000000001,36.9,0.03,-0.03
111859,5007146,59.731937,-1.650095,2.6,-23,1.4275,35.2,-0.5700000000000001,12.600000000000001,37.1,0.03,-0.02
111859,5008088,59.742147,-1.659977,2.8,-24,1.4075,35.2,-0.5700000000000001,12.700000000000001,37.2,0.03,-0.02
111859,5008452,59.745,-1.663333,2.,-24,1.3912,35.2,-0.5700000000000001,12.700000000000001,37.2,0.03,-0.01
111859,5008812,59.75,-1.666667,2.,-25,1.6727,35.2,-0.5700000000000001,12.700000000000001,37.2,0.03,-0.01
111859,5009016,59.752673,-1.670377,3.,-24,1.3682,35.2,-0.5700000000000001,12.700000000000001,37.2,0.03,-0.01
111859,5009932,59.761968,-1.686027,3.,-24,1.3,35.2,-0.5700000000000001,12.700000000000001,37.2,0.03,-0.01
111859,5010615,59.768333,-1.696667,2.,-24,1.2422,35.2,-0.5700000000000001,12.700000000000001,36.7,0.03,0.
111859,5010795,59.77,-1.7,3.,-24,1.2221,35.2,-0.5700000000000001,12.700000000000001,36.6,0.03,0.
111859,5010845,59.77121,-1.701307,3.1,-24,1.2141,35.2,-0.5700000000000001,12.700000000000001,36.5,0.03,0.
111859,5011749,59.782185,-1.71207,3.2,-24,1.617,35.2,-0.5700000000000001,12.700000000000001,35.7,0.03,0.
111859,5012700,59.785597,-1.693388,2.2,-24,1.2741,35.2,-0.5700000000000001,12.700000000000001,35.4,0.02,0.
111859,5013653,59.782232,-1.676028,2.5,-24,1.395,35.2,-0.5700000000000001,12.700000000000001,35.5,0.02,0.
111859,5014212,59.776667,-1.666667,2.,-24,1.4475,35.2,-0.5700000000000001,12.700000000000001,35.800000000000004,0.02,-0.01
111859,5014572,59.773333,-1.665,2.,-23,1.1842000000000001,35.2,-0.5700000000000001,12.700000000000001,36.,0.02,-0.01
111859,5014574,59.775005,-1.665133,2.3,-23,1.1838,35.2,-0.5700000000000001,12.700000000000001,35.9,0.02,-0.01
111859,5015531,59.766133,-1.659607,2.2,-23,1.1972,35.2,-0.5700000000000001,12.700000000000001,36.4,0.02,-0.01
111859,5016016,59.761667,-1.651667,2.,-23,1.2111,35.2,-0.5700000000000001,12.700000000000001,36.5,0.03,-0.01
111859,5016196,59.761667,-1.65,2.,-23,1.2146000000000001,35.2,-0.5700000000000001,12.700000000000001,36.5,0.03,-0.01
111859,5016479,59.759862,-1.647187,1.8,-23,1.2173,35.2,-0.5700000000000001,12.700000000000001,36.5,0.03,-0.02
111859,5017412,59.75339,-1.636647,2.,-23,1.2197,35.2,-0.5700000000000001,12.600000000000001,36.4,0.02,-0.02
111859,5018371,59.747905,-1.623368,2.,-24,1.2242,35.2,-0.5700000000000001,12.600000000000001,36.1,0.02,-0.03
111859,5019333,59.742718,-1.609897,1.9,-23,1.2572,35.2,-0.5700000000000001,12.600000000000001,35.800000000000004,0.02,-0.03
111859,5020280,59.737837,-1.596978,1.8,-23,1.2825,35.2,-0.5700000000000001,12.600000000000001,35.6,0.02,-0.04
111859,5021233,59.732667,-1.585167,1.8,-22,1.2975,35.2,-0.5700000000000001,12.600000000000001,35.5,0.02,-0.04
111859,5022180,59.723978,-1.585503,2.,-21,1.2662,35.2,-0.5700000000000001,12.600000000000001,35.5,0.02,-0.05
111859,5023120,59.715535,-1.592315,1.9,-20,1.2252,35.2,-0.5700000000000001,12.600000000000001,35.6,0.02,-0.05
111859,5024069,59.706748,-1.59899,2.4,-19,1.0776000000000001,35.2,-0.5700000000000001,12.600000000000001,35.800000000000004,0.02,-0.05
111859,5025030,59.69726,-1.604933,2.3,-19,1.1261,35.2,-0.5700000000000001,12.600000000000001,36.,0.02,-0.05
111859,5025990,59.687297,-1.61067,2.4,-18,1.1608,35.2,-0.5700000000000001,12.600000000000001,36.300000000000004,0.02,-0.05
111859,5026939,59.678695,-1.61379,0.3,-17,1.167,35.2,-0.5700000000000001,12.600000000000001,36.5,0.02,-0.05
111859,5027867,59.682245,-1.61337,8.2,-18,1.1724,35.2,-0.5700000000000001,12.600000000000001,36.4,0.02,-0.05
111859,5028770,59.705937,-1.660877,8.3,-22,1.6362,35.2,-0.5700000000000001,12.600000000000001,37.6,0.02,-0.03
111859,5029683,59.731392,-1.705195,8.1,-25,1.4598,35.2,-0.5700000000000001,12.700000000000001,37.5,0.03,-0.02
111859,5030603,59.757487,-1.747038,7.8,-23,1.1989,35.2,-0.5700000000000001,12.700000000000001,37.300000000000004,0.03,0.
111859,5031509,59.785238,-1.778475,7.7,-25,1.481,35.2,-0.5700000000000001,12.700000000000001,34.9,0.03,0.
111859,5032449,59.814347,-1.807768,5.6,-25,1.2857,35.2,-0.58,12.600000000000001,32.6,0.02,0.
111859,5033397,59.8244,-1.817437,2.1,-25,1.2071,35.2,-0.58,12.600000000000001,32.,0.01,0.
111859,5035239,59.840513,-1.83318,2.1,-25,0.934,35.2,-0.58,12.600000000000001,31.3,0.,0.01
111859,5036181,59.84839,-1.842015,2.,-25,1.0819,35.2,-0.58,12.600000000000001,31.3,0.,0.
111859,5037109,59.856305,-1.849813,2.1,-25,1.0734000000000001,35.2,-0.58,12.600000000000001,31.3,0.,0.
111859,5037433,59.858333,-1.851667,2.,-25,1.0716,35.2,-0.58,12.600000000000001,31.3,0.,0.
111859,5038033,59.864167,-1.857038,2.,-25,1.0664,35.2,-0.58,12.5,31.200000000000003,-0.01,0.
111859,5038970,59.868025,-1.872635,1.8,-25,1.0267,35.2,-0.58,12.5,31.200000000000003,-0.01,-0.01
111859,5039899,59.87251,-1.886712,1.8,-25,1.2204000000000002,35.2,-0.58,12.5,31.200000000000003,-0.01,-0.01
111859,5040808,59.8765,-1.899842,2.,-25,1.1251,35.2,-0.58,12.5,31.200000000000003,-0.01,-0.01
111859,5041760,59.881478,-1.912175,1.9,-25,1.1779,35.2,-0.58,12.4,31.200000000000003,-0.02,-0.02
111859,5042672,59.886363,-1.92501,1.9,-25,1.4528,35.2,-0.58,12.4,31.1,-0.02,-0.02
111859,5043617,59.891905,-1.935975,2.,-25,1.4779,35.2,-0.58,12.4,31.1,-0.02,-0.03
111859,5044531,59.900625,-1.94361,2.2,-25,1.5561,35.2,-0.58,12.4,31.1,-0.03,-0.03
111859,5045472,59.907983,-1.946058,1.8,-25,1.6322,35.2,-0.58,12.4,31.1,-0.03,-0.03
111859,5046400,59.91572,-1.944812,1.8,-25,1.7024000000000001,35.2,-0.58,12.3,31.1,-0.03,-0.03
111859,5047341,59.918563,-1.938702,1.1,-25,1.2987,35.2,-0.58,12.3,31.1,-0.04,-0.03
111859,5048301,59.923442,-1.929847,6.4,-25,1.3362,35.2,-0.58,12.3,31.1,-0.04,-0.03
111859,5048773,59.928333,-1.926667,2.,-25,1.3862,35.2,-0.58,12.3,31.1,-0.04,-0.03
111859,5048953,59.93,-1.925,2.,-25,1.4064,35.2,-0.58,12.3,31.1,-0.04,-0.03
111859,5049245,59.934538,-1.925412,2.6,-25,1.4519,35.2,-0.58,12.3,31.1,-0.04,-0.03
111859,5050173,59.946317,-1.923608,2.9,-25,1.584,35.2,-0.58,12.3,31.1,-0.05,-0.03
111859,5051118,59.956043,-1.911305,2.9,-25,1.3028,35.2,-0.58,12.200000000000001,31.1,-0.05,-0.03
111859,5052043,59.96476,-1.895938,2.8,-25,1.1812,35.2,-0.58,12.200000000000001,31.1,-0.06,-0.03
111859,5052971,59.97195,-1.879022,2.6,-25,1.282,35.2,-0.58,12.200000000000001,31.1,-0.06,-0.03
111859,5053882,59.979528,-1.861483,2.7,-25,1.1098000000000001,35.2,-0.58,12.200000000000001,31.,-0.06,-0.03
111859,5054534,59.985,-1.85,2.,-25,1.1673,35.2,-0.58,12.200000000000001,31.,-0.06,-0.02
111859,5054713,59.986667,-1.846667,3.,-25,1.1867,35.2,-0.58,12.200000000000001,31.,-0.06,-0.02
111859,5054788,59.988757,-1.847662,2.7,-25,1.1880000000000002,35.2,-0.58,12.200000000000001,31.,-0.07,-0.02
111859,5054894,59.988333,-1.845,2.,-25,1.1993,35.2,-0.58,12.200000000000001,31.,-0.06,-0.02
111859,5055729,59.999655,-1.836837,2.9,-25,1.2814,35.2,-0.58,12.200000000000001,31.,-0.07,-0.02
111859,5056706,60.010747,-1.824675,2.7,-24,1.6744,35.2,-0.58,12.200000000000001,30.900000000000002,-0.07,-0.02
111859,5057649,60.01633,-1.804768,2.7,-24,1.2799,35.2,-0.58,12.200000000000001,30.8,-0.07,-0.01
111859,5058561,60.02048,-1.784752,2.5,-24,1.8786,35.2,-0.58,12.200000000000001,30.6,-0.07,-0.01
111859,5059501,60.025403,-1.764837,2.6,-25,1.4298,35.2,-0.5700000000000001,12.200000000000001,30.3,-0.07,0.
111859,5060422,60.0306,-1.745768,2.5,-24,1.7501,35.2,-0.5700000000000001,12.3,30.1,-0.07,0.
111859,5061358,60.036182,-1.727123,2.7,-24,1.4654,35.2,-0.5700000000000001,12.3,30.1,-0.07,0.
111859,5061376,60.035,-1.725,2.,-24,1.4132,35.2,-0.5700000000000001,12.3,30.200000000000003,-0.07,0.
111859,5062299,60.041515,-1.707508,2.5,-24,1.2737,35.2,-0.5700000000000001,12.3,30.1,-0.07,0.
111859,5063223,60.043808,-1.6893,2.5,-24,1.2634,35.1,-0.5700000000000001,12.3,30.200000000000003,-0.07,0.
111859,5064221,60.049748,-1.664035,2.8,-24,1.2426000000000001,35.1,-0.5700000000000001,12.3,30.400000000000002,-0.07,0.01
111859,5065125,60.054768,-1.64384,2.6,-24,1.1983000000000001,35.1,-0.5700000000000001,12.3,30.6,-0.07,0.01
111859,5066051,60.059975,-1.623288,2.8,-24,1.262,35.1,-0.5700000000000001,12.3,30.700000000000003,-0.07,0.01
111859,5066956,60.066667,-1.603333,2.,-24,1.1795,35.1,-0.5700000000000001,12.4,30.700000000000003,-0.07,0.01
111859,5066987,60.066842,-1.60428,2.8,-24,1.1831,35.1,-0.5700000000000001,12.4,30.700000000000003,-0.07,0.01
111859,5067896,60.076748,-1.589948,3.1,-24,1.1262,35.1,-0.5700000000000001,12.3,30.200000000000003,-0.07,0.01
111859,5068824,60.089598,-1.58424,3.1,-23,1.294,35.1,-0.56,12.3,28.200000000000003,-0.06,0.
111859,5069775,60.098602,-1.574233,2.9,-6,2.0529,35.2,-0.56,12.3,26.6,-0.06,0.
111859,5070754,60.108483,-1.554802,2.7,-12,1.5774000000000001,35.2,-0.56,12.200000000000001,24.900000000000002,-0.05,0.
111859,5071714,60.113355,-1.551252,0.5,-13,1.4894,35.2,-0.56,12.200000000000001,24.200000000000003,-0.05,0.
111859,5072650,60.140493,-1.540348,3.2,-18,2.9287,35.2,-0.56,12.200000000000001,20.6,-0.04,0.
111859,5073611,60.151152,-1.55534,2.7,-18,2.3571,35.2,-0.56,12.100000000000001,18.7,-0.04,0.
111859,5074524,60.160287,-1.567347,2.8,-18,2.4609,35.2,-0.56,12.100000000000001,16.900000000000002,-0.04,0.
111859,5075457,60.169567,-1.579307,2.6,0,2.8751,35.2,-0.56,12.100000000000001,16.400000000000002,-0.04,0.
111859,5076441,60.176367,-1.597317,2.5,-15,2.65,35.2,-0.56,12.100000000000001,15.700000000000001,-0.05,0.
111859,5077401,60.18236,-1.61462,2.4,-12,2.6476,35.2,-0.56,12.,15.8,-0.05,0.
111859,5078364,60.187893,-1.630655,2.1,-8,2.2931,35.2,-0.56,12.,16.1,-0.05,0.
111859,5079312,60.19329,-1.647263,2.3,-4,2.2298,35.2,-0.56,12.,16.400000000000002,-0.05,0.
111859,5080277,60.198073,-1.663417,2.1,-1,2.2452,35.2,-0.56,12.,16.7,-0.06,0.
111859,5081298,60.203408,-1.677263,2.,-18,1.9988000000000001,35.2,-0.56,12.,17.,-0.06,0.
111859,5082266,60.209385,-1.692808,2.3,-14,2.2003,35.2,-0.56,11.9,17.400000000000002,-0.05,0.01
111859,5083182,60.215223,-1.705518,1.9,-11,1.2747000000000002,35.2,-0.56,11.9,17.6,-0.05,0.01
111859,5084127,60.219945,-1.717953,1.8,-8,1.7349,35.2,-0.56,11.8,17.7,-0.04,0.01
111859,5085084,60.2246,-1.731818,1.9,-5,1.3047,35.2,-0.56,11.8,17.8,-0.03,0.01
111859,5086043,60.22965,-1.745863,2.,-2,0.9377000000000001,35.2,-0.56,11.8,17.8,-0.03,0.01
111859,5086988,60.234778,-1.759363,2.1,-17,1.1741000000000001,35.2,-0.56,11.8,17.7,-0.03,0.01
111859,5087889,60.23909,-1.774292,2.5,-16,1.0683,35.2,-0.56,11.8,18.400000000000002,-0.03,0.01
111859,5088806,60.243998,-1.788543,2.1,-15,0.9909,35.2,-0.56,11.8,19.200000000000003,-0.03,0.01
111859,5089770,60.25244,-1.796055,2.1,-2,0.9873000000000001,35.2,-0.56,11.9,19.6,-0.03,0.01
111859,5090719,60.260338,-1.804897,2.1,-3,0.9752000000000001,35.2,-0.56,11.9,19.900000000000002,-0.04,0.
111859,5091651,60.2686,-1.810442,2.,-4,0.9722000000000001,35.2,-0.56,11.9,20.,-0.04,0.
111859,5092595,60.27712,-1.815143,2.1,-6,0.9731000000000001,35.2,-0.56,11.9,20.,-0.04,0.
111859,5093535,60.285075,-1.822362,2.1,-7,0.9730000000000001,35.2,-0.56,11.9,19.900000000000002,-0.04,0.
111859,5093777,60.286667,-1.823333,2.,-8,0.9738,35.2,-0.56,11.9,19.900000000000002,-0.04,0.
111859,5093958,60.288333,-1.826667,2.,-8,0.9726,35.2,-0.56,11.9,19.900000000000002,-0.04,0.
111859,5094479,60.293222,-1.832065,2.2,-9,0.9203,35.2,-0.56,11.9,19.8,-0.04,-0.01
111859,5095408,60.298775,-1.83861,0.1,-18,0.9733,35.2,-0.56,12.,19.6,-0.04,-0.01
111859,5096323,60.299877,-1.844207,7.3,-18,0.9729000000000001,35.2,-0.56,12.,19.8,-0.04,-0.01
111859,5096834,60.315,-1.858333,7.,-20,0.9754,35.2,-0.56,12.,19.900000000000002,-0.04,-0.02
111859,5097014,60.32,-1.863333,7.,-21,0.9758,35.2,-0.56,12.100000000000001,19.8,-0.04,-0.03
111859,5097276,60.329903,-1.871723,7.9,-22,0.9762000000000001,35.2,-0.56,12.100000000000001,20.200000000000003,-0.05,-0.03
111859,5098212,60.360788,-1.902288,8.1,-23,0.8904000000000001,35.2,-0.56,12.3,21.3,-0.07,-0.05
111859,5099339,60.39141,-1.939507,7.1,-25,0.8732000000000001,35.2,-0.56,12.5,23.6,-0.08,-0.06
111859,5099537,60.393333,-1.941667,2.,-25,0.8735,35.2,-0.56,12.5,23.8,-0.08,-0.06
111859,5100268,60.402203,-1.951008,2.8,-26,0.8647,35.2,-0.56,12.600000000000001,25.1,-0.08,-0.05
111859,5101184,60.413943,-1.953605,2.8,-26,0.8681000000000001,35.2,-0.56,12.600000000000001,26.6,-0.08,-0.05
111859,5102136,60.426055,-1.957548,2.9,-27,0.7859,35.2,-0.56,12.700000000000001,28.200000000000003,-0.07,-0.04
111859,5102415,60.428333,-1.96,2.,-27,0.8510000000000001,35.2,-0.56,12.700000000000001,28.6,-0.07,-0.04
111859,5102775,60.433333,-1.961667,3.,-27,0.8502000000000001,35.2,-0.56,12.8,29.200000000000003,-0.07,-0.04
111859,5103077,60.437473,-1.965137,2.8,-28,0.8455,35.2,-0.56,12.8,29.900000000000002,-0.07,-0.04
111859,5104036,60.448857,-1.973917,2.8,-28,0.8356,35.2,-0.56,12.8,31.5,-0.07,-0.04
111859,5104960,60.460303,-1.98247,2.8,-29,0.7423000000000001,35.2,-0.56,12.9,32.9,-0.06,-0.03
111859,5105916,60.471392,-1.993332,2.8,-30,0.7354,35.2,-0.56,13.,34.2,-0.06,-0.02
111859,5106877,60.480588,-2.009955,2.8,-30,0.7993,35.2,-0.56,13.,34.800000000000004,-0.05,-0.02
111859,5107782,60.492212,-2.016063,2.9,-31,0.7909,35.2,-0.56,13.,34.6,-0.05,-0.01
111859,5108534,60.5,-2.003333,2.,-31,0.8413,35.2,-0.56,13.,34.6,-0.05,-0.01
111859,5108742,60.501742,-1.999942,2.9,-31,0.7686000000000001,35.2,-0.56,13.,34.6,-0.05,-0.01
111859,5109699,60.499405,-1.977993,2.3,-30,0.761,35.2,-0.56,13.,34.1,-0.06,-0.02
111859,5110650,60.495248,-1.958475,2.4,-29,0.7905000000000001,35.2,-0.56,12.9,33.5,-0.06,-0.02
111859,5111632,60.48535,-1.952745,2.2,-29,0.7427,35.2,-0.56,12.9,33.2,-0.06,-0.02
111859,5112572,60.476242,-1.946545,2.2,-28,0.7526,35.2,-0.56,12.9,32.5,-0.07,-0.03
111859,5113501,60.467482,-1.948985,2.,-28,0.7555000000000001,35.2,-0.56,12.9,31.700000000000003,-0.07,-0.03
111859,5114113,60.46,-1.946667,2.,-27,0.7621,35.2,-0.56,12.8,30.8,-0.07,-0.04
111859,5114432,60.458767,-1.94418,2.4,-27,0.7653000000000001,35.2,-0.56,12.8,30.5,-0.07,-0.04
111859,5115392,60.450783,-1.931995,2.3,-27,0.8145,35.2,-0.56,12.700000000000001,28.900000000000002,-0.08,-0.04
111859,5116340,60.442608,-1.920958,2.2,-26,0.8340000000000001,35.2,-0.56,12.700000000000001,27.1,-0.08,-0.05
111859,5117284,60.438103,-1.930738,2.1,-26,0.8173,35.2,-0.56,12.700000000000001,27.200000000000003,-0.08,-0.05
111859,5118221,60.441817,-1.948418,2.4,-27,0.7872,35.2,-0.56,12.700000000000001,29.,-0.08,-0.04
111859,5119182,60.451093,-1.96039,2.9,-28,0.8625,35.2,-0.56,12.8,30.8,-0.07,-0.04
111859,5120131,60.46162,-1.968707,2.8,-28,0.7515000000000001,35.2,-0.56,12.9,32.2,-0.07,-0.04
111859,5121075,60.472188,-1.976937,2.7,-29,0.7509,35.2,-0.56,12.9,33.5,-0.07,-0.03
111859,5122012,60.483548,-1.973662,2.7,-29,0.76,35.2,-0.56,13.,34.,-0.06,-0.03
111859,5122966,60.489907,-1.96778,7.6,-29,0.7719,35.2,-0.56,12.9,33.800000000000004,-0.06,-0.03
111859,5123894,60.523512,-1.944325,8.2,-30,0.7583000000000001,35.2,-0.56,12.9,33.6,-0.06,-0.02
111859,5124830,60.555422,-1.910025,8.5,-30,0.8274,35.2,-0.56,12.9,34.6,-0.06,-0.01
111859,5125780,60.587503,-1.871045,8.7,-32,0.8962,35.2,-0.56,12.9,35.7,-0.06,0.
111859,5125815,60.588333,-1.868333,8.,-32,0.8991,35.2,-0.56,12.9,35.7,-0.07,0.
111859,5126708,60.618275,-1.83295,8.5,-32,0.8639,35.2,-0.56,13.,36.2,-0.07,0.
111859,5127682,60.651978,-1.799143,8.3,-32,0.8604,35.2,-0.5700000000000001,13.100000000000001,37.1,-0.08,0.01
111859,5128642,60.687682,-1.783802,8.1,-34,0.9859,35.2,-0.5700000000000001,13.100000000000001,38.800000000000004,-0.05,0.02
111859,5129599,60.72345,-1.770488,8.4,-34,1.0494,35.2,-0.5700000000000001,13.200000000000001,39.800000000000004,-0.03,0.03
111859,5130719,60.76494,-1.754873,8.,-37,1.08,35.2,-0.58,13.100000000000001,39.2,-0.01,0.05
111859,5132913,60.844553,-1.732783,7.7,-40,1.0736,35.2,-0.59,13.100000000000001,39.1,0.01,0.07
111859,5134294,60.873602,-1.750618,2.5,-41,1.1272,35.2,-0.6,13.100000000000001,39.1,0.01,0.08
111859,5137154,60.906667,-1.73,2.,-43,0.9533,35.2,-0.6,13.100000000000001,37.300000000000004,0.01,0.09
111859,5137335,60.908333,-1.726667,3.,-43,0.9496,35.2,-0.6,13.100000000000001,37.2,0.01,0.09
111859,5144719,60.951667,-1.56,2.,-40,1.3037,35.2,-0.59,13.200000000000001,38.300000000000004,0.01,0.07
111859,5145141,60.954255,-1.550697,2.8,-40,1.3112000000000001,35.2,-0.59,13.200000000000001,38.400000000000006,0.01,0.07
111859,5146543,60.959287,-1.517957,2.4,-39,1.2699,35.2,-0.59,13.200000000000001,38.900000000000006,0.01,0.07
111859,5150119,60.955,-1.433333,2.,-37,1.2810000000000001,35.2,-0.59,13.200000000000001,38.6,-0.01,0.06
111859,5150299,60.955,-1.43,2.,-37,1.2785,35.2,-0.58,13.200000000000001,38.6,-0.01,0.06
111859,5162712,60.945298,-1.139322,3.,-30,0.8795000000000001,35.2,-0.5700000000000001,13.200000000000001,36.5,-0.09,-0.01
111859,5163676,60.940502,-1.114813,3.1,-29,0.9796,35.2,-0.5700000000000001,13.200000000000001,36.4,-0.1,-0.02
111859,5164589,60.935697,-1.091253,3.1,-27,0.8604,35.2,-0.5700000000000001,13.200000000000001,36.2,-0.11,-0.03
111859,5165532,60.93116,-1.067363,3.1,-29,0.9121,35.2,-0.5700000000000001,13.200000000000001,35.7,-0.12,-0.04
111859,5166512,60.922525,-1.047018,2.5,-27,0.8974000000000001,35.2,-0.5700000000000001,13.200000000000001,34.6,-0.13,-0.05
111859,5167508,60.911695,-1.050565,2.3,-25,0.9405,35.2,-0.5700000000000001,13.100000000000001,34.,-0.14,-0.06
111859,5168461,60.902503,-1.056552,2.3,-24,0.993,35.2,-0.5700000000000001,13.100000000000001,33.7,-0.15,-0.06
111859,5169438,60.89516,-1.067625,2.1,-24,0.9749000000000001,35.2,-0.5700000000000001,13.100000000000001,34.,-0.15,-0.06
111859,5170441,60.891582,-1.085167,2.1,-24,0.8843000000000001,35.2,-0.5700000000000001,13.200000000000001,35.1,-0.15,-0.06
111859,5171390,60.890548,-1.103007,2.2,-25,0.8583000000000001,35.2,-0.5700000000000001,13.200000000000001,36.300000000000004,-0.14,-0.06
111859,5172356,60.890865,-1.121695,2.2,-26,0.8292,35.2,-0.56,13.200000000000001,37.6,-0.13,-0.05
111859,5173301,60.89634,-1.138672,3.2,-27,0.7658,35.2,-0.5700000000000001,13.200000000000001,37.7,-0.12,-0.04
111859,5174233,60.909057,-1.132927,3.,-27,0.7105,35.2,-0.5700000000000001,13.200000000000001,37.300000000000004,-0.12,-0.04
111859,5175305,60.921168,-1.118508,3.1,-28,0.9622,35.2,-0.5700000000000001,13.200000000000001,36.800000000000004,-0.12,-0.04
111859,5176242,60.933088,-1.107917,2.9,-28,0.9361,35.2,-0.5700000000000001,13.200000000000001,36.4,-0.11,-0.03
111859,5177232,60.945178,-1.096107,2.9,-28,0.8876000000000001,35.2,-0.5700000000000001,13.200000000000001,36.300000000000004,-0.11,-0.03
111859,5178312,60.958213,-1.082753,2.9,-31,0.9745,35.2,-0.5700000000000001,13.200000000000001,36.6,-0.1,-0.02
111859,5182879,60.995,-1.001667,3.,-26,0.9308000000000001,35.2,-0.5700000000000001,13.200000000000001,37.6,-0.08,-0.03
111859,5185213,61.01823,-0.968282,3.2,-33,0.8775000000000001,35.2,-0.5700000000000001,13.200000000000001,37.2,-0.06,-0.03
111859,5185217,61.018333,-0.968333,3.,-33,0.8774000000000001,35.2,-0.5700000000000001,13.200000000000001,37.2,-0.06,-0.03
111859,5185577,61.021667,-0.975,2.,-33,0.8894000000000001,35.2,-0.5700000000000001,13.200000000000001,37.2,-0.06,-0.03
111859,5188279,61.026667,-0.99,0.,-34,0.9281,35.2,-0.5700000000000001,13.200000000000001,37.2,-0.05,-0.02
111859,5189255,61.03148,-1.001635,6.2,-31,0.7868,35.2,-0.5700000000000001,13.200000000000001,37.300000000000004,-0.05,-0.02
111859,5190662,61.031402,-1.039937,2.6,-33,0.9651000000000001,35.2,-0.5700000000000001,13.200000000000001,37.6,-0.05,-0.01
111859,5190976,61.03,-1.046667,2.,-33,0.8147000000000001,35.2,-0.5700000000000001,13.200000000000001,37.300000000000004,-0.05,-0.01
111859,5191156,61.03,-1.051667,2.,-34,0.8494,35.2,-0.5700000000000001,13.200000000000001,37.1,-0.05,-0.01
111859,5191591,61.031028,-1.064008,2.8,-34,0.9369000000000001,35.2,-0.5700000000000001,13.200000000000001,36.5,-0.04,0.
111859,5202496,60.995,-1.311667,2.,-37,1.1254,35.2,-0.58,13.200000000000001,36.9,-0.04,0.04
111859,5208257,60.981667,-1.385,5.,-38,1.2013,35.2,-0.58,13.200000000000001,38.5,-0.03,0.04
111859,5214197,61.013333,-1.213333,3.,-36,1.3134000000000001,35.2,-0.5700000000000001,13.200000000000001,35.7,-0.05,0.02
111859,5225659,60.999545,-0.98996,2.6,-30,0.8671000000000001,35.2,-0.56,13.200000000000001,37.6,-0.09,-0.04
111859,5227053,60.990838,-1.015847,2.7,-26,0.8912,35.2,-0.56,13.200000000000001,37.6,-0.1,-0.04
111859,5228050,60.984932,-1.036268,2.6,-27,0.8068000000000001,35.2,-0.56,13.200000000000001,37.5,-0.1,-0.04
111859,5228060,60.983333,-1.035,2.,-27,0.8147000000000001,35.2,-0.56,13.200000000000001,37.5,-0.1,-0.04
111859,5228990,60.976195,-1.050147,2.4,-28,0.906,35.2,-0.56,13.200000000000001,37.2,-0.11,-0.04
111859,5229902,60.968192,-1.065675,2.7,-29,0.8413,35.2,-0.56,13.200000000000001,36.9,-0.11,-0.04
111859,5230822,60.959933,-1.07864,0.8,-30,0.7943,35.2,-0.56,13.200000000000001,36.7,-0.11,-0.04
111859,5231832,60.958865,-1.083758,0.6,-28,0.9759000000000001,35.2,-0.56,13.200000000000001,36.6,-0.12,-0.04
111859,5232831,60.957102,-1.117375,2.5,-30,1.0223,35.2,-0.56,13.200000000000001,36.1,-0.11,-0.03
111859,5233641,60.955,-1.136667,2.,-30,0.8551000000000001,35.2,-0.56,13.200000000000001,36.1,-0.11,-0.03
111859,5233840,60.955867,-1.143293,2.9,-31,0.8953000000000001,35.2,-0.56,13.200000000000001,36.1,-0.11,-0.03
111859,5239041,60.953333,-1.271667,2.,-34,0.9271,35.2,-0.5700000000000001,13.200000000000001,34.6,-0.09,0.
111859,5260641,61.028333,-0.988333,3.,-34,0.9201,35.2,-0.56,13.200000000000001,37.4,-0.08,-0.04
111859,5260821,61.028333,-0.983333,3.,-33,0.9032,35.2,-0.56,13.200000000000001,37.4,-0.08,-0.04
111859,5265417,60.998187,-0.860012,2.8,-27,0.9208000000000001,35.2,-0.56,13.200000000000001,37.5,-0.12,-0.07
111859,5266341,60.989063,-0.851727,2.3,-26,0.907,35.2,-0.56,13.200000000000001,37.5,-0.12,-0.07
111859,5267291,60.98122,-0.860655,2.,-27,0.9161,35.2,-0.56,13.200000000000001,37.5,-0.13,-0.07
111859,5268017,60.975,-0.866667,2.,-27,0.9224,35.2,-0.56,13.200000000000001,37.6,-0.14,-0.07
111859,5268233,60.975328,-0.871727,1.9,-27,0.9294,35.2,-0.56,13.200000000000001,37.6,-0.14,-0.07
111859,5269207,60.969563,-0.884158,1.8,-28,0.9204,35.2,-0.56,13.200000000000001,37.800000000000004,-0.14,-0.07
111859,5271621,60.958333,-0.923333,2.,-24,1.1331,35.2,-0.56,13.200000000000001,38.,-0.15,-0.08
111859,5271801,60.958333,-0.926667,2.,-24,1.1456,35.2,-0.56,13.200000000000001,38.,-0.15,-0.08
111859,5271982,60.958168,-0.931487,2.1,-24,1.1634,35.2,-0.56,13.200000000000001,38.,-0.15,-0.08
111859,5273569,60.950088,-0.96117,2.5,-27,1.0034,35.2,-0.56,13.100000000000001,37.,-0.15,-0.08
111859,5273778,60.948333,-0.965,2.,-28,1.0252000000000001,35.2,-0.56,13.100000000000001,36.800000000000004,-0.15,-0.08
111859,5274529,60.945632,-0.98115,2.4,-29,1.1003,35.2,-0.56,13.100000000000001,36.4,-0.15,-0.08
111859,5275531,60.94208,-1.00454,2.8,-23,0.9353,35.2,-0.56,13.100000000000001,35.9,-0.15,-0.08
111859,5276531,60.940725,-1.029838,2.7,-26,0.9846,35.2,-0.56,13.100000000000001,35.800000000000004,-0.15,-0.08
111859,5277500,60.940587,-1.054498,2.8,-28,0.8883000000000001,35.2,-0.56,13.100000000000001,35.800000000000004,-0.15,-0.08
111859,5278458,60.940545,-1.07933,2.7,-30,0.9397000000000001,35.2,-0.56,13.200000000000001,36.,-0.14,-0.07
111859,5279179,60.94,-1.096667,2.,-28,0.8881,35.2,-0.56,13.200000000000001,36.1,-0.14,-0.07
111859,5279359,60.94,-1.101667,2.,-28,0.9131,35.2,-0.56,13.200000000000001,36.1,-0.14,-0.07
111859,5279432,60.941445,-1.104577,2.8,-28,0.9291,35.2,-0.56,13.200000000000001,36.2,-0.14,-0.07
111859,5280345,60.944593,-1.126015,2.8,-30,0.798,35.2,-0.56,13.200000000000001,36.2,-0.13,-0.06
111859,5281454,60.948362,-1.154642,2.7,-31,0.9716,35.2,-0.56,13.200000000000001,36.1,-0.12,-0.05
111859,5282731,60.952565,-1.186368,2.7,-32,0.8755000000000001,35.2,-0.56,13.200000000000001,36.,-0.12,-0.04
111859,5285227,60.957332,-1.248605,2.5,-35,0.9324,35.2,-0.56,13.200000000000001,34.4,-0.1,-0.02
111859,5296819,60.985,-1.295,2.,-36,0.9682000000000001,35.2,-0.5700000000000001,13.200000000000001,34.9,-0.08,0.
111859,5302579,60.945,-1.173333,2.,-31,0.8299000000000001,35.2,-0.56,13.200000000000001,36.,-0.13,-0.05
111859,5303829,60.938757,-1.144092,2.9,-30,0.9143,35.2,-0.56,13.200000000000001,36.2,-0.14,-0.07
111859,5304749,60.93257,-1.122493,2.8,-29,1.0015,35.2,-0.56,13.200000000000001,36.300000000000004,-0.14,-0.08
111859,5305693,60.923752,-1.106918,2.8,-28,0.9209,35.2,-0.56,13.100000000000001,36.1,-0.15,-0.09
111859,5306661,60.917467,-1.08449,2.7,-26,0.8335,35.2,-0.56,13.100000000000001,35.300000000000004,-0.16,-0.1
111859,5307641,60.908112,-1.076065,2.3,-25,0.8735,35.2,-0.56,13.100000000000001,34.7,-0.17,-0.11
111859,5308340,60.9,-1.078333,2.,-25,0.8882,35.2,-0.56,13.100000000000001,34.5,-0.17,-0.11
111859,5308581,60.899032,-1.079635,2.2,-25,0.8833000000000001,35.2,-0.56,13.100000000000001,34.6,-0.17,-0.11
111859,5309545,60.890362,-1.08573,2.1,-24,0.8853000000000001,35.2,-0.56,13.100000000000001,34.6,-0.17,-0.12
111859,5310489,60.88191,-1.092275,2.1,-24,0.8862,35.2,-0.56,13.100000000000001,34.9,-0.18,-0.12
111859,5311446,60.878983,-1.092168,3.2,-24,0.8903000000000001,35.2,-0.56,13.,34.7,-0.18,-0.12
111859,5312394,60.848813,-1.070822,7.6,-21,1.1424,35.2,-0.56,12.9,29.6,-0.15,-0.12
111859,5313330,60.817368,-1.055073,7.4,-15,0.8749,35.2,-0.56,12.700000000000001,24.400000000000002,-0.1,-0.11
111859,5314101,60.79,-1.043333,7.,-10,0.8543000000000001,35.2,-0.56,12.600000000000001,21.1,-0.07,-0.09
111859,5314262,60.785643,-1.041607,7.5,-9,0.7438,35.2,-0.56,12.600000000000001,20.900000000000002,-0.07,-0.09
111859,5315171,60.754812,-1.02176,7.9,-4,0.7438,35.2,-0.56,12.600000000000001,20.6,-0.06,-0.09
111859,5316111,60.72839,-0.99765,3.7,-7,-99999,35.2,-0.56,12.5,20.6,-0.07,-0.09
111859,5316802,60.715,-0.991667,3.,-10,-99999,-99999.,-99999.,-99999.,-99999.,-99999.,-99999.
111859,5316983,60.711667,-0.99,4.,-11,-99999,-99999.,-99999.,-99999.,-99999.,-99999.,-99999.
111859,5317952,60.697417,-0.990682,6.8,-14,-99999,-99999.,-99999.,-99999.,-99999.,-99999.,-99999.
111859,5318952,60.698208,-0.995993,0.,-15,-99999,-99999.,-99999.,-99999.,-99999.,-99999.,-99999.
111859,5319921,60.698202,-0.996178,0.,-15,-99999,-99999.,-99999.,-99999.,-99999.,-99999.,-99999.
111859,5320862,60.698197,-0.996197,0.,-15,-99999,-99999.,-99999.,-99999.,-99999.,-99999.,-99999.
111859,5321811,60.69823,-0.996195,0.,-15,-99999,-99999.,-99999.,-99999.,-99999.,-99999.,-99999.
111859,5322562,60.696667,-0.995,0.,-15,-99999,-99999.,-99999.,-99999.,-99999.,-99999.,-99999.
111859,5322870,60.698197,-0.996203,0.,-15,-99999,-99999.,-99999.,-99999.,-99999.,-99999.,-99999.
111859,5323838,60.698203,-0.996183,0.,-15,-99999,-99999.,-99999.,-99999.,-99999.,-99999.,-99999.
111859,5324801,60.698208,-0.996187,0.,-15,-99999,-99999.,-99999.,-99999.,-99999.,-99999.,-99999.
111859,5325753,60.698208,-0.996173,0.,-15,-99999,-99999.,-99999.,-99999.,-99999.,-99999.,-99999.
111859,5326691,60.698198,-0.996195,0.,-15,-99999,-99999.,-99999.,-99999.,-99999.,-99999.,-99999.
111859,5327643,60.692288,-0.992447,5.5,-16,-99999,-99999.,-99999.,-99999.,-99999.,-99999.,-99999.
111859,5327725,60.690328,-0.992073,5.1,-16,-99999,-99999.,-99999.,-99999.,-99999.,-99999.,-99999.
111859,5327782,60.688333,-0.99,5.,-16,-99999,-99999.,-99999.,-99999.,-99999.,-99999.,-99999.
111859,5328580,60.66843,-0.991447,6.1,-22,-99999,-99999.,-99999.,-99999.,-99999.,-99999.,-99999.
111859,5329492,60.639778,-0.970382,7.2,-1,-99999,-99999.,-99999.,-99999.,-99999.,-99999.,-99999.
111859,5330400,60.613887,-0.957975,5.9,-1,-99999,-99999.,-99999.,-99999.,-99999.,-99999.,-99999.
111859,5331330,60.583298,-0.957775,7.7,-12,0.6717000000000001,-99999.,-99999.,-99999.,-99999.,-99999.,-99999.
111859,5332251,60.550298,-0.962053,7.7,-11,0.6862,35.2,-0.55,12.,46.7,-0.08,-0.05
111859,5333163,60.517928,-0.966707,7.8,-10,0.8572000000000001,35.2,-0.55,12.,45.900000000000006,-0.08,-0.05
111859,5334103,60.483825,-0.972958,8.1,-22,0.8035,35.2,-0.55,12.,44.7,-0.08,-0.05
111859,5335041,60.447935,-0.980793,8.4,-23,0.7829,35.2,-0.54,12.100000000000001,41.800000000000004,-0.04,-0.05
111859,5335962,60.41271,-0.992967,8.4,-17,0.8273,35.2,-0.54,12.100000000000001,39.2,-0.01,-0.06
111859,5336910,60.37805,-1.003068,8.2,-1,0.8296,35.2,-0.54,12.100000000000001,38.300000000000004,0.,-0.06
111859,5337823,60.34961,-1.029757,7.6,-7,1.0050000000000001,35.2,-0.54,12.100000000000001,36.800000000000004,0.,-0.06
111859,5338779,60.356045,-1.027005,8.2,-7,1.0150000000000001,35.2,-0.54,12.100000000000001,36.9,0.,-0.06
111859,5339703,60.382127,-0.988382,8.,-18,0.8091,35.2,-0.54,12.100000000000001,39.2,0.,-0.06
111859,5340662,60.39644,-0.918472,8.9,-1,0.7652,35.2,-0.54,12.100000000000001,32.5,0.,-0.05
111859,5341571,60.40593,-0.848067,8.,-7,0.8533000000000001,35.1,-0.54,12.100000000000001,25.,-0.01,-0.04
111859,5342481,60.422608,-0.798903,7.6,-24,0.9001,35.1,-0.54,12.600000000000001,28.400000000000002,-0.11,-0.04
111859,5343403,60.435417,-0.74422,8.4,-26,1.2506000000000002,35.1,-0.54,12.8,29.900000000000002,-0.09,-0.1
111859,5344350,60.42231,-0.75131,0.,-24,0.9878,35.1,-0.54,12.8,30.200000000000003,-0.07,-0.1
111859,5345310,60.422323,-0.7513,0.,-24,0.9877,35.1,-0.54,12.8,30.200000000000003,-0.07,-0.1
111859,5346402,60.422308,-0.75126,0.,-24,0.9876,35.1,-0.54,12.8,30.200000000000003,-0.07,-0.1
111859,5347342,60.422312,-0.751317,0.,-24,0.9879,35.1,-0.54,12.8,30.200000000000003,-0.07,-0.1
111859,5348284,60.422305,-0.751322,0.,-24,0.9879,35.1,-0.54,12.8,30.200000000000003,-0.07,-0.1
111859,5349221,60.422315,-0.751318,0.,-24,0.9879,35.1,-0.54,12.8,30.200000000000003,-0.07,-0.1
111859,5349563,60.421667,-0.75,0.,-26,1.3303,35.1,-0.54,12.8,30.200000000000003,-0.07,-0.11
111859,5350171,60.422302,-0.751312,0.,-24,0.9879,35.1,-0.54,12.8,30.200000000000003,-0.08,-0.1
111859,5351120,60.422305,-0.751307,0.,-24,0.9878,35.1,-0.54,12.8,30.200000000000003,-0.08,-0.1
111859,5352072,60.422295,-0.751332,0.,-24,0.9880000000000001,35.1,-0.54,12.8,30.200000000000003,-0.08,-0.1
111859,5353002,60.422297,-0.751333,0.,-24,0.9880000000000001,35.1,-0.54,12.8,30.200000000000003,-0.08,-0.1
111859,5353932,60.422298,-0.751312,0.,-24,0.9879,35.1,-0.54,12.8,30.200000000000003,-0.08,-0.11
111859,5354872,60.422302,-0.751335,0.,-24,0.9880000000000001,35.1,-0.54,12.8,30.200000000000003,-0.08,-0.11
111859,5354963,60.421667,-0.75,0.,-26,1.3303,35.1,-0.54,12.8,30.3,-0.07,-0.11
111859,5355812,60.422323,-0.751307,0.,-24,0.9878,35.1,-0.54,12.8,30.200000000000003,-0.08,-0.11
111859,5356040,60.421667,-0.75,0.,-26,1.3303,35.1,-0.54,12.8,30.3,-0.07,-0.11
111859,5356221,60.421667,-0.75,0.,-26,1.3303,35.1,-0.54,12.8,30.3,-0.07,-0.11
111859,5356764,60.422308,-0.751315,0.,-24,0.7793,35.1,-0.54,12.8,30.200000000000003,-0.08,-0.11
111859,5357692,60.422307,-0.751342,0.,-24,0.7794000000000001,35.1,-0.54,12.8,30.200000000000003,-0.08,-0.11
111859,5358613,60.422307,-0.751312,0.,-24,0.7792,35.1,-0.54,12.8,30.200000000000003,-0.08,-0.11
111859,5359561,60.422297,-0.751318,0.,-24,0.7793,35.1,-0.54,12.8,30.3,-0.08,-0.11
111859,5360363,60.421667,-0.75,0.,-26,0.7386,35.1,-0.54,12.8,30.3,-0.08,-0.11
111859,5360511,60.422305,-0.75131,0.,-24,0.7792,35.1,-0.54,12.8,30.3,-0.08,-0.11
111859,5361475,60.422288,-0.75132,0.,-24,0.7793,35.1,-0.54,12.8,30.3,-0.08,-0.11
111859,5361801,60.421667,-0.75,0.,-26,0.7386,35.1,-0.54,12.8,30.3,-0.08,-0.11
111859,5362160,60.421667,-0.75,0.,-26,0.7386,35.1,-0.54,12.8,30.3,-0.08,-0.11
111859,5362401,60.42229,-0.751315,0.,-24,0.7793,35.1,-0.54,12.8,30.3,-0.08,-0.11
111859,5363361,60.422295,-0.751313,0.,-24,0.7793,35.1,-0.54,12.8,30.3,-0.08,-0.11
111859,5364323,60.422292,-0.75134,0.,-24,0.7794000000000001,35.1,-0.54,12.8,30.3,-0.08,-0.11
111859,5365271,60.422328,-0.751335,0.,-24,0.7793,35.1,-0.54,12.8,30.3,-0.08,-0.11
111859,5366199,60.422288,-0.751333,0.,-24,0.7794000000000001,35.1,-0.54,12.8,30.3,-0.08,-0.11
111859,5367152,60.422292,-0.751325,0.,-24,0.7793,35.1,-0.54,12.8,30.3,-0.08,-0.11
111859,5367740,60.421667,-0.75,0.,-26,0.7386,35.1,-0.54,12.8,30.3,-0.08,-0.11
111859,5368092,60.422298,-0.751325,0.,-24,0.7793,35.1,-0.54,12.8,30.3,-0.08,-0.11
111859,5369040,60.422293,-0.751333,0.,-24,0.7794000000000001,35.1,-0.54,12.8,30.3,-0.08,-0.11
111859,5370033,60.422298,-0.751332,0.,-24,0.7793,35.1,-0.54,12.8,30.3,-0.08,-0.11
111859,5370973,60.422292,-0.751325,0.,-24,0.7793,35.1,-0.54,12.8,30.3,-0.08,-0.11
111859,5371903,60.42231,-0.751332,0.,-24,0.7793,35.1,-0.54,12.8,30.3,-0.08,-0.11
111859,5372859,60.422305,-0.751345,0.,-24,0.7794000000000001,35.1,-0.54,12.8,30.3,-0.08,-0.11
111859,5373502,60.421667,-0.75,0.,-26,0.7386,35.1,-0.54,12.8,30.400000000000002,-0.08,-0.11
111859,5373812,60.422297,-0.751335,0.,-24,0.7794000000000001,35.1,-0.54,12.8,30.3,-0.08,-0.11
111859,5374773,60.422287,-0.751328,0.,-24,0.7793,35.1,-0.54,12.8,30.3,-0.08,-0.11
111859,5375732,60.422295,-0.75132,0.,-24,0.7793,35.1,-0.54,12.8,30.3,-0.08,-0.11
111859,5376671,60.422287,-0.75136,0.,-24,0.7795000000000001,35.1,-0.54,12.8,30.3,-0.08,-0.11
111859,5377623,60.42228,-0.751352,0.,-24,0.7795000000000001,35.1,-0.54,12.8,30.3,-0.08,-0.11
111859,5378560,60.422305,-0.751328,0.,-24,0.7793,35.1,-0.54,12.8,30.400000000000002,-0.08,-0.11
111859,5379488,60.422285,-0.751335,0.,-24,0.7794000000000001,35.1,-0.54,12.8,30.400000000000002,-0.08,-0.11
111859,5380432,60.4223,-0.751355,0.,-24,0.7794000000000001,35.1,-0.54,12.8,30.400000000000002,-0.08,-0.11
111859,5381431,60.4223,-0.751343,0.,-24,0.7794000000000001,35.1,-0.54,12.8,30.400000000000002,-0.08,-0.11
111859,5382382,60.422297,-0.751367,0.,-24,0.7795000000000001,35.1,-0.54,12.8,30.400000000000002,-0.08,-0.11
111859,5383302,60.4223,-0.75136,0.,-24,0.7795000000000001,35.1,-0.54,12.8,30.400000000000002,-0.08,-0.11
111859,5384262,60.422292,-0.751362,0.,-24,0.7795000000000001,35.1,-0.54,12.8,30.400000000000002,-0.08,-0.11
111859,5385219,60.422297,-0.751338,0.,-24,0.7794000000000001,35.1,-0.54,12.8,30.400000000000002,-0.08,-0.11
111859,5386172,60.422305,-0.751322,0.,-24,0.7793,35.1,-0.54,12.8,30.400000000000002,-0.08,-0.11
111859,5387133,60.422292,-0.75133,0.,-24,0.7793,35.1,-0.54,12.8,30.400000000000002,-0.08,-0.11
111859,5388082,60.4223,-0.751338,0.,-24,0.7794000000000001,35.1,-0.54,12.8,30.400000000000002,-0.08,-0.11
111859,5389033,60.422288,-0.751352,0.,-24,0.7794000000000001,35.1,-0.54,12.8,30.400000000000002,-0.08,-0.11
111859,5389970,60.422292,-0.751328,0.,-24,0.7793,35.1,-0.54,12.8,30.400000000000002,-0.08,-0.11
111859,5390921,60.422285,-0.751328,0.,-24,0.7793,35.1,-0.54,12.8,30.400000000000002,-0.08,-0.11
111859,5390987,60.422297,-0.751325,0.,-24,0.7793,35.1,-0.54,12.8,30.400000000000002,-0.08,-0.11
111859,5391882,60.422293,-0.751322,0.,-24,0.7793,35.1,-0.54,12.8,30.400000000000002,-0.08,-0.11
111859,5392829,60.422292,-0.75132,0.,-24,0.7793,35.1,-0.54,12.8,30.400000000000002,-0.08,-0.11
111859,5393812,60.422295,-0.751328,0.,-24,0.7793,35.1,-0.54,12.8,30.400000000000002,-0.08,-0.11
111859,5395691,60.4223,-0.751318,0.,-24,0.7793,35.1,-0.54,12.8,30.400000000000002,-0.08,-0.11
111859,5396180,60.421667,-0.75,0.,-26,0.7386,35.1,-0.54,12.8,30.5,-0.08,-0.11
111859,5396541,60.421667,-0.75,0.,-26,0.7386,35.1,-0.54,12.8,30.5,-0.08,-0.11
111859,5396640,60.422317,-0.751307,0.,-24,0.7792,35.1,-0.54,12.8,30.400000000000002,-0.08,-0.11
111859,5397599,60.422323,-0.75127,0.,-24,0.779,35.1,-0.54,12.8,30.400000000000002,-0.08,-0.11
111859,5398520,60.422308,-0.75127,0.,-24,0.779,35.1,-0.54,12.8,30.5,-0.08,-0.11
111859,5399452,60.422325,-0.751278,0.,-24,0.7791,35.1,-0.54,12.8,30.5,-0.08,-0.11
111859,5400393,60.422302,-0.751313,0.,-24,0.7793,35.1,-0.54,12.8,30.5,-0.08,-0.11
111859,5401330,60.42228,-0.751448,0.,-24,0.7799,35.1,-0.54,12.8,30.5,-0.08,-0.11
111859,5403220,60.422295,-0.751342,0.,-24,0.7794000000000001,35.1,-0.54,12.8,30.5,-0.08,-0.11
111859,5404180,60.422293,-0.751338,0.,-24,0.7794000000000001,35.1,-0.54,12.8,30.5,-0.08,-0.11
111859,5405221,60.42229,-0.751338,0.,-24,0.7794000000000001,35.1,-0.54,12.8,30.5,-0.08,-0.11
111859,5405724,60.421667,-0.75,0.,-26,0.7386,35.1,-0.54,12.8,30.5,-0.08,-0.12
111859,5405904,60.421667,-0.75,0.,-26,0.7386,35.1,-0.54,12.8,30.5,-0.08,-0.12
111859,5406172,60.42228,-0.751343,0.,-24,0.7794000000000001,35.1,-0.54,12.8,30.5,-0.08,-0.11
111859,5407113,60.422282,-0.751327,0.,-24,0.7793,35.1,-0.54,12.8,30.5,-0.08,-0.12
111859,5408050,60.422277,-0.751302,0.,-24,0.7792,35.1,-0.54,12.8,30.5,-0.08,-0.12
111859,5408980,60.422295,-0.751327,0.,-24,0.7793,35.1,-0.53,12.8,30.5,-0.08,-0.12
111859,5409931,60.422277,-0.751303,0.,-24,0.7792,35.1,-0.53,12.8,30.5,-0.09,-0.12
111859,5410861,60.422288,-0.751333,0.,-24,0.7794000000000001,35.1,-0.53,12.8,30.5,-0.09,-0.12
111859,5411125,60.421667,-0.75,0.,-26,0.7386,35.1,-0.53,12.8,30.6,-0.08,-0.12
111859,5411789,60.422293,-0.75133,0.,-24,0.7793,35.1,-0.53,12.8,30.5,-0.09,-0.12
111859,5412754,60.422297,-0.751347,0.,-24,0.7794000000000001,35.1,-0.53,12.8,30.5,-0.09,-0.12
111859,5413699,60.422303,-0.751363,0.,-24,0.7795000000000001,35.1,-0.53,12.8,30.5,-0.09,-0.12
111859,5414652,60.422298,-0.751365,0.,-24,0.7795000000000001,35.1,-0.53,12.8,30.5,-0.09,-0.12
111859,5415581,60.422288,-0.751343,0.,-24,0.7794000000000001,35.1,-0.53,12.8,30.5,-0.09,-0.12
111859,5416541,60.422292,-0.751342,0.,-24,0.7794000000000001,35.1,-0.53,12.8,30.5,-0.09,-0.12
111859,5417450,60.422292,-0.751332,0.,-24,0.7793,35.1,-0.53,12.8,30.6,-0.09,-0.12
111859,5418401,60.422303,-0.751342,0.,-24,0.7794000000000001,35.1,-0.53,12.8,30.6,-0.09,-0.12
111859,5419350,60.422307,-0.751335,0.,-24,0.7793,35.1,-0.53,12.8,30.6,-0.09,-0.12
111859,5420290,60.422295,-0.751347,0.,-24,0.7794000000000001,35.1,-0.53,12.8,30.6,-0.09,-0.12
111859,5421232,60.422295,-0.7513,0.,-24,0.7792,35.1,-0.53,12.8,30.6,-0.09,-0.12
111859,5422181,60.422293,-0.751327,0.,-24,0.7793,35.1,-0.53,12.8,30.6,-0.09,-0.12
111859,5423152,60.422307,-0.751318,0.,-24,0.7793,35.1,-0.53,12.8,30.6,-0.09,-0.12
111859,5424090,60.422302,-0.751328,0.,-24,0.7793,35.1,-0.53,12.8,30.6,-0.09,-0.12
111859,5425034,60.4223,-0.751332,0.,-24,0.7793,35.1,-0.53,12.8,30.6,-0.09,-0.12
111859,5425970,60.422288,-0.751323,0.,-24,0.7793,35.1,-0.53,12.700000000000001,30.6,-0.09,-0.12
111859,5426922,60.422292,-0.751317,0.,-24,0.7793,35.1,-0.53,12.700000000000001,30.6,-0.09,-0.12
111859,5427859,60.422303,-0.751337,0.,-24,0.7794000000000001,35.1,-0.53,12.700000000000001,30.6,-0.09,-0.12
111859,5428843,60.422298,-0.751322,0.,-24,0.7793,35.1,-0.53,12.700000000000001,30.6,-0.09,-0.12
111859,5429763,60.422298,-0.751318,0.,-24,0.7793,35.1,-0.53,12.700000000000001,30.6,-0.09,-0.12
111859,5430703,60.422298,-0.751317,0.,-24,0.7793,35.1,-0.53,12.700000000000001,30.6,-0.09,-0.12
111859,5431631,60.422305,-0.751307,0.,-24,0.7792,35.1,-0.53,12.700000000000001,30.6,-0.09,-0.12
111859,5432572,60.422298,-0.7513,0.,-24,0.7792,35.1,-0.53,12.700000000000001,30.6,-0.09,-0.12
111859,5432725,60.421667,-0.75,0.,-26,0.7386,35.1,-0.53,12.8,30.700000000000003,-0.09,-0.12
111859,5433513,60.422302,-0.751328,0.,-24,0.7793,35.1,-0.53,12.700000000000001,30.6,-0.09,-0.12
111859,5434461,60.42231,-0.751335,0.,-24,0.7793,35.1,-0.53,12.700000000000001,30.6,-0.09,-0.12
111859,5435422,60.422312,-0.751333,0.,-24,0.7793,35.1,-0.53,12.700000000000001,30.6,-0.09,-0.12
111859,5436342,60.422303,-0.751332,0.,-24,0.7793,35.1,-0.53,12.700000000000001,30.6,-0.09,-0.12
111859,5437269,60.422315,-0.751312,0.,-24,0.7792,35.1,-0.53,12.700000000000001,30.700000000000003,-0.09,-0.12
111859,5438211,60.42231,-0.751313,0.,-24,0.7792,35.1,-0.53,12.700000000000001,30.700000000000003,-0.09,-0.12
111859,5439149,60.422283,-0.7513,0.,-24,0.7792,35.1,-0.53,12.700000000000001,30.700000000000003,-0.09,-0.12
111859,5440101,60.422302,-0.751305,0.,-24,0.7792,35.1,-0.53,12.700000000000001,30.700000000000003,-0.09,-0.12
111859,5441091,60.42231,-0.751285,0.,-24,0.7791,35.1,-0.53,12.700000000000001,30.700000000000003,-0.09,-0.12
111859,5442012,60.422322,-0.751315,0.,-24,0.7792,35.1,-0.53,12.700000000000001,30.700000000000003,-0.09,-0.12
111859,5442951,60.422302,-0.751323,0.,-24,0.7793,35.1,-0.53,12.700000000000001,30.700000000000003,-0.09,-0.12
111859,5443705,60.421667,-0.75,0.,-26,0.7386,35.1,-0.53,12.700000000000001,30.700000000000003,-0.09,-0.12
111859,5443886,60.421667,-0.75,0.,-26,0.7386,35.1,-0.53,12.700000000000001,30.700000000000003,-0.09,-0.12
111859,5443891,60.422307,-0.75134,0.,-24,0.7794000000000001,35.1,-0.53,12.700000000000001,30.700000000000003,-0.09,-0.12
111859,5444602,60.421667,-0.75,0.,-26,0.7386,35.1,-0.53,12.700000000000001,30.700000000000003,-0.09,-0.12
111859,5444823,60.422307,-0.751322,0.,-24,0.7793,35.1,-0.53,12.700000000000001,30.700000000000003,-0.09,-0.12
111859,5445751,60.422293,-0.75132,0.,-24,0.7793,35.1,-0.53,12.700000000000001,30.700000000000003,-0.09,-0.12
111859,5446682,60.422307,-0.751275,0.,-24,0.7791,35.1,-0.53,12.700000000000001,30.700000000000003,-0.09,-0.12
111859,5447652,60.422293,-0.751303,0.,-24,0.7792,35.1,-0.53,12.700000000000001,30.700000000000003,-0.09,-0.12
111859,5448592,60.422287,-0.751323,0.,-24,0.7793,35.1,-0.53,12.700000000000001,30.700000000000003,-0.09,-0.12
111859,5449105,60.421667,-0.75,0.,-26,0.7386,35.1,-0.53,12.700000000000001,30.700000000000003,-0.09,-0.12
111859,5449106,60.421667,-0.75,0.,-26,0.7386,35.1,-0.53,12.700000000000001,30.700000000000003,-0.09,-0.12
111859,5449285,60.421667,-0.75,0.,-26,0.7386,35.1,-0.53,12.700000000000001,30.700000000000003,-0.09,-0.12
111859,5449533,60.422305,-0.75133,0.,-24,0.7793,35.1,-0.53,12.700000000000001,30.700000000000003,-0.09,-0.12
111859,5450461,60.422297,-0.751333,0.,-24,0.7793,35.1,-0.53,12.700000000000001,30.6,-0.09,-0.12
111859,5450542,60.421667,-0.75,0.,-26,0.7386,35.1,-0.53,12.700000000000001,30.700000000000003,-0.09,-0.12
111859,5451401,60.422317,-0.751312,0.,-24,0.7792,35.1,-0.53,12.700000000000001,30.6,-0.09,-0.12
111859,5452370,60.422288,-0.751338,0.,-24,0.7794000000000001,35.1,-0.53,12.700000000000001,30.6,-0.09,-0.12
111859,5453303,60.42229,-0.75133,0.,-24,0.7793,35.1,-0.53,12.700000000000001,30.6,-0.09,-0.12
111859,5454240,60.422303,-0.751332,0.,-24,0.7793,35.1,-0.53,12.700000000000001,30.6,-0.09,-0.12
111859,5455180,60.422298,-0.751332,0.,-24,0.7793,35.1,-0.53,12.700000000000001,30.6,-0.09,-0.12
111859,5456110,60.422305,-0.751328,0.,-24,0.7793,35.1,-0.53,12.700000000000001,30.6,-0.09,-0.12
111859,5457050,60.4223,-0.751332,0.,-24,0.7793,35.1,-0.53,12.700000000000001,30.6,-0.09,-0.12
111859,5457990,60.422305,-0.75133,0.,-24,0.7793,35.1,-0.53,12.700000000000001,30.6,-0.09,-0.12
111859,5458931,60.422305,-0.751345,0.,-24,0.7794000000000001,35.1,-0.53,12.700000000000001,30.6,-0.09,-0.12
111859,5459872,60.422302,-0.751343,0.,-24,0.7794000000000001,35.1,-0.53,12.700000000000001,30.6,-0.09,-0.12
111859,5460813,60.422285,-0.751353,0.,-24,0.7795000000000001,35.1,-0.53,12.700000000000001,30.6,-0.09,-0.12
111859,5461750,60.422295,-0.751352,0.,-24,0.7794000000000001,35.1,-0.53,12.700000000000001,30.6,-0.09,-0.12
111859,5462692,60.422305,-0.751328,0.,-24,0.7793,35.1,-0.53,12.700000000000001,30.6,-0.09,-0.12
111859,5463632,60.422305,-0.751313,0.,-24,0.7792,35.1,-0.53,12.700000000000001,30.6,-0.09,-0.12
111859,5464611,60.422293,-0.751358,0.,-24,0.7795000000000001,35.1,-0.53,12.700000000000001,30.6,-0.09,-0.12
111859,5465564,60.422298,-0.751345,0.,-24,0.7794000000000001,35.1,-0.53,12.700000000000001,30.6,-0.09,-0.12
111859,5466513,60.4223,-0.751342,0.,-24,0.7794000000000001,35.1,-0.53,12.700000000000001,30.6,-0.09,-0.12
111859,5467450,60.422302,-0.751345,0.,-24,0.7794000000000001,35.1,-0.53,12.700000000000001,30.6,-0.09,-0.12
111859,5468394,60.422302,-0.751343,0.,-24,0.7794000000000001,35.1,-0.53,12.700000000000001,30.6,-0.09,-0.12
111859,5469350,60.422302,-0.751345,0.,-24,0.7794000000000001,35.1,-0.53,12.700000000000001,30.6,-0.09,-0.12
111859,5470282,60.422315,-0.751362,0.,-24,0.7795000000000001,35.1,-0.53,12.700000000000001,30.6,-0.09,-0.12
111859,5471212,60.422292,-0.751337,0.,-24,0.7794000000000001,35.1,-0.53,12.700000000000001,30.6,-0.09,-0.12
111859,5472113,60.422292,-0.751335,0.,-24,0.7794000000000001,35.1,-0.53,12.700000000000001,30.5,-0.09,-0.12
111859,5473052,60.422298,-0.751352,0.,-24,0.7794000000000001,35.1,-0.53,12.700000000000001,30.5,-0.09,-0.12
111859,5473994,60.42228,-0.751352,0.,-24,0.7795000000000001,35.1,-0.53,12.700000000000001,30.5,-0.09,-0.12
111859,5474950,60.422288,-0.751323,0.,-24,0.7793,35.1,-0.53,12.700000000000001,30.5,-0.09,-0.12
111859,5475911,60.422282,-0.75134,0.,-24,0.7794000000000001,35.1,-0.53,12.700000000000001,30.5,-0.09,-0.11
111859,5476852,60.422292,-0.751327,0.,-24,0.7793,35.1,-0.53,12.700000000000001,30.5,-0.09,-0.11
111859,5477811,60.422292,-0.75133,0.,-24,0.7793,35.1,-0.53,12.700000000000001,30.5,-0.09,-0.11
111859,5478770,60.42229,-0.751333,0.,-24,0.7794000000000001,35.1,-0.53,12.700000000000001,30.5,-0.09,-0.11
111859,5479163,60.421667,-0.75,0.,-26,0.7386,35.1,-0.53,12.700000000000001,30.6,-0.08,-0.12
111859,5479710,60.422288,-0.75132,0.,-24,0.7793,35.1,-0.53,12.700000000000001,30.5,-0.09,-0.11
111859,5480650,60.422287,-0.751322,0.,-24,0.7793,35.1,-0.53,12.700000000000001,30.5,-0.09,-0.11
111859,5481602,60.422293,-0.751312,0.,-24,0.7793,35.1,-0.53,12.700000000000001,30.5,-0.09,-0.11
111859,5482552,60.422313,-0.75133,0.,-24,0.7793,35.1,-0.53,12.700000000000001,30.5,-0.09,-0.11
111859,5483510,60.4223,-0.751302,0.,-24,0.7792,35.1,-0.53,12.700000000000001,30.5,-0.09,-0.11
111859,5485104,60.421667,-0.75,0.,-26,0.7386,35.1,-0.53,12.700000000000001,30.5,-0.08,-0.11
111859,5485400,60.422307,-0.751328,0.,-24,0.7793,35.1,-0.53,12.700000000000001,30.5,-0.09,-0.11
111859,5486352,60.422313,-0.751303,0.,-24,0.7792,35.1,-0.53,12.700000000000001,30.5,-0.08,-0.11
111859,5487272,60.422292,-0.751342,0.,-24,0.7794000000000001,35.1,-0.53,12.700000000000001,30.5,-0.08,-0.11
111859,5488270,60.422298,-0.75134,0.,-24,0.7794000000000001,35.1,-0.53,12.700000000000001,30.5,-0.08,-0.11
111859,5489221,60.422293,-0.751337,0.,-24,0.7794000000000001,35.1,-0.53,12.700000000000001,30.5,-0.08,-0.11
111859,5490173,60.422283,-0.751325,0.,-24,0.7793,35.1,-0.53,12.700000000000001,30.5,-0.08,-0.11
111859,5491133,60.422287,-0.751345,0.,-24,0.7794000000000001,35.1,-0.53,12.700000000000001,30.5,-0.08,-0.11
111859,5492081,60.422277,-0.751328,0.,-24,0.7793,35.1,-0.53,12.700000000000001,30.5,-0.08,-0.11
111859,5493001,60.42227,-0.751327,0.,-24,0.7794000000000001,35.1,-0.53,12.700000000000001,30.5,-0.08,-0.11
111859,5493938,60.422308,-0.751327,0.,-24,0.7793,35.1,-0.53,12.700000000000001,30.5,-0.08,-0.11
111859,5494841,60.422295,-0.751293,0.,-24,0.7792,35.1,-0.53,12.700000000000001,30.400000000000002,-0.08,-0.11
111859,5495769,60.42229,-0.751315,0.,-24,0.7793,35.1,-0.53,12.700000000000001,30.400000000000002,-0.08,-0.11
111859,5496714,60.422292,-0.751318,0.,-24,0.7793,35.1,-0.53,12.700000000000001,30.400000000000002,-0.08,-0.11
111859,5497670,60.422287,-0.751308,0.,-24,0.7792,35.1,-0.53,12.700000000000001,30.400000000000002,-0.08,-0.11
111859,5498599,60.422292,-0.751312,0.,-24,0.7793,35.1,-0.53,12.700000000000001,30.400000000000002,-0.08,-0.11
111859,5499552,60.422297,-0.751332,0.,-24,0.7793,35.1,-0.53,12.700000000000001,30.400000000000002,-0.08,-0.11
111859,5500046,60.421667,-0.75,0.,-26,0.7386,35.1,-0.53,12.700000000000001,30.5,-0.08,-0.11
111859,5500512,60.422303,-0.751322,0.,-24,0.7793,35.1,-0.53,12.700000000000001,30.400000000000002,-0.08,-0.11
111859,5501460,60.422278,-0.751315,0.,-24,0.7793,35.1,-0.53,12.700000000000001,30.400000000000002,-0.08,-0.11
111859,5502387,60.422285,-0.751315,0.,-24,0.7793,35.1,-0.53,12.700000000000001,30.400000000000002,-0.08,-0.11
111859,5503323,60.422285,-0.751315,0.,-24,0.7793,35.1,-0.53,12.700000000000001,30.400000000000002,-0.08,-0.11
111859,5504334,60.422273,-0.751345,0.,-24,0.7794000000000001,35.1,-0.53,12.700000000000001,30.400000000000002,-0.08,-0.11
111859,5505316,60.422287,-0.75132,0.,-24,0.7793,35.1,-0.53,12.700000000000001,30.400000000000002,-0.08,-0.11
111859,5506268,60.422283,-0.751327,0.,-24,0.7793,35.1,-0.53,12.700000000000001,30.400000000000002,-0.08,-0.11
111859,5507196,60.4223,-0.75132,0.,-24,0.7793,35.1,-0.53,12.700000000000001,30.400000000000002,-0.08,-0.11
111859,5508229,60.422292,-0.751325,0.,-24,0.7793,35.1,-0.53,12.700000000000001,30.400000000000002,-0.08,-0.11
111859,5509271,60.422307,-0.751307,0.,-24,0.7792,35.1,-0.53,12.700000000000001,30.400000000000002,-0.08,-0.11
111859,5510184,60.422312,-0.751273,0.,-24,0.7791,35.1,-0.53,12.700000000000001,30.400000000000002,-0.08,-0.11
111859,5511113,60.422303,-0.751343,0.,-24,0.7794000000000001,35.1,-0.53,12.700000000000001,30.400000000000002,-0.08,-0.11
111859,5512097,60.4223,-0.75134,0.,-24,0.7794000000000001,35.1,-0.53,12.700000000000001,30.400000000000002,-0.08,-0.11
111859,5513057,60.422307,-0.751337,0.,-24,0.7794000000000001,35.1,-0.53,12.700000000000001,30.400000000000002,-0.08,-0.11
111859,5513961,60.422305,-0.75135,0.,-24,0.7794000000000001,35.1,-0.53,12.700000000000001,30.400000000000002,-0.08,-0.11
111859,5578662,60.422287,-0.751333,0.,-24,0.7794000000000001,35.1,-0.52,12.700000000000001,30.1,-0.07,-0.09
111859,5579614,60.422278,-0.751335,0.,-24,0.7794000000000001,35.1,-0.52,12.700000000000001,30.1,-0.07,-0.09
111859,5580562,60.42229,-0.751312,0.,-24,0.7793,35.1,-0.52,12.700000000000001,30.1,-0.07,-0.09
111859,5581646,60.422292,-0.751283,0.,-24,0.7791,35.1,-0.52,12.700000000000001,30.1,-0.07,-0.09
111859,5582596,60.422283,-0.751317,0.,-24,0.7793,35.1,-0.52,12.700000000000001,30.1,-0.07,-0.09
111859,5583544,60.422288,-0.751313,0.,-24,0.7793,35.1,-0.52,12.700000000000001,30.,-0.07,-0.09
111859,5584484,60.422297,-0.751292,0.,-24,0.7792,35.1,-0.52,12.700000000000001,30.,-0.07,-0.09
111859,5585416,60.422308,-0.751285,0.,-24,0.7791,35.1,-0.52,12.700000000000001,30.,-0.07,-0.09
111859,5586346,60.422297,-0.751327,0.,-24,0.7793,35.1,-0.52,12.700000000000001,30.,-0.07,-0.09
111859,5587286,60.422282,-0.751325,0.,-24,0.7793,35.1,-0.52,12.700000000000001,30.,-0.07,-0.09
111859,5588226,60.422285,-0.75132,0.,-24,0.7793,35.1,-0.52,12.700000000000001,30.,-0.07,-0.09
111859,5589174,60.422283,-0.751337,0.,-24,0.7794000000000001,35.1,-0.52,12.700000000000001,30.,-0.07,-0.09
111859,5590132,60.422287,-0.751337,0.,-24,0.7794000000000001,35.1,-0.52,12.700000000000001,30.,-0.07,-0.09
111859,5591073,60.42231,-0.751308,0.,-24,0.7792,35.1,-0.52,12.700000000000001,30.,-0.07,-0.09
111859,5592029,60.422293,-0.75133,0.,-24,0.7793,35.1,-0.52,12.700000000000001,30.,-0.07,-0.09
111859,5592977,60.422302,-0.751337,0.,-24,0.7794000000000001,35.1,-0.52,12.700000000000001,30.,-0.07,-0.09
111859,5593993,60.422292,-0.751303,0.,-24,0.7792,35.1,-0.52,12.700000000000001,30.,-0.07,-0.09
111859,5594957,60.422302,-0.75131,0.,-24,0.7792,35.1,-0.52,12.700000000000001,30.,-0.07,-0.09
111859,5595889,60.422308,-0.751317,0.,-24,0.7793,35.1,-0.52,12.700000000000001,30.,-0.07,-0.09
111859,5596802,60.422307,-0.75136,0.,-24,0.7795000000000001,35.1,-0.52,12.700000000000001,30.,-0.07,-0.09
111859,5597762,60.422295,-0.75136,0.,-24,0.7795000000000001,35.1,-0.52,12.700000000000001,30.,-0.07,-0.09
111859,5598693,60.422298,-0.751358,0.,-24,0.7795000000000001,35.1,-0.52,12.700000000000001,30.,-0.07,-0.09
111859,5599605,60.422297,-0.751368,0.,-24,0.7795000000000001,35.1,-0.52,12.700000000000001,30.,-0.07,-0.09
111859,5600557,60.422295,-0.751338,0.,-24,0.7794000000000001,35.1,-0.52,12.700000000000001,30.,-0.07,-0.09
111859,5601566,60.42231,-0.751305,0.,-24,0.7792,35.1,-0.52,12.700000000000001,30.,-0.07,-0.09
111859,5602494,60.42229,-0.75132,0.,-24,0.7793,35.1,-0.52,12.700000000000001,30.,-0.07,-0.09
111859,5603443,60.42231,-0.751313,0.,-24,0.7792,35.1,-0.52,12.700000000000001,30.,-0.07,-0.09
111859,5604363,60.4223,-0.751335,0.,-24,0.7794000000000001,35.1,-0.52,12.700000000000001,30.,-0.07,-0.09
111859,5605275,60.422308,-0.751327,0.,-24,0.7793,35.1,-0.52,12.700000000000001,30.,-0.07,-0.09
111859,5606188,60.422323,-0.75133,0.,-24,0.7793,35.1,-0.52,12.700000000000001,29.900000000000002,-0.07,-0.09
111859,5607163,60.42231,-0.751337,0.,-24,0.7794000000000001,35.1,-0.52,12.700000000000001,29.900000000000002,-0.07,-0.09
111859,5608172,60.422305,-0.751338,0.,-24,0.7794000000000001,35.1,-0.52,12.700000000000001,29.900000000000002,-0.07,-0.09
111859,5609085,60.422305,-0.751333,0.,-24,0.7793,35.1,-0.52,12.700000000000001,29.900000000000002,-0.07,-0.09
111859,5610006,60.422298,-0.75133,0.,-24,0.7793,35.1,-0.52,12.700000000000001,29.900000000000002,-0.07,-0.09
111859,5610935,60.422295,-0.751328,0.,-24,0.7793,35.1,-0.52,12.700000000000001,29.900000000000002,-0.07,-0.09
111859,5611865,60.422312,-0.751328,0.,-24,0.7793,35.1,-0.52,12.700000000000001,29.900000000000002,-0.07,-0.09
111859,5612821,60.422293,-0.75132,0.,-24,0.7793,35.1,-0.52,12.700000000000001,29.900000000000002,-0.07,-0.09
111859,5613728,60.42231,-0.751337,0.,-24,0.7794000000000001,35.1,-0.52,12.700000000000001,29.900000000000002,-0.07,-0.09
111859,5614647,60.422312,-0.75132,0.,-24,0.7793,35.1,-0.52,12.700000000000001,29.900000000000002,-0.07,-0.09
111859,5615671,60.422297,-0.751328,0.,-24,0.7793,35.1,-0.52,12.700000000000001,29.900000000000002,-0.07,-0.09
111859,5615796,60.421667,-0.75,0.,-26,0.7386,35.1,-0.52,12.700000000000001,29.900000000000002,-0.07,-0.09
111859,5615978,60.421667,-0.75,0.,-26,0.7386,35.1,-0.52,12.700000000000001,29.900000000000002,-0.07,-0.09
111859,5616616,60.422298,-0.751323,0.,-24,0.7793,35.1,-0.52,12.700000000000001,29.900000000000002,-0.07,-0.09
111859,5617624,60.422292,-0.751337,0.,-24,0.7794000000000001,35.1,-0.52,12.700000000000001,29.900000000000002,-0.07,-0.09
111859,5618529,60.422297,-0.751343,0.,-24,0.7794000000000001,35.1,-0.52,12.700000000000001,29.900000000000002,-0.07,-0.09
111859,5619474,60.422282,-0.751345,0.,-24,0.7794000000000001,35.1,-0.52,12.700000000000001,29.900000000000002,-0.07,-0.09
111859,5620412,60.422295,-0.751342,0.,-24,0.7794000000000001,35.1,-0.52,12.700000000000001,29.900000000000002,-0.07,-0.09
111859,5621199,60.421667,-0.75,0.,-26,0.7386,35.1,-0.52,12.700000000000001,29.900000000000002,-0.07,-0.09
111859,5621372,60.422298,-0.751305,0.,-24,0.7792,35.1,-0.52,12.700000000000001,29.900000000000002,-0.07,-0.09
111859,5621378,60.421667,-0.75,0.,-26,0.7386,35.1,-0.52,12.700000000000001,29.900000000000002,-0.07,-0.09
111859,5621556,60.421667,-0.75,0.,-26,0.7386,35.1,-0.52,12.700000000000001,29.900000000000002,-0.07,-0.09
111859,5622318,60.422283,-0.751312,0.,-24,0.7793,35.1,-0.52,12.700000000000001,29.900000000000002,-0.07,-0.08
111859,5623254,60.422312,-0.751347,0.,-24,0.7794000000000001,35.1,-0.52,12.700000000000001,29.900000000000002,-0.07,-0.08
111859,5624206,60.422305,-0.751327,0.,-24,0.7793,35.1,-0.52,12.700000000000001,29.900000000000002,-0.07,-0.08
111859,5625134,60.422293,-0.75134,0.,-24,0.7794000000000001,35.1,-0.52,12.700000000000001,29.900000000000002,-0.07,-0.08
111859,5626074,60.422282,-0.751343,0.,-24,0.7794000000000001,35.1,-0.52,12.700000000000001,29.900000000000002,-0.07,-0.08
111859,5626956,60.421667,-0.75,0.,-26,0.7386,35.1,-0.52,12.700000000000001,29.8,-0.07,-0.08
111859,5627015,60.4223,-0.751355,0.,-24,0.7794000000000001,35.1,-0.52,12.700000000000001,29.900000000000002,-0.07,-0.08
111859,5627135,60.421667,-0.75,0.,-26,0.7386,35.1,-0.52,12.700000000000001,29.8,-0.07,-0.08
111859,5627231,60.422295,-0.751352,0.,-24,0.7794000000000001,35.1,-0.52,12.700000000000001,29.8,-0.07,-0.08
111859,5627973,60.422297,-0.751337,0.,-24,0.7794000000000001,35.1,-0.52,12.700000000000001,29.8,-0.07,-0.08
111859,5628925,60.422298,-0.751327,0.,-24,0.7793,35.1,-0.52,12.700000000000001,29.8,-0.07,-0.08
111859,5629854,60.422313,-0.751355,0.,-24,0.7794000000000001,35.1,-0.52,12.700000000000001,29.8,-0.07,-0.08
111859,5630783,60.422288,-0.751347,0.,-24,0.7794000000000001,35.1,-0.52,12.700000000000001,29.8,-0.07,-0.08
111859,5631723,60.422295,-0.751357,0.,-24,0.7795000000000001,35.1,-0.52,12.700000000000001,29.8,-0.07,-0.08
111859,5632652,60.42228,-0.751347,0.,-24,0.7794000000000001,35.1,-0.52,12.700000000000001,29.8,-0.07,-0.08
111859,5633565,60.422288,-0.751352,0.,-24,0.7794000000000001,35.1,-0.52,12.700000000000001,29.8,-0.07,-0.08
111859,5634484,60.422297,-0.751333,0.,-24,0.7793,35.1,-0.52,12.700000000000001,29.8,-0.07,-0.08
111859,5635444,60.42228,-0.751342,0.,-24,0.7794000000000001,35.1,-0.52,12.700000000000001,29.8,-0.07,-0.08
111859,5636373,60.422313,-0.751343,0.,-24,0.7794000000000001,35.1,-0.52,12.700000000000001,29.8,-0.07,-0.08
111859,5637333,60.422323,-0.751295,0.,-24,0.7791,35.1,-0.52,12.700000000000001,29.8,-0.07,-0.08
111859,5638266,60.422303,-0.751342,0.,-24,0.7794000000000001,35.1,-0.52,12.700000000000001,29.8,-0.07,-0.08
111859,5639202,60.422307,-0.751318,0.,-24,0.7793,35.1,-0.52,12.700000000000001,29.8,-0.07,-0.08
111859,5640154,60.422303,-0.75132,0.,-24,0.7793,35.1,-0.52,12.600000000000001,29.8,-0.07,-0.08
111859,5641164,60.422303,-0.751338,0.,-24,0.7794000000000001,35.1,-0.52,12.600000000000001,29.8,-0.07,-0.08
111859,5642115,60.422312,-0.751357,0.,-24,0.7794000000000001,35.1,-0.52,12.600000000000001,29.8,-0.07,-0.08
111859,5643055,60.422298,-0.751347,0.,-24,0.7794000000000001,35.1,-0.52,12.600000000000001,29.8,-0.06,-0.08
111859,5644004,60.422305,-0.751343,0.,-24,0.7794000000000001,35.1,-0.52,12.600000000000001,29.8,-0.06,-0.08
111859,5644945,60.422328,-0.751325,0.,-24,0.7793,35.1,-0.52,12.600000000000001,29.8,-0.06,-0.08
111859,5645873,60.422278,-0.75136,0.,-24,0.7795000000000001,35.1,-0.52,12.600000000000001,29.8,-0.06,-0.08
111859,5646802,60.422315,-0.751347,0.,-24,0.7794000000000001,35.1,-0.52,12.600000000000001,29.8,-0.06,-0.08
111859,5647744,60.42229,-0.751335,0.,-24,0.7794000000000001,35.1,-0.52,12.600000000000001,29.8,-0.06,-0.08
111859,5648695,60.422288,-0.751333,0.,-24,0.7794000000000001,35.1,-0.52,12.600000000000001,29.8,-0.06,-0.08
111859,5649624,60.422317,-0.751328,0.,-24,0.7793,35.1,-0.52,12.600000000000001,29.8,-0.06,-0.08
111859,5649995,60.421667,-0.75,0.,-26,0.7386,35.1,-0.52,12.600000000000001,29.700000000000003,-0.06,-0.08
111859,5650554,60.422302,-0.75136,0.,-24,0.7795000000000001,35.1,-0.52,12.600000000000001,29.700000000000003,-0.06,-0.08
111859,5651476,60.422303,-0.751345,0.,-24,0.7794000000000001,35.1,-0.52,12.600000000000001,29.700000000000003,-0.06,-0.08
111859,5652455,60.422317,-0.751335,0.,-24,0.7793,35.1,-0.52,12.600000000000001,29.700000000000003,-0.06,-0.08
111859,5653375,60.422318,-0.751333,0.,-24,0.7793,35.1,-0.52,12.600000000000001,29.700000000000003,-0.06,-0.08
111859,5654333,60.422315,-0.751337,0.,-24,0.7793,35.1,-0.52,12.600000000000001,29.700000000000003,-0.06,-0.08
111859,5655285,60.422323,-0.751313,0.,-24,0.7792,35.1,-0.52,12.600000000000001,29.700000000000003,-0.06,-0.08
111859,5655755,60.421667,-0.75,0.,-26,0.7386,35.1,-0.52,12.600000000000001,29.700000000000003,-0.06,-0.08
111859,5656235,60.422323,-0.751278,0.,-24,0.7791,35.1,-0.52,12.600000000000001,29.700000000000003,-0.06,-0.08
111859,5657164,60.422283,-0.751278,0.,-24,0.7791,35.1,-0.52,12.600000000000001,29.700000000000003,-0.06,-0.08
111859,5658096,60.422312,-0.751338,0.,-24,0.7794000000000001,35.1,-0.52,12.600000000000001,29.700000000000003,-0.06,-0.08
111859,5659053,60.422303,-0.751338,0.,-24,0.7794000000000001,35.1,-0.52,12.600000000000001,29.700000000000003,-0.06,-0.08
111859,5659994,60.422302,-0.751352,0.,-24,0.7794000000000001,35.1,-0.52,12.600000000000001,29.700000000000003,-0.06,-0.08
111859,5660934,60.422297,-0.751348,0.,-24,0.7794000000000001,35.1,-0.52,12.600000000000001,29.700000000000003,-0.06,-0.08
111859,5661883,60.422293,-0.751345,0.,-24,0.7794000000000001,35.1,-0.52,12.600000000000001,29.700000000000003,-0.06,-0.08
111859,5662823,60.4223,-0.751353,0.,-24,0.7794000000000001,35.1,-0.52,12.600000000000001,29.700000000000003,-0.06,-0.08
111859,5663973,60.422305,-0.751343,0.,-24,0.7794000000000001,35.1,-0.52,12.600000000000001,29.700000000000003,-0.06,-0.08
111859,5664932,60.422315,-0.751337,0.,-24,0.7793,35.1,-0.52,12.600000000000001,29.700000000000003,-0.06,-0.08
111859,5665854,60.422317,-0.751325,0.,-24,0.7793,35.1,-0.52,12.600000000000001,29.700000000000003,-0.06,-0.08
111859,5666739,60.421667,-0.75,0.,-26,0.7386,35.1,-0.52,12.600000000000001,29.6,-0.06,-0.08
111859,5666815,60.42234,-0.751303,0.,-24,0.7792,35.1,-0.52,12.600000000000001,29.700000000000003,-0.06,-0.08
111859,5667743,60.422308,-0.75132,0.,-24,0.7793,35.1,-0.52,12.600000000000001,29.700000000000003,-0.06,-0.08
111859,5668671,60.422312,-0.751335,0.,-24,0.7793,35.1,-0.52,12.600000000000001,29.700000000000003,-0.06,-0.08
111859,5669596,60.422308,-0.751302,0.,-24,0.7792,35.1,-0.52,12.600000000000001,29.700000000000003,-0.06,-0.08
111859,5671495,60.422305,-0.751305,0.,-24,0.7792,35.1,-0.52,12.600000000000001,29.700000000000003,-0.06,-0.07
111859,5671959,60.421667,-0.75,0.,-26,0.7386,35.1,-0.52,12.600000000000001,29.6,-0.06,-0.08
111859,5672139,60.421667,-0.75,0.,-26,0.7386,35.1,-0.52,12.600000000000001,29.6,-0.06,-0.08
111859,5672447,60.422325,-0.75135,0.,-24,0.7794000000000001,35.1,-0.52,12.600000000000001,29.700000000000003,-0.06,-0.07
111859,5673400,60.422298,-0.751363,0.,-24,0.7795000000000001,35.1,-0.52,12.600000000000001,29.6,-0.06,-0.07
111859,5674315,60.422298,-0.751315,0.,-24,0.7793,35.1,-0.52,12.600000000000001,29.6,-0.06,-0.07
111859,5675264,60.4223,-0.751332,0.,-24,0.7793,35.1,-0.52,12.600000000000001,29.6,-0.06,-0.07
111859,5676220,60.42231,-0.751347,0.,-24,0.7794000000000001,35.1,-0.52,12.600000000000001,29.6,-0.06,-0.07
111859,5677145,60.42231,-0.751347,0.,-24,0.7794000000000001,35.1,-0.52,12.600000000000001,29.6,-0.06,-0.07
111859,5678086,60.422302,-0.751355,0.,-24,0.7794000000000001,35.1,-0.52,12.600000000000001,29.6,-0.06,-0.07
111859,5679002,60.422312,-0.751353,0.,-24,0.7794000000000001,35.1,-0.52,12.600000000000001,29.6,-0.06,-0.07
111859,5679934,60.422303,-0.751307,0.,-24,0.7792,35.1,-0.52,12.600000000000001,29.6,-0.06,-0.07
111859,5680874,60.422315,-0.751302,0.,-24,0.7792,35.1,-0.52,12.600000000000001,29.6,-0.06,-0.07
111859,5681834,60.422313,-0.75135,0.,-24,0.7794000000000001,35.1,-0.52,12.600000000000001,29.6,-0.06,-0.07
111859,5682775,60.422325,-0.751338,0.,-24,0.7793,35.1,-0.52,12.600000000000001,29.6,-0.06,-0.07
111859,5683724,60.422308,-0.751365,0.,-24,0.7795000000000001,35.1,-0.52,12.600000000000001,29.6,-0.06,-0.07
111859,5684656,60.422307,-0.751355,0.,-24,0.7794000000000001,35.1,-0.52,12.600000000000001,29.6,-0.06,-0.07
111859,5685593,60.422327,-0.751355,0.,-24,0.7794000000000001,35.1,-0.52,12.600000000000001,29.6,-0.06,-0.07
111859,5686540,60.422292,-0.751313,0.,-24,0.7793,35.1,-0.52,12.600000000000001,29.6,-0.06,-0.07
111859,5687500,60.4223,-0.751323,0.,-24,0.7793,35.1,-0.52,12.600000000000001,29.6,-0.06,-0.07
111859,5688424,60.42231,-0.75132,0.,-24,0.7793,35.1,-0.52,12.600000000000001,29.6,-0.06,-0.07
111859,5689344,60.422297,-0.751315,0.,-24,0.7793,35.1,-0.52,12.600000000000001,29.6,-0.06,-0.07
111859,5690284,60.42231,-0.751293,0.,-24,0.7792,35.1,-0.52,12.600000000000001,29.6,-0.06,-0.07
111859,5691233,60.422307,-0.751342,0.,-24,0.7794000000000001,35.1,-0.52,12.600000000000001,29.6,-0.06,-0.07
111859,5692165,60.422298,-0.751353,0.,-24,0.7794000000000001,35.1,-0.52,12.600000000000001,29.6,-0.06,-0.07
111859,5693094,60.42231,-0.751325,0.,-24,0.7793,35.1,-0.52,12.600000000000001,29.6,-0.06,-0.07
111859,5693740,60.421667,-0.75,0.,-26,0.7386,35.1,-0.52,12.600000000000001,29.5,-0.06,-0.07
111859,5694963,60.422297,-0.751335,0.,-24,0.7794000000000001,35.1,-0.52,12.600000000000001,29.5,-0.06,-0.07
111859,5695903,60.422302,-0.751328,0.,-24,0.7793,35.1,-0.52,12.600000000000001,29.5,-0.06,-0.07
111859,5696843,60.422292,-0.751328,0.,-24,0.7793,35.1,-0.52,12.600000000000001,29.5,-0.06,-0.07
111859,5697796,60.422287,-0.751333,0.,-24,0.7794000000000001,35.1,-0.52,12.600000000000001,29.5,-0.06,-0.07
111859,5698720,60.422298,-0.751335,0.,-24,0.7794000000000001,35.1,-0.52,12.600000000000001,29.5,-0.06,-0.07
111859,5699140,60.421667,-0.75,0.,-26,0.7386,35.1,-0.52,12.600000000000001,29.5,-0.06,-0.07
111859,5699712,60.422298,-0.751325,0.,-24,0.7793,35.1,-0.52,12.600000000000001,29.5,-0.06,-0.07
111859,5701616,60.422305,-0.751338,0.,-24,0.7794000000000001,35.1,-0.52,12.600000000000001,29.5,-0.06,-0.07
111859,5702537,60.422302,-0.751323,0.,-24,0.7793,35.1,-0.52,12.600000000000001,29.5,-0.06,-0.07
111859,5703485,60.4223,-0.751323,0.,-24,0.7793,35.1,-0.52,12.600000000000001,29.5,-0.06,-0.07
111859,5703997,60.421667,-0.75,0.,-26,0.7386,35.1,-0.52,12.600000000000001,29.5,-0.06,-0.07
111859,5704177,60.421667,-0.75,0.,-26,0.7386,35.1,-0.52,12.600000000000001,29.5,-0.06,-0.07
111859,5704360,60.421667,-0.75,0.,-26,0.7386,35.1,-0.52,12.600000000000001,29.5,-0.06,-0.07
111859,5704445,60.422302,-0.751322,0.,-24,0.7793,35.1,-0.52,12.600000000000001,29.5,-0.06,-0.07
111859,5704540,60.421667,-0.75,0.,-26,0.7386,35.1,-0.52,12.600000000000001,29.5,-0.06,-0.07
111859,5705382,60.422287,-0.75131,0.,-24,0.7793,35.1,-0.52,12.600000000000001,29.5,-0.06,-0.07
111859,5706313,60.422293,-0.751328,0.,-24,0.7793,35.1,-0.52,12.600000000000001,29.5,-0.06,-0.07
111859,5707262,60.422297,-0.75133,0.,-24,0.7793,35.1,-0.52,12.600000000000001,29.5,-0.06,-0.07
111859,5708203,60.422307,-0.751328,0.,-24,0.7793,35.1,-0.52,12.600000000000001,29.5,-0.06,-0.07
111859,5709135,60.42232,-0.75133,0.,-24,0.7793,35.1,-0.52,12.600000000000001,29.5,-0.06,-0.07
111859,5709755,60.421667,-0.75,0.,-26,0.7386,35.1,-0.52,12.600000000000001,29.400000000000002,-0.06,-0.07
111859,5710063,60.422325,-0.751297,0.,-24,0.7792,35.1,-0.52,12.600000000000001,29.5,-0.06,-0.07
111859,5712893,60.422302,-0.751327,0.,-24,0.7793,35.1,-0.52,12.600000000000001,29.5,-0.06,-0.07
111859,5713842,60.422298,-0.751317,0.,-24,0.7793,35.1,-0.52,12.600000000000001,29.5,-0.06,-0.07
111859,5714794,60.422297,-0.75135,0.,-24,0.7794000000000001,35.1,-0.52,12.600000000000001,29.5,-0.06,-0.07
111859,5715516,60.421667,-0.75,0.,-26,0.7386,35.1,-0.52,12.600000000000001,29.400000000000002,-0.05,-0.07
111859,5715743,60.422303,-0.751303,0.,-24,0.7792,35.1,-0.52,12.600000000000001,29.5,-0.06,-0.07
111859,5716684,60.42231,-0.751337,0.,-24,0.7794000000000001,35.1,-0.52,12.600000000000001,29.5,-0.06,-0.07
111859,5717624,60.422287,-0.751347,0.,-24,0.7794000000000001,35.1,-0.52,12.600000000000001,29.400000000000002,-0.06,-0.07
111859,5718552,60.422312,-0.751352,0.,-24,0.7794000000000001,35.1,-0.52,12.600000000000001,29.400000000000002,-0.06,-0.07
111859,5719484,60.422288,-0.751338,0.,-24,0.7794000000000001,35.1,-0.52,12.600000000000001,29.400000000000002,-0.06,-0.06
111859,5720424,60.422285,-0.751333,0.,-24,0.7794000000000001,35.1,-0.52,12.600000000000001,29.400000000000002,-0.06,-0.06
111859,5721365,60.422295,-0.75135,0.,-24,0.7794000000000001,35.1,-0.52,12.600000000000001,29.400000000000002,-0.05,-0.06
111859,5722313,60.422295,-0.751333,0.,-24,0.7793,35.1,-0.52,12.600000000000001,29.400000000000002,-0.05,-0.06
111859,5723254,60.422288,-0.751353,0.,-24,0.7794000000000001,35.1,-0.52,12.600000000000001,29.400000000000002,-0.05,-0.06
111859,5724184,60.422312,-0.751362,0.,-24,0.7795000000000001,35.1,-0.52,12.600000000000001,29.400000000000002,-0.05,-0.06
111859,5725123,60.422307,-0.75133,0.,-24,0.7793,35.1,-0.52,12.600000000000001,29.400000000000002,-0.05,-0.06
111859,5726064,60.422302,-0.75134,0.,-24,0.7794000000000001,35.1,-0.52,12.600000000000001,29.400000000000002,-0.05,-0.06
111859,5727003,60.422308,-0.751358,0.,-24,0.7794000000000001,35.1,-0.52,12.600000000000001,29.400000000000002,-0.05,-0.06
111859,5727964,60.422307,-0.75137,0.,-24,0.7795000000000001,35.1,-0.52,12.600000000000001,29.400000000000002,-0.05,-0.06
111859,5728915,60.4223,-0.751375,0.,-24,0.7795000000000001,35.1,-0.52,12.600000000000001,29.400000000000002,-0.05,-0.06
111859,5729855,60.422308,-0.751348,0.,-24,0.7794000000000001,35.1,-0.52,12.600000000000001,29.400000000000002,-0.05,-0.06
111859,5730793,60.422287,-0.751352,0.,-24,0.7794000000000001,35.1,-0.52,12.600000000000001,29.400000000000002,-0.05,-0.06
111859,5731733,60.422317,-0.751352,0.,-24,0.7794000000000001,35.1,-0.52,12.600000000000001,29.400000000000002,-0.05,-0.06
111859,5732681,60.422283,-0.751373,0.,-24,0.7795000000000001,35.1,-0.52,12.600000000000001,29.400000000000002,-0.05,-0.06
111859,5733634,60.422308,-0.751353,0.,-24,0.7794000000000001,35.1,-0.52,12.600000000000001,29.400000000000002,-0.05,-0.06
111859,5734543,60.422293,-0.75136,0.,-24,0.7795000000000001,35.1,-0.52,12.600000000000001,29.400000000000002,-0.05,-0.06
111859,5735473,60.422298,-0.751355,0.,-24,0.7794000000000001,35.1,-0.52,12.600000000000001,29.400000000000002,-0.05,-0.06
111859,5736413,60.422298,-0.751358,0.,-24,0.7795000000000001,35.1,-0.52,12.600000000000001,29.400000000000002,-0.05,-0.06
111859,5737335,60.422297,-0.751348,0.,-24,0.7794000000000001,35.1,-0.52,12.600000000000001,29.400000000000002,-0.05,-0.06
111859,5738275,60.422303,-0.751343,0.,-24,0.7794000000000001,35.1,-0.52,12.600000000000001,29.400000000000002,-0.05,-0.06
111859,5738558,60.421667,-0.75,0.,-26,0.7386,35.1,-0.52,12.600000000000001,29.3,-0.05,-0.06
111859,5738738,60.421667,-0.75,0.,-26,0.7386,35.1,-0.52,12.600000000000001,29.3,-0.05,-0.06
111859,5739224,60.422295,-0.75135,0.,-24,0.7794000000000001,35.1,-0.52,12.600000000000001,29.3,-0.05,-0.06
111859,5740144,60.422297,-0.751338,0.,-24,0.7794000000000001,35.1,-0.52,12.600000000000001,29.3,-0.05,-0.06
111859,5741085,60.422312,-0.751348,0.,-24,0.7794000000000001,35.1,-0.52,12.600000000000001,29.3,-0.05,-0.06
111859,5741994,60.422295,-0.751348,0.,-24,0.7794000000000001,35.1,-0.52,12.600000000000001,29.3,-0.05,-0.06
111859,5742924,60.422317,-0.751305,0.,-24,0.7792,35.1,-0.52,12.600000000000001,29.3,-0.05,-0.06
111859,5743855,60.422233,-0.751367,0.3,-24,0.7796000000000001,35.1,-0.52,12.600000000000001,29.3,-0.05,-0.06
111859,5744139,60.42,-0.75,3.,-26,0.7292000000000001,35.1,-0.52,12.600000000000001,28.900000000000002,-0.05,-0.06
111859,5752477,60.183525,-1.145708,8.8,-2,-99999,-99999.,-99999.,-99999.,-99999.,-99999.,-99999.
111859,5753488,60.155263,-1.142772,0.,-11,1.0818,35.1,-0.51,12.600000000000001,21.700000000000003,-0.03,-0.04
111859,5754445,60.155267,-1.142782,0.,-11,1.0818,35.1,-0.51,12.600000000000001,21.6,-0.03,-0.04
111859,5755405,60.155263,-1.142777,0.,-11,1.0818,35.1,-0.51,12.600000000000001,21.6,-0.03,-0.04
111859,5756345,60.155248,-1.142783,0.,-11,1.0818,35.1,-0.51,12.600000000000001,21.6,-0.03,-0.04
111859,5757309,60.15525,-1.142783,0.,-11,1.0818,35.1,-0.51,12.600000000000001,21.5,-0.03,-0.04
111859,5758262,60.155273,-1.142783,0.,-11,1.0818,35.1,-0.51,12.600000000000001,21.5,-0.03,-0.04
111859,5759202,60.15527,-1.142795,0.,-11,1.0818,35.1,-0.51,12.600000000000001,21.400000000000002,-0.03,-0.04
111859,5760218,60.155265,-1.142767,0.,-11,1.0818,35.1,-0.51,12.600000000000001,21.400000000000002,-0.03,-0.04
111859,5761157,60.155265,-1.142773,0.,-11,1.0818,35.1,-0.51,12.600000000000001,21.400000000000002,-0.03,-0.04
111859,5762106,60.155257,-1.14279,0.,-11,1.0818,35.1,-0.51,12.600000000000001,21.3,-0.03,-0.04
111859,5763067,60.155277,-1.142748,0.,-11,1.0818,35.1,-0.51,12.600000000000001,21.3,-0.03,-0.04
111859,5764015,60.155275,-1.14275,0.,-11,1.0818,35.1,-0.51,12.600000000000001,21.200000000000003,-0.03,-0.04
111859,5764973,60.155258,-1.142777,0.,-11,1.0818,35.1,-0.51,12.600000000000001,21.200000000000003,-0.03,-0.04
111859,5765880,60.155275,-1.142777,0.,-11,1.0818,35.1,-0.51,12.600000000000001,21.200000000000003,-0.03,-0.04
111859,5766785,60.15527,-1.142767,0.,-11,1.0818,35.1,-0.51,12.600000000000001,21.1,-0.03,-0.04
111859,5767716,60.155295,-1.14276,0.,-11,1.0818,35.1,-0.51,12.600000000000001,21.1,-0.03,-0.04
111859,5768657,60.155287,-1.142762,0.,-11,1.0818,35.1,-0.51,12.600000000000001,21.1,-0.03,-0.04
111859,5769646,60.155275,-1.142728,0.,-11,1.0818,35.1,-0.51,12.600000000000001,21.,-0.03,-0.04
111859,5770566,60.155275,-1.142748,0.,-11,1.0818,35.1,-0.51,12.600000000000001,21.,-0.03,-0.04
111859,5771498,60.15528,-1.14277,0.,-11,1.0818,35.1,-0.51,12.600000000000001,21.,-0.03,-0.04
111859,5772455,60.155258,-1.142767,0.,-11,1.0818,35.1,-0.51,12.600000000000001,20.900000000000002,-0.03,-0.04
111859,5773379,60.155268,-1.142735,0.,-11,1.0818,35.1,-0.51,12.600000000000001,20.900000000000002,-0.03,-0.04
111859,5774284,60.155258,-1.142753,0.,-11,1.0818,35.1,-0.51,12.600000000000001,20.8,-0.03,-0.04
111859,5775205,60.155262,-1.14278,0.,-11,1.0818,35.1,-0.51,12.600000000000001,20.8,-0.03,-0.04
111859,5776165,60.155283,-1.142738,0.,-11,1.0818,35.1,-0.51,12.600000000000001,20.8,-0.03,-0.04
111859,5777117,60.155277,-1.142783,0.,-11,1.0818,35.1,-0.51,12.600000000000001,20.700000000000003,-0.03,-0.03
111859,5778085,60.155282,-1.142755,0.,-11,1.0818,35.1,-0.51,12.600000000000001,20.700000000000003,-0.03,-0.03
111859,5779037,60.15528,-1.142745,0.,-11,1.0818,35.1,-0.51,12.600000000000001,20.700000000000003,-0.03,-0.03
111859,5779986,60.155277,-1.142763,0.,-11,1.0818,35.1,-0.51,12.600000000000001,20.6,-0.03,-0.03
111859,5780927,60.155272,-1.142758,0.,-11,1.0818,35.1,-0.51,12.600000000000001,20.6,-0.03,-0.03
111859,5781843,60.155277,-1.142758,0.,-11,1.0818,35.1,-0.51,12.600000000000001,20.5,-0.03,-0.03
111859,5782787,60.155275,-1.142787,0.,-11,1.0818,35.1,-0.51,12.600000000000001,20.5,-0.03,-0.03
111859,5783739,60.155278,-1.142755,0.,-11,1.0818,35.1,-0.51,12.600000000000001,20.5,-0.03,-0.03
111859,5784676,60.155282,-1.142755,0.,-11,1.0818,35.1,-0.51,12.600000000000001,20.400000000000002,-0.03,-0.03
111859,5785579,60.155285,-1.142773,0.,-11,1.0818,35.1,-0.51,12.600000000000001,20.400000000000002,-0.03,-0.03
111859,5786535,60.155265,-1.142765,0.,-11,1.0818,35.1,-0.51,12.600000000000001,20.400000000000002,-0.03,-0.03
111859,5786727,60.155,-1.141667,0.,-10,1.0818,35.1,-0.51,12.600000000000001,20.3,-0.03,-0.03
111859,5787539,60.15526,-1.14277,0.,-11,1.0818,35.1,-0.51,12.600000000000001,20.3,-0.03,-0.03
111859,5787810,60.155,-1.141667,0.,-10,1.0818,35.1,-0.51,12.600000000000001,20.3,-0.03,-0.03
111859,5787990,60.155,-1.141667,0.,-10,1.0818,35.1,-0.51,12.600000000000001,20.3,-0.03,-0.03
111859,5788477,60.155297,-1.14281,0.,-11,1.0818,35.1,-0.51,12.600000000000001,20.3,-0.03,-0.03
111859,5789416,60.155273,-1.142768,0.,-11,1.0818,35.1,-0.51,12.600000000000001,20.200000000000003,-0.03,-0.03
111859,5790377,60.155267,-1.142762,0.,-11,1.0818,35.1,-0.51,12.600000000000001,20.200000000000003,-0.03,-0.03
111859,5791337,60.155267,-1.142757,0.,-11,1.0818,35.1,-0.51,12.600000000000001,20.200000000000003,-0.03,-0.03
111859,5792285,60.15527,-1.142762,0.,-11,1.0818,35.1,-0.51,12.600000000000001,20.1,-0.03,-0.03
111859,5792486,60.155,-1.141667,0.,-10,1.0818,35.1,-0.51,12.600000000000001,20.1,-0.03,-0.03
111859,5793245,60.155262,-1.142768,0.,-11,1.0818,35.1,-0.51,12.600000000000001,20.1,-0.03,-0.03
111859,5793390,60.155,-1.141667,0.,-10,1.0818,35.1,-0.51,12.600000000000001,20.1,-0.03,-0.03
111859,5794198,60.15528,-1.142707,0.,-11,1.0818,35.1,-0.51,12.600000000000001,20.1,-0.03,-0.03
111859,5795132,60.15528,-1.142773,0.,-11,1.0818,35.1,-0.51,12.600000000000001,20.,-0.02,-0.03
111859,5796077,60.155283,-1.142733,0.,-11,1.0818,35.1,-0.51,12.600000000000001,20.,-0.02,-0.03
111859,5797017,60.155273,-1.142773,0.,-11,1.0818,35.1,-0.51,12.600000000000001,19.900000000000002,-0.02,-0.03
111859,5797954,60.155262,-1.142772,0.,-11,1.0818,35.1,-0.51,12.600000000000001,19.900000000000002,-0.02,-0.03
111859,5798890,60.155283,-1.14274,0.,-11,1.0818,35.1,-0.51,12.600000000000001,19.900000000000002,-0.02,-0.03
111859,5799844,60.155277,-1.142763,0.,-11,1.0818,35.1,-0.51,12.600000000000001,19.8,-0.02,-0.03
111859,5800807,60.155273,-1.142757,0.,-11,1.0818,35.1,-0.51,12.600000000000001,19.8,-0.02,-0.03
111859,5801747,60.155282,-1.142758,0.,-11,1.0818,35.1,-0.51,12.600000000000001,19.8,-0.02,-0.03
111859,5802745,60.15526,-1.142782,0.,-11,1.0818,35.1,-0.51,12.600000000000001,19.700000000000003,-0.02,-0.03
111859,5803693,60.15528,-1.14276,0.,-11,1.0818,35.1,-0.51,12.600000000000001,19.700000000000003,-0.02,-0.03
111859,5803827,60.155,-1.141667,0.,-10,1.0818,35.1,-0.51,12.600000000000001,19.700000000000003,-0.02,-0.03
111859,5804658,60.15528,-1.142745,0.,-11,1.0818,35.1,-0.51,12.600000000000001,19.6,-0.02,-0.03
111859,5805594,60.155277,-1.142768,0.,-11,1.0818,35.1,-0.51,12.600000000000001,19.6,-0.02,-0.03
111859,5806534,60.155267,-1.142752,0.,-11,1.0818,35.1,-0.51,12.600000000000001,19.6,-0.02,-0.03
111859,5807474,60.155308,-1.142802,0.,-11,1.0818,35.1,-0.51,12.600000000000001,19.5,-0.02,-0.03
111859,5808387,60.155325,-1.142683,0.,-11,1.0818,35.1,-0.51,12.600000000000001,19.5,-0.02,-0.03
111859,5809324,60.15531,-1.14276,0.,-11,1.0818,35.1,-0.51,12.600000000000001,19.400000000000002,-0.02,-0.03
111859,5810257,60.155303,-1.142767,0.,-11,1.0818,35.1,-0.51,12.600000000000001,19.400000000000002,-0.02,-0.03
111859,5811236,60.155282,-1.14277,0.,-11,1.0818,35.1,-0.51,12.600000000000001,19.400000000000002,-0.02,-0.03
111859,5813117,60.15525,-1.14276,0.,-11,1.0818,35.1,-0.51,12.600000000000001,19.3,-0.02,-0.03
111859,5814026,60.155292,-1.14277,0.,-11,1.0818,35.1,-0.51,12.600000000000001,19.3,-0.02,-0.03
111859,5814936,60.155268,-1.14277,0.,-11,1.0818,35.1,-0.51,12.600000000000001,19.200000000000003,-0.02,-0.03
111859,5815885,60.15528,-1.142772,0.,-11,1.0818,35.1,-0.51,12.600000000000001,19.200000000000003,-0.02,-0.03
111859,5816886,60.155275,-1.142767,0.,-11,1.0818,35.1,-0.51,12.600000000000001,19.1,-0.02,-0.03
111859,5817826,60.155247,-1.142777,0.,-11,1.0818,35.1,-0.51,12.600000000000001,19.1,-0.02,-0.03
111859,5819724,60.15528,-1.142767,0.,-11,1.0818,35.1,-0.51,12.600000000000001,19.,-0.02,-0.03
111859,5820688,60.15527,-1.14276,0.,-11,1.0818,35.1,-0.51,12.600000000000001,19.,-0.02,-0.03
111859,5821644,60.155258,-1.142768,0.,-11,1.0818,35.1,-0.51,12.600000000000001,19.,-0.02,-0.03
111859,5822596,60.155267,-1.142778,0.,-11,1.0818,35.1,-0.51,12.600000000000001,18.900000000000002,-0.02,-0.03
111859,5823556,60.155275,-1.14275,0.,-11,1.0818,35.1,-0.51,12.600000000000001,18.900000000000002,-0.02,-0.03
111859,5824517,60.15528,-1.142748,0.,-11,1.0818,35.1,-0.51,12.600000000000001,18.8,-0.02,-0.03
111859,5825465,60.155253,-1.142752,0.,-11,1.0818,35.1,-0.51,12.600000000000001,18.8,-0.02,-0.03
111859,5826406,60.155258,-1.14277,0.,-11,1.0818,35.1,-0.51,12.600000000000001,18.8,-0.02,-0.02
111859,5826688,60.155,-1.141667,0.,-10,1.0818,35.1,-0.51,12.600000000000001,18.8,-0.02,-0.02
111859,5826868,60.155,-1.141667,0.,-10,1.0818,35.1,-0.51,12.600000000000001,18.8,-0.02,-0.02
111859,5827357,60.155262,-1.142738,0.,-11,1.0818,35.1,-0.51,12.600000000000001,18.7,-0.02,-0.02
111859,5828265,60.155267,-1.142752,0.,-11,1.0818,35.1,-0.51,12.600000000000001,18.7,-0.02,-0.02
111859,5829227,60.155263,-1.142785,0.,-11,1.0818,35.1,-0.51,12.600000000000001,18.7,-0.02,-0.02
111859,5830196,60.155265,-1.142775,0.,-11,1.0818,35.1,-0.51,12.600000000000001,18.6,-0.02,-0.02
111859,5831145,60.155262,-1.142763,0.,-11,1.0818,35.1,-0.51,12.600000000000001,18.6,-0.02,-0.02
111859,5832062,60.155277,-1.142773,0.,-11,1.0818,35.1,-0.51,12.600000000000001,18.5,-0.02,-0.02
111859,5832985,60.155285,-1.142772,0.,-11,1.0818,35.1,-0.51,12.600000000000001,18.5,-0.02,-0.02
111859,5832991,60.155,-1.141667,0.,-10,1.0818,35.1,-0.51,12.600000000000001,18.5,-0.02,-0.02
111859,5833918,60.155277,-1.142778,0.,-11,1.0818,35.1,-0.51,12.600000000000001,18.5,-0.02,-0.02
111859,5834866,60.155282,-1.142762,0.,-11,1.0818,35.1,-0.51,12.600000000000001,18.400000000000002,-0.02,-0.02
111859,5835816,60.15528,-1.142767,0.,-11,1.0818,35.1,-0.5,12.600000000000001,18.400000000000002,-0.02,-0.02
111859,5836776,60.155282,-1.142762,0.,-11,1.0818,35.1,-0.5,12.600000000000001,18.400000000000002,-0.02,-0.02
111859,5837733,60.155265,-1.14278,0.,-11,1.0818,35.1,-0.5,12.600000000000001,18.3,-0.02,-0.02
111859,5838685,60.155287,-1.142732,0.,-11,1.0818,35.1,-0.5,12.600000000000001,18.3,-0.02,-0.02
111859,5838751,60.155,-1.141667,0.,-10,1.0818,35.1,-0.5,12.600000000000001,18.3,-0.02,-0.02
111859,5839601,60.155312,-1.142757,0.,-11,1.0818,35.1,-0.5,12.600000000000001,18.2,-0.02,-0.02
111859,5840525,60.155287,-1.142762,0.,-11,1.0818,35.1,-0.5,12.600000000000001,18.2,-0.02,-0.02
111859,5841485,60.155282,-1.142778,0.,-11,1.0818,35.1,-0.5,12.600000000000001,18.2,-0.02,-0.02
111859,5842418,60.155275,-1.142762,0.,-11,1.0818,35.1,-0.5,12.600000000000001,18.1,-0.02,-0.02
111859,5843354,60.155272,-1.142777,0.,-11,1.0818,35.1,-0.5,12.600000000000001,18.1,-0.02,-0.02
111859,5844152,60.155,-1.141667,0.,-10,1.0818,35.1,-0.5,12.600000000000001,18.1,-0.02,-0.02
111859,5844266,60.155282,-1.142772,0.,-11,1.0818,35.1,-0.5,12.600000000000001,18.1,-0.02,-0.02
111859,5845198,60.155278,-1.142777,0.,-11,1.0818,35.1,-0.5,12.600000000000001,18.,-0.02,-0.02
111859,5846127,60.155278,-1.142743,0.,-11,1.0818,35.1,-0.5,12.600000000000001,18.,-0.02,-0.02
111859,5847035,60.15528,-1.142768,0.,-11,1.0818,35.1,-0.5,12.600000000000001,18.,-0.02,-0.02
111859,5847988,60.155283,-1.142772,0.,-11,1.0818,35.1,-0.5,12.600000000000001,17.900000000000002,-0.02,-0.02
111859,5848927,60.155275,-1.142773,0.,-11,1.0818,35.1,-0.5,12.600000000000001,17.900000000000002,-0.02,-0.02
111859,5849866,60.155287,-1.14279,0.,-11,1.0818,35.1,-0.5,12.600000000000001,17.8,-0.02,-0.02
111859,5850815,60.155277,-1.142817,0.,-11,1.0818,35.1,-0.5,12.600000000000001,17.8,-0.02,-0.02
111859,5851755,60.155275,-1.142785,0.,-11,1.0818,35.1,-0.5,12.600000000000001,17.8,-0.02,-0.02
111859,5852718,60.155282,-1.14277,0.,-11,1.0818,35.1,-0.5,12.600000000000001,17.7,-0.02,-0.02
111859,5853675,60.155288,-1.142775,0.,-11,1.0818,35.1,-0.5,12.600000000000001,17.7,-0.02,-0.02
111859,5854623,60.15529,-1.142773,0.,-11,1.0818,35.1,-0.5,12.600000000000001,17.7,-0.02,-0.02
111859,5855619,60.155303,-1.142767,0.,-11,1.0818,35.1,-0.5,12.600000000000001,17.6,-0.02,-0.02
111859,5856567,60.155293,-1.142765,0.,-11,1.0818,35.1,-0.5,12.600000000000001,17.6,-0.02,-0.02
111859,5857477,60.155278,-1.14276,0.,-11,1.0818,35.1,-0.5,12.600000000000001,17.5,-0.02,-0.02
111859,5858406,60.155287,-1.14276,0.,-11,1.0818,35.1,-0.5,12.600000000000001,17.5,-0.02,-0.02
111859,5859366,60.155278,-1.142762,0.,-11,1.0818,35.1,-0.5,12.600000000000001,17.5,-0.02,-0.02
111859,5860315,60.155277,-1.142748,0.,-11,1.0818,35.1,-0.5,12.600000000000001,17.400000000000002,-0.02,-0.02
111859,5861239,60.155277,-1.142733,0.,-11,1.0818,35.1,-0.5,12.600000000000001,17.400000000000002,-0.02,-0.02
111859,5862167,60.155272,-1.14273,0.,-11,1.0818,35.1,-0.5,12.600000000000001,17.400000000000002,-0.02,-0.02
111859,5863128,60.155268,-1.142783,0.,-11,1.0818,35.1,-0.5,12.600000000000001,17.3,-0.02,-0.02
111859,5864070,60.15529,-1.142782,0.,-11,1.0818,35.1,-0.5,12.600000000000001,17.3,-0.02,-0.02
111859,5865014,60.155282,-1.142757,0.,-11,1.0818,35.1,-0.5,12.600000000000001,17.2,-0.02,-0.02
111859,5865934,60.155277,-1.142767,0.,-11,1.0818,35.1,-0.5,12.600000000000001,17.2,-0.02,-0.02
111859,5866868,60.155275,-1.142753,0.,-11,1.0818,35.1,-0.5,12.600000000000001,17.2,-0.02,-0.02
111859,5867808,60.155275,-1.142753,0.,-11,1.0818,35.1,-0.5,12.600000000000001,17.1,-0.02,-0.02
111859,5868744,60.155283,-1.14275,0.,-11,1.0818,35.1,-0.5,12.600000000000001,17.1,-0.02,-0.02
111859,5868989,60.155,-1.141667,0.,-10,1.0818,35.1,-0.5,12.600000000000001,17.1,-0.02,-0.02
111859,5869677,60.155283,-1.14276,0.,-11,1.0818,35.1,-0.5,12.600000000000001,17.1,-0.02,-0.02
111859,5870617,60.155275,-1.142763,0.,-11,1.0818,35.1,-0.5,12.600000000000001,17.,-0.02,-0.02
111859,5871152,60.155,-1.141667,0.,-10,1.0818,35.1,-0.5,12.600000000000001,17.,-0.02,-0.02
111859,5871565,60.155287,-1.142748,0.,-11,1.0818,35.1,-0.5,12.600000000000001,17.,-0.02,-0.02
111859,5872514,60.155283,-1.142753,0.,-11,1.0818,35.1,-0.5,12.600000000000001,16.900000000000002,-0.02,-0.02
111859,5873455,60.155282,-1.142745,0.,-11,1.0818,35.1,-0.5,12.600000000000001,16.900000000000002,-0.02,-0.02
111859,5874407,60.155298,-1.142788,0.,-11,1.0818,35.1,-0.5,12.600000000000001,16.900000000000002,-0.02,-0.02
111859,5874929,60.155,-1.141667,0.,-10,1.0818,35.1,-0.5,12.600000000000001,16.8,-0.02,-0.02
111859,5875347,60.155283,-1.142763,0.,-11,1.0818,35.1,-0.5,12.600000000000001,16.8,-0.02,-0.02
111859,5876283,60.155292,-1.142755,0.,-11,1.0818,35.1,-0.5,12.600000000000001,16.8,-0.02,-0.01
111859,5876552,60.155,-1.141667,0.,-10,1.0818,35.1,-0.5,12.600000000000001,16.8,-0.02,-0.01
111859,5876732,60.155,-1.141667,0.,-10,1.0818,35.1,-0.5,12.600000000000001,16.8,-0.02,-0.01
111859,5877227,60.155293,-1.142768,0.,-11,1.0818,35.1,-0.5,12.600000000000001,16.8,-0.02,-0.01
111859,5878174,60.155263,-1.142772,0.,-11,1.0818,35.1,-0.5,12.600000000000001,16.7,-0.02,-0.01
111859,5879107,60.155287,-1.14275,0.,-11,1.0818,35.1,-0.5,12.600000000000001,16.7,-0.02,-0.01
111859,5880063,60.15528,-1.142748,0.,-11,1.0818,35.1,-0.5,12.600000000000001,16.6,-0.02,-0.01
111859,5880690,60.155,-1.141667,0.,-10,1.0818,35.1,-0.5,12.600000000000001,16.6,-0.02,-0.01
111859,5881007,60.155287,-1.142733,0.,-11,1.0818,35.1,-0.5,12.600000000000001,16.6,-0.02,-0.01
111859,5881944,60.155293,-1.14278,0.,-11,1.0818,35.1,-0.5,12.600000000000001,16.6,-0.02,-0.01
111859,5882890,60.155292,-1.142765,0.,-11,1.0818,35.1,-0.5,12.600000000000001,16.5,-0.02,-0.01
111859,5883826,60.155272,-1.142773,0.,-11,1.0818,35.1,-0.5,12.600000000000001,16.5,-0.02,-0.01
111859,5884754,60.155275,-1.142767,0.,-11,1.0818,35.1,-0.5,12.600000000000001,16.5,-0.02,-0.01
111859,5885667,60.155272,-1.142748,0.,-11,1.0818,35.1,-0.5,12.600000000000001,16.400000000000002,-0.02,-0.01
111859,5886448,60.155,-1.141667,0.,-10,1.0818,35.1,-0.5,12.600000000000001,16.400000000000002,-0.02,-0.01
111859,5886627,60.155268,-1.142747,0.,-11,1.0818,35.1,-0.5,12.600000000000001,16.400000000000002,-0.02,-0.01
111859,5887563,60.155277,-1.14277,0.,-11,1.0818,35.1,-0.5,12.600000000000001,16.3,-0.02,-0.01
111859,5888495,60.15528,-1.142775,0.,-11,1.0818,35.1,-0.5,12.600000000000001,16.3,-0.02,-0.01
111859,5889439,60.155273,-1.142738,0.,-11,1.0818,35.1,-0.5,12.600000000000001,16.3,-0.02,-0.01
111859,5890384,60.155275,-1.142753,0.,-11,1.0818,35.1,-0.5,12.600000000000001,16.2,-0.02,-0.01
111859,5891318,60.15527,-1.14277,0.,-11,1.0818,35.1,-0.5,12.600000000000001,16.2,-0.02,-0.01
111859,5892246,60.155278,-1.142782,0.,-11,1.0818,35.1,-0.5,12.600000000000001,16.2,-0.02,-0.01
111859,5893166,60.15538,-1.142735,0.,-11,1.0818,35.1,-0.5,12.600000000000001,16.1,-0.02,-0.01
111859,5894116,60.155293,-1.142735,0.,-11,1.0818,35.1,-0.5,12.600000000000001,16.1,-0.02,-0.01
111859,5895066,60.155323,-1.142713,0.,-11,1.0818,35.1,-0.5,12.600000000000001,16.,-0.02,-0.01
111859,5896027,60.155273,-1.142755,0.,-11,1.0818,35.1,-0.5,12.600000000000001,16.,-0.02,-0.01
111859,5896986,60.155278,-1.142785,0.,-11,1.0818,35.1,-0.5,12.600000000000001,16.,-0.02,-0.01
111859,5897927,60.155267,-1.142765,0.,-11,1.0818,35.1,-0.5,12.600000000000001,15.9,-0.02,-0.01
111859,5898865,60.15527,-1.142758,0.,-11,1.0818,35.1,-0.5,12.600000000000001,15.9,-0.02,-0.01
111859,5899861,60.15528,-1.142802,0.,-11,1.0818,35.1,-0.5,12.600000000000001,15.9,-0.02,-0.01
111859,5900786,60.155287,-1.142795,0.,-11,1.0818,35.1,-0.5,12.600000000000001,15.8,-0.02,-0.01
111859,5901734,60.155263,-1.142752,0.,-11,1.0818,35.1,-0.5,12.600000000000001,15.8,-0.02,-0.01
111859,5902706,60.155288,-1.142777,0.,-11,1.0818,35.1,-0.5,12.600000000000001,15.700000000000001,-0.02,-0.01
111859,5903655,60.155248,-1.142798,0.,-11,1.0818,35.1,-0.5,12.600000000000001,15.700000000000001,-0.02,-0.01
111859,5904606,60.15527,-1.142792,0.,-11,1.0818,35.1,-0.5,12.600000000000001,15.700000000000001,-0.02,-0.01
111859,5905544,60.155288,-1.14279,0.,-11,1.0818,35.1,-0.5,12.600000000000001,15.600000000000001,-0.02,-0.01
111859,5906473,60.15528,-1.14278,0.,-11,1.0818,35.1,-0.5,12.600000000000001,15.600000000000001,-0.02,-0.01
111859,5907416,60.155265,-1.142805,0.,-11,1.0818,35.1,-0.5,12.600000000000001,15.600000000000001,-0.02,-0.01
111859,5908357,60.155138,-1.14271,0.,-11,1.0818,35.1,-0.5,12.600000000000001,15.5,-0.02,-0.01
111859,5909325,60.15514,-1.14272,0.,-11,1.0818,35.1,-0.5,12.600000000000001,15.5,-0.02,-0.01
111859,5910286,60.155138,-1.1427,0.,-11,1.0818,35.1,-0.5,12.600000000000001,15.4,-0.02,-0.01
111859,5911215,60.155167,-1.142728,0.,-11,1.0818,35.1,-0.5,12.600000000000001,15.4,-0.02,-0.01
111859,5912175,60.155135,-1.142685,0.,-11,1.0818,35.1,-0.5,12.600000000000001,15.4,-0.02,-0.01
111859,5913096,60.155137,-1.142692,0.,-11,1.0818,35.1,-0.5,12.600000000000001,15.3,-0.02,-0.01
111859,5914076,60.155152,-1.142705,0.,-11,1.0818,35.1,-0.5,12.600000000000001,15.3,-0.02,-0.01
111859,5914982,60.13877,-1.130753,8.,-8,1.0818,35.1,-0.5,12.600000000000001,15.3,-0.02,-0.01
111859,5915250,60.125,-1.131667,8.,-8,1.0170000000000001,35.1,-0.5,12.600000000000001,15.200000000000001,-0.02,-0.01
111859,5915430,60.118333,-1.128333,7.,-7,1.0149000000000001,35.1,-0.5,12.600000000000001,15.200000000000001,-0.02,-0.01
111859,5915887,60.106485,-1.109423,8.2,-8,1.0338,35.1,-0.5,12.600000000000001,15.,-0.02,-0.01
111859,5916805,60.090687,-1.048278,7.8,-18,0.9278000000000001,35.1,-0.5,12.600000000000001,13.4,-0.04,-0.01
111859,5917737,60.085418,-0.983243,7.5,-23,1.0422,35.1,-0.5,12.600000000000001,55.7,-0.05,-0.04
111859,5918646,60.080335,-0.921822,7.3,-25,1.0666,35.1,-0.51,12.600000000000001,71.60000000000001,-0.06,-0.07
111859,5919575,60.074318,-0.859133,7.6,-27,1.2891000000000001,35.1,-0.51,12.600000000000001,66.60000000000001,-0.07,-0.09
111859,5920534,60.069747,-0.793977,7.5,-28,0.9242,35.1,-0.52,12.700000000000001,56.300000000000004,-0.06,-0.08
111859,5921438,60.068443,-0.732542,7.4,-28,0.8546,35.1,-0.52,12.700000000000001,53.400000000000006,-0.06,-0.06
111859,5922360,60.06696,-0.670732,7.4,-29,1.1084,35.1,-0.52,12.700000000000001,50.2,-0.06,-0.04
111859,5923297,60.061697,-0.607117,7.6,-29,1.2381,35.1,-0.53,12.8,47.800000000000004,-0.05,-0.02
111859,5924226,60.054015,-0.54694,7.2,-29,1.3471,35.1,-0.53,12.8,46.1,-0.05,0.
111859,5925156,60.04867,-0.486035,7.2,-30,1.4357,35.1,-0.53,12.9,45.1,-0.05,0.02
111859,5926106,60.04284,-0.423995,7.3,-31,1.367,35.1,-0.53,12.9,43.1,-0.05,0.03
111859,5927015,60.037197,-0.363985,7.2,-31,1.7516,35.1,-0.53,12.9,42.6,-0.05,0.04
111859,5927493,60.033333,-0.331667,7.,-30,1.8248,35.1,-0.53,13.,42.7,-0.05,0.04
111859,5927673,60.033333,-0.32,7.,-30,1.7684000000000002,35.1,-0.53,13.,42.800000000000004,-0.05,0.05
111859,5927935,60.032222,-0.303002,7.3,-30,1.5547,35.1,-0.53,13.,42.900000000000006,-0.05,0.05
111859,5928868,60.026863,-0.241203,7.2,-31,1.5691000000000002,35.1,-0.53,12.9,43.2,-0.05,0.05
111859,5929785,60.02177,-0.18034,7.2,-31,1.3771,35.,-0.53,12.9,42.7,-0.04,0.06
111859,5930698,60.016828,-0.120402,7.4,-30,1.8525,35.,-0.53,12.9,41.6,-0.04,0.06
111859,5931653,60.011332,-0.059103,7.3,-29,1.7395,35.,-0.53,12.9,40.300000000000004,-0.03,0.07
111859,5932606,60.004797,0.007842,7.8,-27,1.5707,35.,-0.53,13.,39.800000000000004,-0.02,0.07
111859,5932893,60.001667,0.026667,7.,-27,1.4833,35.,-0.53,13.,39.7,-0.02,0.07
111859,5933073,60.001667,0.038333,7.,-26,1.4316,35.,-0.53,13.,39.5,-0.02,0.07
111859,5933515,59.999047,0.069083,7.2,-26,1.4436,35.,-0.53,13.,39.2,-0.03,0.07
111859,5934434,59.99329,0.129207,7.4,-25,1.3,35.,-0.53,13.,39.,-0.04,0.06
111859,5935387,59.987347,0.19198,7.3,-25,1.3417000000000001,35.,-0.53,12.9,37.800000000000004,-0.05,0.05
111859,5936345,59.980948,0.255457,7.2,-25,1.2626000000000002,35.,-0.53,12.9,36.1,-0.06,0.04
111859,5937347,59.974122,0.319827,7.2,-25,1.1791,35.,-0.52,12.8,35.,-0.07,0.02
111859,5938486,59.966285,0.392112,7.2,-25,1.0310000000000001,35.,-0.52,12.8,34.4,-0.07,0.
111859,5939435,59.959625,0.452198,7.,-28,0.9708,34.9,-0.52,12.8,34.800000000000004,-0.08,-0.01
111859,5940608,59.950425,0.524495,6.8,-33,0.9674,34.9,-0.52,12.8,35.5,-0.08,-0.01
111859,5941578,59.942628,0.584033,6.9,-34,0.8742000000000001,34.9,-0.52,12.8,35.9,-0.08,0.
111859,5942569,59.934115,0.644343,7.2,-35,0.8095,34.9,-0.52,12.9,35.300000000000004,-0.08,0.
111859,5943534,59.925952,0.703733,6.9,-27,0.7692,34.9,-0.52,12.8,34.6,-0.07,0.
111859,5944996,59.913555,0.794072,7.,-30,0.6192000000000001,34.9,-0.52,12.9,35.2,-0.07,-0.01
111859,5946406,59.903862,0.881598,6.9,-27,0.6661,34.9,-0.52,12.9,35.,-0.06,-0.02
111859,5947418,59.897487,0.94461,6.9,-26,0.6903,34.800000000000004,-0.52,12.9,34.800000000000004,-0.06,-0.02
111859,5948320,59.891752,0.999525,5.6,-27,0.6767000000000001,34.800000000000004,-0.52,13.,34.4,-0.06,-0.02
111859,5950001,59.880515,1.067295,4.8,-28,0.7136,34.800000000000004,-0.52,13.100000000000001,34.300000000000004,-0.06,-0.02
111859,5951473,59.864553,1.117602,4.1,-34,0.6606000000000001,34.800000000000004,-0.52,13.100000000000001,34.800000000000004,-0.06,-0.02
111859,5954674,59.813333,1.125,3.,-27,0.6724,34.800000000000004,-0.52,13.100000000000001,34.800000000000004,-0.05,-0.03
111859,5956427,59.78829,1.13138,1.8,-27,0.6461,34.800000000000004,-0.51,13.100000000000001,34.6,-0.04,-0.04
111859,5957367,59.799248,1.112768,2.8,-28,0.6517000000000001,34.800000000000004,-0.51,13.100000000000001,34.6,-0.04,-0.03
111859,5957730,59.801667,1.105,3.,-28,0.6525000000000001,34.800000000000004,-0.51,13.100000000000001,34.6,-0.04,-0.03
111859,5958711,59.815397,1.10358,2.8,-28,0.6514,34.800000000000004,-0.51,13.100000000000001,34.7,-0.04,-0.03
111859,5959723,59.821978,1.102293,1.7,-28,0.6509,34.800000000000004,-0.51,13.100000000000001,34.800000000000004,-0.04,-0.03
111859,5959894,59.821667,1.1,1.,-28,0.6512,34.800000000000004,-0.51,13.100000000000001,34.800000000000004,-0.04,-0.03
111859,5960074,59.823333,1.1,1.,-28,0.651,34.800000000000004,-0.51,13.100000000000001,34.800000000000004,-0.04,-0.03
111859,5960225,59.825072,1.100535,1.1,-28,0.6508,34.800000000000004,-0.51,13.100000000000001,34.800000000000004,-0.05,-0.03
111859,5960658,59.827783,1.098747,1.3,-28,0.6507000000000001,34.800000000000004,-0.52,13.100000000000001,34.800000000000004,-0.05,-0.03
111859,5961814,59.836432,1.093403,1.8,-38,0.681,34.800000000000004,-0.52,13.100000000000001,34.800000000000004,-0.05,-0.02
111859,5962858,59.844368,1.089363,1.6,-37,0.686,34.800000000000004,-0.52,13.100000000000001,34.800000000000004,-0.05,-0.02
111859,5963490,59.848333,1.086667,1.,-37,0.6894,34.800000000000004,-0.52,13.100000000000001,34.7,-0.05,-0.02
111859,5964257,59.854957,1.086365,1.7,-37,0.6913,34.800000000000004,-0.52,13.100000000000001,34.7,-0.05,-0.02
111859,5965294,59.861667,1.093333,2.,-36,0.6858000000000001,34.800000000000004,-0.52,13.100000000000001,34.7,-0.05,-0.02
111859,5965305,59.863153,1.093718,1.9,-36,0.6857000000000001,34.800000000000004,-0.52,13.100000000000001,34.7,-0.05,-0.02
111859,5965474,59.863333,1.095,2.,-36,0.6844,34.800000000000004,-0.52,13.100000000000001,34.7,-0.05,-0.02
111859,5965670,59.865783,1.097922,1.9,-35,0.6817000000000001,34.800000000000004,-0.52,13.100000000000001,34.7,-0.05,-0.02
111859,5966377,59.866818,1.112792,2.5,-34,0.6657000000000001,34.800000000000004,-0.52,13.100000000000001,34.800000000000004,-0.06,-0.02
111859,5967867,59.863615,1.145488,1.2,-31,0.6775,34.800000000000004,-0.52,13.200000000000001,35.,-0.06,-0.02
111859,5968783,59.862902,1.146485,0.3,-31,0.6773,34.800000000000004,-0.52,13.200000000000001,35.,-0.06,-0.02
111859,5969071,59.861667,1.145,0.,-32,0.6787000000000001,34.800000000000004,-0.52,13.200000000000001,35.,-0.06,-0.02
111859,5969221,59.862532,1.146417,0.2,-31,0.6775,34.800000000000004,-0.52,13.200000000000001,35.,-0.06,-0.02
111859,5969222,59.862532,1.146417,0.2,-31,0.6775,34.800000000000004,-0.52,13.200000000000001,35.,-0.06,-0.02
111859,5969251,59.861667,1.145,0.,-32,0.6787000000000001,34.800000000000004,-0.52,13.200000000000001,35.,-0.06,-0.02
111859,5969796,59.862285,1.147317,0.2,-31,0.6771,34.800000000000004,-0.52,13.200000000000001,35.,-0.06,-0.02
111859,5970708,59.86186,1.14878,0.1,-31,0.6765,34.800000000000004,-0.52,13.200000000000001,35.,-0.06,-0.02
111859,5971984,59.8611,1.152048,0.4,-31,0.6752,34.800000000000004,-0.52,13.200000000000001,35.,-0.06,-0.02
111859,5973008,59.860523,1.155052,0.4,-31,0.6739,34.800000000000004,-0.52,13.200000000000001,35.,-0.06,-0.02
111859,5974008,59.859732,1.158578,0.5,-30,0.6726000000000001,34.800000000000004,-0.52,13.200000000000001,35.1,-0.06,-0.02
111859,5974994,59.859198,1.162583,0.5,-30,0.671,34.800000000000004,-0.52,13.200000000000001,35.1,-0.06,-0.02
111859,5975974,59.85831,1.16627,0.7,-30,0.6699,34.800000000000004,-0.52,13.200000000000001,35.1,-0.06,-0.02
111859,5976955,59.857245,1.170355,0.5,-33,0.7114,34.800000000000004,-0.52,13.200000000000001,35.1,-0.06,-0.02
111859,5977917,59.85597,1.175167,0.4,-33,0.7098,34.800000000000004,-0.51,13.200000000000001,35.1,-0.06,-0.02
111859,5978870,59.854418,1.17996,0.6,-33,0.7080000000000001,34.800000000000004,-0.51,13.200000000000001,35.2,-0.06,-0.02
111859,5979806,59.852773,1.18431,0.7,-32,0.7062,34.800000000000004,-0.51,13.200000000000001,35.2,-0.06,-0.02
111859,5980681,59.851165,1.188043,0.8,-32,0.7044,34.800000000000004,-0.51,13.200000000000001,35.2,-0.06,-0.02
111859,5980747,59.851042,1.188315,0.8,-32,0.7042,34.800000000000004,-0.51,13.200000000000001,35.2,-0.06,-0.02
111859,5981694,59.848687,1.192382,0.6,-32,0.7021000000000001,34.800000000000004,-0.51,13.200000000000001,35.300000000000004,-0.06,-0.02
111859,5982659,59.846643,1.19672,1.,-32,0.6990000000000001,34.800000000000004,-0.51,13.200000000000001,35.300000000000004,-0.06,-0.02
111859,5983634,59.84398,1.200387,0.6,-32,0.6961,34.800000000000004,-0.51,13.200000000000001,35.300000000000004,-0.06,-0.02
111859,5984895,59.840618,1.204863,1.,-32,0.6919000000000001,34.800000000000004,-0.51,13.200000000000001,35.4,-0.06,-0.02
111859,5986207,59.853175,1.184353,2.5,-32,0.7059000000000001,34.800000000000004,-0.51,13.200000000000001,35.2,-0.06,-0.01
111859,5987788,59.866838,1.161412,2.5,-30,0.6661,34.800000000000004,-0.51,13.200000000000001,35.1,-0.05,-0.01
111859,5988804,59.87498,1.142312,2.6,-31,0.6749,34.800000000000004,-0.51,13.100000000000001,35.,-0.05,-0.01
111859,5989796,59.873757,1.138293,0.8,-32,0.6784,34.800000000000004,-0.51,13.100000000000001,35.,-0.05,-0.01
111859,5991018,59.869612,1.140615,0.9,-32,0.6781,34.800000000000004,-0.51,13.100000000000001,35.1,-0.05,-0.01
111859,5992085,59.866195,1.141983,1.,-32,0.6785,34.800000000000004,-0.51,13.100000000000001,35.2,-0.05,-0.01
111859,5993023,59.863317,1.142513,1.,-32,0.6794,34.800000000000004,-0.51,13.100000000000001,35.2,-0.05,-0.01
111859,5994014,59.860267,1.142618,0.7,-32,0.6805,34.800000000000004,-0.51,13.100000000000001,35.2,-0.05,-0.01
111859,5995006,59.857298,1.142777,0.5,-32,0.6816,34.800000000000004,-0.51,13.100000000000001,35.300000000000004,-0.05,-0.01
111859,5996034,59.85408,1.143483,0.6,-32,0.6826,34.800000000000004,-0.51,13.100000000000001,35.300000000000004,-0.05,-0.01
111859,5997224,59.850342,1.143387,0.4,-32,0.6842,34.800000000000004,-0.51,13.100000000000001,35.4,-0.04,-0.01
111859,5998216,59.847685,1.143395,0.4,-32,0.6853,34.800000000000004,-0.51,13.100000000000001,35.4,-0.04,-0.01
111859,5999458,59.84445,1.142797,0.7,-32,0.6868000000000001,34.800000000000004,-0.51,13.100000000000001,35.5,-0.04,-0.01
111859,6000363,59.841855,1.14173,0.5,-33,0.6880000000000001,34.800000000000004,-0.51,13.100000000000001,35.5,-0.04,-0.01
111859,6001337,59.839583,1.14105,0.6,-33,0.6890000000000001,34.800000000000004,-0.51,13.100000000000001,35.5,-0.04,-0.01
111859,6002566,59.837052,1.139927,0.3,-33,0.6901,34.800000000000004,-0.51,13.100000000000001,35.5,-0.04,-0.01
111859,6003452,59.835,1.138333,0.,-33,0.6909000000000001,34.800000000000004,-0.51,13.100000000000001,35.5,-0.04,-0.01
111859,6003564,59.835387,1.13906,0.2,-33,0.6907,34.800000000000004,-0.51,13.100000000000001,35.5,-0.04,-0.01
111859,6003631,59.835,1.138333,0.,-33,0.6909000000000001,34.800000000000004,-0.51,13.100000000000001,35.5,-0.04,-0.01
111859,6003811,59.835,1.138333,0.,-33,0.6909000000000001,34.800000000000004,-0.51,13.100000000000001,35.5,-0.04,-0.01
111859,6004567,59.8339,1.138305,0.3,-33,0.6913,34.800000000000004,-0.51,13.100000000000001,35.5,-0.04,-0.01
111859,6005535,59.832585,1.137233,0.2,-27,0.6551,34.800000000000004,-0.51,13.100000000000001,35.5,-0.03,-0.01
111859,6006504,59.831703,1.136115,0.2,-27,0.6559,34.800000000000004,-0.51,13.100000000000001,35.5,-0.03,-0.01
111859,6007496,59.830943,1.134812,0.4,-27,0.6566000000000001,34.800000000000004,-0.51,13.100000000000001,35.5,-0.03,-0.01
111859,6008486,59.830298,1.13322,0.2,-27,0.6573,34.800000000000004,-0.51,13.100000000000001,35.5,-0.03,-0.01
111859,6009428,59.829957,1.132252,0.3,-27,0.6577000000000001,34.800000000000004,-0.51,13.100000000000001,35.5,-0.03,-0.01
111859,6010345,59.835758,1.138198,3.6,-33,0.6907,34.800000000000004,-0.51,13.100000000000001,35.6,-0.03,0.
111859,6010835,59.841667,1.141667,3.,-33,0.6881,34.800000000000004,-0.51,13.100000000000001,35.6,-0.04,0.
111859,6012176,59.863833,1.15457,3.3,-31,0.6722,34.800000000000004,-0.51,13.100000000000001,35.4,-0.04,0.
111859,6013136,59.879315,1.153872,3.5,-30,0.7067,34.800000000000004,-0.51,13.100000000000001,35.2,-0.05,0.
111859,6014098,59.886523,1.146198,0.4,-31,0.7155,34.800000000000004,-0.51,13.100000000000001,35.1,-0.05,0.01
111859,6015155,59.886475,1.144633,0.2,-31,0.7174,34.800000000000004,-0.51,13.100000000000001,35.1,-0.05,0.01
111859,6016085,59.886492,1.143952,0.2,-31,0.7182000000000001,34.800000000000004,-0.51,13.100000000000001,35.1,-0.05,0.01
111859,6016235,59.885,1.143333,0.,-31,0.7190000000000001,34.800000000000004,-0.51,13.100000000000001,35.2,-0.05,0.01
111859,6017026,59.88658,1.143848,0.4,-31,0.7183,34.800000000000004,-0.51,13.100000000000001,35.1,-0.05,0.01
111859,6018033,59.886605,1.143625,0.1,-31,0.7186,34.800000000000004,-0.51,13.100000000000001,35.2,-0.05,0.01
111859,6019056,59.886472,1.14404,0.1,-31,0.7181000000000001,34.800000000000004,-0.51,13.100000000000001,35.2,-0.05,0.01
111859,6019966,59.886178,1.145033,0.5,-31,0.7169,34.800000000000004,-0.51,13.100000000000001,35.2,-0.05,0.01
111859,6020878,59.885663,1.146807,0.3,-31,0.7148,34.800000000000004,-0.51,13.100000000000001,35.2,-0.04,0.01
111859,6021877,59.884883,1.149477,0.6,-31,0.7117,34.800000000000004,-0.51,13.100000000000001,35.2,-0.04,0.01
111859,6022814,59.883912,1.151062,0.2,-30,0.7098,34.800000000000004,-0.51,13.100000000000001,35.2,-0.04,0.01
111859,6023838,59.882498,1.1525,0.5,-30,0.7082,34.800000000000004,-0.51,13.100000000000001,35.300000000000004,-0.04,0.01
111859,6024994,59.88029,1.154113,0.6,-30,0.7064,34.800000000000004,-0.51,13.100000000000001,35.300000000000004,-0.04,0.01
111859,6026099,59.878307,1.155968,0.3,-30,0.7044,34.800000000000004,-0.51,13.100000000000001,35.300000000000004,-0.04,0.01
111859,6027516,59.874963,1.157493,0.7,-30,0.6633,34.800000000000004,-0.51,13.100000000000001,35.4,-0.04,0.01
111859,6028981,59.871207,1.159242,0.4,-30,0.6645,34.800000000000004,-0.51,13.100000000000001,35.4,-0.04,0.01
111859,6029982,59.86849,1.160623,0.4,-30,0.6654,34.800000000000004,-0.51,13.100000000000001,35.5,-0.04,0.01
111859,6031443,59.864197,1.161602,0.6,-30,0.6679,34.800000000000004,-0.51,13.100000000000001,35.5,-0.04,0.01
111859,6032718,59.860358,1.162042,0.3,-30,0.6704,34.800000000000004,-0.51,13.100000000000001,35.6,-0.04,0.01
111859,6033674,59.857613,1.161862,0.8,-30,0.6725,34.800000000000004,-0.51,13.100000000000001,35.6,-0.04,0.01
111859,6034678,59.854442,1.16188,0.7,-30,0.6748000000000001,34.800000000000004,-0.51,13.100000000000001,35.7,-0.03,0.01
111859,6035766,59.851107,1.16219,1.,-30,0.6771,34.800000000000004,-0.51,13.100000000000001,35.7,-0.03,0.01
111859,6036764,59.847978,1.16196,0.7,-30,0.6795,34.800000000000004,-0.51,13.100000000000001,35.800000000000004,-0.03,0.01
111859,6037876,59.844457,1.161112,0.7,-31,0.6822,34.800000000000004,-0.51,13.100000000000001,35.9,-0.03,0.01
111859,6039337,59.83963,1.159075,0.7,-31,0.686,34.800000000000004,-0.51,13.100000000000001,35.9,-0.03,0.01
111859,6040325,59.836398,1.15679,0.6,-31,0.6885,34.800000000000004,-0.51,13.100000000000001,35.9,-0.03,0.01
111859,6042015,59.831518,1.152918,0.7,-26,0.6535000000000001,34.800000000000004,-0.51,13.100000000000001,35.9,-0.02,0.01
111859,6043176,59.828832,1.149968,0.5,-26,0.6554,34.800000000000004,-0.5,13.100000000000001,35.9,-0.02,0.01
111859,6044164,59.826697,1.14756,0.3,-26,0.6571,34.800000000000004,-0.5,13.100000000000001,35.9,-0.02,0.01
111859,6045153,59.824525,1.144963,0.5,-26,0.6589,34.800000000000004,-0.5,13.100000000000001,35.800000000000004,-0.02,0.01
111859,6045753,59.825,1.143333,2.,-26,0.6589,34.800000000000004,-0.5,13.100000000000001,35.9,-0.02,0.01
111859,6046366,59.833987,1.148082,2.8,-32,0.6906,34.800000000000004,-0.5,13.100000000000001,35.9,-0.02,0.01
111859,6047285,59.84418,1.153138,0.5,-31,0.6844,34.800000000000004,-0.51,13.100000000000001,35.9,-0.03,0.01
111859,6048195,59.842922,1.152012,0.5,-31,0.6853,34.800000000000004,-0.51,13.100000000000001,36.,-0.02,0.01
111859,6048636,59.841667,1.15,0.,-32,0.6864,34.800000000000004,-0.51,13.100000000000001,36.,-0.02,0.01
111859,6048816,59.841667,1.15,0.,-32,0.6864,34.800000000000004,-0.51,13.100000000000001,36.,-0.02,0.01
111859,6048996,59.841667,1.148333,0.,-32,0.6868000000000001,34.800000000000004,-0.51,13.100000000000001,36.,-0.02,0.01
111859,6049204,59.841703,1.149045,0.4,-32,0.6866,34.800000000000004,-0.51,13.100000000000001,36.,-0.02,0.01
111859,6050185,59.840803,1.146253,0.3,-32,0.6876,34.800000000000004,-0.51,13.100000000000001,36.,-0.02,0.01
111859,6051225,59.840092,1.143963,0.1,-32,0.6883,34.800000000000004,-0.51,13.100000000000001,36.,-0.02,0.01
111859,6051514,59.838333,1.143333,0.,-32,0.6891,34.800000000000004,-0.51,13.100000000000001,36.,-0.02,0.01
111859,6051874,59.838333,1.141667,0.,-33,0.6894,34.800000000000004,-0.51,13.100000000000001,36.,-0.02,0.01
111859,6052185,59.839832,1.141402,0.3,-33,0.6888000000000001,34.800000000000004,-0.51,13.100000000000001,36.,-0.02,0.01
111859,6053155,59.839772,1.139142,0.4,-33,0.6892,34.800000000000004,-0.51,13.100000000000001,36.,-0.02,0.01
111859,6054175,59.839785,1.136613,0.2,-33,0.6896,34.800000000000004,-0.51,13.100000000000001,36.,-0.02,0.01
111859,6054396,59.84,1.133333,2.,-33,0.6901,34.800000000000004,-0.51,13.100000000000001,36.,-0.02,0.01
111859,6055185,59.849488,1.129237,0.8,-33,0.6892,34.800000000000004,-0.51,13.100000000000001,35.9,-0.02,0.02
111859,6056155,59.850198,1.128017,0.2,-33,0.6895,34.800000000000004,-0.51,13.100000000000001,35.9,-0.02,0.02
111859,6057056,59.85056,1.126268,0.4,-34,0.6901,34.800000000000004,-0.51,13.100000000000001,35.9,-0.02,0.02
111859,6057454,59.85,1.125,0.,-34,0.6906,34.800000000000004,-0.51,13.100000000000001,35.9,-0.02,0.02
111859,6058196,59.851032,1.124365,0.3,-34,0.6549,34.800000000000004,-0.51,13.100000000000001,35.9,-0.02,0.02
111859,6059134,59.851437,1.123347,0.2,-34,0.6558,34.800000000000004,-0.51,13.100000000000001,35.9,-0.02,0.02
111859,6060086,59.851812,1.121942,0.1,-34,0.6571,34.800000000000004,-0.51,13.100000000000001,35.800000000000004,-0.02,0.02
111859,6061075,59.852415,1.12082,0.2,-34,0.6581,34.800000000000004,-0.51,13.100000000000001,35.800000000000004,-0.02,0.02
111859,6062007,59.852865,1.118945,0.1,-34,0.6598,34.800000000000004,-0.51,13.100000000000001,35.800000000000004,-0.02,0.02
111859,6062955,59.853273,1.117527,0.2,-34,0.6612,34.800000000000004,-0.51,13.100000000000001,35.800000000000004,-0.02,0.02
111859,6063121,59.853332,1.117387,0.1,-34,0.6613,34.800000000000004,-0.51,13.100000000000001,35.800000000000004,-0.02,0.02
111859,6063212,59.853333,1.116667,0.,-34,0.662,34.800000000000004,-0.51,13.100000000000001,35.800000000000004,-0.02,0.02
111859,6063966,59.853717,1.116625,0.3,-34,0.662,34.800000000000004,-0.51,13.100000000000001,35.800000000000004,-0.02,0.02
111859,6065005,59.854407,1.115423,0.3,-34,0.6631,34.800000000000004,-0.51,13.100000000000001,35.800000000000004,-0.02,0.02
111859,6065953,59.854912,1.114892,0.2,-34,0.6636000000000001,34.800000000000004,-0.51,13.100000000000001,35.800000000000004,-0.02,0.02
111859,6066938,59.85567,1.114465,0.,-34,0.6641,34.800000000000004,-0.51,13.100000000000001,35.7,-0.02,0.02
111859,6067847,59.85578,1.11478,0.2,-34,0.6637000000000001,34.800000000000004,-0.51,13.100000000000001,35.800000000000004,-0.02,0.02
111859,6068758,59.855808,1.11472,0.2,-34,0.6638000000000001,34.800000000000004,-0.51,13.100000000000001,35.800000000000004,-0.02,0.02
111859,6069708,59.855658,1.114548,0.1,-34,0.664,34.800000000000004,-0.51,13.100000000000001,35.800000000000004,-0.02,0.02
111859,6070704,59.85546,1.114792,0.1,-34,0.6637000000000001,34.800000000000004,-0.51,13.100000000000001,35.800000000000004,-0.02,0.02
111859,6071605,59.855042,1.114823,0.2,-34,0.6637000000000001,34.800000000000004,-0.51,13.100000000000001,35.800000000000004,-0.02,0.02
111859,6072575,59.854495,1.114443,0.2,-34,0.6641,34.800000000000004,-0.51,13.100000000000001,35.800000000000004,-0.02,0.02
111859,6073595,59.853705,1.114013,0.3,-35,0.6645,34.800000000000004,-0.51,13.100000000000001,35.800000000000004,-0.02,0.02
111859,6074576,59.852562,1.114147,0.3,-35,0.6644,34.800000000000004,-0.51,13.100000000000001,35.800000000000004,-0.02,0.02
111859,6076025,59.850813,1.113378,0.3,-35,0.6651,34.800000000000004,-0.51,13.100000000000001,35.800000000000004,-0.02,0.02
111859,6076965,59.849225,1.113643,0.4,-35,0.6649,34.800000000000004,-0.51,13.100000000000001,35.800000000000004,-0.02,0.02
111859,6078094,59.84729,1.113643,0.4,-35,0.6649,34.800000000000004,-0.51,13.100000000000001,35.800000000000004,-0.02,0.02
111859,6079078,59.845463,1.113135,0.3,-35,0.6653,34.800000000000004,-0.51,13.100000000000001,35.800000000000004,-0.02,0.02
111859,6080144,59.843887,1.111472,0.6,-35,0.6668000000000001,34.800000000000004,-0.51,13.100000000000001,35.800000000000004,-0.02,0.02
111859,6081128,59.841803,1.111413,0.5,-35,0.6668000000000001,34.800000000000004,-0.51,13.100000000000001,35.800000000000004,-0.02,0.02
111859,6082135,59.839932,1.110332,0.6,-36,0.6676000000000001,34.800000000000004,-0.51,13.100000000000001,35.800000000000004,-0.01,0.02
111859,6083058,59.837975,1.110335,0.3,-36,0.6676000000000001,34.800000000000004,-0.51,13.100000000000001,35.800000000000004,-0.01,0.02
111859,6084066,59.836635,1.11026,0.3,-36,0.6676000000000001,34.800000000000004,-0.52,13.100000000000001,35.800000000000004,-0.01,0.02
111859,6085038,59.835503,1.109077,0.5,-36,0.6685,34.800000000000004,-0.52,13.100000000000001,35.800000000000004,-0.01,0.02
111859,6086027,59.834692,1.107823,0.2,-36,0.6695,34.800000000000004,-0.52,13.100000000000001,35.7,-0.01,0.02
111859,6086253,59.833333,1.106667,0.,-28,0.6495000000000001,34.800000000000004,-0.52,13.100000000000001,35.7,-0.01,0.02
111859,6086434,59.833333,1.105,0.,-28,0.6496000000000001,34.800000000000004,-0.52,13.100000000000001,35.7,-0.01,0.02
111859,6086986,59.833823,1.105035,0.3,-37,0.6716000000000001,34.800000000000004,-0.52,13.100000000000001,35.7,-0.01,0.02
111859,6087945,59.833102,1.101743,0.6,-28,0.6499,34.800000000000004,-0.52,13.100000000000001,35.7,-0.01,0.02
111859,6088889,59.833047,1.097943,0.4,-28,0.6503,34.800000000000004,-0.52,13.100000000000001,35.6,-0.01,0.02
111859,6089855,59.833505,1.093647,0.6,-38,0.6803,34.800000000000004,-0.52,13.100000000000001,35.6,-0.01,0.02
111859,6090806,59.833818,1.094305,3.1,-38,0.6798000000000001,34.800000000000004,-0.52,13.100000000000001,35.6,-0.01,0.02
111859,6091715,59.835905,1.119752,3.1,-35,0.6601,34.800000000000004,-0.52,13.100000000000001,35.9,-0.01,0.02
111859,6092014,59.835,1.126667,3.,-34,0.6919000000000001,34.800000000000004,-0.52,13.100000000000001,35.9,-0.02,0.02
111859,6092194,59.836667,1.131667,3.,-34,0.6911,34.800000000000004,-0.52,13.100000000000001,35.9,-0.02,0.02
111859,6092676,59.838252,1.146628,3.1,-32,0.6887,34.800000000000004,-0.52,13.100000000000001,35.9,-0.02,0.02
111859,6093658,59.841025,1.16418,0.5,-30,0.6841,34.800000000000004,-0.52,13.100000000000001,35.9,-0.02,0.02
111859,6094607,59.842573,1.161345,0.5,-31,0.6835,34.800000000000004,-0.52,13.100000000000001,35.9,-0.02,0.02
111859,6095547,59.844427,1.158182,0.6,-31,0.683,34.800000000000004,-0.52,13.100000000000001,35.9,-0.02,0.02
111859,6096465,59.846538,1.155913,0.8,-31,0.6822,34.800000000000004,-0.52,13.100000000000001,35.9,-0.02,0.02
111859,6097497,59.849185,1.15302,0.7,-31,0.6815,34.800000000000004,-0.52,13.100000000000001,35.800000000000004,-0.02,0.02
111859,6098486,59.851373,1.150193,0.7,-31,0.6813,34.800000000000004,-0.52,13.100000000000001,35.800000000000004,-0.02,0.02
111859,6099447,59.853398,1.146633,0.7,-32,0.6816,34.800000000000004,-0.52,13.100000000000001,35.800000000000004,-0.02,0.02
111859,6099577,59.853333,1.145,0.,-32,0.6823,34.800000000000004,-0.52,13.100000000000001,35.800000000000004,-0.02,0.02
111859,6100403,59.855165,1.142182,0.6,-32,0.6827000000000001,34.800000000000004,-0.52,13.100000000000001,35.800000000000004,-0.02,0.02
111859,6101395,59.857108,1.13804,0.7,-32,0.6839000000000001,34.800000000000004,-0.52,13.100000000000001,35.800000000000004,-0.02,0.02
111859,6102308,59.859035,1.134688,0.7,-33,0.6849000000000001,34.800000000000004,-0.52,13.100000000000001,35.800000000000004,-0.02,0.02
111859,6103365,59.861528,1.130695,0.4,-33,0.6864,34.800000000000004,-0.52,13.100000000000001,35.800000000000004,-0.02,0.03
111859,6104355,59.863993,1.127215,0.6,-33,0.6880000000000001,34.800000000000004,-0.52,13.100000000000001,35.7,-0.02,0.03
111859,6104977,59.865,1.125,0.,-33,0.6891,34.800000000000004,-0.52,13.100000000000001,35.7,-0.02,0.03
111859,6105125,59.866152,1.124607,0.8,-33,0.6531,34.800000000000004,-0.52,13.100000000000001,35.7,-0.02,0.03
111859,6105287,59.866573,1.124108,0.7,-33,0.6535000000000001,34.800000000000004,-0.52,13.100000000000001,35.7,-0.02,0.03
111859,6106236,59.869233,1.12142,0.6,-33,0.6562,34.800000000000004,-0.52,13.100000000000001,35.7,-0.02,0.03
111859,6107187,59.871925,1.11891,0.6,-33,0.6589,34.800000000000004,-0.52,13.100000000000001,35.7,-0.02,0.03
111859,6108124,59.874573,1.116347,0.6,-33,0.6617000000000001,34.800000000000004,-0.52,13.100000000000001,35.7,-0.02,0.03
111859,6109056,59.877102,1.114073,0.7,-33,0.7027,34.800000000000004,-0.52,13.100000000000001,35.6,-0.03,0.03
111859,6110016,59.879873,1.1117,0.7,-33,0.7063,34.800000000000004,-0.52,13.100000000000001,35.6,-0.03,0.03
111859,6110955,59.882753,1.110407,0.7,-33,0.7085,34.800000000000004,-0.53,13.100000000000001,35.6,-0.03,0.03
111859,6111887,59.885467,1.10939,0.7,-33,0.7102,34.800000000000004,-0.53,13.100000000000001,35.6,-0.03,0.03
111859,6112825,59.888003,1.109068,0.6,-33,0.7111000000000001,34.800000000000004,-0.53,13.100000000000001,35.6,-0.03,0.03
111859,6113785,59.890442,1.108707,0.6,-33,0.7119000000000001,34.800000000000004,-0.53,13.100000000000001,35.6,-0.03,0.03
111859,6114776,59.892922,1.108828,0.5,-33,0.7122,34.800000000000004,-0.53,13.100000000000001,35.6,-0.03,0.03
111859,6115786,59.89499,1.109493,0.4,-33,0.7118,34.800000000000004,-0.53,13.100000000000001,35.6,-0.03,0.03
111859,6116926,59.897315,1.110192,0.5,-33,0.7114,34.800000000000004,-0.53,13.100000000000001,35.5,-0.03,0.03
111859,6117847,59.899087,1.109942,0.4,-32,0.7120000000000001,34.800000000000004,-0.53,13.100000000000001,35.5,-0.03,0.03
111859,6118847,59.900828,1.11057,0.5,-32,0.7116,34.800000000000004,-0.53,13.100000000000001,35.5,-0.03,0.03
111859,6119807,59.902427,1.111818,0.3,-32,0.7105,34.800000000000004,-0.53,13.100000000000001,35.5,-0.03,0.03
111859,6120795,59.90421,1.113815,0.4,-32,0.7087,34.800000000000004,-0.53,13.100000000000001,35.5,-0.03,0.03
111859,6121177,59.903333,1.113333,0.,-32,0.7090000000000001,34.800000000000004,-0.53,13.100000000000001,35.6,-0.03,0.03
111859,6121763,59.90537,1.117192,0.5,-32,0.7052,34.800000000000004,-0.53,13.100000000000001,35.6,-0.03,0.03
111859,6122708,59.906025,1.121268,0.6,-31,0.7009000000000001,34.800000000000004,-0.53,13.100000000000001,35.6,-0.03,0.03
111859,6123687,59.90714,1.123985,0.2,-31,0.6983,34.800000000000004,-0.53,13.100000000000001,35.6,-0.03,0.03
111859,6124846,59.897228,1.129075,3.1,-31,0.7363000000000001,34.800000000000004,-0.53,13.100000000000001,35.6,-0.03,0.03
111859,6126887,59.871783,1.138322,2.8,-32,0.679,34.800000000000004,-0.53,13.100000000000001,35.7,-0.03,0.03
111859,6127935,59.85924,1.1423,2.6,-32,0.6811,34.800000000000004,-0.53,13.100000000000001,35.800000000000004,-0.02,0.03
111859,6128195,59.855,1.141667,2.,-32,0.683,34.800000000000004,-0.53,13.100000000000001,35.800000000000004,-0.02,0.03
111859,6128376,59.853333,1.141667,2.,-32,0.6836,34.800000000000004,-0.53,13.100000000000001,35.800000000000004,-0.02,0.03
111859,6129264,59.844932,1.14137,0.3,-32,0.6869000000000001,34.800000000000004,-0.53,13.100000000000001,35.800000000000004,-0.02,0.03
111859,6130180,59.846035,1.141683,0.3,-32,0.6864,34.800000000000004,-0.53,13.100000000000001,35.800000000000004,-0.02,0.03
111859,6131184,59.847385,1.142287,0.4,-32,0.6857000000000001,34.800000000000004,-0.53,13.100000000000001,35.800000000000004,-0.02,0.03
111859,6131978,59.848333,1.141667,0.,-32,0.6855,34.800000000000004,-0.53,13.100000000000001,35.800000000000004,-0.02,0.03
111859,6132176,59.848993,1.142357,0.5,-32,0.6851,34.800000000000004,-0.53,13.100000000000001,35.800000000000004,-0.02,0.03
111859,6134076,59.852167,1.142737,0.3,-32,0.6837000000000001,34.800000000000004,-0.53,13.100000000000001,35.800000000000004,-0.02,0.03
111859,6134495,59.851667,1.141667,0.,-32,0.6843,34.800000000000004,-0.53,13.100000000000001,35.800000000000004,-0.02,0.03
111859,6135085,59.85394,1.14192,0.3,-32,0.6833,34.800000000000004,-0.53,13.100000000000001,35.800000000000004,-0.02,0.03
111859,6136036,59.85616,1.140507,0.5,-32,0.6831,34.800000000000004,-0.53,13.100000000000001,35.800000000000004,-0.02,0.03
111859,6137072,59.859047,1.139753,0.5,-32,0.6824,34.800000000000004,-0.53,13.100000000000001,35.800000000000004,-0.02,0.03
111859,6137378,59.858333,1.138333,0.,-32,0.6833,34.800000000000004,-0.53,13.100000000000001,35.800000000000004,-0.02,0.03
111859,6137558,59.86,1.138333,0.,-32,0.6828000000000001,34.800000000000004,-0.53,13.100000000000001,35.800000000000004,-0.02,0.03
111859,6137740,59.86,1.138333,0.,-32,0.6828000000000001,34.800000000000004,-0.53,13.100000000000001,35.800000000000004,-0.02,0.03
111859,6138068,59.86198,1.138463,0.6,-32,0.6821,34.800000000000004,-0.53,13.100000000000001,35.800000000000004,-0.02,0.03
111859,6139084,59.86523,1.138107,0.8,-32,0.6812,34.800000000000004,-0.53,13.100000000000001,35.800000000000004,-0.02,0.03
111859,6139896,59.866667,1.136667,0.,-32,0.6817000000000001,34.800000000000004,-0.53,13.100000000000001,35.800000000000004,-0.02,0.03
111859,6140004,59.868392,1.137948,0.8,-32,0.6803,34.800000000000004,-0.53,13.100000000000001,35.800000000000004,-0.02,0.03
111859,6140075,59.868333,1.136667,0.,-32,0.6812,34.800000000000004,-0.53,13.100000000000001,35.800000000000004,-0.02,0.03
111859,6140256,59.868333,1.136667,0.,-32,0.6812,34.800000000000004,-0.53,13.100000000000001,35.800000000000004,-0.02,0.03
111859,6140997,59.87189,1.13765,0.9,-32,0.6794,34.800000000000004,-0.53,13.100000000000001,35.7,-0.02,0.03
111859,6141917,59.875188,1.137732,0.9,-32,0.7256,34.800000000000004,-0.53,13.100000000000001,35.7,-0.03,0.03
111859,6143157,59.879663,1.139,0.6,-31,0.7241000000000001,34.800000000000004,-0.53,13.100000000000001,35.7,-0.03,0.03
111859,6144270,59.883043,1.140427,1.3,-31,0.7224,34.800000000000004,-0.53,13.100000000000001,35.7,-0.03,0.03
111859,6145312,59.87356,1.141848,1.8,-31,0.6758000000000001,34.800000000000004,-0.53,13.100000000000001,35.7,-0.02,0.03
111859,6146264,59.863715,1.143005,2.6,-32,0.6789000000000001,34.800000000000004,-0.53,13.100000000000001,35.800000000000004,-0.02,0.03
111859,6147236,59.855625,1.143697,1.9,-32,0.6819000000000001,34.800000000000004,-0.53,13.100000000000001,35.800000000000004,-0.02,0.03
111859,6148196,59.860428,1.144283,1.1,-32,0.6796,34.800000000000004,-0.53,13.100000000000001,35.800000000000004,-0.02,0.03
111859,6149169,59.865072,1.146693,1.,-31,0.6762,34.800000000000004,-0.53,13.100000000000001,35.800000000000004,-0.02,0.03
111859,6150181,59.869645,1.14947,1.,-31,0.6722,34.800000000000004,-0.54,13.100000000000001,35.800000000000004,-0.02,0.03
111859,6151085,59.873783,1.152412,1.,-31,0.6678000000000001,34.800000000000004,-0.54,13.100000000000001,35.7,-0.03,0.03
111859,6152387,59.878812,1.15785,1.2,-30,0.7021000000000001,34.800000000000004,-0.54,13.200000000000001,35.7,-0.03,0.03
111859,6153827,59.879173,1.163967,2.6,-30,0.6950000000000001,34.800000000000004,-0.54,13.200000000000001,35.7,-0.03,0.04
111859,6156146,59.857493,1.146142,2.7,-32,0.68,34.800000000000004,-0.54,13.100000000000001,35.800000000000004,-0.02,0.03
111859,6157185,59.848842,1.132218,2.6,-33,0.6884,34.800000000000004,-0.54,13.100000000000001,35.800000000000004,-0.02,0.03
111859,6158326,59.84773,1.133975,0.7,-33,0.6881,34.800000000000004,-0.54,13.100000000000001,35.800000000000004,-0.02,0.03
111859,6159364,59.8505,1.136977,0.9,-33,0.6864,34.800000000000004,-0.54,13.100000000000001,35.800000000000004,-0.02,0.03
111859,6160270,59.851953,1.139275,0.8,-32,0.6851,34.800000000000004,-0.54,13.100000000000001,35.800000000000004,-0.02,0.03
111859,6161565,59.855023,1.143862,0.7,-32,0.6821,34.800000000000004,-0.54,13.100000000000001,35.800000000000004,-0.02,0.03
111859,6162648,59.857058,1.1466,0.6,-32,0.6799000000000001,34.800000000000004,-0.54,13.100000000000001,35.800000000000004,-0.02,0.03
111859,6163705,59.85884,1.149475,0.5,-31,0.6777000000000001,34.800000000000004,-0.54,13.100000000000001,35.800000000000004,-0.02,0.03
111859,6165146,59.861027,1.152673,0.6,-31,0.6749,34.800000000000004,-0.54,13.100000000000001,35.800000000000004,-0.02,0.03
111859,6166346,59.86254,1.1546,0.3,-31,0.673,34.800000000000004,-0.54,13.100000000000001,35.800000000000004,-0.02,0.04
111859,6167407,59.864038,1.155992,0.4,-31,0.6713,34.800000000000004,-0.54,13.200000000000001,35.800000000000004,-0.02,0.04
111859,6168823,59.866082,1.158498,0.4,-30,0.6684,34.800000000000004,-0.54,13.200000000000001,35.800000000000004,-0.02,0.04
111859,6168875,59.865,1.158333,0.,-30,0.6693,34.800000000000004,-0.54,13.200000000000001,35.800000000000004,-0.02,0.04
111859,6169765,59.867053,1.158782,0.3,-30,0.6676000000000001,34.800000000000004,-0.54,13.200000000000001,35.800000000000004,-0.02,0.04
111859,6170804,59.86819,1.159552,0.4,-30,0.6663,34.800000000000004,-0.54,13.200000000000001,35.800000000000004,-0.02,0.04
111859,6174456,59.853333,1.163333,0.,-30,0.675,34.800000000000004,-0.54,13.200000000000001,35.800000000000004,-0.02,0.04
111859,6174637,59.853333,1.163333,0.,-30,0.675,34.800000000000004,-0.54,13.200000000000001,35.800000000000004,-0.02,0.04
111859,6174816,59.855,1.163333,0.,-30,0.6738000000000001,34.800000000000004,-0.54,13.200000000000001,35.800000000000004,-0.02,0.04
111859,6175830,59.856777,1.164658,0.5,-30,0.6718000000000001,34.800000000000004,-0.54,13.200000000000001,35.800000000000004,-0.02,0.04
111859,6176747,59.858395,1.164755,0.4,-30,0.6705,34.800000000000004,-0.54,13.200000000000001,35.800000000000004,-0.02,0.04
111859,6177667,59.860095,1.164703,0.5,-30,0.6693,34.800000000000004,-0.54,13.200000000000001,35.800000000000004,-0.02,0.04
111859,6178767,59.862052,1.165155,0.4,-30,0.6675,34.800000000000004,-0.54,13.200000000000001,35.800000000000004,-0.02,0.04
111859,6179728,59.863958,1.165197,0.6,-30,0.666,34.800000000000004,-0.54,13.200000000000001,35.800000000000004,-0.02,0.04
111859,6180684,59.865985,1.16551,0.4,-30,0.6642,34.800000000000004,-0.54,13.200000000000001,35.800000000000004,-0.02,0.04
111859,6181624,59.868298,1.16542,0.6,-30,0.6624,34.800000000000004,-0.54,13.200000000000001,35.800000000000004,-0.02,0.04
111859,6182548,59.870603,1.164943,0.5,-30,0.661,34.800000000000004,-0.54,13.200000000000001,35.800000000000004,-0.02,0.04
111859,6183468,59.87274,1.165015,0.6,-30,0.6592,34.800000000000004,-0.54,13.200000000000001,35.800000000000004,-0.02,0.04
111859,6184531,59.86305,1.164262,2.5,-30,0.6672,34.800000000000004,-0.54,13.200000000000001,35.800000000000004,-0.02,0.04
111859,6185544,59.851725,1.160528,2.5,-30,0.6773,34.800000000000004,-0.54,13.200000000000001,35.800000000000004,-0.02,0.04
111859,6186466,59.846562,1.15895,0.6,-31,0.6814,34.800000000000004,-0.54,13.200000000000001,35.800000000000004,-0.02,0.04
111859,6187646,59.850342,1.158137,0.9,-31,0.6791,34.800000000000004,-0.55,13.200000000000001,35.800000000000004,-0.02,0.04
111859,6188319,59.851667,1.156667,0.,-31,0.6787000000000001,34.800000000000004,-0.55,13.200000000000001,35.800000000000004,-0.02,0.04
111859,6188499,59.853333,1.156667,0.,-31,0.6777000000000001,34.800000000000004,-0.55,13.200000000000001,35.800000000000004,-0.02,0.04
111859,6188586,59.853587,1.157052,0.6,-31,0.6774,34.800000000000004,-0.55,13.200000000000001,35.800000000000004,-0.02,0.04
111859,6189523,59.85646,1.156845,0.7,-31,0.6756,34.800000000000004,-0.55,13.200000000000001,35.800000000000004,-0.02,0.04
111859,6190447,59.8593,1.156348,0.7,-31,0.674,34.800000000000004,-0.55,13.200000000000001,35.800000000000004,-0.02,0.04
111859,6191365,59.862177,1.156018,0.8,-31,0.6724,34.800000000000004,-0.55,13.200000000000001,35.800000000000004,-0.02,0.04
111859,6192304,59.865023,1.15543,0.8,-31,0.671,34.800000000000004,-0.55,13.200000000000001,35.800000000000004,-0.02,0.04
111859,6193305,59.868233,1.154965,0.7,-31,0.6693,34.800000000000004,-0.55,13.200000000000001,35.800000000000004,-0.02,0.04
111859,6194225,59.871108,1.154918,0.7,-30,0.6676000000000001,34.800000000000004,-0.55,13.200000000000001,35.800000000000004,-0.02,0.04
111859,6195126,59.871208,1.155378,4.1,-30,0.6672,34.800000000000004,-0.55,13.200000000000001,35.800000000000004,-0.02,0.04
111859,6197987,59.860193,1.15636,0.8,-31,0.6735,34.800000000000004,-0.55,13.200000000000001,35.800000000000004,-0.02,0.04
111859,6198905,59.863063,1.157108,0.6,-31,0.6712,34.800000000000004,-0.55,13.200000000000001,35.800000000000004,-0.02,0.04
111859,6199808,59.86563,1.157662,0.6,-30,0.6692,34.800000000000004,-0.55,13.200000000000001,35.800000000000004,-0.02,0.04
111859,6200767,59.868007,1.157858,0.5,-30,0.6676000000000001,34.800000000000004,-0.55,13.200000000000001,35.800000000000004,-0.02,0.04
111859,6201730,59.870072,1.157975,0.4,-30,0.6661,34.800000000000004,-0.55,13.200000000000001,35.800000000000004,-0.02,0.04
111859,6202646,59.864597,1.167503,5.1,-34,0.7044,34.800000000000004,-0.55,13.200000000000001,35.800000000000004,-0.02,0.04
111859,6203643,59.852608,1.162888,0.4,-30,0.6757000000000001,34.800000000000004,-0.55,13.200000000000001,35.800000000000004,-0.02,0.04
111859,6204647,59.854567,1.163785,0.5,-30,0.6739,34.800000000000004,-0.55,13.200000000000001,35.800000000000004,-0.02,0.04
111859,6205564,59.856173,1.1643,0.3,-30,0.6725,34.800000000000004,-0.55,13.200000000000001,35.800000000000004,-0.02,0.04
111859,6207685,59.859593,1.166332,0.3,-30,0.6688000000000001,34.800000000000004,-0.55,13.200000000000001,35.800000000000004,-0.02,0.04
111859,6208918,59.86122,1.167585,0.3,-33,0.7084,34.800000000000004,-0.55,13.200000000000001,35.800000000000004,-0.02,0.04
111859,6209887,59.862077,1.168142,0.2,-33,0.7071000000000001,34.800000000000004,-0.55,13.200000000000001,35.800000000000004,-0.02,0.04
111859,6210987,59.86272,1.168767,0.3,-33,0.7061000000000001,34.800000000000004,-0.55,13.200000000000001,35.800000000000004,-0.02,0.04
111859,6211987,59.863287,1.169563,0.1,-33,0.7051000000000001,34.800000000000004,-0.55,13.200000000000001,35.800000000000004,-0.02,0.04
111859,6212987,59.860078,1.168057,5.1,-33,0.7095,34.800000000000004,-0.55,13.200000000000001,35.800000000000004,-0.02,0.04
111859,6213948,59.84899,1.159427,0.2,-31,0.6796,34.800000000000004,-0.55,13.200000000000001,35.800000000000004,-0.02,0.04
111859,6215320,59.848333,1.158333,0.,-31,0.6803,34.800000000000004,-0.55,13.200000000000001,35.7,-0.02,0.04
111859,6215744,59.84988,1.158618,0.2,-31,0.6792,34.800000000000004,-0.55,13.200000000000001,35.800000000000004,-0.02,0.04
111859,6216864,59.850608,1.157965,0.3,-31,0.679,34.800000000000004,-0.55,13.200000000000001,35.800000000000004,-0.02,0.04
111859,6217845,59.851688,1.15753,0.2,-31,0.6784,34.800000000000004,-0.55,13.200000000000001,35.800000000000004,-0.02,0.04
111859,6218795,59.852678,1.156695,0.4,-31,0.6781,34.800000000000004,-0.55,13.200000000000001,35.800000000000004,-0.02,0.04
111859,6219756,59.853412,1.155957,0.4,-31,0.6779000000000001,34.800000000000004,-0.55,13.200000000000001,35.800000000000004,-0.02,0.04
111859,6220728,59.854693,1.154495,0.3,-31,0.6777000000000001,34.800000000000004,-0.55,13.200000000000001,35.800000000000004,-0.02,0.04
111859,6221721,59.856223,1.152763,0.4,-31,0.6776,34.800000000000004,-0.55,13.200000000000001,35.800000000000004,-0.02,0.04
111859,6222663,59.858545,1.150162,0.5,-31,0.6775,34.800000000000004,-0.56,13.200000000000001,35.800000000000004,-0.02,0.04
111859,6222697,59.858333,1.148333,0.,-31,0.6785,34.800000000000004,-0.56,13.200000000000001,35.800000000000004,-0.02,0.04
111859,6224029,59.861647,1.14656,0.5,-31,0.6778000000000001,34.800000000000004,-0.56,13.200000000000001,35.800000000000004,-0.02,0.04
111859,6224986,59.863905,1.143677,0.9,-32,0.6785,34.800000000000004,-0.56,13.200000000000001,35.800000000000004,-0.02,0.04
111859,6225986,59.866378,1.140213,1.,-32,0.6796,34.800000000000004,-0.56,13.100000000000001,35.800000000000004,-0.02,0.04
111859,6226300,59.866667,1.138333,0.,-32,0.6806,34.800000000000004,-0.56,13.100000000000001,35.800000000000004,-0.02,0.04
111859,6226480,59.866667,1.138333,0.,-32,0.6806,34.800000000000004,-0.56,13.100000000000001,35.800000000000004,-0.02,0.04
111859,6227365,59.870628,1.13557,0.7,-32,0.6813,34.800000000000004,-0.56,13.100000000000001,35.9,-0.02,0.04
111859,6228458,59.873333,1.13,0.,-32,0.6846,34.800000000000004,-0.56,13.100000000000001,35.9,-0.02,0.04
111859,6228686,59.874718,1.130592,0.8,-32,0.6839000000000001,34.800000000000004,-0.56,13.100000000000001,35.9,-0.02,0.04
111859,6229604,59.877937,1.126618,0.9,-32,0.7386,34.800000000000004,-0.56,13.100000000000001,35.9,-0.02,0.04
111859,6230769,59.8823,1.122103,0.9,-33,0.6938000000000001,34.800000000000004,-0.56,13.100000000000001,36.,-0.02,0.04
111859,6231826,59.887002,1.117577,1.,-33,0.7005,34.800000000000004,-0.56,13.100000000000001,36.,-0.02,0.04
111859,6232766,59.891217,1.114393,1.,-33,0.7053,34.800000000000004,-0.56,13.100000000000001,36.,-0.02,0.04
111859,6233707,59.895308,1.111488,1.,-33,0.7095,34.800000000000004,-0.56,13.100000000000001,36.,-0.02,0.04
111859,6234216,59.896667,1.11,1.,-33,0.7115,34.800000000000004,-0.56,13.100000000000001,36.1,-0.02,0.04
111859,6234843,59.900545,1.108708,1.1,-32,0.7137,34.800000000000004,-0.56,13.100000000000001,36.1,-0.03,0.04
111859,6239247,59.871555,1.155685,2.2,-30,0.6668000000000001,34.800000000000004,-0.56,13.200000000000001,35.9,-0.02,0.05
111859,6240631,59.858678,1.161277,1.2,-30,0.672,34.800000000000004,-0.56,13.200000000000001,35.800000000000004,-0.02,0.05
111859,6241584,59.862792,1.16224,0.8,-30,0.6685,34.800000000000004,-0.56,13.200000000000001,35.800000000000004,-0.02,0.05
111859,6242588,59.866885,1.163045,0.6,-30,0.665,34.800000000000004,-0.56,13.200000000000001,35.800000000000004,-0.02,0.05
111859,6243983,59.87237,1.163827,0.8,-30,0.6604,34.800000000000004,-0.56,13.200000000000001,35.9,-0.02,0.05
111859,6246444,59.880093,1.165713,0.6,-29,0.6928000000000001,34.800000000000004,-0.56,13.200000000000001,35.9,-0.02,0.05
111859,6247808,59.883515,1.165558,0.9,-29,0.6927,34.800000000000004,-0.56,13.200000000000001,35.9,-0.02,0.05
111859,6249485,59.862338,1.154173,3.4,-31,0.6733,34.800000000000004,-0.56,13.200000000000001,35.800000000000004,-0.02,0.05
111859,6250587,59.844882,1.159475,3.2,-31,0.6824,34.800000000000004,-0.56,13.200000000000001,35.7,-0.01,0.05
111859,6251548,59.841088,1.16132,0.5,-31,0.6846,34.800000000000004,-0.56,13.200000000000001,35.7,-0.01,0.05
111859,6252565,59.843188,1.160545,0.5,-31,0.6833,34.800000000000004,-0.56,13.200000000000001,35.7,-0.01,0.05
111859,6253645,59.845533,1.159432,0.4,-31,0.6819000000000001,34.800000000000004,-0.56,13.200000000000001,35.7,-0.01,0.05
111859,6254705,59.847282,1.158603,0.6,-31,0.681,34.800000000000004,-0.56,13.200000000000001,35.7,-0.01,0.05
111859,6255685,59.848962,1.15647,0.4,-31,0.6805,34.800000000000004,-0.56,13.200000000000001,35.7,-0.01,0.05
111859,6256666,59.850273,1.153995,0.2,-31,0.6806,34.800000000000004,-0.56,13.200000000000001,35.7,-0.01,0.05
111859,6257438,59.85,1.151667,0.,-31,0.6815,34.800000000000004,-0.56,13.200000000000001,35.7,-0.01,0.05
111859,6257583,59.85153,1.151652,0.3,-31,0.6807000000000001,34.800000000000004,-0.56,13.200000000000001,35.7,-0.01,0.05
111859,6258646,59.85277,1.148328,0.5,-32,0.6813,34.800000000000004,-0.5700000000000001,13.200000000000001,35.800000000000004,-0.01,0.05
111859,6259947,59.85436,1.144523,0.6,-32,0.6821,34.800000000000004,-0.5700000000000001,13.200000000000001,35.800000000000004,-0.01,0.05
111859,6260948,59.855565,1.141345,0.4,-32,0.6829000000000001,34.800000000000004,-0.5700000000000001,13.200000000000001,35.800000000000004,-0.01,0.05
111859,6262185,59.856713,1.136468,0.6,-32,0.6847000000000001,34.800000000000004,-0.5700000000000001,13.200000000000001,35.800000000000004,-0.01,0.05
111859,6263018,59.856667,1.131667,0.,-33,0.6869000000000001,34.800000000000004,-0.5700000000000001,13.200000000000001,35.800000000000004,-0.01,0.05
111859,6263199,59.856667,1.131667,0.,-33,0.6869000000000001,34.800000000000004,-0.5700000000000001,13.200000000000001,35.800000000000004,-0.01,0.05
111859,6263626,59.85868,1.130952,0.7,-33,0.6868000000000001,34.800000000000004,-0.5700000000000001,13.200000000000001,35.800000000000004,-0.01,0.05
111859,6264527,59.860208,1.126927,0.5,-33,0.6886,34.800000000000004,-0.5700000000000001,13.100000000000001,35.800000000000004,-0.01,0.05
111859,6265727,59.862595,1.121575,0.5,-33,0.6566000000000001,34.800000000000004,-0.5700000000000001,13.100000000000001,35.9,-0.01,0.05
111859,6268505,59.868857,1.10816,0.7,-34,0.6708000000000001,34.800000000000004,-0.5700000000000001,13.100000000000001,35.9,-0.02,0.05
111859,6271661,59.876667,1.091667,0.,-35,0.7314,34.800000000000004,-0.5700000000000001,13.100000000000001,35.9,-0.02,0.05
111859,6272484,59.880338,1.087417,0.9,-35,0.737,34.800000000000004,-0.5700000000000001,13.100000000000001,35.9,-0.02,0.05
111859,6273504,59.883857,1.08267,0.7,-28,0.7009000000000001,34.800000000000004,-0.5700000000000001,13.100000000000001,36.,-0.02,0.05
111859,6277061,59.896667,1.063333,1.,-28,0.7073,34.800000000000004,-0.5700000000000001,13.100000000000001,36.1,-0.02,0.05
111859,6277241,59.898333,1.061667,1.,-28,0.7067,34.800000000000004,-0.5700000000000001,13.100000000000001,36.2,-0.02,0.05
111859,6286525,59.854183,1.172163,0.9,-33,0.7135,34.800000000000004,-0.5700000000000001,13.200000000000001,35.7,-0.01,0.05
111859,6290746,59.869318,1.169618,0.3,-34,0.6984,34.800000000000004,-0.5700000000000001,13.200000000000001,35.9,-0.01,0.05
111859,6292226,59.872528,1.166953,0.3,-34,0.6951,34.800000000000004,-0.5700000000000001,13.200000000000001,35.9,-0.02,0.05
111859,6298662,59.838333,1.135,0.,-33,0.6903,34.800000000000004,-0.58,13.200000000000001,35.6,-0.01,0.05
111859,6304062,59.845,1.133333,0.,-33,0.6889000000000001,34.800000000000004,-0.58,13.200000000000001,35.6,-0.01,0.06
111859,6304242,59.845,1.131667,0.,-33,0.6894,34.800000000000004,-0.58,13.200000000000001,35.6,-0.01,0.06
111859,6305498,59.845,1.126667,0.,-34,0.6906,34.800000000000004,-0.58,13.200000000000001,35.6,-0.01,0.06
111859,6309642,59.845,1.103333,0.,-36,0.6739,34.800000000000004,-0.58,13.200000000000001,35.5,-0.01,0.06
111859,6310899,59.845,1.093333,0.,-37,0.6827000000000001,34.800000000000004,-0.58,13.200000000000001,35.5,-0.01,0.06
111859,6311079,59.846667,1.091667,1.,-37,0.6845,34.800000000000004,-0.58,13.200000000000001,35.5,-0.01,0.06
111859,6311259,59.846667,1.091667,2.,-37,0.6845,34.800000000000004,-0.58,13.200000000000001,35.5,-0.01,0.06
111859,6316838,59.871667,1.093333,1.,-35,0.6877,34.800000000000004,-0.58,13.100000000000001,35.9,-0.01,0.06
111859,6322419,59.891667,1.051667,2.,-28,0.7157,34.800000000000004,-0.58,13.100000000000001,36.2,-0.02,0.06
111859,6322599,59.891667,1.055,1.,-28,0.7141000000000001,34.800000000000004,-0.58,13.100000000000001,36.2,-0.02,0.06
111859,6328401,59.859153,1.14671,2.,-31,0.6789000000000001,34.800000000000004,-0.58,13.200000000000001,35.800000000000004,-0.01,0.06
111859,6339880,59.895,1.096667,1.,-33,0.7267,34.800000000000004,-0.59,13.100000000000001,36.4,-0.02,0.06
111859,6345460,59.866667,1.161667,1.,-30,0.6661,34.800000000000004,-0.59,13.200000000000001,35.9,-0.01,0.06
111859,6355003,59.888333,1.115,3.,-33,0.7040000000000001,34.800000000000004,-0.59,13.200000000000001,36.4,-0.02,0.06
111859,6355183,59.891667,1.115,2.,-33,0.7047,34.800000000000004,-0.59,13.200000000000001,36.5,-0.02,0.06
111859,6360223,59.871667,1.153333,0.,-31,0.6684,34.800000000000004,-0.59,13.200000000000001,36.,-0.01,0.06
111859,6360404,59.871667,1.153333,0.,-31,0.6684,34.800000000000004,-0.59,13.200000000000001,36.,-0.01,0.06
111859,6365803,59.86,1.198333,0.,-33,0.6942,34.800000000000004,-0.6,13.200000000000001,35.800000000000004,-0.01,0.07
111859,6373368,59.838517,1.24199,3.1,-33,0.6888000000000001,34.800000000000004,-0.6,13.200000000000001,36.,0.,0.08
111859,6382004,59.895,1.1,1.,-33,0.7228,34.800000000000004,-0.6,13.200000000000001,36.6,-0.02,0.06
111859,6387404,59.871667,1.115,1.,-34,0.6633,34.800000000000004,-0.6,13.200000000000001,36.1,-0.01,0.06
111859,6387582,59.871667,1.115,1.,-34,0.6633,34.800000000000004,-0.6,13.200000000000001,36.1,-0.01,0.06
111859,6392984,59.845,1.123333,1.,-34,0.6564,34.800000000000004,-0.6,13.200000000000001,35.5,0.,0.07
111859,6393521,59.841667,1.123333,1.,-34,0.6567000000000001,34.800000000000004,-0.6,13.200000000000001,35.5,0.,0.07
111859,6394069,59.839283,1.12245,1.7,-34,0.6577000000000001,34.800000000000004,-0.6,13.200000000000001,35.4,0.,0.07
111859,6399282,59.891667,1.073333,1.,-28,0.7056,34.800000000000004,-0.6,13.200000000000001,36.6,-0.02,0.07
111859,6399462,59.891667,1.073333,1.,-28,0.7056,34.800000000000004,-0.6,13.200000000000001,36.6,-0.02,0.07
111859,6405220,59.875,1.11,1.,-34,0.669,34.800000000000004,-0.6,13.200000000000001,36.2,-0.01,0.07
111859,6410979,59.865,1.155,0.,-31,0.6712,34.800000000000004,-0.61,13.200000000000001,35.9,-0.01,0.07
111859,6416740,59.846667,1.235,2.,-33,0.7006,34.800000000000004,-0.61,13.200000000000001,36.,0.,0.08
111859,6418566,59.849872,1.246027,3.4,-33,0.6861,34.800000000000004,-0.61,13.200000000000001,36.1,0.,0.09
111859,6419606,59.859303,1.227292,2.4,-33,0.7141000000000001,34.800000000000004,-0.61,13.200000000000001,36.,0.,0.08
111859,6420609,59.863227,1.208482,2.4,-33,0.7403000000000001,34.800000000000004,-0.61,13.200000000000001,35.9,0.,0.08
111859,6423773,59.864215,1.195373,1.3,-33,0.6943,34.800000000000004,-0.61,13.200000000000001,35.800000000000004,0.,0.08
111859,6428261,59.865,1.186667,1.,-33,0.6971,34.800000000000004,-0.61,13.200000000000001,35.9,0.,0.08
111859,6433841,59.876667,1.136667,0.,-32,0.7269,34.800000000000004,-0.61,13.200000000000001,36.300000000000004,-0.01,0.07
111859,6434021,59.876667,1.136667,0.,-32,0.7269,34.800000000000004,-0.61,13.200000000000001,36.300000000000004,-0.01,0.07
111859,6438165,59.883333,1.128333,0.,-32,0.7367,34.800000000000004,-0.61,13.200000000000001,36.5,-0.01,0.07
111859,6448965,59.875,1.101667,2.,-34,0.6787000000000001,34.800000000000004,-0.62,13.200000000000001,36.300000000000004,-0.01,0.07
111859,6449325,59.873333,1.103333,2.,-34,0.6766,34.800000000000004,-0.62,13.200000000000001,36.300000000000004,-0.01,0.07
111859,6454366,59.854437,1.121185,1.1,-34,0.6576000000000001,34.800000000000004,-0.62,13.200000000000001,35.800000000000004,0.,0.08
111859,6455468,59.860102,1.117698,0.9,-34,0.6607000000000001,34.800000000000004,-0.62,13.200000000000001,35.9,-0.01,0.08
111859,6456868,59.866993,1.113203,0.6,-34,0.6653,34.800000000000004,-0.62,13.200000000000001,36.1,-0.01,0.07
111859,6458805,59.87653,1.107053,1.,-34,0.7116,34.800000000000004,-0.62,13.200000000000001,36.4,-0.01,0.07
111859,6461524,59.88931,1.100215,1.1,-34,0.7219,34.800000000000004,-0.62,13.200000000000001,36.800000000000004,-0.01,0.07
111859,6470926,59.886667,1.126667,2.,-32,0.7388,34.800000000000004,-0.62,13.200000000000001,36.7,-0.01,0.07
111859,6475805,59.833875,1.176272,0.4,-31,0.7293000000000001,34.800000000000004,-0.63,13.200000000000001,35.4,0.01,0.09
111859,6476142,59.833333,1.175,0.,-30,0.6851,34.800000000000004,-0.63,13.200000000000001,35.4,0.01,0.09
111859,6476777,59.8348,1.176488,0.1,-31,0.7282000000000001,34.800000000000004,-0.63,13.200000000000001,35.4,0.01,0.09
111859,6479390,59.837692,1.174858,0.4,-31,0.7275,34.800000000000004,-0.63,13.200000000000001,35.300000000000004,0.01,0.09
111859,6480370,59.838787,1.173147,0.2,-31,0.7284,34.800000000000004,-0.63,13.200000000000001,35.300000000000004,0.01,0.09
111859,6481566,59.840157,1.170923,0.4,-31,0.7295,34.800000000000004,-0.63,13.200000000000001,35.300000000000004,0.01,0.09
111859,6481624,59.840243,1.170838,0.4,-31,0.7295,34.800000000000004,-0.63,13.200000000000001,35.300000000000004,0.01,0.09
111859,6481726,59.84,1.17,0.,-31,0.7307,34.800000000000004,-0.63,13.200000000000001,35.300000000000004,0.01,0.09
111859,6482082,59.84,1.17,0.,-31,0.7307,34.800000000000004,-0.63,13.200000000000001,35.300000000000004,0.01,0.09
111859,6482262,59.84,1.168333,0.,-31,0.7325,34.800000000000004,-0.63,13.200000000000001,35.300000000000004,0.01,0.09
111859,6482726,59.84144,1.168635,0.3,-31,0.7305,34.800000000000004,-0.63,13.200000000000001,35.300000000000004,0.01,0.09
111859,6483707,59.842653,1.166572,0.6,-30,0.6824,34.800000000000004,-0.63,13.200000000000001,35.4,0.01,0.09
111859,6484691,59.84402,1.164532,0.6,-30,0.6817000000000001,34.800000000000004,-0.63,13.200000000000001,35.4,0.,0.09
111859,6485667,59.845373,1.162585,0.2,-30,0.6812,34.800000000000004,-0.63,13.200000000000001,35.4,0.,0.09
111859,6486572,59.846488,1.159852,0.7,-31,0.6811,34.800000000000004,-0.63,13.200000000000001,35.5,0.,0.09
111859,6487306,59.846667,1.156667,0.,-31,0.6819000000000001,34.800000000000004,-0.63,13.200000000000001,35.5,0.,0.09
111859,6487552,59.847588,1.156838,0.4,-31,0.6813,34.800000000000004,-0.63,13.200000000000001,35.5,0.,0.09
111859,6487664,59.846667,1.155,0.,-31,0.6824,34.800000000000004,-0.63,13.200000000000001,35.5,0.,0.09
111859,6487843,59.846667,1.155,0.,-31,0.6824,34.800000000000004,-0.63,13.200000000000001,35.5,0.,0.09
111859,6488528,59.848722,1.153003,0.2,-31,0.6818000000000001,34.800000000000004,-0.63,13.200000000000001,35.5,0.,0.09
111859,6489432,59.850065,1.149337,0.2,-32,0.6823,34.800000000000004,-0.63,13.200000000000001,35.6,0.,0.09
111859,6490364,59.851588,1.145712,0.7,-32,0.6828000000000001,34.800000000000004,-0.63,13.200000000000001,35.6,0.,0.09
111859,6492386,59.855257,1.137067,0.8,-32,0.6849000000000001,34.800000000000004,-0.63,13.200000000000001,35.7,0.,0.08
111859,6493390,59.856655,1.13174,0.7,-33,0.6869000000000001,34.800000000000004,-0.63,13.200000000000001,35.800000000000004,0.,0.08
111859,6494291,59.857747,1.126257,0.8,-33,0.6892,34.800000000000004,-0.63,13.200000000000001,35.800000000000004,0.,0.08
111859,6495666,59.859138,1.11683,0.9,-34,0.6616000000000001,34.800000000000004,-0.63,13.200000000000001,35.9,0.,0.08
111859,6496586,59.85995,1.109998,0.8,-35,0.6685,34.800000000000004,-0.63,13.200000000000001,35.9,0.,0.08
111859,6498227,59.861802,1.097487,0.6,-36,0.6815,34.800000000000004,-0.63,13.200000000000001,35.9,-0.01,0.08
111859,6516104,59.875,1.15,0.,-31,0.669,34.800000000000004,-0.64,13.200000000000001,36.4,0.,0.08
111859,6516644,59.875,1.146667,0.,-31,0.6715,34.800000000000004,-0.64,13.200000000000001,36.4,0.,0.08
111859,6516824,59.875,1.145,0.,-31,0.6728000000000001,34.800000000000004,-0.64,13.200000000000001,36.4,0.,0.08
111859,6522224,59.878333,1.098333,0.,-34,0.7230000000000001,34.800000000000004,-0.64,13.200000000000001,36.6,-0.01,0.08
111859,6562586,59.882333,1.156092,1.5,-30,0.7040000000000001,34.800000000000004,-0.65,13.200000000000001,36.7,0.,0.09
111859,6564247,59.886823,1.148925,0.9,-30,0.7123,34.800000000000004,-0.65,13.200000000000001,36.9,0.,0.09
111859,6564708,59.886667,1.146667,0.,-31,0.7150000000000001,34.800000000000004,-0.65,13.200000000000001,36.9,0.,0.09
111859,6566644,59.891907,1.138957,0.5,-31,0.7241000000000001,34.800000000000004,-0.65,13.200000000000001,37.1,0.,0.08
111859,6567668,59.89361,1.134402,0.4,-31,0.7297,34.800000000000004,-0.65,13.200000000000001,37.2,0.,0.08
111859,6568906,59.895583,1.128767,0.7,-31,0.7366,34.800000000000004,-0.65,13.200000000000001,37.4,0.,0.08
111859,6570288,59.896667,1.121667,0.,-32,0.6981,34.800000000000004,-0.65,13.200000000000001,37.5,-0.01,0.08
111859,6570366,59.898043,1.12282,0.5,-32,0.6971,34.800000000000004,-0.65,13.200000000000001,37.5,-0.01,0.08
111859,6570466,59.896667,1.121667,1.,-32,0.6981,34.800000000000004,-0.65,13.200000000000001,37.5,-0.01,0.08
111859,6570468,59.896667,1.121667,1.,-32,0.6981,34.800000000000004,-0.65,13.200000000000001,37.5,-0.01,0.08
111859,6570645,59.898333,1.121667,0.,-32,0.6985,34.800000000000004,-0.65,13.200000000000001,37.5,-0.01,0.08
111859,6570648,59.898333,1.121667,0.,-32,0.6985,34.800000000000004,-0.65,13.200000000000001,37.5,-0.01,0.08
111859,6573624,59.903647,1.108365,1.,-32,0.7146,34.800000000000004,-0.65,13.200000000000001,37.800000000000004,-0.01,0.08
111859,6576045,59.908333,1.096667,0.,-33,0.7279,34.800000000000004,-0.65,13.200000000000001,38.,-0.01,0.08
111859,6576225,59.908333,1.096667,1.,-33,0.7279,34.800000000000004,-0.65,13.200000000000001,38.,-0.01,0.08
111859,6581805,59.88,1.153333,1.,-30,0.7073,34.800000000000004,-0.65,13.200000000000001,36.6,0.,0.09
111859,6610069,59.858333,1.191667,0.,-33,0.6983,34.800000000000004,-0.66,13.200000000000001,35.7,0.02,0.11
111859,6615829,59.856667,1.16,0.,-30,0.674,34.800000000000004,-0.66,13.200000000000001,35.7,0.01,0.11
111859,6621409,59.853333,1.121667,0.,-34,0.6572,34.800000000000004,-0.67,13.200000000000001,35.7,0.,0.1
111859,6647146,59.881667,1.113333,0.,-33,0.7046,34.800000000000004,-0.67,13.200000000000001,37.1,0.,0.1
111859,6647506,59.881667,1.116667,1.,-33,0.7005,34.800000000000004,-0.67,13.200000000000001,37.1,0.,0.1
111859,6648410,59.875,1.123333,1.,-33,0.6536000000000001,34.800000000000004,-0.67,13.200000000000001,36.7,0.,0.1
111859,6653267,59.853333,1.153333,0.,-31,0.679,34.800000000000004,-0.68,13.200000000000001,35.6,0.01,0.11
111859,6653630,59.853333,1.153333,0.,-31,0.679,34.800000000000004,-0.68,13.200000000000001,35.6,0.01,0.11
111859,6653810,59.853333,1.153333,0.,-31,0.679,34.800000000000004,-0.67,13.200000000000001,35.6,0.01,0.11
111859,6656706,59.860887,1.152652,0.5,-31,0.675,34.800000000000004,-0.67,13.200000000000001,35.9,0.01,0.11
111859,6658663,59.863333,1.15,0.,-31,0.6751,34.800000000000004,-0.67,13.200000000000001,36.,0.01,0.11
111859,6658843,59.865,1.15,0.,-31,0.6742,34.800000000000004,-0.67,13.200000000000001,36.1,0.01,0.11
111859,6659210,59.865,1.15,0.,-31,0.6742,34.800000000000004,-0.67,13.200000000000001,36.1,0.01,0.11
111859,6659390,59.865,1.148333,0.,-31,0.6752,34.800000000000004,-0.67,13.200000000000001,36.1,0.01,0.11
111859,6661663,59.871503,1.145245,0.5,-31,0.6742,34.800000000000004,-0.67,13.200000000000001,36.4,0.01,0.1
111859,6687645,59.846667,1.18,0.,-32,0.7142000000000001,34.800000000000004,-0.67,13.200000000000001,35.2,0.02,0.11
111859,6687824,59.848333,1.178333,0.,-32,0.7143,34.800000000000004,-0.67,13.200000000000001,35.300000000000004,0.02,0.11
111859,6693586,59.863333,1.173333,0.,-33,0.7035,34.800000000000004,-0.67,13.200000000000001,35.9,0.02,0.11
111859,6704391,59.88,1.146667,0.,-31,0.7152000000000001,34.800000000000004,-0.67,13.200000000000001,36.7,0.01,0.1
111859,6704571,59.88,1.145,0.,-31,0.7171000000000001,34.800000000000004,-0.67,13.200000000000001,36.7,0.01,0.1
111859,6709971,59.891667,1.123333,1.,-32,0.6948000000000001,34.800000000000004,-0.66,13.200000000000001,37.300000000000004,0.,0.09
111859,6735349,59.873333,1.133333,0.,-32,0.6822,34.800000000000004,-0.66,13.200000000000001,36.4,0.,0.1
111859,6737152,59.875,1.13,0.,-32,0.6843,34.800000000000004,-0.66,13.200000000000001,36.4,0.,0.09
111859,6741469,59.878333,1.121667,0.,-33,0.6933,34.800000000000004,-0.66,13.200000000000001,36.6,0.,0.09
111859,6742552,59.876667,1.12,0.,-33,0.6951,34.800000000000004,-0.66,13.200000000000001,36.5,0.,0.09
111859,6742732,59.876667,1.118333,0.,-33,0.6972,34.800000000000004,-0.66,13.200000000000001,36.5,0.,0.09
111859,6747228,59.876667,1.103333,0.,-34,0.7164,34.800000000000004,-0.66,13.200000000000001,36.5,0.,0.09
111859,6756126,59.867798,1.082563,4.8,-28,0.6525000000000001,34.800000000000004,-0.66,13.200000000000001,36.1,0.,0.1
111859,6757085,59.872757,1.121783,4.5,-33,0.6556000000000001,34.800000000000004,-0.66,13.200000000000001,36.300000000000004,0.,0.09
111859,6758025,59.877453,1.160887,4.9,-30,0.6987,34.800000000000004,-0.66,13.200000000000001,36.4,0.01,0.1
111859,6758965,59.880037,1.169848,0.7,-35,0.74,34.800000000000004,-0.66,13.200000000000001,36.4,0.01,0.1
111859,6760206,59.880517,1.161312,1.1,-30,0.6980000000000001,34.800000000000004,-0.66,13.200000000000001,36.5,0.01,0.1
111859,6761127,59.88075,1.155933,0.6,-30,0.7043,34.800000000000004,-0.66,13.200000000000001,36.5,0.01,0.09
111859,6762088,59.880887,1.151362,0.5,-30,0.7096,34.800000000000004,-0.66,13.200000000000001,36.5,0.01,0.09
111859,6769768,59.88105,1.123062,0.5,-32,0.6923,34.800000000000004,-0.66,13.200000000000001,36.6,0.,0.09
111859,6776384,59.872298,1.124318,0.5,-33,0.6527000000000001,34.800000000000004,-0.66,13.200000000000001,36.2,0.,0.09
111859,6777568,59.869595,1.125657,0.5,-33,0.6882,34.800000000000004,-0.66,13.200000000000001,36.1,0.,0.09
111859,6778645,59.866775,1.126563,0.5,-33,0.6880000000000001,34.800000000000004,-0.66,13.200000000000001,36.,0.,0.09
111859,6780065,59.862487,1.129283,0.5,-33,0.687,34.800000000000004,-0.66,13.200000000000001,35.800000000000004,0.,0.09
111859,6781026,59.859137,1.130502,0.7,-33,0.687,34.800000000000004,-0.66,13.200000000000001,35.6,0.,0.1
111859,6781790,59.855,1.13,0.,-33,0.6880000000000001,34.800000000000004,-0.66,13.200000000000001,35.4,0.,0.1
111859,6781968,59.855,1.131667,1.,-33,0.6873,34.800000000000004,-0.66,13.200000000000001,35.4,0.01,0.1
111859,6782026,59.855458,1.132093,0.8,-33,0.687,34.800000000000004,-0.66,13.200000000000001,35.5,0.01,0.1
111859,6783086,59.851177,1.13409,1.2,-33,0.6872,34.800000000000004,-0.66,13.200000000000001,35.300000000000004,0.01,0.1
111859,6784024,59.847427,1.134657,0.8,-33,0.6880000000000001,34.800000000000004,-0.66,13.200000000000001,35.1,0.01,0.1
111859,6785485,59.841582,1.136343,0.7,-33,0.6892,34.800000000000004,-0.66,13.200000000000001,34.800000000000004,0.01,0.1
111859,6786426,59.8377,1.136797,0.9,-33,0.6902,34.800000000000004,-0.66,13.200000000000001,34.800000000000004,0.01,0.1
111859,6787732,59.831667,1.136667,1.,-27,0.6558,34.800000000000004,-0.66,13.200000000000001,34.800000000000004,0.01,0.1
111859,6787913,59.83,1.136667,0.,-27,0.657,34.800000000000004,-0.66,13.200000000000001,34.9,0.01,0.1
111859,6792007,59.813772,1.137722,1.2,-27,0.6677000000000001,34.800000000000004,-0.66,13.200000000000001,35.,0.01,0.1
111859,6792963,59.826612,1.131958,3.1,-27,0.6602,34.800000000000004,-0.66,13.200000000000001,34.9,0.01,0.1
111859,6793313,59.83,1.128333,3.,-27,0.6583,34.800000000000004,-0.66,13.200000000000001,34.800000000000004,0.01,0.1
111859,6793493,59.833333,1.125,3.,-27,0.6562,34.800000000000004,-0.66,13.200000000000001,34.800000000000004,0.01,0.1
111859,6793887,59.839557,1.123043,2.9,-34,0.6571,34.800000000000004,-0.66,13.200000000000001,34.800000000000004,0.,0.1
111859,6794931,59.853847,1.113208,3.3,-35,0.6653,34.800000000000004,-0.65,13.200000000000001,35.4,0.,0.1
111859,6795992,59.868873,1.101962,3.3,-35,0.6777000000000001,34.800000000000004,-0.65,13.200000000000001,36.1,0.,0.09
111859,6797138,59.885347,1.096665,3.3,-34,0.7258,34.800000000000004,-0.65,13.200000000000001,36.800000000000004,0.,0.09
111859,6798094,59.899145,1.09211,3.9,-33,0.7322000000000001,34.800000000000004,-0.65,13.200000000000001,37.4,0.,0.09
111859,6799615,59.920273,1.084705,3.,-39,0.7178,34.800000000000004,-0.65,13.200000000000001,38.400000000000006,-0.01,0.08
111859,6820134,59.885,1.083333,1.,-28,0.7005,34.800000000000004,-0.65,13.200000000000001,36.7,0.,0.09
111859,6820313,59.883333,1.083333,1.,-28,0.7004,34.800000000000004,-0.65,13.200000000000001,36.7,0.,0.09
111859,6820494,59.883333,1.083333,1.,-28,0.7004,34.800000000000004,-0.65,13.200000000000001,36.7,0.,0.09
111859,6825894,59.858333,1.101667,1.,-35,0.6768000000000001,34.800000000000004,-0.65,13.200000000000001,35.5,0.,0.09
111859,6831294,59.831667,1.125,0.,-27,0.6576000000000001,34.800000000000004,-0.65,13.200000000000001,34.7,0.,0.1
111859,6835606,59.871667,1.111667,2.,-34,0.667,34.800000000000004,-0.65,13.200000000000001,36.1,0.,0.09
111859,6864231,59.933333,1.101667,0.,-38,0.7278,34.9,-0.64,13.200000000000001,38.900000000000006,0.,0.08
111859,6864411,59.933333,1.101667,0.,-38,0.7278,34.9,-0.64,13.200000000000001,38.900000000000006,0.,0.08
111859,6864591,59.931667,1.101667,0.,-38,0.7279,34.9,-0.64,13.200000000000001,38.800000000000004,0.,0.08
111859,6871075,59.908333,1.118333,0.,-31,0.7047,34.800000000000004,-0.64,13.200000000000001,37.4,0.,0.08
111859,6876655,59.885,1.131667,1.,-32,0.7328,34.800000000000004,-0.64,13.200000000000001,36.4,0.,0.08
111859,6882055,59.863333,1.145,0.,-31,0.6779000000000001,34.800000000000004,-0.64,13.200000000000001,35.5,0.01,0.09
111859,6909055,59.913333,1.126667,0.,-31,0.7398,34.800000000000004,-0.63,13.200000000000001,37.5,0.,0.08
111859,6914276,59.905,1.076667,0.,-27,0.7020000000000001,34.9,-0.63,13.200000000000001,37.300000000000004,0.,0.08
111859,6914636,59.903333,1.078333,1.,-27,0.7022,34.9,-0.63,13.200000000000001,37.2,0.,0.08
111859,6923812,59.865,1.128333,1.,-33,0.6871,34.800000000000004,-0.63,13.200000000000001,35.5,0.,0.08
111859,6947033,59.923333,1.101667,0.,-39,0.728,34.9,-0.63,13.200000000000001,37.9,0.,0.08
111859,6952793,59.913333,1.131667,0.,-31,0.7334,34.800000000000004,-0.63,13.200000000000001,37.300000000000004,0.01,0.08
111859,6965217,59.88,1.123333,1.,-33,0.6917,34.800000000000004,-0.63,13.200000000000001,36.,0.,0.08
111859,6965397,59.88,1.123333,1.,-33,0.6917,34.800000000000004,-0.63,13.200000000000001,36.,0.,0.08
111859,6978288,59.838742,1.165303,0.4,-30,0.6857000000000001,34.800000000000004,-0.63,13.200000000000001,34.5,0.01,0.08
111859,6994729,59.928333,1.081667,0.,-32,0.7260000000000001,34.9,-0.62,13.100000000000001,38.1,0.,0.08
111859,6997977,59.923333,1.09,1.,-39,0.7209,34.9,-0.62,13.100000000000001,37.7,0.,0.08
111859,7000669,59.918333,1.098333,0.,-39,0.7260000000000001,34.9,-0.62,13.100000000000001,37.4,0.,0.08
111859,7000850,59.916667,1.1,0.,-39,0.7271000000000001,34.9,-0.62,13.100000000000001,37.300000000000004,0.,0.08
111859,7001029,59.916667,1.1,0.,-39,0.7271000000000001,34.9,-0.62,13.100000000000001,37.300000000000004,0.,0.08
111859,7003197,59.911667,1.106667,1.,-32,0.7177,34.800000000000004,-0.62,13.100000000000001,37.1,0.,0.08
111859,7003377,59.911667,1.106667,0.,-32,0.7177,34.800000000000004,-0.62,13.100000000000001,37.,0.,0.08
111859,7006614,59.903333,1.116667,1.,-32,0.7053,34.800000000000004,-0.62,13.100000000000001,36.7,0.,0.08
111859,7020545,59.86263,1.124525,0.5,-33,0.6535000000000001,34.800000000000004,-0.62,13.100000000000001,35.2,0.,0.08
111859,7034876,59.853333,1.101667,0.,-36,0.6763,34.800000000000004,-0.62,13.100000000000001,34.800000000000004,0.,0.08
111859,7035236,59.853333,1.101667,0.,-36,0.6763,34.800000000000004,-0.62,13.100000000000001,34.800000000000004,0.,0.08
111859,7035417,59.853333,1.101667,0.,-36,0.6763,34.800000000000004,-0.62,13.100000000000001,34.800000000000004,0.,0.08
111859,7035425,59.854287,1.102525,0.4,-36,0.6756,34.800000000000004,-0.62,13.100000000000001,34.9,0.,0.08
111859,7039767,59.858908,1.100647,0.6,-35,0.6779000000000001,34.800000000000004,-0.62,13.100000000000001,35.,0.,0.08
111859,7040996,59.86,1.1,0.,-35,0.6787000000000001,34.800000000000004,-0.62,13.100000000000001,35.1,0.,0.08
111859,7041356,59.861667,1.1,0.,-35,0.6789000000000001,34.800000000000004,-0.62,13.100000000000001,35.1,0.,0.08
111859,7042185,59.863143,1.101077,0.6,-35,0.678,34.800000000000004,-0.62,13.100000000000001,35.2,0.,0.08
111859,7043126,59.864573,1.10084,0.1,-35,0.6784,34.800000000000004,-0.62,13.100000000000001,35.2,0.,0.08
111859,7045165,59.867322,1.099558,0.7,-35,0.6801,34.800000000000004,-0.62,13.100000000000001,35.300000000000004,0.,0.08
111859,7046446,59.868535,1.097613,0.2,-35,0.6824,34.800000000000004,-0.62,13.100000000000001,35.4,0.,0.08
111859,7047666,59.869442,1.095635,0.2,-35,0.6847000000000001,34.800000000000004,-0.62,13.100000000000001,35.4,0.,0.08
111859,7048379,59.868333,1.093333,0.,-35,0.687,34.800000000000004,-0.62,13.100000000000001,35.4,0.,0.08
111859,7048689,59.87007,1.094833,0.3,-35,0.6857000000000001,34.800000000000004,-0.62,13.100000000000001,35.4,0.,0.08
111859,7049686,59.870757,1.094313,0.2,-35,0.6864,34.800000000000004,-0.62,13.100000000000001,35.5,0.,0.08
111859,7050811,59.870852,1.093142,0.3,-35,0.6877,34.9,-0.62,13.100000000000001,35.5,0.,0.08
111859,7051925,59.87055,1.091735,0.2,-35,0.6892,34.9,-0.62,13.100000000000001,35.5,0.,0.08
111859,7053225,59.870065,1.09078,0.3,-36,0.6902,34.9,-0.62,13.100000000000001,35.4,0.,0.08
111859,7054139,59.868333,1.088333,0.,-36,0.6925,34.9,-0.62,13.100000000000001,35.4,0.,0.08
111859,7054367,59.869607,1.089087,0.2,-36,0.6920000000000001,34.9,-0.62,13.100000000000001,35.4,0.,0.08
111859,7055351,59.869418,1.087822,0.2,-36,0.6933,34.9,-0.61,13.100000000000001,35.4,0.,0.08
111859,7056587,59.869013,1.085598,0.3,-36,0.6957,34.9,-0.61,13.100000000000001,35.4,0.,0.08
111859,7057647,59.86855,1.083257,0.4,-28,0.6517000000000001,34.9,-0.61,13.100000000000001,35.4,0.,0.08
111859,7058805,59.868227,1.080167,0.3,-28,0.6554,34.9,-0.61,13.100000000000001,35.4,0.,0.08
111859,7060104,59.868253,1.076607,0.1,-28,0.6598,34.9,-0.61,13.100000000000001,35.4,0.,0.08
111859,7070405,59.867443,1.154735,0.5,-31,0.6699,34.800000000000004,-0.61,13.100000000000001,35.300000000000004,0.,0.07
111859,7078628,59.882633,1.129722,0.6,-32,0.7351000000000001,34.800000000000004,-0.61,13.100000000000001,35.7,0.,0.07
111859,7080959,59.89,1.121667,0.,-32,0.6964,34.800000000000004,-0.61,13.100000000000001,35.9,0.,0.07
111859,7082827,59.896658,1.120728,0.8,-32,0.6992,34.800000000000004,-0.61,13.100000000000001,36.1,0.01,0.08
111859,7084528,59.902273,1.117932,0.6,-32,0.7037,34.800000000000004,-0.61,13.100000000000001,36.300000000000004,0.01,0.08
111859,7085923,59.906633,1.1165,0.7,-32,0.7063,34.800000000000004,-0.61,13.100000000000001,36.4,0.01,0.08
111859,7086360,59.906667,1.115,0.,-32,0.7079000000000001,34.800000000000004,-0.61,13.100000000000001,36.5,0.01,0.08
111859,7086540,59.908333,1.115,0.,-32,0.7082,34.9,-0.61,13.100000000000001,36.5,0.01,0.08
111859,7089057,59.915,1.113333,0.,-31,0.7114,34.9,-0.61,13.100000000000001,36.7,0.01,0.08
111859,7092027,59.872348,1.132357,0.3,-32,0.6831,34.800000000000004,-0.61,13.100000000000001,35.300000000000004,0.,0.07
111859,7092119,59.871667,1.131667,0.,-32,0.6838000000000001,34.800000000000004,-0.61,13.100000000000001,35.300000000000004,0.,0.07
111859,7093499,59.874582,1.130952,0.6,-32,0.6837000000000001,34.800000000000004,-0.61,13.100000000000001,35.4,0.,0.07
111859,7094692,59.876615,1.129848,0.6,-32,0.7348,34.800000000000004,-0.61,13.100000000000001,35.5,0.,0.07
111859,7094964,59.877093,1.129575,0.4,-32,0.7351000000000001,34.800000000000004,-0.61,13.100000000000001,35.5,0.,0.07
111859,7094997,59.876667,1.128333,0.,-32,0.7365,34.800000000000004,-0.61,13.100000000000001,35.5,0.,0.07
111859,7096089,59.878582,1.127155,0.4,-32,0.738,34.800000000000004,-0.61,13.100000000000001,35.5,0.,0.07
111859,7097237,59.8799,1.123915,0.3,-32,0.6909000000000001,34.800000000000004,-0.61,13.100000000000001,35.5,0.,0.07
111859,7098505,59.881182,1.12085,0.2,-33,0.6951,34.800000000000004,-0.61,13.100000000000001,35.6,0.,0.07
111859,7100344,59.882957,1.115033,0.5,-33,0.7028,34.800000000000004,-0.61,13.100000000000001,35.6,0.,0.07
111859,7105906,59.891057,1.092218,0.6,-34,0.7316,34.9,-0.61,13.100000000000001,36.,0.,0.07
111859,7123438,59.878333,1.148333,1.,-31,0.7133,34.800000000000004,-0.61,13.100000000000001,35.5,0.,0.07
111859,7123798,59.88,1.146667,1.,-31,0.7152000000000001,34.800000000000004,-0.61,13.100000000000001,35.5,0.,0.07
111859,7137301,59.926667,1.1,0.,-39,0.7269,34.9,-0.6,13.100000000000001,37.300000000000004,0.01,0.08
111859,7142701,59.901667,1.103333,3.,-33,0.7198,34.9,-0.6,13.100000000000001,36.2,0.01,0.07
111859,7171678,59.871667,1.09,0.,-35,0.6914,34.9,-0.6,13.100000000000001,35.2,0.,0.07
111859,7175281,59.878333,1.071667,1.,-28,0.7107,34.9,-0.6,13.100000000000001,35.5,0.,0.07
111859,7175461,59.878333,1.071667,0.,-28,0.7107,34.9,-0.6,13.100000000000001,35.5,0.,0.07
111859,7177258,59.876667,1.083333,4.,-28,0.7000000000000001,34.9,-0.6,13.100000000000001,35.4,0.,0.07
111859,7177619,59.875,1.095,3.,-35,0.6864,34.9,-0.6,13.100000000000001,35.2,0.,0.07
111859,7183199,59.868333,1.163333,1.,-30,0.6638000000000001,34.800000000000004,-0.6,13.100000000000001,35.1,0.,0.06
111859,7206239,59.88,1.126667,1.,-32,0.7386,34.800000000000004,-0.59,13.100000000000001,35.2,0.,0.07
111859,7206419,59.88,1.125,1.,-32,0.7405,34.800000000000004,-0.59,13.100000000000001,35.2,0.,0.07
111859,7211999,59.87,1.126667,3.,-33,0.6875,34.800000000000004,-0.59,13.100000000000001,34.9,0.,0.06
111859,7212179,59.87,1.13,2.,-32,0.6852,34.800000000000004,-0.59,13.100000000000001,34.9,0.,0.06
111859,7220643,59.865,1.171667,0.,-34,0.7025,34.800000000000004,-0.59,13.100000000000001,34.9,0.,0.06
111859,7223778,59.863532,1.153942,0.7,-31,0.6727000000000001,34.800000000000004,-0.59,13.100000000000001,34.800000000000004,0.,0.06
111859,7224982,59.86173,1.146863,0.7,-31,0.6776,34.800000000000004,-0.59,13.100000000000001,34.7,0.,0.06
111859,7226222,59.858333,1.138333,0.,-32,0.6833,34.800000000000004,-0.59,13.100000000000001,34.6,0.,0.06
111859,7226305,59.859518,1.138768,0.7,-32,0.6827000000000001,34.800000000000004,-0.59,13.100000000000001,34.6,0.,0.06
111859,7230428,59.85081,1.114782,0.6,-35,0.6638000000000001,34.800000000000004,-0.59,13.100000000000001,34.300000000000004,-0.01,0.06
111859,7231687,59.868043,1.1414,4.,-32,0.6782,34.800000000000004,-0.59,13.100000000000001,34.9,0.,0.06
111859,7246683,59.839065,1.09144,1.,-38,0.6831,34.800000000000004,-0.59,13.100000000000001,34.,-0.01,0.06
111859,7247691,59.837387,1.085952,0.6,-38,0.6872,34.800000000000004,-0.59,13.100000000000001,34.,-0.01,0.06
111859,7248627,59.835605,1.081893,1.9,-29,0.6533,34.800000000000004,-0.59,13.100000000000001,34.1,-0.01,0.06
111859,7249865,59.850603,1.10757,3.6,-35,0.6705,34.800000000000004,-0.59,13.100000000000001,34.300000000000004,-0.01,0.06
111859,7252205,59.879548,1.160568,3.6,-30,0.6989000000000001,34.800000000000004,-0.59,13.100000000000001,35.300000000000004,0.,0.06
111859,7253043,59.878333,1.161667,0.,-30,0.6977,34.800000000000004,-0.59,13.100000000000001,35.2,0.,0.06
111859,7253224,59.878333,1.161667,0.,-30,0.6977,34.800000000000004,-0.59,13.100000000000001,35.2,0.,0.06
111859,7253941,59.878333,1.158333,0.,-30,0.7016,34.800000000000004,-0.59,13.100000000000001,35.2,0.,0.06
111859,7258443,59.873333,1.141667,0.,-31,0.676,34.800000000000004,-0.59,13.100000000000001,35.,0.,0.06
111859,7258623,59.873333,1.141667,0.,-31,0.676,34.800000000000004,-0.59,13.100000000000001,35.,0.,0.06
111859,7258804,59.873333,1.14,0.,-32,0.6772,34.800000000000004,-0.59,13.100000000000001,35.,0.,0.06
111859,7259645,59.873853,1.138875,0.3,-32,0.6779000000000001,34.800000000000004,-0.59,13.100000000000001,35.,0.,0.06
111859,7259881,59.873333,1.136667,0.,-32,0.6797000000000001,34.800000000000004,-0.59,13.100000000000001,34.9,0.,0.06
111859,7260061,59.873333,1.136667,0.,-32,0.6797000000000001,34.800000000000004,-0.59,13.100000000000001,34.9,0.,0.06
111859,7260665,59.87352,1.13565,0.5,-32,0.6804,34.800000000000004,-0.59,13.100000000000001,35.,0.,0.06
111859,7264023,59.871667,1.126667,0.,-33,0.6873,34.800000000000004,-0.59,13.100000000000001,34.9,0.,0.06
111859,7264203,59.871667,1.125,0.,-33,0.6885,34.800000000000004,-0.59,13.100000000000001,34.9,0.,0.06
111859,7264986,59.87233,1.125043,0.2,-33,0.6884,34.800000000000004,-0.59,13.100000000000001,34.9,0.,0.06
111859,7266002,59.871667,1.121667,0.,-33,0.6558,34.800000000000004,-0.59,13.100000000000001,34.9,0.,0.06
111859,7266026,59.872038,1.122622,0.5,-33,0.6547000000000001,34.800000000000004,-0.59,13.100000000000001,34.9,0.,0.06
111859,7268947,59.870358,1.117103,0.3,-33,0.661,34.800000000000004,-0.58,13.100000000000001,34.9,0.,0.06
111859,7271580,59.866667,1.111667,0.,-34,0.667,34.800000000000004,-0.58,13.100000000000001,34.800000000000004,0.,0.06
111859,7272626,59.865887,1.11167,0.4,-34,0.6669,34.800000000000004,-0.58,13.100000000000001,34.800000000000004,0.,0.06
111859,7274064,59.863467,1.109803,0.1,-34,0.6689,34.800000000000004,-0.58,13.100000000000001,34.800000000000004,0.,0.06
111859,7275105,59.861328,1.110218,3.7,-34,0.6684,34.800000000000004,-0.58,13.100000000000001,34.7,0.,0.06
111859,7276045,59.861743,1.145105,4.1,-32,0.6786,34.800000000000004,-0.58,13.100000000000001,34.800000000000004,0.,0.05
111859,7277026,59.861623,1.173952,0.7,-33,0.7050000000000001,34.800000000000004,-0.59,13.100000000000001,34.9,0.,0.05
111859,7277986,59.859575,1.171913,0.6,-33,0.7081000000000001,34.800000000000004,-0.59,13.100000000000001,34.9,0.,0.05
111859,7280386,59.853808,1.166085,0.7,-30,0.6736000000000001,34.800000000000004,-0.58,13.100000000000001,34.7,0.,0.05
111859,7282024,59.850393,1.15996,0.8,-31,0.6784,34.800000000000004,-0.58,13.100000000000001,34.6,0.,0.05
111859,7283004,59.848092,1.155323,0.8,-31,0.6814,34.800000000000004,-0.58,13.100000000000001,34.5,0.,0.05
111859,7284285,59.845287,1.149487,0.6,-32,0.6847000000000001,34.800000000000004,-0.58,13.100000000000001,34.4,0.,0.05
111859,7285245,59.843627,1.143993,0.8,-32,0.6868000000000001,34.800000000000004,-0.58,13.100000000000001,34.4,0.,0.05
111859,7286224,59.842068,1.138217,0.7,-33,0.6886,34.800000000000004,-0.58,13.100000000000001,34.300000000000004,0.,0.05
111859,7287225,59.840323,1.131662,0.7,-34,0.6904,34.800000000000004,-0.58,13.100000000000001,34.300000000000004,0.,0.05
111859,7288226,59.839443,1.125302,0.7,-34,0.6916,34.800000000000004,-0.58,13.100000000000001,34.300000000000004,0.,0.05
111859,7289186,59.83907,1.119045,0.7,-35,0.6605000000000001,34.800000000000004,-0.58,13.100000000000001,34.300000000000004,0.,0.05
111859,7290127,59.839882,1.134838,3.7,-33,0.6899000000000001,34.800000000000004,-0.58,13.100000000000001,34.300000000000004,0.,0.05
111859,7291046,59.844125,1.163482,3.7,-30,0.6819000000000001,34.800000000000004,-0.58,13.100000000000001,34.5,0.,0.04
111859,7292014,59.850172,1.19119,3.8,-32,0.7024,34.800000000000004,-0.58,13.100000000000001,34.7,0.01,0.04
111859,7293145,59.853158,1.19358,0.4,-32,0.6993,34.800000000000004,-0.58,13.100000000000001,34.800000000000004,0.01,0.04
111859,7294047,59.85439,1.189512,0.8,-33,0.7016,34.800000000000004,-0.58,13.100000000000001,34.9,0.01,0.04
111859,7294621,59.855,1.185,0.,-33,0.7042,34.800000000000004,-0.58,13.100000000000001,34.9,0.01,0.04
111859,7295303,59.856435,1.182662,0.8,-33,0.7047,34.800000000000004,-0.58,13.100000000000001,34.9,0.01,0.04
111859,7300381,59.87,1.156667,1.,-30,0.6671,34.800000000000004,-0.58,13.100000000000001,35.300000000000004,0.01,0.05
111859,7300562,59.87,1.155,0.,-31,0.6682,34.800000000000004,-0.58,13.100000000000001,35.300000000000004,0.01,0.05
111859,7302105,59.87657,1.151847,1.,-31,0.7092,34.800000000000004,-0.58,13.100000000000001,35.5,0.01,0.05
111859,7307230,59.896837,1.144068,0.8,-30,0.7178,34.800000000000004,-0.58,13.100000000000001,36.1,0.02,0.05
111859,7309384,59.905,1.143333,0.,-30,0.7186,34.800000000000004,-0.58,13.100000000000001,36.4,0.02,0.06
111859,7310887,59.910595,1.145437,1.,-30,0.7158,34.800000000000004,-0.58,13.100000000000001,36.6,0.02,0.06
111859,7312587,59.916238,1.148635,0.9,-30,0.7115,34.800000000000004,-0.58,13.100000000000001,36.800000000000004,0.02,0.06
111859,7314785,59.921667,1.153333,0.,-39,0.7379,34.800000000000004,-0.58,13.100000000000001,37.1,0.03,0.06
111859,7314953,59.923497,1.154817,0.8,-38,0.738,34.800000000000004,-0.58,13.100000000000001,37.2,0.03,0.06
111859,7336738,59.87,1.106667,0.,-34,0.6726000000000001,34.9,-0.5700000000000001,13.100000000000001,35.6,0.02,0.04
111859,7336918,59.87,1.106667,0.,-34,0.6726000000000001,34.9,-0.5700000000000001,13.100000000000001,35.6,0.02,0.04
111859,7341786,59.878333,1.11,0.,-34,0.7082,34.9,-0.5700000000000001,13.100000000000001,35.800000000000004,0.02,0.04
111859,7342318,59.88,1.11,0.,-33,0.7085,34.9,-0.5700000000000001,13.100000000000001,35.9,0.02,0.05
111859,7347366,59.89,1.118333,0.,-32,0.7003,34.9,-0.5700000000000001,13.100000000000001,36.2,0.02,0.05
111859,7347545,59.891667,1.118333,0.,-32,0.7007,34.9,-0.5700000000000001,13.100000000000001,36.2,0.02,0.05
111859,7348618,59.893333,1.121667,0.,-32,0.6972,34.9,-0.5700000000000001,13.100000000000001,36.300000000000004,0.02,0.05
111859,7354202,59.905,1.136667,0.,-31,0.727,34.9,-0.5700000000000001,13.100000000000001,36.7,0.03,0.05
111859,7377243,59.908333,1.171667,0.,-37,0.7358,34.800000000000004,-0.5700000000000001,13.100000000000001,37.300000000000004,0.03,0.04
111859,7383301,59.909355,1.17062,0.3,-38,0.7366,34.800000000000004,-0.5700000000000001,13.100000000000001,37.4,0.03,0.03
111859,7398127,59.886667,1.118333,0.,-33,0.6996,34.9,-0.56,13.,36.6,0.03,0.03
111859,7403504,59.896538,1.127625,0.6,-31,0.738,34.9,-0.56,13.100000000000001,36.9,0.04,0.03
111859,7403527,59.895,1.126667,0.,-32,0.7391000000000001,34.9,-0.56,13.100000000000001,36.9,0.04,0.03
111859,7424947,59.873333,1.125,0.,-33,0.6883,34.9,-0.56,13.,36.5,0.03,0.02
111859,7425125,59.873333,1.125,0.,-33,0.6883,34.9,-0.56,13.,36.5,0.03,0.02
111859,7425486,59.873333,1.126667,0.,-33,0.6871,34.9,-0.56,13.,36.5,0.03,0.02
111859,7430707,59.883333,1.14,0.,-31,0.7229,34.9,-0.56,13.,36.9,0.04,0.02
111859,7430783,59.883512,1.14141,0.8,-31,0.7213,34.9,-0.56,13.,36.9,0.04,0.02
111859,7430784,59.883512,1.14141,0.8,-31,0.7213,34.9,-0.56,13.,36.9,0.04,0.02
111859,7430885,59.883333,1.14,0.,-31,0.7229,34.9,-0.56,13.,36.9,0.04,0.02
111859,7431065,59.883333,1.141667,1.,-31,0.7210000000000001,34.9,-0.56,13.,36.9,0.04,0.02
111859,7437006,59.901667,1.148333,1.,-30,0.7124,34.9,-0.56,13.,37.5,0.04,0.02
111859,7465806,59.865,1.183333,0.,-33,0.6983,34.800000000000004,-0.56,13.,36.9,0.04,0.
111859,7471206,59.855,1.215,0.,-33,0.73,34.800000000000004,-0.56,13.100000000000001,36.4,0.04,-0.01
111859,7471566,59.855,1.216667,0.,-33,0.7277,34.800000000000004,-0.56,13.100000000000001,36.4,0.04,-0.01
111859,7481288,59.88,1.09,0.,-35,0.7337,34.9,-0.55,13.,37.1,0.05,0.02
111859,7481468,59.88,1.09,0.,-35,0.7337,34.9,-0.55,13.,37.1,0.05,0.02
111859,7486869,59.886667,1.108333,0.,-33,0.7117,34.9,-0.55,13.,37.4,0.05,0.01
111859,7513506,59.9,0.808333,6.,-30,0.6383,34.9,-0.55,13.100000000000001,37.4,0.03,0.02
111859,7513689,59.901667,0.796667,7.,-29,0.6269,34.9,-0.55,13.100000000000001,37.4,0.03,0.02
111859,7519089,59.946667,0.458333,7.,-29,1.0757,34.9,-0.55,13.,35.300000000000004,0.01,-0.01
111859,7519269,59.948333,0.446667,7.,-29,1.0438,34.9,-0.55,13.,35.300000000000004,0.01,-0.01
111859,7519446,59.95,0.435,7.,-29,1.0119,34.9,-0.55,13.,35.2,0.01,-0.01
111859,7519450,59.95,0.435,7.,-29,1.0119,34.9,-0.55,13.,35.2,0.01,-0.01
111859,7519626,59.951667,0.423333,7.,-29,0.9799,34.9,-0.55,13.,35.1,0.01,-0.01
111859,7520226,59.958405,0.386478,7.5,-25,1.0359,34.9,-0.55,13.,35.,0.01,-0.01
111859,7521286,59.966433,0.316788,7.3,-25,1.1315,34.9,-0.55,12.9,35.,0.,-0.01
111859,7522226,59.974037,0.254263,7.6,-25,1.2214,34.9,-0.55,12.9,35.5,0.,0.
111859,7523146,59.982232,0.192532,7.7,-25,1.345,34.9,-0.55,12.8,37.5,-0.01,-0.01
111859,7524063,59.988078,0.130223,7.3,-25,1.3018,35.,-0.55,12.8,39.300000000000004,-0.02,-0.01
111859,7524987,59.992355,0.067623,7.6,-26,1.4319000000000002,35.,-0.55,12.8,40.1,-0.02,-0.02
111859,7525026,59.991667,0.063333,7.,-26,1.4256,35.,-0.55,12.8,40.1,-0.02,-0.02
111859,7525907,59.999817,0.00561,7.7,-27,1.8051000000000001,35.,-0.55,12.8,41.300000000000004,-0.02,-0.04
111859,7526867,60.007833,-0.060363,7.6,-29,1.7318,35.,-0.55,12.700000000000001,42.800000000000004,-0.03,-0.05
111859,7527826,60.015102,-0.125117,7.4,-30,1.5172,35.,-0.55,12.700000000000001,43.7,-0.03,-0.06
111859,7528766,60.023288,-0.188325,7.7,-31,1.4465000000000001,35.,-0.55,12.700000000000001,43.800000000000004,-0.03,-0.07
111859,7529687,60.031398,-0.249632,7.6,-31,1.6836,35.,-0.54,12.700000000000001,43.800000000000004,-0.03,-0.07
111859,7530648,60.040797,-0.313147,7.6,-30,1.8431000000000002,35.,-0.54,12.700000000000001,44.400000000000006,-0.03,-0.07
111859,7530966,60.043333,-0.333333,7.,-30,1.6298000000000001,35.,-0.54,12.700000000000001,44.6,-0.03,-0.07
111859,7531604,60.0471,-0.37825,7.4,-30,1.7593,35.1,-0.54,12.600000000000001,44.900000000000006,-0.03,-0.07
111859,7532527,60.051703,-0.441707,7.9,-30,1.3432000000000002,35.1,-0.54,12.600000000000001,45.,-0.03,-0.06
111859,7533484,60.056722,-0.510607,7.9,-30,1.3827,35.1,-0.54,12.5,44.7,-0.04,-0.06
111859,7534408,60.0602,-0.576955,7.9,-29,1.3218,35.1,-0.54,12.4,44.300000000000004,-0.04,-0.06
111859,7535325,60.063078,-0.64401,7.8,-29,1.1405,35.1,-0.53,12.3,44.1,-0.05,-0.07
111859,7536245,60.065847,-0.71072,7.9,-28,0.9966,35.1,-0.53,12.200000000000001,46.5,-0.05,-0.1
111859,7536727,60.066667,-0.745,7.,-28,0.782,35.1,-0.53,12.200000000000001,46.6,-0.05,-0.11
111859,7537165,60.068893,-0.77764,8.,-28,0.9415,35.1,-0.53,12.100000000000001,46.2,-0.04,-0.11
111859,7538066,60.071373,-0.843377,7.9,-28,1.1253,35.1,-0.52,12.100000000000001,42.300000000000004,-0.03,-0.11
111859,7538985,60.075365,-0.909928,7.9,-26,1.3780000000000001,35.1,-0.52,12.100000000000001,35.5,-0.02,-0.09
111859,7539925,60.08054,-0.978102,7.7,-25,0.9667,35.1,-0.51,12.,25.200000000000003,0.,-0.05
111859,7540886,60.08977,-1.044795,8.,-19,0.9129,35.1,-0.51,12.100000000000001,12.700000000000001,0.02,-0.02
111859,7541846,60.106645,-1.107,8.2,-8,1.0265,35.1,-0.51,12.200000000000001,11.600000000000001,0.01,0.
111859,7542306,60.12,-1.126667,8.,-8,1.0151000000000001,35.1,-0.51,12.200000000000001,11.4,0.01,0.
111859,7542786,60.138537,-1.131068,8.3,-8,1.0818,35.1,-0.51,12.200000000000001,11.4,0.01,0.
111859,7543725,60.156508,-1.14339,0.1,-11,1.0818,35.1,-0.51,12.200000000000001,11.4,0.01,0.
111859,7544626,60.156505,-1.143437,0.1,-11,1.0818,35.1,-0.51,12.200000000000001,11.4,0.01,0.
111859,7545546,60.156478,-1.143532,0.,-11,1.0818,35.1,-0.51,12.200000000000001,11.4,0.01,0.
111859,7546506,60.156467,-1.14346,0.,-11,1.0818,35.1,-0.51,12.200000000000001,11.4,0.01,0.
111859,7547487,60.156452,-1.143475,0.,-11,1.0818,35.1,-0.51,12.200000000000001,11.4,0.01,0.
111859,7548245,60.155,-1.143333,0.,-11,1.0818,35.1,-0.51,12.200000000000001,11.4,0.01,0.
111859,7548465,60.156442,-1.143475,0.,-11,1.0818,35.1,-0.51,12.200000000000001,11.4,0.01,0.
111859,7549366,60.156475,-1.143467,0.,-11,1.0818,35.1,-0.51,12.200000000000001,11.4,0.01,0.
111859,7550345,60.156488,-1.143503,0.,-11,1.0818,35.1,-0.51,12.200000000000001,11.5,0.01,0.
111859,7551345,60.15647,-1.143475,0.,-11,1.0818,35.1,-0.51,12.200000000000001,11.5,0.01,0.
111859,7552285,60.156463,-1.143505,0.,-11,1.0818,35.1,-0.51,12.200000000000001,11.5,0.01,0.
111859,7553246,60.15647,-1.143473,0.,-11,1.0818,35.1,-0.51,12.200000000000001,11.5,0.01,0.
111859,7554147,60.156482,-1.14346,0.,-11,1.0818,35.1,-0.51,12.200000000000001,11.5,0.01,0.
111859,7555049,60.156458,-1.143473,0.,-11,1.0818,35.1,-0.51,12.200000000000001,11.5,0.01,0.
111859,7556004,60.156447,-1.14352,0.,-11,1.0818,35.1,-0.51,12.200000000000001,11.5,0.01,0.
111859,7556968,60.156463,-1.143453,0.,-11,1.0818,35.1,-0.51,12.200000000000001,11.5,0.01,0.
111859,7557944,60.156465,-1.143472,0.,-11,1.0818,35.1,-0.51,12.200000000000001,11.5,0.01,0.
111859,7558884,60.156465,-1.14345,0.,-11,1.0818,35.1,-0.51,12.200000000000001,11.5,0.01,0.
111859,7559845,60.15646,-1.143443,0.,-11,1.0818,35.1,-0.51,12.200000000000001,11.5,0.01,0.
111859,7560824,60.156445,-1.143445,0.,-11,1.0818,35.1,-0.51,12.200000000000001,11.5,0.01,0.
111859,7561784,60.156473,-1.143448,0.,-11,1.0818,35.1,-0.51,12.200000000000001,11.5,0.01,0.
111859,7562686,60.156453,-1.143468,0.,-11,1.0818,35.1,-0.51,12.200000000000001,11.5,0.01,0.
111859,7563686,60.156442,-1.143505,0.,-11,1.0818,35.1,-0.51,12.200000000000001,11.5,0.01,0.
111859,7564603,60.156473,-1.143457,0.,-11,1.0818,35.1,-0.51,12.200000000000001,11.5,0.01,0.
111859,7565505,60.156455,-1.143427,0.,-11,1.0818,35.1,-0.51,12.200000000000001,11.5,0.01,0.
111859,7566425,60.156465,-1.143448,0.,-11,1.0818,35.1,-0.51,12.200000000000001,11.5,0.01,0.
111859,7567385,60.156475,-1.14344,0.,-11,1.0818,35.1,-0.51,12.200000000000001,11.5,0.01,0.
111859,7568365,60.156463,-1.143468,0.,-11,1.0818,35.1,-0.51,12.200000000000001,11.5,0.01,0.
111859,7569366,60.156448,-1.143482,0.,-11,1.0818,35.1,-0.51,12.200000000000001,11.5,0.01,0.
111859,7570327,60.156465,-1.14344,0.,-11,1.0818,35.1,-0.51,12.200000000000001,11.600000000000001,0.01,0.
111859,7571284,60.156452,-1.143477,0.,-11,1.0818,35.1,-0.51,12.200000000000001,11.600000000000001,0.01,0.
111859,7572187,60.156487,-1.143427,0.,-11,1.0818,35.1,-0.51,12.200000000000001,11.600000000000001,0.01,0.
111859,7573107,60.156443,-1.14347,0.,-11,1.0818,35.1,-0.51,12.200000000000001,11.600000000000001,0.01,0.
111859,7574087,60.156457,-1.143462,0.,-11,1.0818,35.1,-0.51,12.200000000000001,11.600000000000001,0.01,0.
111859,7575046,60.15647,-1.143472,0.,-11,1.0818,35.1,-0.51,12.200000000000001,11.600000000000001,0.01,0.
111859,7575431,60.155,-1.143333,0.,-11,1.0818,35.1,-0.51,12.200000000000001,11.600000000000001,0.01,0.
111859,7576026,60.156457,-1.143465,0.,-11,1.0818,35.1,-0.51,12.200000000000001,11.600000000000001,0.01,0.
111859,7577007,60.156462,-1.143445,0.,-11,1.0818,35.1,-0.51,12.200000000000001,11.600000000000001,0.01,0.
111859,7577967,60.156457,-1.143462,0.,-11,1.0818,35.1,-0.51,12.200000000000001,11.600000000000001,0.01,0.
111859,7578884,60.156468,-1.143485,0.,-11,1.0818,35.1,-0.51,12.200000000000001,11.600000000000001,0.01,0.
111859,7579844,60.156455,-1.143448,0.,-11,1.0818,35.1,-0.5,12.200000000000001,11.600000000000001,0.01,0.
111859,7580746,60.156462,-1.14344,0.,-11,1.0818,35.1,-0.5,12.200000000000001,11.600000000000001,0.01,0.
111859,7581705,60.156478,-1.143442,0.,-11,1.0818,35.1,-0.5,12.200000000000001,11.600000000000001,0.01,0.
111859,7582666,60.156488,-1.143443,0.,-11,1.0818,35.1,-0.5,12.200000000000001,11.600000000000001,0.01,0.
111859,7583567,60.156457,-1.143447,0.,-11,1.0818,35.1,-0.5,12.200000000000001,11.600000000000001,0.01,0.
111859,7584526,60.15652,-1.143403,0.1,-11,1.0818,35.1,-0.5,12.100000000000001,11.600000000000001,0.01,0.
111859,7585486,60.156488,-1.143482,0.,-11,1.0818,35.1,-0.5,12.100000000000001,11.600000000000001,0.01,0.
111859,7586387,60.156438,-1.143462,0.,-11,1.0818,35.1,-0.5,12.100000000000001,11.600000000000001,0.01,0.
111859,7587347,60.156485,-1.14347,0.,-11,1.0818,35.1,-0.5,12.100000000000001,11.600000000000001,0.01,0.
111859,7588308,60.15649,-1.143437,0.,-11,1.0818,35.1,-0.5,12.100000000000001,11.600000000000001,0.01,0.
111859,7589265,60.156478,-1.143458,0.,-11,1.0818,35.1,-0.5,12.100000000000001,11.600000000000001,0.01,0.
111859,7590246,60.156473,-1.143525,0.,-11,1.0818,35.1,-0.5,12.100000000000001,11.700000000000001,0.01,0.
111859,7591206,60.156468,-1.143495,0.,-11,1.0818,35.1,-0.5,12.100000000000001,11.700000000000001,0.01,0.
111859,7592184,60.15647,-1.1435,0.,-11,1.0818,35.1,-0.5,12.100000000000001,11.700000000000001,0.01,0.
111859,7593145,60.156483,-1.143452,0.,-11,1.0818,35.1,-0.5,12.100000000000001,11.700000000000001,0.01,0.
111859,7594061,60.156493,-1.143463,0.,-11,1.0818,35.1,-0.5,12.100000000000001,11.700000000000001,0.01,0.
111859,7594966,60.15648,-1.143438,0.,-11,1.0818,35.1,-0.5,12.100000000000001,11.700000000000001,0.01,0.
111859,7595926,60.156505,-1.143472,0.,-11,1.0818,35.1,-0.5,12.100000000000001,11.700000000000001,0.01,0.
111859,7596127,60.155,-1.143333,0.,-11,1.0818,35.1,-0.5,12.100000000000001,11.700000000000001,0.01,0.
111859,7596886,60.156643,-1.1436,0.,-11,1.0818,35.1,-0.5,12.100000000000001,11.700000000000001,0.01,0.
111859,7597787,60.156485,-1.143488,0.,-11,1.0818,35.1,-0.5,12.100000000000001,11.700000000000001,0.01,0.
111859,7598707,60.156472,-1.143458,0.,-11,1.0818,35.1,-0.5,12.100000000000001,11.700000000000001,0.01,0.
111859,7599692,60.156477,-1.143465,0.,-11,1.0818,35.1,-0.5,12.100000000000001,11.700000000000001,0.01,0.
111859,7600652,60.156472,-1.143478,0.,-11,1.0818,35.1,-0.5,12.100000000000001,11.700000000000001,0.01,0.
111859,7601587,60.156458,-1.143453,0.,-11,1.0818,35.1,-0.5,12.100000000000001,11.700000000000001,0.01,0.
111859,7602248,60.155,-1.143333,0.,-11,1.0818,35.1,-0.5,12.100000000000001,11.700000000000001,0.01,0.
111859,7602579,60.156473,-1.143552,0.,-11,1.0818,35.1,-0.5,12.100000000000001,11.700000000000001,0.01,0.
111859,7602792,60.155,-1.143333,0.,-11,1.0818,35.2,-0.5,12.100000000000001,11.700000000000001,0.01,0.
111859,7603527,60.156482,-1.14348,0.,-11,1.0818,35.2,-0.5,12.100000000000001,11.700000000000001,0.01,0.
111859,7604509,60.156487,-1.143487,0.,-11,1.0818,35.2,-0.5,12.100000000000001,11.700000000000001,0.01,0.
111859,7605433,60.156485,-1.143458,0.,-11,1.0818,35.2,-0.5,12.100000000000001,11.700000000000001,0.01,0.
111859,7606387,60.156468,-1.143483,0.,-11,1.0818,35.2,-0.5,12.100000000000001,11.700000000000001,0.01,0.
111859,7607347,60.156482,-1.14351,0.,-11,1.0818,35.2,-0.5,12.100000000000001,11.700000000000001,0.01,0.
111859,7607827,60.155,-1.143333,0.,-11,1.0818,35.2,-0.5,12.100000000000001,11.700000000000001,0.01,0.
111859,7608191,60.155,-1.143333,0.,-11,1.0818,35.2,-0.5,12.100000000000001,11.700000000000001,0.01,0.
111859,7608287,60.156483,-1.14345,0.,-11,1.0818,35.2,-0.5,12.100000000000001,11.700000000000001,0.01,0.
111859,7610224,60.15646,-1.14352,0.,-11,1.0818,35.2,-0.5,12.100000000000001,11.8,0.01,0.
111859,7611208,60.156472,-1.143453,0.,-11,1.0818,35.2,-0.5,12.100000000000001,11.8,0.01,0.
111859,7612185,60.15649,-1.143477,0.,-11,1.0818,35.2,-0.5,12.100000000000001,11.8,0.01,0.
111859,7613144,60.156457,-1.143482,0.,-11,1.0818,35.2,-0.5,12.100000000000001,11.8,0.01,0.
111859,7614145,60.156478,-1.143475,0.,-11,1.0818,35.2,-0.5,12.100000000000001,11.8,0.01,0.
111859,7615105,60.156468,-1.143482,0.,-11,1.0818,35.2,-0.5,12.100000000000001,11.8,0.01,0.
111859,7616026,60.156485,-1.143492,0.,-11,1.0818,35.2,-0.5,12.100000000000001,11.8,0.01,0.
111859,7616946,60.15649,-1.143463,0.,-11,1.0818,35.2,-0.5,12.100000000000001,11.8,0.01,0.
111859,7617943,60.156575,-1.143437,0.,-11,1.0818,35.2,-0.5,12.100000000000001,11.8,0.01,0.
111859,7618923,60.15646,-1.143442,0.,-11,1.0818,35.2,-0.5,12.100000000000001,11.8,0.01,0.
111859,7619348,60.155,-1.143333,0.,-11,1.0818,35.2,-0.5,12.100000000000001,11.8,0.01,0.
111859,7619908,60.156463,-1.143482,0.,-11,1.0818,35.2,-0.5,12.100000000000001,11.8,0.01,0.
111859,7620888,60.156492,-1.14346,0.,-11,1.0818,35.2,-0.5,12.100000000000001,11.8,0.02,0.
111859,7621844,60.156473,-1.143475,0.,-11,1.0818,35.2,-0.5,12.100000000000001,11.8,0.02,0.
111859,7622844,60.156477,-1.143497,0.,-11,1.0818,35.2,-0.5,12.100000000000001,11.8,0.02,0.
111859,7623786,60.156488,-1.143523,0.,-11,1.0818,35.2,-0.5,12.100000000000001,11.8,0.02,0.
111859,7624746,60.156473,-1.143487,0.,-11,1.0818,35.2,-0.5,12.100000000000001,11.8,0.02,0.
111859,7625666,60.156477,-1.143478,0.,-11,1.0818,35.2,-0.5,12.100000000000001,11.8,0.02,0.
111859,7626626,60.156487,-1.14347,0.,-11,1.0818,35.2,-0.5,12.100000000000001,11.8,0.02,0.
111859,7627587,60.156368,-1.143577,0.,-11,1.0818,35.2,-0.5,12.100000000000001,11.8,0.02,0.
111859,7628547,60.156473,-1.143497,0.,-11,1.0818,35.2,-0.5,12.100000000000001,11.8,0.02,0.
111859,7629465,60.156457,-1.143508,0.,-11,1.0818,35.2,-0.5,12.100000000000001,11.8,0.02,0.01
111859,7630385,60.156472,-1.143495,0.,-11,1.0818,35.2,-0.5,12.100000000000001,11.9,0.02,0.01
111859,7631001,60.156463,-1.143468,0.,-11,1.0818,35.2,-0.5,12.100000000000001,11.9,0.02,0.01
111859,7631305,60.156483,-1.143528,0.,-11,1.0818,35.2,-0.5,12.100000000000001,11.9,0.02,0.01
111859,7632266,60.156478,-1.14349,0.,-11,1.0818,35.2,-0.5,12.100000000000001,11.9,0.02,0.01
111859,7633246,60.156458,-1.143507,0.,-11,1.0818,35.2,-0.5,12.100000000000001,11.9,0.02,0.01
111859,7634206,60.156447,-1.143538,0.,-11,1.0818,35.2,-0.5,12.100000000000001,11.9,0.02,0.01
111859,7635127,60.15647,-1.143478,0.,-11,1.0818,35.2,-0.5,12.100000000000001,11.9,0.02,0.01
111859,7636064,60.156497,-1.143462,0.,-11,1.0818,35.2,-0.5,12.100000000000001,11.9,0.02,0.01
111859,7637084,60.156447,-1.14351,0.,-11,1.0818,35.2,-0.5,12.100000000000001,11.9,0.02,0.01
111859,7638044,60.156422,-1.143465,0.,-11,1.0818,35.2,-0.49,12.100000000000001,11.9,0.02,0.01
111859,7638945,60.15645,-1.143485,0.,-11,1.0818,35.2,-0.49,12.100000000000001,11.9,0.02,0.01
111859,7639866,60.156455,-1.14348,0.,-11,1.0818,35.2,-0.49,12.100000000000001,11.9,0.02,0.01
111859,7640783,60.156458,-1.143458,0.,-11,1.0818,35.2,-0.49,12.100000000000001,11.9,0.02,0.01
111859,7641708,60.15646,-1.143493,0.,-11,1.0818,35.2,-0.49,12.100000000000001,11.9,0.02,0.01
111859,7642210,60.155,-1.143333,0.,-11,1.0818,35.2,-0.49,12.100000000000001,11.9,0.02,0.01
111859,7642570,60.155,-1.143333,0.,-11,1.0818,35.2,-0.49,12.100000000000001,11.9,0.02,0.01
111859,7642665,60.156468,-1.143492,0.,-11,1.0818,35.2,-0.49,12.100000000000001,11.9,0.02,0.01
111859,7643626,60.156472,-1.14349,0.,-11,1.0818,35.2,-0.49,12.100000000000001,11.9,0.02,0.01
111859,7644586,60.15645,-1.143485,0.,-11,1.0818,35.2,-0.49,12.100000000000001,11.9,0.02,0.01
111859,7645567,60.156463,-1.143463,0.,-11,1.0818,35.2,-0.49,12.100000000000001,11.9,0.02,0.01
111859,7646503,60.15647,-1.143467,0.,-11,1.0818,35.2,-0.49,12.100000000000001,11.9,0.02,0.01
111859,7647465,60.15646,-1.143437,0.,-11,1.0818,35.2,-0.49,12.100000000000001,11.9,0.02,0.01
111859,7647792,60.155,-1.143333,0.,-11,1.0818,35.2,-0.49,12.100000000000001,11.9,0.02,0.01
111859,7648447,60.15646,-1.143467,0.,-11,1.0818,35.2,-0.49,12.100000000000001,11.9,0.02,0.01
111859,7649406,60.15646,-1.143462,0.,-11,1.0818,35.2,-0.49,12.100000000000001,11.9,0.02,0.01
111859,7650307,60.156465,-1.14345,0.,-11,1.0818,35.2,-0.49,12.100000000000001,12.,0.02,0.01
111859,7651246,60.156468,-1.143417,0.,-11,1.0818,35.2,-0.49,12.100000000000001,12.,0.02,0.01
111859,7652266,60.156453,-1.143452,0.,-11,1.0818,35.2,-0.49,12.100000000000001,12.,0.02,0.01
111859,7653192,60.155,-1.143333,0.,-11,1.0818,35.2,-0.49,12.100000000000001,12.,0.02,0.01
111859,7653207,60.15647,-1.143427,0.,-11,1.0818,35.2,-0.49,12.100000000000001,12.,0.02,0.01
111859,7654207,60.156445,-1.143433,0.,-11,1.0818,35.2,-0.49,12.100000000000001,12.,0.02,0.01
111859,7655167,60.156457,-1.143442,0.,-11,1.0818,35.2,-0.49,12.100000000000001,12.,0.02,0.01
111859,7656143,60.156457,-1.143442,0.,-11,1.0818,35.2,-0.49,12.100000000000001,12.,0.02,0.01
111859,7657124,60.156457,-1.143458,0.,-11,1.0818,35.2,-0.49,12.100000000000001,12.,0.02,0.01
111859,7658026,60.156485,-1.143407,0.,-11,1.0818,35.2,-0.49,12.100000000000001,12.,0.02,0.01
111859,7658983,60.156442,-1.143472,0.,-11,1.0818,35.2,-0.49,12.100000000000001,12.,0.02,0.01
111859,7659963,60.15646,-1.14349,0.,-11,1.0818,35.2,-0.49,12.100000000000001,12.,0.02,0.01
111859,7660964,60.156468,-1.143465,0.,-11,1.0818,35.2,-0.49,12.100000000000001,12.,0.02,0.01
111859,7661927,60.156473,-1.143447,0.,-11,1.0818,35.2,-0.49,12.100000000000001,12.,0.02,0.01
111859,7662887,60.156463,-1.143452,0.,-11,1.0818,35.2,-0.49,12.100000000000001,12.,0.02,0.01
111859,7663847,60.156468,-1.143457,0.,-11,1.0818,35.2,-0.49,12.100000000000001,12.,0.02,0.01
111859,7664807,60.15647,-1.143477,0.,-11,1.0818,35.2,-0.49,12.100000000000001,12.,0.02,0.01
111859,7665745,60.156473,-1.14344,0.,-11,1.0818,35.2,-0.49,12.100000000000001,12.,0.02,0.01
111859,7666726,60.15646,-1.143488,0.,-11,1.0818,35.2,-0.49,12.100000000000001,12.,0.02,0.01
111859,7667706,60.156467,-1.143465,0.,-11,1.0818,35.2,-0.49,12.100000000000001,12.,0.02,0.01
111859,7668666,60.15646,-1.143422,0.,-11,1.0818,35.2,-0.49,12.100000000000001,12.,0.02,0.01
111859,7669587,60.15646,-1.143485,0.,-11,1.0818,35.2,-0.49,12.100000000000001,12.,0.02,0.01
111859,7670507,60.15645,-1.143458,0.,-11,1.0818,35.2,-0.49,12.100000000000001,12.100000000000001,0.02,0.01
111859,7671465,60.156475,-1.143468,0.,-11,1.0818,35.2,-0.49,12.100000000000001,12.100000000000001,0.02,0.01
111859,7672386,60.15645,-1.143503,0.,-11,1.0818,35.2,-0.49,12.100000000000001,12.100000000000001,0.02,0.01
111859,7673325,60.156463,-1.143503,0.,-11,1.0818,35.2,-0.49,12.100000000000001,12.100000000000001,0.02,0.01
111859,7674285,60.156462,-1.143452,0.,-11,1.0818,35.2,-0.49,12.100000000000001,12.100000000000001,0.02,0.01
111859,7675244,60.156477,-1.143453,0.,-11,1.0818,35.2,-0.49,12.100000000000001,12.100000000000001,0.02,0.01
111859,7676165,60.15647,-1.14351,0.,-11,1.0818,35.2,-0.49,12.100000000000001,12.100000000000001,0.02,0.01
111859,7677104,60.15647,-1.143522,0.,-11,1.0818,35.2,-0.49,12.100000000000001,12.100000000000001,0.02,0.01
111859,7678066,60.156457,-1.143452,0.,-11,1.0818,35.2,-0.49,12.,12.100000000000001,0.02,0.01
111859,7679027,60.156477,-1.14344,0.,-11,1.0818,35.2,-0.49,12.,12.100000000000001,0.02,0.01
111859,7680034,60.156485,-1.143455,0.,-11,1.0818,35.2,-0.49,12.,12.100000000000001,0.02,0.01
111859,7680553,60.155,-1.143333,0.,-11,1.0818,35.2,-0.49,12.,12.100000000000001,0.02,0.01
111859,7680988,60.156475,-1.14344,0.,-11,1.0818,35.2,-0.49,12.,12.100000000000001,0.02,0.01
111859,7681905,60.156482,-1.143483,0.,-11,1.0818,35.2,-0.49,12.,12.100000000000001,0.02,0.01
111859,7682865,60.156488,-1.143467,0.,-11,1.0818,35.2,-0.49,12.,12.100000000000001,0.02,0.01
111859,7683826,60.156468,-1.143512,0.,-11,1.0818,35.2,-0.49,12.,12.100000000000001,0.02,0.01
111859,7684784,60.15647,-1.143453,0.,-11,1.0818,35.2,-0.49,12.,12.100000000000001,0.02,0.01
111859,7685686,60.156477,-1.143473,0.,-11,1.0818,35.2,-0.49,12.,12.100000000000001,0.02,0.01
111859,7685953,60.155,-1.143333,0.,-11,1.0818,35.2,-0.49,12.,12.100000000000001,0.02,0.01
111859,7686646,60.156473,-1.143495,0.,-11,1.0818,35.2,-0.49,12.,12.100000000000001,0.02,0.01
111859,7687606,60.156475,-1.143462,0.,-11,1.0818,35.2,-0.49,12.,12.100000000000001,0.02,0.01
111859,7688585,60.156452,-1.143528,0.,-11,1.0818,35.2,-0.49,12.,12.100000000000001,0.02,0.01
111859,7689569,60.156477,-1.143445,0.,-11,1.0818,35.2,-0.49,12.,12.100000000000001,0.02,0.01
111859,7690271,60.155,-1.143333,0.,-11,1.0818,35.2,-0.49,12.,12.100000000000001,0.02,0.01
111859,7690526,60.156493,-1.143455,0.,-11,1.0818,35.2,-0.49,12.,12.200000000000001,0.02,0.01
111859,7691173,60.155,-1.143333,0.,-11,1.0818,35.2,-0.49,12.,12.200000000000001,0.02,0.01
111859,7691354,60.155,-1.143333,0.,-11,1.0818,35.2,-0.49,12.,12.200000000000001,0.02,0.01
111859,7691446,60.156492,-1.14348,0.,-11,1.0818,35.2,-0.49,12.,12.200000000000001,0.02,0.01
111859,7691533,60.155,-1.143333,0.,-11,1.0818,35.2,-0.49,12.,12.200000000000001,0.02,0.01
111859,7692348,60.15647,-1.143513,0.,-11,1.0818,35.2,-0.49,12.,12.200000000000001,0.02,0.01
111859,7693284,60.156457,-1.14349,0.,-11,1.0818,35.2,-0.49,12.,12.200000000000001,0.02,0.01
111859,7694288,60.156478,-1.143458,0.,-11,1.0818,35.2,-0.49,12.,12.200000000000001,0.02,0.01
111859,7695265,60.156467,-1.143468,0.,-11,1.0818,35.2,-0.48,12.,12.200000000000001,0.02,0.01
111859,7696211,60.155,-1.143333,0.,-11,1.0818,35.2,-0.48,12.,12.200000000000001,0.02,0.01
111859,7696224,60.156473,-1.143473,0.,-11,1.0818,35.2,-0.48,12.,12.200000000000001,0.02,0.01
111859,7697168,60.156497,-1.143478,0.,-11,1.0818,35.2,-0.48,12.,12.200000000000001,0.02,0.01
111859,7698129,60.156487,-1.143467,0.,-11,1.0818,35.2,-0.48,12.,12.200000000000001,0.02,0.01
111859,7699089,60.156473,-1.143458,0.,-11,1.0818,35.2,-0.48,12.,12.200000000000001,0.02,0.01
111859,7700006,60.15648,-1.143463,0.,-11,1.0818,35.2,-0.48,12.,12.200000000000001,0.02,0.01
111859,7700926,60.156473,-1.143488,0.,-11,1.0818,35.2,-0.48,12.,12.200000000000001,0.02,0.01
111859,7701789,60.155,-1.143333,0.,-11,1.0818,35.2,-0.48,12.,12.200000000000001,0.02,0.01
111859,7701846,60.156488,-1.143447,0.,-11,1.0818,35.2,-0.48,12.,12.200000000000001,0.02,0.01
111859,7702764,60.156448,-1.143463,0.,-11,1.0818,35.2,-0.48,12.,12.200000000000001,0.02,0.01
111859,7703691,60.156488,-1.143458,0.,-11,1.0818,35.2,-0.48,12.,12.200000000000001,0.02,0.01
111859,7704604,60.156522,-1.143442,0.,-11,1.0818,35.2,-0.48,12.,12.200000000000001,0.02,0.01
111859,7705564,60.15646,-1.143473,0.,-11,1.0818,35.2,-0.48,12.,12.200000000000001,0.02,0.01
111859,7706525,60.156477,-1.143433,0.,-11,1.0818,35.2,-0.48,12.,12.200000000000001,0.02,0.01
111859,7707484,60.156477,-1.143463,0.,-11,1.0818,35.2,-0.48,12.,12.200000000000001,0.02,0.01
111859,7707730,60.155,-1.143333,0.,-11,1.0818,35.2,-0.48,12.,12.200000000000001,0.02,0.01
111859,7708445,60.156452,-1.143482,0.,-11,1.0818,35.2,-0.48,12.,12.200000000000001,0.02,0.01
111859,7709427,60.156498,-1.14351,0.,-11,1.0818,35.2,-0.48,12.,12.200000000000001,0.02,0.01
111859,7710407,60.156467,-1.14346,0.,-11,1.0818,35.2,-0.48,12.,12.200000000000001,0.02,0.01
111859,7711407,60.156478,-1.143473,0.,-11,1.0818,35.2,-0.48,12.,12.3,0.02,0.01
111859,7712384,60.156485,-1.143473,0.,-11,1.0818,35.2,-0.48,12.,12.3,0.02,0.01
111859,7713326,60.156402,-1.14352,0.,-11,1.0818,35.2,-0.48,12.,12.3,0.02,0.01
111859,7714246,60.156465,-1.143503,0.,-11,1.0818,35.2,-0.48,12.,12.3,0.02,0.01
111859,7715164,60.156468,-1.143503,0.,-11,1.0818,35.2,-0.48,12.,12.3,0.02,0.01
111859,7716166,60.15646,-1.143465,0.,-11,1.0818,35.2,-0.48,12.,12.3,0.02,0.01
111859,7717086,60.156472,-1.143473,0.,-11,1.0818,35.2,-0.48,12.,12.3,0.02,0.01
111859,7717987,60.156467,-1.143495,0.,-11,1.0818,35.2,-0.48,12.,12.3,0.02,0.01
111859,7718908,60.156475,-1.143468,0.,-11,1.0818,35.2,-0.48,12.,12.3,0.02,0.01
111859,7719070,60.155,-1.143333,0.,-11,1.0818,35.2,-0.48,12.,12.3,0.02,0.01
111859,7719885,60.156482,-1.143487,0.,-11,1.0818,35.2,-0.48,12.,12.3,0.02,0.01
111859,7720845,60.156467,-1.14348,0.,-11,1.0818,35.2,-0.48,12.,12.3,0.02,0.01
111859,7721805,60.156472,-1.143447,0.,-11,1.0818,35.2,-0.48,12.,12.3,0.02,0.01
111859,7722765,60.156463,-1.143462,0.,-11,1.0818,35.2,-0.48,12.,12.3,0.02,0.01
111859,7723685,60.156453,-1.143453,0.,-11,1.0818,35.2,-0.48,12.,12.3,0.02,0.01
111859,7724587,60.156443,-1.143468,0.,-11,1.0818,35.2,-0.48,12.,12.3,0.02,0.01
111859,7725567,60.156453,-1.143517,0.,-11,1.0818,35.2,-0.48,12.,12.3,0.02,0.01
111859,7726525,60.156448,-1.143523,0.,-11,1.0818,35.2,-0.48,12.,12.3,0.02,0.01
111859,7727426,60.156437,-1.143513,0.,-11,1.0818,35.2,-0.48,12.,12.3,0.02,0.01
111859,7728347,60.15646,-1.14347,0.,-11,1.0818,35.2,-0.48,12.,12.3,0.02,0.01
111859,7729284,60.15645,-1.143492,0.,-11,1.0818,35.2,-0.48,12.,12.3,0.02,0.01
111859,7730245,60.156437,-1.143502,0.,-11,1.0818,35.2,-0.48,12.,12.3,0.02,0.01
111859,7730771,60.155,-1.143333,0.,-11,1.0818,35.2,-0.48,12.,12.3,0.02,0.01
111859,7731164,60.15647,-1.143475,0.,-11,1.0818,35.2,-0.48,12.,12.4,0.02,0.01
111859,7732105,60.15646,-1.143473,0.,-11,1.0818,35.2,-0.48,12.,12.4,0.02,0.01
111859,7733009,60.156433,-1.143467,0.,-11,1.0818,35.2,-0.48,12.,12.4,0.02,0.01
111859,7733925,60.156978,-1.143832,0.,-11,1.0818,35.2,-0.48,12.,12.4,0.02,0.01
111859,7734905,60.157003,-1.143823,0.,-11,1.0818,35.2,-0.48,12.,12.4,0.02,0.01
111859,7735863,60.156975,-1.143842,0.,-11,1.0818,35.2,-0.48,12.,12.4,0.02,0.01
111859,7736534,60.156667,-1.143333,0.,-11,1.0818,35.2,-0.48,12.,12.4,0.02,0.01
111859,7736844,60.156997,-1.143883,0.,-11,1.0818,35.2,-0.48,12.,12.4,0.02,0.01
111859,7737745,60.166398,-1.160537,1.1,-15,1.0818,-99999.,-99999.,-99999.,-99999.,-99999.,-99999.
111859,7738685,60.166298,-1.160707,0.,-15,1.0818,-99999.,-99999.,-99999.,-99999.,-99999.,-99999.
111859,7739608,60.166305,-1.160698,0.,-15,1.0818,-99999.,-99999.,-99999.,-99999.,-99999.,-99999.
111859,7740568,60.164563,-1.154143,4.4,-13,1.0818,-99999.,-99999.,-99999.,-99999.,-99999.,-99999.
111859,7741486,60.159715,-1.153468,0.,-13,1.0818,35.2,-0.48,12.,12.4,0.02,0.01
111859,7741934,60.158333,-1.153333,0.,-12,1.0818,35.2,-0.48,12.,12.4,0.02,0.01
111859,7742114,60.158333,-1.153333,0.,-12,1.0818,35.2,-0.48,12.,12.4,0.02,0.01
111859,7742487,60.159727,-1.153488,0.,-13,1.0818,35.2,-0.48,12.,12.4,0.02,0.01
111859,7743426,60.159705,-1.153473,0.,-13,1.0818,35.2,-0.48,12.,12.4,0.02,0.01
111859,7744347,60.183715,-1.14532,8.4,-2,-99999,-99999.,-99999.,-99999.,-99999.,-99999.,-99999.
111859,7745286,60.202463,-1.086615,8.2,-7,1.0189000000000001,-99999.,-99999.,-99999.,-99999.,-99999.,-99999.
111859,7746204,60.22706,-1.039125,8.,-4,0.9986,35.1,-0.47000000000000003,11.8,24.900000000000002,0.01,-0.01
111859,7747144,60.253375,-0.992607,8.2,-2,0.8383,35.1,-0.47000000000000003,11.9,23.900000000000002,0.01,-0.01
111859,7747515,60.263333,-0.973333,8.,-5,0.9363,35.1,-0.47000000000000003,11.9,23.900000000000002,0.01,-0.01
111859,7748048,60.278912,-0.948385,8.2,-7,0.8454,35.1,-0.47000000000000003,11.8,25.5,0.01,-0.01
111859,7749005,60.306402,-0.903833,7.8,-9,0.7727,35.1,-0.47000000000000003,11.8,31.400000000000002,0.,-0.03
111859,7749925,60.332323,-0.851588,8.9,-11,0.8148000000000001,35.1,-0.47000000000000003,11.8,33.1,0.,-0.02
111859,7750885,60.361663,-0.800293,8.1,-23,0.7681,35.1,-0.47000000000000003,11.8,35.1,-0.01,-0.03
111859,7751846,60.393645,-0.758918,8.9,-21,0.7346,35.1,-0.47000000000000003,11.8,36.,0.,-0.05
111859,7752747,60.4247,-0.716807,8.4,-26,0.7616,35.1,-0.47000000000000003,11.8,37.,0.,-0.05
111859,7753707,60.422288,-0.751435,0.1,-24,0.7798,35.1,-0.47000000000000003,11.8,37.1,0.01,-0.04
111859,7754666,60.422282,-0.751437,0.,-24,0.7798,35.1,-0.47000000000000003,11.8,37.1,0.01,-0.04
111859,7755625,60.422297,-0.751395,0.,-24,0.7796000000000001,35.1,-0.47000000000000003,11.8,37.1,0.01,-0.04
111859,7756614,60.422285,-0.751423,0.,-24,0.7798,35.1,-0.47000000000000003,11.8,37.1,0.01,-0.04
111859,7757546,60.421227,-0.70366,7.9,-26,0.7103,35.1,-0.47000000000000003,11.8,37.800000000000004,0.,-0.06
111859,7758447,60.413262,-0.638757,7.5,-26,0.7299,35.1,-0.47000000000000003,11.8,42.400000000000006,-0.01,-0.1
111859,7759364,60.408258,-0.573065,7.5,-27,0.738,35.1,-0.48,11.9,43.6,-0.01,-0.11
111859,7760308,60.403173,-0.504458,8.,-25,0.7611,35.1,-0.48,11.9,45.6,-0.02,-0.1
111859,7761226,60.398258,-0.437453,7.9,-25,0.8444,35.1,-0.49,11.9,46.,-0.03,-0.09
111859,7762186,60.392637,-0.368548,7.7,-25,0.8857,35.1,-0.49,11.9,45.1,-0.03,-0.09
111859,7763147,60.385858,-0.301063,7.7,-26,0.8525,35.1,-0.5,11.9,43.900000000000006,-0.03,-0.08
111859,7764064,60.378833,-0.235485,8.,-27,0.7988000000000001,35.1,-0.5,11.9,43.400000000000006,-0.04,-0.08
111859,7765028,60.372437,-0.166887,7.7,-28,1.0873000000000002,35.1,-0.5,12.,44.1,-0.04,-0.07
111859,7765944,60.365912,-0.101252,7.9,-29,1.1769,35.1,-0.51,12.,45.5,-0.03,-0.07
111859,7766873,60.359593,-0.03543,7.7,-30,1.066,35.1,-0.51,12.100000000000001,45.6,-0.03,-0.06
111859,7767806,60.358663,0.03078,7.7,-31,1.1753,35.1,-0.51,12.100000000000001,45.1,-0.02,-0.06
111859,7768725,60.359437,0.095127,6.9,-31,1.1332,35.1,-0.51,12.200000000000001,44.,-0.01,-0.05
111859,7769295,60.358333,0.113333,4.,-31,1.1187,35.1,-0.52,12.200000000000001,43.400000000000006,-0.01,-0.05
111859,7769733,60.359108,0.1217,2.3,-31,1.1101,35.1,-0.52,12.200000000000001,43.1,-0.01,-0.05
111859,7770647,60.358885,0.141268,2.4,-31,1.214,35.1,-0.52,12.200000000000001,42.5,-0.01,-0.05
111859,7771587,60.35892,0.159413,2.3,-31,1.1802000000000001,35.1,-0.52,12.200000000000001,41.900000000000006,-0.01,-0.04
111859,7772640,60.358413,0.18096,2.2,-31,1.3442,35.1,-0.52,12.200000000000001,41.800000000000004,0.,-0.04
111859,7772893,60.356667,0.188333,2.,-31,1.3158,35.1,-0.52,12.200000000000001,41.800000000000004,0.,-0.04
111859,7773665,60.355688,0.205125,2.3,-31,1.2488000000000001,35.1,-0.52,12.200000000000001,41.7,0.,-0.04
111859,7774664,60.353227,0.226513,2.3,-30,1.4484000000000001,35.1,-0.52,12.3,41.6,0.01,-0.04
111859,7774695,60.351667,0.226667,2.,-30,1.4531,35.1,-0.52,12.3,41.6,0.01,-0.04
111859,7775608,60.35074,0.245978,2.3,-30,1.3415000000000001,35.1,-0.52,12.3,41.6,0.01,-0.04
111859,7776868,60.343003,0.26802,2.3,-31,1.6205,35.1,-0.52,12.3,41.6,0.02,-0.04
111859,7777848,60.33734,0.285557,2.2,-31,1.5863,35.1,-0.52,12.3,41.7,0.02,-0.04
111859,7778833,60.328333,0.295,2.,-29,1.5991,35.1,-0.52,12.3,41.800000000000004,0.03,-0.03
111859,7778844,60.32844,0.29525,2.3,-29,1.5993000000000002,35.1,-0.52,12.3,41.800000000000004,0.03,-0.03
111859,7779013,60.326667,0.295,1.,-29,1.5996000000000001,35.1,-0.52,12.3,41.7,0.03,-0.03
111859,7779746,60.32031,0.301707,2.1,-29,1.6075000000000002,35.1,-0.52,12.4,41.800000000000004,0.03,-0.03
111859,7779915,60.318333,0.301667,2.,-29,1.6081,35.1,-0.52,12.4,41.7,0.03,-0.03
111859,7780095,60.316667,0.303333,1.,-29,1.61,35.1,-0.52,12.4,41.7,0.03,-0.03
111859,7780725,60.311538,0.302183,2.,-29,1.6105,35.1,-0.52,12.4,41.6,0.03,-0.03
111859,7781706,60.302748,0.29827,2.1,-30,1.6097000000000001,35.1,-0.52,12.4,41.300000000000004,0.03,-0.03
111859,7782627,60.29768,0.284822,2.2,-30,1.5961,35.1,-0.52,12.4,41.1,0.03,-0.03
111859,7783566,60.29683,0.265408,2.3,-30,1.5782,35.1,-0.52,12.4,41.,0.03,-0.03
111859,7784412,60.296667,0.246667,2.,-29,1.4261000000000001,35.1,-0.52,12.4,41.,0.03,-0.02
111859,7784566,60.296895,0.244663,1.9,-29,1.4204,35.1,-0.52,12.4,40.900000000000006,0.03,-0.02
111859,7784591,60.296667,0.243333,2.,-29,1.4168,35.1,-0.52,12.4,40.900000000000006,0.03,-0.02
111859,7785526,60.296635,0.224785,2.3,-30,1.3654000000000002,35.1,-0.52,12.4,41.,0.02,-0.02
111859,7786523,60.296558,0.204095,2.2,-30,1.3760000000000001,35.1,-0.52,12.3,41.,0.02,-0.03
111859,7787527,60.299363,0.183715,2.7,-30,1.3176,35.1,-0.52,12.3,41.,0.01,-0.03
111859,7788527,60.29961,0.162705,2.3,-30,1.0951,35.1,-0.51,12.3,41.1,0.01,-0.03
111859,7789547,60.297885,0.14153,2.4,-30,1.1361,35.1,-0.51,12.3,41.400000000000006,0.01,-0.03
111859,7790504,60.300653,0.120495,2.5,-31,1.0983,35.1,-0.51,12.200000000000001,41.900000000000006,0.01,-0.03
111859,7791447,60.310562,0.105572,3.1,-31,1.1094000000000002,35.1,-0.51,12.200000000000001,42.400000000000006,0.,-0.04
111859,7792364,60.322923,0.099557,3.1,-31,1.0985,35.1,-0.51,12.200000000000001,42.800000000000004,0.,-0.04
111859,7793324,60.335963,0.094337,3.2,-31,1.1491,35.1,-0.51,12.200000000000001,43.300000000000004,-0.01,-0.05
111859,7794264,60.349335,0.095483,3.1,-31,1.1400000000000001,35.1,-0.51,12.100000000000001,43.6,-0.01,-0.05
111859,7795185,60.361828,0.09956,3.2,-31,1.127,35.1,-0.51,12.100000000000001,43.800000000000004,-0.01,-0.05
111859,7796087,60.371402,0.104807,1.1,-31,1.1102,35.1,-0.51,12.100000000000001,43.900000000000006,-0.02,-0.05
111859,7797026,60.37651,0.111293,4.,-31,1.1856,35.1,-0.51,12.100000000000001,43.800000000000004,-0.02,-0.06
111859,7798006,60.372805,0.136467,2.2,-31,1.1608,35.1,-0.51,12.100000000000001,42.800000000000004,-0.01,-0.05
111859,7799886,60.363408,0.171947,2.1,-31,1.3796000000000002,35.1,-0.51,12.200000000000001,41.800000000000004,0.,-0.05
111859,7800906,60.35835,0.190678,2.2,-31,1.3025,35.1,-0.51,12.200000000000001,41.7,0.,-0.04
111859,7801826,60.354165,0.207997,1.9,-31,1.2423,35.1,-0.51,12.200000000000001,41.6,0.01,-0.04
111859,7801872,60.353333,0.208333,2.,-31,1.2439,35.1,-0.51,12.200000000000001,41.6,0.01,-0.04
111859,7802844,60.347753,0.225777,2.5,-30,1.4729,35.1,-0.51,12.200000000000001,41.5,0.01,-0.04
111859,7803827,60.342573,0.245557,2.5,-30,1.3507,35.1,-0.51,12.3,41.400000000000006,0.02,-0.04
111859,7804804,60.337848,0.266137,2.5,-31,1.6421000000000001,35.1,-0.52,12.3,41.5,0.02,-0.04
111859,7805825,60.328712,0.279147,2.5,-30,1.4262000000000001,35.1,-0.52,12.3,41.6,0.03,-0.04
111859,7806845,60.318507,0.2745,2.8,-30,1.47,35.1,-0.51,12.3,41.400000000000006,0.03,-0.03
111859,7807454,60.313333,0.265,2.,-30,1.4804000000000002,35.1,-0.51,12.3,41.2,0.03,-0.03
111859,7807813,60.31,0.26,2.,-30,1.4914,35.1,-0.51,12.3,41.2,0.03,-0.03
111859,7807865,60.310477,0.259447,2.4,-30,1.4875,35.1,-0.51,12.3,41.2,0.03,-0.03
111859,7808786,60.304108,0.244312,2.4,-29,1.4175,35.1,-0.51,12.3,41.,0.03,-0.03
111859,7809787,60.298983,0.224645,2.5,-30,1.3645,35.1,-0.51,12.3,41.,0.02,-0.03
111859,7810688,60.298473,0.20483,2.5,-30,1.3628,35.1,-0.51,12.3,41.,0.02,-0.03
111859,7811665,60.297878,0.18305,2.6,-30,1.3242,35.1,-0.51,12.3,41.,0.02,-0.03
111859,7812625,60.298393,0.162032,2.4,-30,1.0964,35.1,-0.51,12.3,41.,0.01,-0.03
111859,7813212,60.298333,0.148333,2.,-30,1.1229,35.1,-0.51,12.3,41.300000000000004,0.01,-0.03
111859,7813393,60.298333,0.145,2.,-30,1.1294,35.1,-0.51,12.3,41.300000000000004,0.01,-0.03
111859,7813605,60.300835,0.14138,2.3,-30,1.1363,35.1,-0.51,12.200000000000001,41.400000000000006,0.01,-0.03
111859,7814566,60.306498,0.124743,2.2,-31,1.0959,35.1,-0.51,12.200000000000001,41.800000000000004,0.01,-0.04
111859,7815546,60.315983,0.117072,2.1,-31,1.1025,35.1,-0.51,12.200000000000001,42.1,0.,-0.04
111859,7816504,60.32558,0.114257,2.2,-31,1.1013,35.1,-0.51,12.200000000000001,42.400000000000006,0.,-0.04
111859,7817485,60.335567,0.115208,2.,-31,1.157,35.1,-0.51,12.100000000000001,42.6,0.,-0.04
111859,7818466,60.345655,0.116922,2.3,-31,1.139,35.1,-0.51,12.100000000000001,42.7,0.,-0.05
111859,7819153,60.351667,0.12,2.,-31,1.1265,35.1,-0.51,12.100000000000001,42.800000000000004,-0.01,-0.05
111859,7819333,60.353333,0.12,2.,-31,1.1232,35.1,-0.51,12.100000000000001,42.800000000000004,-0.01,-0.05
111859,7819446,60.355777,0.121555,2.4,-31,1.1172,35.1,-0.51,12.100000000000001,42.800000000000004,-0.01,-0.05
111859,7820426,60.36533,0.126215,0.7,-31,1.2036,35.1,-0.51,12.100000000000001,42.900000000000006,-0.01,-0.05
111859,7821406,60.365485,0.130313,0.6,-31,1.199,35.1,-0.51,12.100000000000001,42.7,-0.01,-0.05
111859,7823586,60.354902,0.182443,2.7,-31,1.3431,35.1,-0.51,12.200000000000001,41.6,0.,-0.05
111859,7826246,60.345822,0.243088,2.4,-30,1.3645,35.1,-0.51,12.200000000000001,41.400000000000006,0.02,-0.04
111859,7827926,60.33919,0.279815,2.7,-31,1.5943,35.1,-0.51,12.3,41.7,0.02,-0.04
111859,7828906,60.329227,0.289007,2.5,-30,1.4491,35.1,-0.51,12.3,41.7,0.03,-0.04
111859,7829907,60.318677,0.28788,2.3,-30,1.4975,35.1,-0.51,12.3,41.6,0.03,-0.04
111859,7830676,60.31,0.286667,2.,-30,1.5376,35.1,-0.51,12.3,41.400000000000006,0.04,-0.03
111859,7830827,60.3093,0.286598,2.5,-30,1.5410000000000001,35.1,-0.51,12.3,41.400000000000006,0.04,-0.03
111859,7830857,60.308333,0.285,2.,-30,1.5431000000000001,35.1,-0.51,12.3,41.300000000000004,0.04,-0.03
111859,7831788,60.299028,0.285335,2.1,-30,1.59,35.1,-0.51,12.4,41.1,0.04,-0.03
111859,7832746,60.289447,0.28023,2.2,-30,1.5998,35.1,-0.51,12.4,40.900000000000006,0.04,-0.03
111859,7833746,60.283427,0.262912,2.9,-30,1.5321,35.1,-0.51,12.4,40.900000000000006,0.04,-0.03
111859,7834746,60.286498,0.239405,2.7,-29,1.5181,35.1,-0.51,12.4,41.,0.03,-0.02
111859,7835706,60.288908,0.21797,2.4,-30,1.4524000000000001,35.1,-0.51,12.3,41.,0.03,-0.03
111859,7836686,60.291757,0.200988,1.9,-30,1.4043,35.1,-0.51,12.3,41.,0.02,-0.03
111859,7837587,60.297853,0.18804,2.4,-30,1.3342,35.1,-0.51,12.3,41.,0.02,-0.03
111859,7838547,60.300655,0.171405,1.9,-30,1.29,35.1,-0.51,12.200000000000001,41.,0.02,-0.03
111859,7839525,60.300112,0.15408,2.1,-30,1.1118000000000001,35.1,-0.51,12.200000000000001,41.1,0.01,-0.03
111859,7840487,60.301863,0.136218,2.1,-30,1.1462,35.1,-0.51,12.200000000000001,41.5,0.01,-0.04
111859,7841446,60.308337,0.121797,1.9,-31,1.099,35.1,-0.51,12.200000000000001,41.900000000000006,0.01,-0.04
111859,7842426,60.31721,0.113377,2.1,-31,1.1031,35.1,-0.51,12.100000000000001,42.2,0.01,-0.04
111859,7843386,60.325785,0.10492,2.1,-31,1.0973,35.1,-0.51,12.100000000000001,42.6,0.,-0.04
111859,7844366,60.332537,0.103523,0.5,-31,1.0906,35.1,-0.51,12.100000000000001,42.7,0.,-0.05
111859,7845267,60.336898,0.108998,3.,-31,1.1528,35.1,-0.51,12.100000000000001,42.7,0.,-0.05
111859,7846207,60.34858,0.11027,6.9,-31,1.1358000000000001,35.1,-0.51,12.100000000000001,42.900000000000006,-0.01,-0.05
111859,7847203,60.361232,0.117208,3.,-31,1.1101,35.1,-0.51,12.100000000000001,42.900000000000006,-0.01,-0.05
111859,7848167,60.369655,0.13418,2.6,-31,1.1756,35.1,-0.51,12.100000000000001,42.5,-0.01,-0.06
111859,7849127,60.367315,0.157608,2.6,-31,1.1719000000000002,35.1,-0.51,12.100000000000001,41.7,0.,-0.05
111859,7850047,60.362923,0.17877,2.7,-31,1.3482,35.1,-0.51,12.100000000000001,41.6,0.,-0.05
111859,7851024,60.353588,0.195622,2.7,-31,1.2931000000000001,35.1,-0.51,12.200000000000001,41.5,0.01,-0.05
111859,7852044,60.34695,0.218058,2.8,-30,1.5261,35.1,-0.51,12.200000000000001,41.400000000000006,0.01,-0.04
111859,7853377,60.339095,0.247838,2.7,-30,1.3361,35.1,-0.51,12.200000000000001,41.300000000000004,0.02,-0.04
111859,7854406,60.331745,0.269508,3.1,-30,1.3840000000000001,35.1,-0.51,12.3,41.5,0.03,-0.04
111859,7855351,60.319332,0.274822,2.9,-30,1.4662000000000002,35.1,-0.51,12.3,41.400000000000006,0.03,-0.04
111859,7856386,60.307478,0.262577,2.6,-30,1.5110000000000001,35.1,-0.51,12.3,41.1,0.03,-0.03
111859,7857395,60.30033,0.242435,2.6,-29,1.4133,35.1,-0.51,12.3,41.,0.03,-0.03
111859,7858346,60.298882,0.219783,2.5,-30,1.351,35.1,-0.51,12.3,41.,0.03,-0.03
111859,7859326,60.298647,0.196715,2.6,-30,1.3461,35.1,-0.51,12.3,41.,0.02,-0.03
111859,7860284,60.298468,0.173865,2.5,-30,1.3035,35.1,-0.51,12.200000000000001,41.,0.02,-0.03
111859,7861265,60.300418,0.151605,2.4,-30,1.1166,35.1,-0.51,12.200000000000001,41.2,0.02,-0.03
111859,7861455,60.3,0.146667,2.,-30,1.1261,35.1,-0.51,12.200000000000001,41.300000000000004,0.02,-0.03
111859,7862245,60.303432,0.130255,2.4,-31,1.1576,35.1,-0.51,12.200000000000001,41.6,0.01,-0.04
111859,7863077,60.305,0.11,2.,-31,1.1094000000000002,35.1,-0.51,12.100000000000001,42.,0.01,-0.04
111859,7863245,60.306167,0.107633,2.6,-31,1.111,35.1,-0.51,12.100000000000001,42.1,0.01,-0.04
111859,7863257,60.305,0.106667,2.,-31,1.1127,35.1,-0.51,12.100000000000001,42.1,0.01,-0.04
111859,7864225,60.31432,0.096562,2.3,-31,1.1097000000000001,35.1,-0.51,12.100000000000001,42.5,0.,-0.04
111859,7865207,60.324658,0.095485,2.3,-31,1.095,35.1,-0.51,12.100000000000001,42.7,0.,-0.05
111859,7866163,60.335275,0.09872,2.6,-31,1.1512,35.1,-0.51,12.100000000000001,42.900000000000006,0.,-0.05
111859,7867035,60.343333,0.108333,2.,-31,1.1437000000000002,35.1,-0.5,12.100000000000001,42.800000000000004,0.,-0.05
111859,7867079,60.344172,0.108575,2.4,-31,1.1425,35.1,-0.5,12.100000000000001,42.800000000000004,0.,-0.05
111859,7867215,60.345,0.11,2.,-31,1.1412,35.1,-0.5,12.100000000000001,42.800000000000004,0.,-0.05
111859,7868067,60.350982,0.128293,1.3,-31,1.2828000000000002,35.1,-0.51,12.100000000000001,42.400000000000006,0.,-0.05
111859,7868968,60.351723,0.132825,0.1,-31,1.2655,35.1,-0.51,12.100000000000001,42.2,0.,-0.05
111859,7870205,60.359273,0.159282,2.8,-31,1.1801000000000001,35.1,-0.51,12.100000000000001,41.5,0.,-0.05
111859,7872975,60.35,0.223333,2.,-30,1.4793,35.1,-0.51,12.200000000000001,41.400000000000006,0.01,-0.04
111859,7873666,60.348483,0.239908,2.7,-30,1.3814,35.1,-0.51,12.200000000000001,41.400000000000006,0.02,-0.04
111859,7874649,60.350212,0.264365,2.7,-31,1.616,35.1,-0.51,12.200000000000001,41.6,0.02,-0.04
111859,7875586,60.361467,0.27351,2.9,-31,1.5277,35.1,-0.51,12.200000000000001,41.7,0.02,-0.05
111859,7876564,60.37378,0.279308,2.8,-31,1.4315,35.1,-0.51,12.200000000000001,41.900000000000006,0.01,-0.05
111859,7877564,60.386437,0.284512,2.8,-31,1.6843000000000001,35.1,-0.51,12.200000000000001,42.,0.01,-0.05
111859,7878508,60.398193,0.28963,2.7,-31,1.6819000000000002,35.1,-0.51,12.200000000000001,42.1,0.01,-0.06
111859,7878585,60.399435,0.290145,2.9,-31,1.6816,35.1,-0.51,12.200000000000001,42.1,0.01,-0.06
111859,7879464,60.410237,0.294663,2.8,-30,1.6717000000000002,35.1,-0.51,12.200000000000001,42.1,0.,-0.06
111859,7880505,60.422635,0.299977,2.7,-31,1.5361,35.1,-0.51,12.200000000000001,42.1,0.,-0.06
111859,7881505,60.434868,0.305987,2.6,-31,1.5527,35.1,-0.51,12.200000000000001,42.1,0.,-0.07
111859,7882486,60.446725,0.311107,2.7,-31,1.5691000000000002,35.1,-0.51,12.200000000000001,42.1,0.,-0.07
111859,7883466,60.457895,0.321118,2.7,-31,1.6121,35.1,-0.51,12.200000000000001,42.1,-0.01,-0.07
111859,7884426,60.466688,0.337083,2.7,-32,1.5555,35.1,-0.51,12.200000000000001,41.900000000000006,0.,-0.07
111859,7886324,60.474167,0.377082,2.5,-31,1.5034,35.1,-0.51,12.200000000000001,41.400000000000006,0.,-0.07
111859,7887284,60.466975,0.389668,1.9,-31,1.5061,35.1,-0.51,12.3,41.2,0.,-0.07
111859,7888205,60.459425,0.396018,1.8,-31,1.5073,35.1,-0.51,12.3,41.1,0.01,-0.07
111859,7890365,60.439503,0.402402,2.,-32,1.5884,35.1,-0.51,12.3,41.1,0.01,-0.07
111859,7891285,60.43065,0.402052,1.1,-32,1.5749,35.1,-0.51,12.3,41.1,0.01,-0.06
111859,7892666,60.424398,0.403005,1.8,-32,1.5675000000000001,35.1,-0.52,12.3,41.1,0.02,-0.06
111859,7893586,60.412338,0.394265,2.2,-30,1.6847,35.1,-0.52,12.3,41.1,0.02,-0.06
111859,7894606,60.40253,0.388088,2.2,-31,1.6552,35.1,-0.52,12.3,41.2,0.02,-0.06
111859,7895603,60.392467,0.381833,2.3,-31,1.6235000000000002,35.1,-0.52,12.3,41.5,0.02,-0.06
111859,7896016,60.388333,0.378333,2.,-31,1.6083,35.1,-0.51,12.3,41.7,0.02,-0.06
111859,7896525,60.383478,0.376793,2.,-31,1.5948,35.1,-0.51,12.3,41.800000000000004,0.02,-0.06
111859,7897545,60.372872,0.371927,2.4,-31,1.613,35.1,-0.51,12.3,42.1,0.03,-0.06
111859,7898486,60.362337,0.375458,2.7,-31,1.7026000000000001,35.1,-0.51,12.3,42.300000000000004,0.03,-0.05
111859,7899426,60.351145,0.37472,2.5,-31,1.5713000000000001,35.1,-0.51,12.3,42.6,0.03,-0.05
111859,7900386,60.339412,0.377105,2.8,-31,1.6588,35.1,-0.51,12.3,43.,0.04,-0.05
111859,7901387,60.327675,0.372823,2.5,-30,1.6149,35.1,-0.51,12.4,43.2,0.04,-0.05
111859,7901595,60.325,0.37,2.,-30,1.602,35.1,-0.51,12.4,43.2,0.04,-0.05
111859,7902288,60.318468,0.363035,2.8,-30,1.5754000000000001,35.1,-0.51,12.4,43.1,0.04,-0.05
111859,7903824,60.305602,0.339947,2.3,-30,1.5556,35.1,-0.51,12.4,42.1,0.04,-0.04
111859,7905145,60.296118,0.317422,2.5,-29,1.6281,35.1,-0.51,12.4,41.2,0.04,-0.03
111859,7906225,60.287598,0.299348,2.5,-30,1.6355000000000002,35.1,-0.51,12.4,40.900000000000006,0.04,-0.03
111859,7907206,60.280492,0.282367,2.4,-30,1.6208,35.1,-0.51,12.4,40.800000000000004,0.04,-0.03
111859,7908185,60.275033,0.26318,2.6,-30,1.5605,35.1,-0.51,12.4,40.800000000000004,0.04,-0.02
111859,7908618,60.271667,0.253333,2.,-30,1.5410000000000001,35.1,-0.51,12.4,40.800000000000004,0.04,-0.02
111859,7909145,60.269832,0.244207,2.3,-29,1.5754000000000001,35.1,-0.51,12.4,40.900000000000006,0.03,-0.02
111859,7910166,60.265,0.224252,2.6,-29,1.5014,35.1,-0.51,12.4,40.900000000000006,0.03,-0.02
111859,7911146,60.257618,0.207298,2.4,-30,1.5292000000000001,35.1,-0.51,12.4,40.900000000000006,0.03,-0.02
111859,7912108,60.248823,0.195493,2.3,-29,1.7040000000000002,35.1,-0.51,12.4,40.900000000000006,0.03,-0.02
111859,7913064,60.238383,0.188303,2.3,-29,1.6421000000000001,35.1,-0.51,12.5,40.900000000000006,0.03,-0.01
111859,7914048,60.227442,0.184925,2.6,-29,1.6085,35.1,-0.51,12.5,41.2,0.03,-0.01
111859,7914198,60.225,0.185,2.,-29,1.6052000000000002,35.1,-0.51,12.5,41.300000000000004,0.03,-0.01
111859,7915004,60.216713,0.184983,2.4,-29,1.5927,35.1,-0.51,12.5,41.5,0.03,-0.01
111859,7915924,60.213577,0.189782,0.5,-29,1.6022,35.1,-0.51,12.600000000000001,41.5,0.03,-0.01
111859,7916884,60.201405,0.188663,2.6,-29,1.9160000000000001,35.1,-0.51,12.600000000000001,41.800000000000004,0.03,-0.01
111859,7917884,60.190165,0.190028,2.6,-29,1.8694000000000002,35.,-0.51,12.600000000000001,42.,0.03,-0.01
111859,7918848,60.179622,0.191538,2.2,-29,1.8252000000000002,35.,-0.51,12.700000000000001,42.2,0.03,-0.01
111859,7919805,60.169827,0.188427,2.,-29,1.7596,35.,-0.51,12.700000000000001,42.5,0.03,0.
111859,7920765,60.160875,0.179852,2.4,-28,1.9462000000000002,35.,-0.51,12.700000000000001,43.,0.03,0.
111859,7921725,60.151023,0.175863,2.4,-28,1.9337000000000002,35.,-0.51,12.700000000000001,42.900000000000006,0.03,0.
111859,7922686,60.141485,0.16713,2.4,-28,1.9393,35.,-0.51,12.700000000000001,43.,0.02,0.
111859,7923646,60.132142,0.158218,2.5,-27,1.8133000000000001,35.,-0.51,12.700000000000001,43.,0.02,0.
111859,7924606,60.1226,0.149433,2.2,-27,1.6165,35.,-0.51,12.700000000000001,42.800000000000004,0.02,-0.01
111859,7925586,60.112795,0.140575,2.1,-27,1.7209,35.,-0.51,12.700000000000001,42.6,0.02,-0.01
111859,7926567,60.103347,0.131825,2.3,-27,1.7715,35.,-0.51,12.700000000000001,42.5,0.02,-0.01
111859,7927548,60.093932,0.12206,2.5,-28,1.4137000000000002,35.,-0.51,12.700000000000001,42.400000000000006,0.02,-0.01
111859,7928545,60.084702,0.111903,2.4,-28,1.5552000000000001,35.,-0.51,12.700000000000001,42.400000000000006,0.02,-0.01
111859,7929526,60.074473,0.106487,2.5,-27,1.4915,35.,-0.51,12.700000000000001,42.300000000000004,0.02,-0.01
111859,7930503,60.06416,0.101673,2.4,-27,1.4582000000000002,35.,-0.51,12.700000000000001,42.1,0.01,-0.01
111859,7931504,60.053002,0.099068,2.6,-27,1.4381000000000002,35.,-0.51,12.700000000000001,41.900000000000006,0.01,-0.01
111859,7932464,60.04241,0.095663,2.4,-27,1.4180000000000001,35.,-0.51,12.700000000000001,41.6,0.01,-0.01
111859,7933445,60.031913,0.090113,2.5,-27,1.5504,35.,-0.51,12.700000000000001,41.5,0.01,-0.01
111859,7934406,60.021403,0.085982,2.4,-27,1.5509000000000002,35.,-0.51,12.700000000000001,41.2,0.01,-0.01
111859,7935366,60.012232,0.076537,2.4,-25,1.4317,35.,-0.51,12.700000000000001,41.1,0.01,-0.02
111859,7936347,60.003247,0.06498,2.1,-26,1.4885000000000002,35.,-0.51,12.700000000000001,41.1,0.01,-0.02
111859,7937368,59.996922,0.047467,2.5,-26,1.4073,35.,-0.51,12.700000000000001,41.2,0.01,-0.02
111859,7938344,59.997255,0.026583,2.1,-26,1.5996000000000001,35.,-0.51,12.700000000000001,41.5,0.,-0.02
111859,7939284,60.0034,0.009295,2.6,-27,1.5633000000000001,35.,-0.51,12.700000000000001,41.7,0.,-0.03
111859,7940204,60.0106,-0.005748,2.6,-27,1.8182,35.,-0.51,12.700000000000001,41.800000000000004,0.,-0.03
111859,7941184,60.020757,-0.01513,2.4,-28,1.7510000000000001,35.,-0.51,12.700000000000001,41.900000000000006,0.,-0.03
111859,7942145,60.0301,-0.026753,2.7,-28,1.6678000000000002,35.,-0.51,12.600000000000001,42.1,0.,-0.03
111859,7943126,60.03828,-0.042728,2.5,-29,1.6843000000000001,35.,-0.51,12.600000000000001,42.6,0.,-0.03
111859,7944145,60.047778,-0.056815,2.5,-29,1.5787,35.,-0.51,12.600000000000001,43.1,0.,-0.03
111859,7944256,60.048333,-0.056667,2.,-29,1.5816000000000001,35.,-0.51,12.600000000000001,43.2,0.,-0.03
111859,7945104,60.053028,-0.055782,0.9,-30,1.6069,35.,-0.51,12.600000000000001,43.2,0.,-0.03
111859,7946008,60.050488,-0.078347,6.5,-30,1.5407000000000002,35.,-0.51,12.600000000000001,43.900000000000006,0.,-0.04
111859,7946966,60.0476,-0.138038,6.6,-30,1.7466000000000002,35.,-0.51,12.5,43.900000000000006,0.,-0.04
111859,7947927,60.038422,-0.176397,3.3,-31,1.3427,35.,-0.51,12.5,43.5,0.,-0.05