TrackNumber,Time(seconds),Latitude,Longitude,SOG,oceanic depth,Chlorophyll Concentration,Salinity,Water Surface Elevation,Sea Temperature,Thermocline Depth,Eastward Water Velocity,Northward Water Velocity
121162,0,54.630405,-8.43854,0.1,1,-99999,35.,-0.42,14.,25.700000000000003,-0.01,-0.01
121162,31,54.630368,-8.438548,0.,1,-99999,35.,-0.42,14.,25.700000000000003,-0.01,-0.01
121162,939,54.63042,-8.438527,0.1,1,-99999,35.,-0.42,14.,25.700000000000003,-0.01,-0.01
121162,952,54.63041,-8.438558,0.,1,-99999,35.,-0.42,14.,25.700000000000003,-0.01,-0.01
121162,1842,54.630435,-8.438575,0.,1,-99999,35.,-0.42,14.,25.700000000000003,-0.01,-0.01
121162,1902,54.630438,-8.438557,0.1,1,-99999,35.,-0.42,14.,25.700000000000003,-0.01,-0.01
121162,2383,54.630415,-8.43861,0.,1,-99999,35.,-0.42,14.,25.700000000000003,-0.01,-0.01
121162,2749,54.63038,-8.43858,0.1,1,-99999,35.,-0.42,14.,25.700000000000003,-0.01,-0.01
121162,2838,54.630412,-8.438493,0.1,1,-99999,35.,-0.42,14.,25.700000000000003,-0.01,-0.01
121162,3651,54.630518,-8.438627,0.1,1,-99999,35.,-0.42,14.,25.700000000000003,-0.01,-0.01
121162,3835,54.630405,-8.438617,0.,1,-99999,35.,-0.42,14.,25.700000000000003,-0.01,-0.01
121162,3855,54.63038,-8.438597,0.,1,-99999,35.,-0.42,14.,25.700000000000003,-0.01,-0.01
121162,4761,54.63044,-8.438635,0.1,1,-99999,35.,-0.42,14.,25.700000000000003,-0.01,-0.01
121162,4852,54.630455,-8.438658,0.,1,-99999,35.,-0.42,14.,25.700000000000003,-0.01,-0.01
121162,5710,54.630417,-8.43864,0.,1,-99999,35.,-0.42,14.,25.700000000000003,-0.01,-0.01
121162,5771,54.63042,-8.438653,0.,1,-99999,35.,-0.42,14.,25.700000000000003,-0.01,-0.01
121162,6095,54.630402,-8.438597,0.,1,-99999,35.,-0.42,14.,25.700000000000003,-0.01,-0.01
121162,6662,54.6304,-8.438605,0.,1,-99999,35.,-0.42,14.,25.700000000000003,-0.01,-0.01
121162,6680,54.630403,-8.438602,0.,1,-99999,35.,-0.42,14.,25.700000000000003,-0.01,-0.01
121162,7553,54.63041,-8.438635,0.,1,-99999,35.,-0.42,14.,25.700000000000003,-0.01,-0.01
121162,7589,54.630417,-8.438675,0.,1,-99999,35.,-0.42,14.,25.6,-0.01,-0.01
121162,7601,54.630412,-8.438658,0.,1,-99999,35.,-0.42,14.,25.700000000000003,-0.01,-0.01
121162,8490,54.63041,-8.4386,0.,1,-99999,35.,-0.42,14.,25.700000000000003,-0.01,-0.01
121162,8563,54.63042,-8.438582,0.,1,-99999,35.,-0.42,14.,25.700000000000003,-0.01,-0.01
121162,9522,54.6304,-8.438567,0.,1,-99999,35.,-0.42,14.,25.700000000000003,-0.01,-0.01
121162,9689,54.630405,-8.438637,0.,1,-99999,35.,-0.42,14.,25.700000000000003,-0.01,-0.01
121162,9813,54.630397,-8.43866,0.,1,-99999,35.,-0.42,14.,25.700000000000003,-0.01,-0.01
121162,10472,54.630422,-8.438647,0.,1,-99999,35.,-0.42,14.,25.700000000000003,-0.01,-0.01
121162,10591,54.630417,-8.438623,0.,1,-99999,35.,-0.42,14.,25.700000000000003,-0.01,-0.01
121162,11277,54.630427,-8.438572,0.,1,-99999,35.,-0.42,14.,25.700000000000003,-0.01,-0.01
121162,11442,54.63041,-8.438595,0.,1,-99999,35.,-0.42,14.,25.700000000000003,-0.01,-0.01
121162,11512,54.63041,-8.43859,0.,1,-99999,35.,-0.42,14.,25.700000000000003,-0.01,-0.01
121162,12402,54.630375,-8.438542,0.1,1,-99999,35.,-0.42,14.,25.700000000000003,-0.01,-0.01
121162,12422,54.63038,-8.438552,0.,1,-99999,35.,-0.42,14.,25.700000000000003,-0.01,-0.01
121162,12791,54.630417,-8.43864,0.,1,-99999,35.,-0.42,14.,25.700000000000003,-0.01,-0.01
121162,13330,54.630458,-8.438728,0.,1,-99999,35.,-0.42,14.,25.6,-0.01,-0.01
121162,13340,54.630447,-8.43871,0.,1,-99999,35.,-0.42,14.,25.6,-0.01,-0.01
121162,14252,54.630415,-8.438563,0.,1,-99999,35.,-0.43,14.,25.700000000000003,-0.01,-0.01
121162,14300,54.630413,-8.438605,0.,1,-99999,35.,-0.43,14.,25.700000000000003,-0.01,-0.01
121162,15262,54.630443,-8.438702,0.,1,-99999,35.,-0.43,14.,25.6,-0.01,-0.01
121162,15452,54.630537,-8.438815,0.1,1,-99999,35.,-0.43,14.,25.6,-0.01,-0.01
121162,15725,54.630552,-8.438867,0.,1,-99999,35.,-0.43,14.,25.6,-0.01,-0.01
121162,16191,54.63043,-8.438637,0.,1,-99999,35.,-0.43,14.,25.700000000000003,-0.01,-0.01
121162,16361,54.63041,-8.438547,0.1,1,-99999,35.,-0.43,14.,25.700000000000003,-0.01,-0.01
121162,17140,54.630485,-8.438605,0.1,1,-99999,35.,-0.43,14.,25.700000000000003,-0.01,-0.01
121162,17194,54.63051,-8.438642,0.,1,-99999,35.,-0.43,14.,25.700000000000003,-0.01,-0.01
121162,17271,54.630477,-8.438545,0.,1,-99999,35.,-0.43,14.,25.700000000000003,-0.01,-0.01
121162,18091,54.630523,-8.438513,0.,1,-99999,35.,-0.43,14.,25.700000000000003,-0.01,-0.01
121162,18181,54.630417,-8.438548,0.,1,-99999,35.,-0.43,14.,25.700000000000003,-0.01,-0.01
121162,19060,54.63044,-8.438595,0.,1,-99999,35.,-0.43,14.,25.700000000000003,-0.01,-0.01
121162,19101,54.630423,-8.438602,0.,1,-99999,35.,-0.43,14.,25.700000000000003,-0.01,-0.01
121162,20010,54.630433,-8.438555,0.1,1,-99999,35.,-0.43,14.,25.700000000000003,-0.01,-0.01
121162,20011,54.630433,-8.438555,0.1,1,-99999,35.,-0.43,14.,25.700000000000003,-0.01,-0.01
121162,20903,54.63041,-8.438647,0.,1,-99999,35.,-0.43,14.,25.700000000000003,-0.01,-0.01
121162,20922,54.630405,-8.43863,0.1,1,-99999,35.,-0.43,14.,25.700000000000003,-0.01,-0.01
121162,20952,54.630417,-8.438723,0.,1,-99999,35.,-0.43,14.,25.6,-0.01,-0.01
121162,21830,54.630377,-8.438635,0.,1,-99999,35.,-0.43,14.,25.700000000000003,-0.01,-0.01
121162,21910,54.630363,-8.438593,0.,1,-99999,35.,-0.43,14.,25.700000000000003,-0.01,-0.01
121162,22357,54.630365,-8.438617,0.,1,-99999,35.,-0.43,14.,25.700000000000003,-0.01,-0.01
121162,22731,54.630392,-8.438635,0.,1,-99999,35.,-0.43,14.,25.700000000000003,-0.01,-0.01
121162,22860,54.630392,-8.438635,0.,1,-99999,35.,-0.43,14.,25.700000000000003,-0.01,-0.01
121162,23641,54.630335,-8.438585,0.,1,-99999,35.,-0.43,14.,25.700000000000003,-0.01,-0.01
121162,23801,54.630368,-8.438625,0.1,1,-99999,35.,-0.43,14.,25.700000000000003,-0.01,-0.01
121162,23871,54.630482,-8.439035,0.,1,-99999,35.,-0.43,14.,25.6,-0.01,-0.01
121162,24551,54.630415,-8.4386,0.,1,-99999,35.,-0.43,14.,25.700000000000003,-0.01,-0.01
121162,24750,54.6304,-8.438652,0.,1,-99999,35.,-0.43,14.,25.700000000000003,-0.01,-0.01
121162,25333,54.63039,-8.438622,0.,1,-99999,35.,-0.43,14.,25.700000000000003,-0.01,-0.01
121162,25712,54.630398,-8.438628,0.,1,-99999,35.,-0.43,14.,25.700000000000003,-0.01,-0.01
121162,25753,54.630373,-8.438545,0.,1,-99999,35.,-0.43,14.,25.700000000000003,-0.01,-0.01
121162,26671,54.630383,-8.438673,0.,1,-99999,35.,-0.43,14.,25.6,-0.01,-0.01
121162,26799,54.630397,-8.43858,0.,1,-99999,35.,-0.43,14.,25.700000000000003,-0.01,-0.01
121162,27582,54.630405,-8.438647,0.,1,-99999,35.,-0.43,14.,25.700000000000003,-0.01,-0.01
121162,27630,54.630395,-8.438638,0.,1,-99999,35.,-0.43,14.,25.700000000000003,-0.01,-0.01
121162,28492,54.630423,-8.438547,0.,1,-99999,35.,-0.43,14.,25.700000000000003,-0.01,-0.01
121162,28553,54.630412,-8.438575,0.,1,-99999,35.,-0.43,14.,25.700000000000003,-0.01,-0.01
121162,29003,54.63049,-8.438762,0.,1,-99999,35.,-0.43,14.,25.6,-0.01,-0.01
121162,29401,54.630465,-8.4386,0.,1,-99999,35.,-0.43,14.,25.700000000000003,-0.01,-0.01
121162,29486,54.630533,-8.438702,0.,1,-99999,35.,-0.43,14.,25.6,-0.01,-0.01
121162,30311,54.630415,-8.438713,0.,1,-99999,35.,-0.43,14.,25.6,-0.01,-0.01
121162,30431,54.630413,-8.438628,0.,1,-99999,35.,-0.43,14.,25.700000000000003,-0.01,-0.01
121162,30514,54.630382,-8.438647,0.,1,-99999,35.,-0.43,14.,25.700000000000003,-0.01,-0.01
121162,31230,54.630392,-8.438588,0.,1,-99999,35.,-0.43,14.,25.700000000000003,-0.01,-0.01
121162,31380,54.63041,-8.43862,0.,1,-99999,35.,-0.43,14.,25.700000000000003,-0.01,-0.01
121162,32027,54.630422,-8.438567,0.,1,-99999,35.,-0.43,14.,25.700000000000003,-0.01,-0.01
121162,32141,54.630398,-8.43858,0.,1,-99999,35.,-0.43,14.,25.700000000000003,-0.01,-0.01
121162,32329,54.63039,-8.438637,0.1,1,-99999,35.,-0.43,14.,25.700000000000003,-0.01,-0.01
121162,33042,54.630397,-8.438598,0.,1,-99999,35.,-0.43,14.,25.700000000000003,-0.01,-0.01
121162,33344,54.63042,-8.438608,0.,1,-99999,35.,-0.43,14.,25.700000000000003,-0.01,-0.01
121162,33542,54.630425,-8.438652,0.,1,-99999,35.,-0.43,14.,25.700000000000003,-0.01,-0.01
121162,33951,54.630445,-8.43865,0.1,1,-99999,35.,-0.43,14.,25.700000000000003,-0.01,-0.02
121162,34282,54.630403,-8.43861,0.,1,-99999,35.,-0.43,14.,25.700000000000003,-0.01,-0.02
121162,35038,54.630375,-8.438587,0.,1,-99999,35.,-0.43,14.,25.700000000000003,-0.01,-0.02
121162,35151,54.630393,-8.438587,0.1,1,-99999,35.,-0.43,14.,25.700000000000003,-0.01,-0.02
121162,35241,54.630433,-8.438625,0.1,1,-99999,35.,-0.43,14.,25.700000000000003,-0.01,-0.02
121162,36062,54.630432,-8.438665,0.1,1,-99999,35.,-0.43,14.,25.700000000000003,-0.01,-0.02
121162,36171,54.63044,-8.438643,0.,1,-99999,35.,-0.43,14.,25.700000000000003,-0.01,-0.02
121162,37112,54.630418,-8.438598,0.,1,-99999,35.,-0.43,14.,25.700000000000003,-0.01,-0.02
121162,37261,54.630428,-8.438725,0.,1,-99999,35.,-0.43,14.,25.6,-0.01,-0.02
121162,37384,54.630435,-8.438702,0.,1,-99999,35.,-0.43,14.,25.6,-0.01,-0.02
121162,38070,54.630422,-8.438677,0.1,1,-99999,35.,-0.43,14.,25.6,-0.01,-0.02
121162,38169,54.630425,-8.438617,0.1,1,-99999,35.,-0.43,14.,25.700000000000003,-0.01,-0.02
121162,38948,54.63044,-8.438622,0.,1,-99999,35.,-0.43,14.,25.700000000000003,-0.01,-0.02
121162,39001,54.63041,-8.438628,0.,1,-99999,35.,-0.43,14.,25.700000000000003,-0.01,-0.02
121162,39071,54.630417,-8.43864,0.,1,-99999,35.,-0.43,14.,25.700000000000003,-0.01,-0.02
121162,39942,54.630422,-8.438593,0.,1,-99999,35.,-0.43,14.,25.700000000000003,-0.01,-0.02
121162,39983,54.630523,-8.43873,0.,1,-99999,35.,-0.43,14.,25.6,-0.01,-0.02
121162,40851,54.630532,-8.438688,0.,1,-99999,35.,-0.43,14.,25.6,-0.01,-0.02
121162,40891,54.630445,-8.438617,0.,1,-99999,35.,-0.43,14.,25.700000000000003,-0.01,-0.02
121162,41795,54.630405,-8.438563,0.1,1,-99999,35.,-0.43,14.,25.700000000000003,-0.01,-0.02
121162,42040,54.630412,-8.438592,0.,1,-99999,35.,-0.43,14.,25.700000000000003,-0.01,-0.02
121162,42700,54.63042,-8.438608,0.1,1,-99999,35.,-0.43,14.,25.700000000000003,-0.01,-0.02
121162,42741,54.630407,-8.438593,0.,1,-99999,35.,-0.43,14.,25.700000000000003,-0.01,-0.02
121162,43494,54.63044,-8.438647,0.,1,-99999,35.,-0.43,14.,25.700000000000003,-0.01,-0.02
121162,43613,54.63041,-8.438642,0.,1,-99999,35.,-0.43,14.,25.700000000000003,-0.01,-0.02
121162,43690,54.63041,-8.438598,0.,1,-99999,35.,-0.43,14.,25.700000000000003,-0.01,-0.02
121162,44521,54.63039,-8.438533,0.,1,-99999,35.,-0.43,14.,25.700000000000003,-0.01,-0.02
121162,44640,54.630373,-8.438582,0.1,1,-99999,35.,-0.43,14.,25.700000000000003,-0.01,-0.02
121162,45013,54.630392,-8.438627,0.,1,-99999,35.,-0.43,14.,25.700000000000003,-0.01,-0.02
121162,45431,54.630413,-8.438677,0.,1,-99999,35.,-0.43,14.,25.6,-0.01,-0.02
121162,45582,54.630397,-8.438593,0.1,1,-99999,35.,-0.43,14.,25.700000000000003,-0.01,-0.02
121162,46351,54.630398,-8.438667,0.,1,-99999,35.,-0.43,14.,25.6,-0.01,-0.02
121162,46530,54.63042,-8.438662,0.,1,-99999,35.,-0.43,14.,25.700000000000003,-0.01,-0.02
121162,46540,54.63042,-8.438662,0.,1,-99999,35.,-0.43,14.,25.700000000000003,-0.01,-0.02
121162,47261,54.630447,-8.43862,0.,1,-99999,35.,-0.43,14.,25.700000000000003,-0.01,-0.02
121162,47481,54.630458,-8.438562,0.1,1,-99999,35.,-0.43,14.,25.700000000000003,-0.01,-0.02
121162,48162,54.630408,-8.438605,0.,1,-99999,35.,-0.43,14.,25.700000000000003,-0.01,-0.02
121162,48481,54.630373,-8.438598,0.,1,-99999,35.,-0.43,14.,25.700000000000003,-0.01,-0.02
121162,49072,54.630373,-8.438545,0.,1,-99999,35.,-0.43,14.,25.700000000000003,-0.01,-0.02
121162,49431,54.630478,-8.438628,0.,1,-99999,35.,-0.43,14.,25.700000000000003,-0.01,-0.02
121162,49628,54.630372,-8.438587,0.,1,-99999,35.,-0.43,14.,25.700000000000003,-0.01,-0.02
121162,49981,54.630427,-8.43855,0.,1,-99999,35.,-0.43,14.,25.700000000000003,-0.01,-0.02
121162,50372,54.630447,-8.438577,0.,1,-99999,35.,-0.43,14.,25.700000000000003,-0.01,-0.02
121162,51189,54.63041,-8.43863,0.,1,-99999,35.,-0.43,14.,25.700000000000003,-0.01,-0.02
121162,51269,54.630437,-8.438632,0.,1,-99999,35.,-0.43,14.,25.700000000000003,-0.01,-0.02
121162,51331,54.630427,-8.438637,0.,1,-99999,35.,-0.43,14.,25.700000000000003,-0.01,-0.02
121162,52094,54.63047,-8.43872,0.,1,-99999,35.,-0.43,14.,25.6,-0.01,-0.02
121162,52261,54.63042,-8.438607,0.,1,-99999,35.,-0.43,14.,25.700000000000003,-0.01,-0.02
121162,52764,54.630402,-8.438627,0.,1,-99999,35.,-0.43,14.,25.700000000000003,-0.01,-0.02
121162,53001,54.63041,-8.438612,0.,1,-99999,35.,-0.43,14.,25.700000000000003,-0.01,-0.02
121162,53220,54.630447,-8.438628,0.1,1,-99999,35.,-0.43,14.,25.700000000000003,-0.01,-0.02
121162,53912,54.63041,-8.438637,0.,1,-99999,35.,-0.43,14.,25.700000000000003,-0.01,-0.02
121162,54161,54.630412,-8.438622,0.1,1,-99999,35.,-0.43,14.,25.700000000000003,-0.01,-0.02
121162,54219,54.630412,-8.438685,0.,1,-99999,35.,-0.43,14.,25.6,-0.01,-0.02
121162,54822,54.630373,-8.438557,0.1,1,-99999,35.,-0.43,14.,25.700000000000003,-0.01,-0.02
121162,55122,54.630405,-8.438597,0.,1,-99999,35.,-0.43,14.,25.700000000000003,-0.01,-0.02
121162,55732,54.630405,-8.438588,0.,1,-99999,35.,-0.43,14.,25.700000000000003,-0.01,-0.02
121162,55865,54.63039,-8.438582,0.,1,-99999,35.,-0.43,14.,25.700000000000003,-0.01,-0.02
121162,56102,54.630488,-8.438773,0.,1,-99999,35.,-0.43,14.,25.6,-0.01,-0.02
121162,56930,54.630447,-8.438648,0.1,1,-99999,35.,-0.43,14.,25.700000000000003,-0.01,-0.02
121162,57009,54.630365,-8.438605,0.1,1,-99999,35.,-0.43,14.,25.700000000000003,-0.01,-0.02
121162,57831,54.630432,-8.438635,0.,1,-99999,35.,-0.43,14.,25.700000000000003,-0.01,-0.02
121162,57961,54.630452,-8.43861,0.1,1,-99999,35.,-0.43,14.,25.700000000000003,-0.01,-0.02
121162,58144,54.63039,-8.43865,0.,1,-99999,35.,-0.43,14.,25.700000000000003,-0.01,-0.02
121162,58923,54.63039,-8.43864,0.,1,-99999,35.,-0.43,14.,25.700000000000003,-0.01,-0.02
121162,59040,54.630627,-8.438585,0.,1,-99999,35.,-0.43,14.,25.700000000000003,-0.01,-0.02
121162,59724,54.630477,-8.438532,0.,1,-99999,35.,-0.43,14.,25.700000000000003,-0.01,-0.02
121162,59871,54.630585,-8.438632,0.,1,-99999,35.,-0.43,14.,25.700000000000003,-0.01,-0.02
121162,59952,54.63045,-8.438647,0.1,1,-99999,35.,-0.43,14.,25.700000000000003,-0.01,-0.02
121162,60811,54.630422,-8.438665,0.,1,-99999,35.,-0.43,14.,25.700000000000003,-0.01,-0.02
121162,60880,54.630452,-8.438667,0.,1,-99999,35.,-0.43,14.,25.6,-0.01,-0.02
121162,61255,54.630432,-8.438657,0.,1,-99999,35.,-0.43,14.,25.700000000000003,-0.01,-0.02
121162,61751,54.630405,-8.438627,0.,1,-99999,35.,-0.43,14.,25.700000000000003,-0.01,-0.02
121162,62081,54.630293,-8.438593,0.,1,-99999,35.,-0.43,14.,25.700000000000003,-0.01,-0.02
121162,62701,54.630383,-8.438632,0.,1,-99999,35.,-0.44,14.,25.700000000000003,-0.01,-0.02
121162,62762,54.630382,-8.438617,0.,1,-99999,35.,-0.44,14.,25.700000000000003,-0.01,-0.02
121162,62991,54.630403,-8.438625,0.,1,-99999,35.,-0.44,14.,25.700000000000003,-0.01,-0.02
121162,63711,54.63039,-8.438582,0.1,1,-99999,35.,-0.44,14.,25.700000000000003,-0.01,-0.02
121162,63900,54.630458,-8.438685,0.,1,-99999,35.,-0.44,14.,25.6,-0.01,-0.02
121162,64304,54.630387,-8.438612,0.,1,-99999,35.,-0.44,14.,25.700000000000003,-0.01,-0.02
121162,64651,54.630387,-8.438635,0.,1,-99999,35.,-0.44,14.,25.700000000000003,-0.01,-0.02
121162,64801,54.630395,-8.43865,0.,1,-99999,35.,-0.44,14.,25.700000000000003,-0.01,-0.02
121162,65601,54.630405,-8.438658,0.1,1,-99999,35.,-0.44,14.,25.700000000000003,-0.01,-0.02
121162,65722,54.630413,-8.438637,0.,1,-99999,35.,-0.44,14.,25.700000000000003,-0.01,-0.02
121162,65824,54.630397,-8.438627,0.,1,-99999,35.,-0.44,14.,25.700000000000003,-0.01,-0.02
121162,66541,54.630478,-8.438678,0.1,1,-99999,35.,-0.44,14.,25.6,-0.01,-0.02
121162,66640,54.630405,-8.438648,0.,1,-99999,35.,-0.44,14.,25.700000000000003,-0.01,-0.02
121162,67293,54.630395,-8.438627,0.,1,-99999,35.,-0.44,14.,25.700000000000003,-0.01,-0.02
121162,67484,54.630357,-8.43863,0.,1,-99999,35.,-0.44,14.,25.700000000000003,-0.01,-0.02
121162,67550,54.630415,-8.438653,0.,1,-99999,35.,-0.44,14.,25.700000000000003,-0.01,-0.02
121162,68442,54.630452,-8.438635,0.,1,-99999,35.,-0.44,14.,25.700000000000003,-0.01,-0.02
121162,68750,54.630372,-8.438558,0.,1,-99999,35.,-0.44,14.,25.700000000000003,-0.01,-0.02
121162,68751,54.630372,-8.438557,0.,1,-99999,35.,-0.44,14.,25.700000000000003,-0.01,-0.02
121162,69383,54.630428,-8.438617,0.1,1,-99999,35.,-0.44,14.,25.700000000000003,-0.01,-0.02
121162,69670,54.630422,-8.438613,0.,1,-99999,35.,-0.44,14.,25.700000000000003,-0.01,-0.02
121162,70274,54.630415,-8.438535,0.,1,-99999,35.,-0.44,14.,25.700000000000003,-0.01,-0.02
121162,70371,54.630368,-8.438617,0.,1,-99999,35.,-0.44,14.,25.700000000000003,-0.01,-0.02
121162,70572,54.630453,-8.438655,0.1,1,-99999,35.,-0.44,14.,25.700000000000003,-0.01,-0.02
121162,71331,54.630652,-8.438542,0.1,1,-99999,35.,-0.44,14.,25.700000000000003,-0.01,-0.02
121162,71480,54.630652,-8.438535,0.,1,-99999,35.,-0.44,14.,25.700000000000003,-0.01,-0.02
121162,71734,54.630732,-8.4384,0.,1,-99999,35.,-0.44,14.,25.700000000000003,-0.01,-0.02
121162,72281,54.630543,-8.438568,0.1,1,-99999,35.,-0.44,14.,25.700000000000003,-0.01,-0.02
121162,72401,54.630715,-8.438577,0.1,1,-99999,35.,-0.44,14.,25.700000000000003,-0.01,-0.02
121162,73241,54.630417,-8.438628,0.,1,-99999,35.,-0.44,14.,25.700000000000003,-0.01,-0.02
121162,73302,54.6305,-8.438663,0.,1,-99999,35.,-0.44,14.,25.700000000000003,-0.01,-0.02
121162,73975,54.63044,-8.438647,0.,1,-99999,35.,-0.44,14.,25.700000000000003,-0.01,-0.02
121162,74180,54.630385,-8.438622,0.,1,-99999,35.,-0.44,14.,25.700000000000003,-0.01,-0.02
121162,74211,54.630398,-8.438613,0.,1,-99999,35.,-0.44,14.,25.700000000000003,-0.01,-0.02
121162,75132,54.630668,-8.438713,0.1,1,-99999,35.,-0.44,14.,25.6,-0.01,-0.02
121162,76041,54.630422,-8.438642,0.1,1,-99999,35.,-0.44,14.,25.700000000000003,-0.01,-0.02
121162,76102,54.630425,-8.438632,0.1,1,-99999,35.,-0.44,14.,25.700000000000003,-0.01,-0.02
121162,76225,54.630365,-8.43858,0.,1,-99999,35.,-0.44,14.,25.700000000000003,-0.01,-0.02
121162,76951,54.630432,-8.43863,0.1,1,-99999,35.,-0.44,14.,25.700000000000003,-0.01,-0.02
121162,77050,54.630433,-8.438643,0.,1,-99999,35.,-0.44,14.,25.700000000000003,-0.01,-0.02
121162,77695,54.630465,-8.438602,0.,1,-99999,35.,-0.44,14.,25.700000000000003,-0.01,-0.02
121162,77872,54.630437,-8.438545,0.1,1,-99999,35.,-0.44,14.,25.700000000000003,-0.01,-0.02
121162,77992,54.63044,-8.438593,0.1,1,-99999,35.,-0.44,14.,25.700000000000003,-0.01,-0.02
121162,78791,54.630428,-8.438637,0.1,1,-99999,35.,-0.44,14.,25.700000000000003,-0.01,-0.02
121162,78941,54.63042,-8.438583,0.1,1,-99999,35.,-0.44,14.,25.700000000000003,-0.01,-0.02
121162,79155,54.630422,-8.438607,0.,1,-99999,35.,-0.44,14.,25.700000000000003,-0.01,-0.02
121162,79701,54.630398,-8.438655,0.,1,-99999,35.,-0.44,14.,25.700000000000003,-0.01,-0.02
121162,79900,54.630417,-8.438563,0.,1,-99999,35.,-0.44,14.,25.700000000000003,-0.01,-0.02
121162,80842,54.630488,-8.438665,0.,1,-99999,35.,-0.44,14.,25.700000000000003,-0.01,-0.02
121162,80902,54.63048,-8.438605,0.,1,-99999,35.,-0.44,14.,25.700000000000003,-0.01,-0.02
121162,81332,54.630455,-8.438697,0.,1,-99999,35.,-0.44,14.,25.6,-0.01,-0.02
121162,81783,54.630523,-8.438653,0.1,1,-99999,35.,-0.44,14.,25.700000000000003,-0.01,-0.02
121162,81811,54.630507,-8.438607,0.,1,-99999,35.,-0.44,14.,25.700000000000003,-0.01,-0.02
121162,82741,54.630463,-8.438645,0.1,1,-99999,35.,-0.44,14.,25.700000000000003,-0.01,-0.02
121162,82894,54.63042,-8.438632,0.,1,-99999,35.,-0.44,14.,25.700000000000003,-0.01,-0.02
121162,83010,54.630433,-8.438582,0.,1,-99999,35.,-0.44,14.,25.700000000000003,-0.01,-0.02
121162,83681,54.630395,-8.438565,0.,1,-99999,35.,-0.44,14.,25.700000000000003,-0.01,-0.02
121162,83923,54.630435,-8.43875,0.,1,-99999,35.,-0.44,14.,25.6,-0.01,-0.02
121162,84347,54.630427,-8.43863,0.,1,-99999,35.,-0.44,14.,25.700000000000003,-0.01,-0.02
121162,84633,54.630488,-8.438702,0.1,1,-99999,35.,-0.44,14.,25.6,-0.01,-0.02
121162,84840,54.630398,-8.438622,0.,1,-99999,35.,-0.44,14.,25.700000000000003,-0.01,-0.02
121162,85620,54.630383,-8.438562,0.,1,-99999,35.,-0.44,14.,25.700000000000003,-0.01,-0.02
121162,85752,54.630372,-8.438562,0.,1,-99999,35.,-0.44,14.,25.700000000000003,-0.01,-0.02
121162,85814,54.630372,-8.438547,0.,1,-99999,35.,-0.44,14.,25.700000000000003,-0.01,-0.02
121162,86569,54.630378,-8.438588,0.1,1,-99999,35.,-0.44,14.,25.700000000000003,-0.01,-0.02
121162,86950,54.630397,-8.438563,0.1,1,-99999,35.,-0.44,14.,25.700000000000003,-0.01,-0.02
121162,87313,54.630372,-8.438547,0.,1,-99999,35.,-0.44,14.,25.700000000000003,-0.01,-0.02
121162,87499,54.63038,-8.4385,0.,1,-99999,35.,-0.44,14.,25.700000000000003,-0.01,-0.02
121162,87851,54.630422,-8.438588,0.,1,-99999,35.,-0.44,14.,25.700000000000003,-0.01,-0.02
121162,88490,54.630442,-8.438618,0.,1,-99999,35.,-0.44,14.,25.700000000000003,-0.01,-0.02
121162,89052,54.630357,-8.438505,0.1,1,-99999,35.,-0.44,14.,25.700000000000003,-0.01,-0.02
121162,89451,54.630312,-8.438505,0.1,1,-99999,35.,-0.44,14.,25.700000000000003,-0.01,-0.02
121162,89548,54.630465,-8.438592,0.,1,-99999,35.,-0.44,14.,25.700000000000003,-0.01,-0.02
121162,89962,54.630373,-8.438665,0.,1,-99999,35.,-0.44,14.,25.700000000000003,-0.01,-0.02
121162,90410,54.630368,-8.438587,0.1,1,-99999,35.,-0.44,14.,25.700000000000003,-0.01,-0.02
121162,90870,54.63035,-8.438572,0.1,1,-99999,35.,-0.44,14.,25.700000000000003,0.,-0.02
121162,91075,54.63045,-8.438707,0.,1,-99999,35.,-0.44,14.,25.6,0.,-0.02
121162,91350,54.630367,-8.438558,0.1,1,-99999,35.,-0.44,14.,25.700000000000003,0.,-0.02
121162,91773,54.630467,-8.43865,0.1,1,-99999,35.,-0.44,14.,25.700000000000003,0.,-0.02
121162,92332,54.630387,-8.438617,0.,1,-99999,35.,-0.44,14.,25.700000000000003,0.,-0.02
121162,92691,54.630443,-8.438485,0.,1,-99999,35.,-0.44,14.,25.700000000000003,0.,-0.02
121162,93241,54.630398,-8.438693,0.,1,-99999,35.,-0.44,14.,25.6,0.,-0.02
121162,93338,54.630422,-8.438642,0.,1,-99999,35.,-0.44,14.,25.700000000000003,0.,-0.02
121162,93612,54.63041,-8.438687,0.1,1,-99999,35.,-0.44,14.,25.6,0.,-0.02
121162,94192,54.630428,-8.43858,0.,1,-99999,35.,-0.44,14.,25.700000000000003,0.,-0.02
121162,94532,54.630387,-8.43869,0.,1,-99999,35.,-0.44,14.,25.6,0.,-0.02
121162,95151,54.630427,-8.438642,0.,1,-99999,35.,-0.44,14.,25.700000000000003,0.,-0.02
121162,95440,54.630417,-8.438593,0.,1,-99999,35.,-0.44,14.,25.700000000000003,0.,-0.02
121162,96111,54.630362,-8.438617,0.,1,-99999,35.,-0.44,14.,25.700000000000003,0.,-0.02
121162,96350,54.630418,-8.43867,0.,1,-99999,35.,-0.44,14.,25.6,0.,-0.02
121162,97032,54.63039,-8.438617,0.,1,-99999,35.,-0.44,14.,25.700000000000003,0.,-0.02
121162,97061,54.630403,-8.43862,0.,1,-99999,35.,-0.44,14.,25.700000000000003,0.,-0.02
121162,97251,54.630372,-8.438662,0.,1,-99999,35.,-0.44,14.,25.700000000000003,0.,-0.02
121162,98011,54.630398,-8.438595,0.,1,-99999,35.,-0.44,14.,25.700000000000003,0.,-0.02
121162,98170,54.63036,-8.438598,0.,1,-99999,35.,-0.44,14.,25.700000000000003,0.,-0.02
121162,98592,54.630397,-8.43861,0.,1,-99999,35.,-0.44,14.,25.700000000000003,0.,-0.02
121162,98960,54.630398,-8.438605,0.,1,-99999,35.,-0.44,14.,25.700000000000003,0.,-0.02
121162,99081,54.6305,-8.438693,0.1,1,-99999,35.,-0.44,14.,25.6,0.,-0.02
121162,99903,54.63039,-8.438558,0.1,1,-99999,35.,-0.44,14.,25.700000000000003,0.,-0.02
121162,99991,54.630368,-8.438592,0.,1,-99999,35.,-0.44,14.,25.700000000000003,0.,-0.02
121162,100052,54.630362,-8.43857,0.,1,-99999,35.,-0.44,14.,25.700000000000003,0.,-0.02
121162,100851,54.630398,-8.43857,0.,1,-99999,35.,-0.44,14.,25.700000000000003,0.,-0.02
121162,100900,54.630425,-8.438643,0.,1,-99999,35.,-0.44,14.,25.700000000000003,0.,-0.02
121162,101564,54.630367,-8.438605,0.,1,-99999,35.,-0.44,14.,25.700000000000003,0.,-0.02
121162,101792,54.630608,-8.438938,0.,1,-99999,35.,-0.44,14.,25.6,0.,-0.02
121162,102101,54.63048,-8.438768,0.,1,-99999,35.,-0.44,14.,25.6,0.,-0.02
121162,102761,54.630432,-8.438632,0.,1,-99999,35.,-0.44,14.,25.700000000000003,0.,-0.02
121162,103034,54.63047,-8.438657,0.,1,-99999,35.,-0.44,14.,25.700000000000003,0.,-0.02
121162,103302,54.630413,-8.4386,0.,1,-99999,35.,-0.44,14.,25.700000000000003,0.,-0.02
121162,103695,54.63039,-8.438635,0.1,1,-99999,35.,-0.44,14.,25.700000000000003,0.,-0.02
121162,104211,54.630555,-8.438553,0.,1,-99999,35.,-0.44,14.,25.700000000000003,0.,-0.02
121162,104546,54.630442,-8.438557,0.,1,-99999,35.,-0.44,14.,25.700000000000003,0.,-0.02
121162,104661,54.630395,-8.43866,0.,1,-99999,35.,-0.44,14.,25.700000000000003,0.,-0.02
121162,105113,54.630408,-8.438567,0.,1,-99999,35.,-0.44,14.,25.700000000000003,0.,-0.02
121162,105612,54.630365,-8.438532,0.,1,-99999,35.,-0.44,14.,25.700000000000003,0.,-0.02
121162,106021,54.630398,-8.43857,0.1,1,-99999,35.,-0.44,14.,25.700000000000003,0.,-0.02
121162,106026,54.630397,-8.43857,0.,1,-99999,35.,-0.44,14.,25.700000000000003,0.,-0.02
121162,106551,54.630367,-8.438668,0.,1,-99999,35.,-0.44,14.,25.6,0.,-0.02
121162,106930,54.63038,-8.438647,0.,1,-99999,35.,-0.44,14.,25.700000000000003,0.,-0.02
121162,107512,54.630377,-8.438582,0.,1,-99999,35.,-0.44,14.,25.700000000000003,0.,-0.02
121162,107521,54.630382,-8.438577,0.1,1,-99999,35.,-0.44,14.,25.700000000000003,0.,-0.02
121162,107841,54.630365,-8.438665,0.1,1,-99999,35.,-0.44,14.,25.700000000000003,0.,-0.02
121162,108483,54.630388,-8.438635,0.,1,-99999,35.,-0.44,14.,25.700000000000003,0.,-0.02
121162,108751,54.630242,-8.438625,0.1,1,-99999,35.,-0.44,14.,25.700000000000003,0.,-0.02
121162,108962,54.630327,-8.438617,0.,1,-99999,35.,-0.44,14.,25.700000000000003,0.,-0.02
121162,109431,54.63042,-8.438648,0.,1,-99999,35.,-0.44,14.,25.700000000000003,0.,-0.02
121162,109673,54.630382,-8.438628,0.,1,-99999,35.,-0.44,14.,25.700000000000003,0.,-0.02
121162,110370,54.630417,-8.438652,0.,1,-99999,35.,-0.44,14.,25.700000000000003,0.,-0.02
121162,110441,54.630402,-8.438677,0.,1,-99999,35.,-0.45,14.,25.6,0.,-0.02
121162,110583,54.63041,-8.438588,0.,1,-99999,35.,-0.45,14.,25.700000000000003,0.,-0.02
121162,111319,54.63042,-8.438647,0.,1,-99999,35.,-0.45,14.,25.700000000000003,0.,-0.02
121162,111492,54.630388,-8.438607,0.,1,-99999,35.,-0.45,14.,25.700000000000003,0.,-0.02
121162,111894,54.630392,-8.438607,0.,1,-99999,35.,-0.45,14.,25.700000000000003,0.,-0.02
121162,112260,54.63042,-8.438647,0.,1,-99999,35.,-0.45,14.,25.700000000000003,0.,-0.02
121162,112691,54.630383,-8.438612,0.,1,-99999,35.,-0.45,14.,25.700000000000003,0.,-0.02
121162,113211,54.630392,-8.438628,0.,1,-99999,35.,-0.45,14.,25.700000000000003,0.,-0.02
121162,113353,54.630417,-8.438627,0.,1,-99999,35.,-0.45,14.,25.700000000000003,0.,-0.02
121162,113603,54.630422,-8.438575,0.,1,-99999,35.,-0.45,14.,25.700000000000003,0.,-0.02
121162,114160,54.630413,-8.438588,0.,1,-99999,35.,-0.45,14.,25.700000000000003,0.,-0.02
121162,114510,54.63042,-8.438623,0.,1,-99999,35.,-0.45,14.,25.700000000000003,0.,-0.02
121162,115131,54.630468,-8.438662,0.,1,-99999,35.,-0.45,14.,25.700000000000003,0.,-0.02
121162,115423,54.63042,-8.438648,0.,1,-99999,35.,-0.45,14.,25.700000000000003,0.,-0.02
121162,115542,54.630387,-8.438547,0.,1,-99999,35.,-0.45,14.,25.700000000000003,0.,-0.02
121162,116080,54.63051,-8.438642,0.1,1,-99999,35.,-0.45,14.,25.700000000000003,0.,-0.02
121162,116621,54.630428,-8.43861,0.1,1,-99999,35.,-0.45,14.,25.700000000000003,0.,-0.02
121162,117032,54.630438,-8.438633,0.,1,-99999,35.,-0.45,14.,25.700000000000003,0.,-0.02
121162,117530,54.630398,-8.438633,0.1,1,-99999,35.,-0.45,14.,25.700000000000003,0.,-0.02
121162,117836,54.630367,-8.438632,0.,1,-99999,35.,-0.45,14.,25.700000000000003,0.,-0.02
121162,117980,54.630387,-8.438578,0.,1,-99999,35.,-0.45,14.,25.700000000000003,0.,-0.02
121162,118441,54.630328,-8.438672,0.,1,-99999,35.,-0.45,14.,25.6,0.,-0.02
121162,118942,54.630405,-8.438627,0.1,1,-99999,35.,-0.45,14.,25.700000000000003,0.,-0.02
121162,119352,54.630393,-8.438647,0.,1,-99999,35.,-0.45,14.,25.700000000000003,0.,-0.02
121162,119881,54.63039,-8.438623,0.,1,-99999,35.,-0.45,14.,25.700000000000003,0.,-0.02
121162,120023,54.63038,-8.438617,0.,1,-99999,35.,-0.45,14.,25.700000000000003,0.,-0.02
121162,120263,54.630402,-8.438625,0.,1,-99999,35.,-0.45,14.,25.700000000000003,0.,-0.02
121162,120821,54.630452,-8.438658,0.1,1,-99999,35.,-0.45,14.,25.700000000000003,0.,-0.02
121162,121171,54.630362,-8.438587,0.,1,-99999,35.,-0.45,14.,25.700000000000003,0.,-0.02
121162,121481,54.630407,-8.438642,0.,1,-99999,35.,-0.45,14.,25.700000000000003,0.,-0.02
121162,121781,54.630422,-8.438607,0.1,1,-99999,35.,-0.45,14.,25.700000000000003,0.,-0.02
121162,122091,54.63043,-8.438635,0.1,1,-99999,35.,-0.45,14.,25.700000000000003,0.,-0.02
121162,122751,54.630405,-8.438608,0.,1,-99999,35.,-0.45,14.,25.700000000000003,0.,-0.02
121162,122956,54.63044,-8.438727,0.,1,-99999,35.,-0.45,14.,25.6,0.,-0.02
121162,123011,54.630422,-8.4386,0.,1,-99999,35.,-0.45,14.,25.700000000000003,0.,-0.02
121162,124642,54.630353,-8.438593,0.,1,-99999,35.,-0.45,14.,25.700000000000003,0.,-0.02
121162,125121,54.630418,-8.438752,0.,1,-99999,35.,-0.45,14.,25.6,0.,-0.02
121162,125165,54.63041,-8.438777,0.,1,-99999,35.,-0.45,14.,25.6,0.,-0.02
121162,125581,54.630417,-8.43874,0.,1,-99999,35.,-0.45,14.,25.6,0.,-0.02
121162,126032,54.630433,-8.438645,0.,1,-99999,35.,-0.45,14.,25.700000000000003,0.,-0.02
121162,126540,54.630458,-8.438582,0.,1,-99999,35.,-0.45,14.,25.700000000000003,0.,-0.02
121162,126674,54.6304,-8.438542,0.,1,-99999,35.,-0.45,14.,25.700000000000003,0.,-0.02
121162,126954,54.6307,-8.438737,0.1,1,-99999,35.,-0.45,14.,25.6,0.,-0.02
121162,127491,54.630428,-8.438612,0.1,1,-99999,35.,-0.45,14.,25.700000000000003,0.,-0.02
121162,127872,54.630433,-8.438602,0.,1,-99999,35.,-0.45,14.,25.700000000000003,0.,-0.02
121162,128420,54.630425,-8.438653,0.,1,-99999,35.,-0.45,14.,25.700000000000003,0.,-0.02
121162,128781,54.630432,-8.438635,0.1,1,-99999,35.,-0.45,14.,25.700000000000003,0.,-0.02
121162,128875,54.630427,-8.43864,0.,1,-99999,35.,-0.45,14.,25.700000000000003,0.,-0.02
121162,129325,54.63045,-8.43866,0.1,1,-99999,35.,-0.45,14.,25.700000000000003,0.,-0.02
121162,129981,54.630433,-8.438635,0.,1,-99999,35.,-0.45,14.,25.700000000000003,0.,-0.02
121162,130250,54.63045,-8.438628,0.,1,-99999,35.,-0.45,14.,25.700000000000003,0.,-0.02
121162,130363,54.63037,-8.4386,0.,1,-99999,35.,-0.45,14.,25.700000000000003,0.,-0.02
121162,130902,54.630405,-8.438623,0.,1,-99999,35.,-0.45,14.,25.700000000000003,0.,-0.02
121162,131201,54.630458,-8.438613,0.,1,-99999,35.,-0.45,14.,25.700000000000003,0.,-0.02
121162,131821,54.630417,-8.438597,0.,1,-99999,35.,-0.45,14.,25.700000000000003,0.,-0.02
121162,132142,54.630412,-8.438727,0.1,1,-99999,35.,-0.45,14.,25.6,0.,-0.02
121162,132732,54.630487,-8.438655,0.,1,-99999,35.,-0.45,14.,25.700000000000003,0.,-0.02
121162,133091,54.630413,-8.438568,0.1,1,-99999,35.,-0.45,14.,25.700000000000003,0.,-0.02
121162,133333,54.630417,-8.438572,0.,1,-99999,35.,-0.45,14.,25.700000000000003,0.,-0.02
121162,133641,54.630465,-8.438635,0.,1,-99999,35.,-0.45,14.,25.700000000000003,0.,-0.02
121162,134022,54.630442,-8.438608,0.,1,-99999,35.,-0.45,14.,25.700000000000003,0.,-0.02
121162,134550,54.630433,-8.438642,0.1,1,-99999,35.,-0.45,14.,25.700000000000003,0.,-0.02
121162,134950,54.63036,-8.438605,0.1,1,-99999,35.,-0.45,14.,25.700000000000003,0.,-0.02
121162,135451,54.630425,-8.438587,0.,1,-99999,35.,-0.45,14.,25.700000000000003,0.,-0.02
121162,135585,54.630465,-8.438617,0.,1,-99999,35.,-0.45,14.,25.700000000000003,0.,-0.02
121162,135890,54.630382,-8.438595,0.1,1,-99999,35.,-0.45,14.,25.700000000000003,0.,-0.02
121162,136361,54.630465,-8.43843,0.,1,-99999,35.,-0.45,14.,25.700000000000003,0.,-0.02
121162,136804,54.630395,-8.438607,0.,1,-99999,35.,-0.45,14.,25.700000000000003,0.,-0.02
121162,137044,54.63047,-8.43858,0.,1,-99999,35.,-0.45,14.,25.700000000000003,0.,-0.02
121162,137282,54.630395,-8.438635,0.,1,-99999,35.,-0.45,14.,25.700000000000003,0.,-0.02
121162,137782,54.63042,-8.43866,0.1,1,-99999,35.,-0.45,14.,25.700000000000003,0.,-0.02
121162,138201,54.63044,-8.438677,0.,1,-99999,35.,-0.45,14.,25.6,0.,-0.02
121162,138593,54.630382,-8.43861,0.,1,-99999,35.,-0.45,14.,25.700000000000003,0.,-0.02
121162,138731,54.63047,-8.438618,0.,1,-99999,35.,-0.45,14.,25.700000000000003,0.,-0.02
121162,139121,54.630437,-8.43865,0.,1,-99999,35.,-0.45,14.,25.700000000000003,0.,-0.02
121162,139651,54.630372,-8.438532,0.,1,-99999,35.,-0.45,14.,25.700000000000003,0.,-0.02
121162,140053,54.63045,-8.43864,0.,1,-99999,35.,-0.45,14.,25.700000000000003,0.,-0.02
121162,140331,54.630413,-8.438635,0.,1,-99999,35.,-0.45,14.,25.700000000000003,0.,-0.02
121162,140600,54.630432,-8.438665,0.1,1,-99999,35.,-0.45,14.,25.700000000000003,0.,-0.02
121162,141521,54.630375,-8.438568,0.1,1,-99999,35.,-0.45,14.,25.700000000000003,0.,-0.02
121162,141525,54.630375,-8.438567,0.,1,-99999,35.,-0.45,14.,25.700000000000003,0.,-0.02
121162,141542,54.630395,-8.438575,0.,1,-99999,35.,-0.45,14.,25.700000000000003,0.,-0.02
121162,142460,54.630467,-8.438768,0.,1,-99999,35.,-0.45,14.,25.6,0.,-0.02
121162,142471,54.630462,-8.438747,0.,1,-99999,35.,-0.45,14.,25.6,0.,-0.02
121162,143045,54.630417,-8.43866,0.,1,-99999,35.,-0.45,14.,25.700000000000003,0.,-0.02
121162,143362,54.630477,-8.43873,0.,1,-99999,35.,-0.45,14.,25.6,0.,-0.02
121162,143412,54.630452,-8.438673,0.,1,-99999,35.,-0.45,14.,25.6,0.,-0.02
121162,144270,54.63044,-8.438643,0.,1,-99999,35.,-0.45,14.,25.700000000000003,0.,-0.02
121162,144321,54.630428,-8.438647,0.,1,-99999,35.,-0.45,14.,25.700000000000003,0.,-0.02
121162,144515,54.630447,-8.438655,0.,1,-99999,35.,-0.45,14.,25.700000000000003,0.,-0.02
121162,145181,54.630462,-8.4386,0.1,1,-99999,35.,-0.45,14.,25.700000000000003,0.,-0.02
121162,145262,54.630567,-8.438592,0.,1,-99999,35.,-0.45,14.,25.700000000000003,0.,-0.02
121162,146101,54.630723,-8.438653,0.1,1,-99999,35.,-0.45,14.,25.700000000000003,0.,-0.02
121162,146200,54.63043,-8.438525,0.1,1,-99999,35.,-0.45,14.,25.700000000000003,0.,-0.02
121162,147014,54.630398,-8.43859,0.,1,-99999,35.,-0.45,14.,25.700000000000003,0.,-0.02
121162,147152,54.630458,-8.438673,0.,1,-99999,35.,-0.45,14.,25.6,0.,-0.02
121162,148112,54.630415,-8.438642,0.,1,-99999,35.,-0.45,14.,25.700000000000003,0.,-0.02
121162,148212,54.630465,-8.438703,0.,1,-99999,35.,-0.45,14.,25.6,0.,-0.02
121162,148242,54.630465,-8.43869,0.,1,-99999,35.,-0.45,14.,25.6,0.,-0.02
121162,149060,54.630383,-8.438615,0.,1,-99999,35.,-0.45,14.,25.700000000000003,0.,-0.02
121162,149130,54.63042,-8.438587,0.,1,-99999,35.,-0.45,14.,25.700000000000003,0.,-0.02
121162,150012,54.630422,-8.438662,0.1,1,-99999,35.,-0.45,14.,25.700000000000003,0.,-0.02
121162,150251,54.630407,-8.43864,0.,1,-99999,35.,-0.45,14.,25.700000000000003,0.,-0.02
121162,150330,54.630362,-8.43859,0.,1,-99999,35.,-0.45,14.,25.700000000000003,0.,-0.02
121162,150961,54.630392,-8.438683,0.,1,-99999,35.,-0.45,14.,25.6,0.,-0.02
121162,151242,54.630395,-8.438595,0.,1,-99999,35.,-0.45,14.,25.700000000000003,0.,-0.02
121162,151755,54.630385,-8.438582,0.,1,-99999,35.,-0.45,14.,25.700000000000003,0.,-0.02
121162,151932,54.630393,-8.4386,0.,1,-99999,35.,-0.45,14.,25.700000000000003,0.,-0.02
121162,152151,54.63038,-8.438617,0.,1,-99999,35.,-0.45,14.,25.700000000000003,0.,-0.02
121162,152901,54.630438,-8.438695,0.,1,-99999,35.,-0.45,14.,25.6,0.,-0.02
121162,153359,54.630422,-8.438637,0.,1,-99999,35.,-0.45,14.,25.700000000000003,0.,-0.02
121162,153851,54.630472,-8.438645,0.,1,-99999,35.,-0.45,14.,25.700000000000003,0.,-0.02
121162,153942,54.630432,-8.438647,0.,1,-99999,35.,-0.45,14.,25.700000000000003,0.,-0.02
121162,154281,54.630432,-8.438645,0.,1,-99999,35.,-0.45,14.,25.700000000000003,0.,-0.02
121162,154791,54.63041,-8.438653,0.,1,-99999,35.,-0.45,14.,25.700000000000003,0.,-0.02
121162,155200,54.630413,-8.43862,0.,1,-99999,35.,-0.45,14.,25.700000000000003,0.,-0.02
121162,155408,54.630435,-8.438652,0.,1,-99999,35.,-0.45,14.,25.700000000000003,0.,-0.02
121162,155761,54.630405,-8.438815,0.,1,-99999,35.,-0.45,14.,25.6,0.,-0.02
121162,156110,54.630377,-8.438623,0.,1,-99999,35.,-0.45,14.,25.700000000000003,0.,-0.02
121162,156700,54.630445,-8.438732,0.1,1,-99999,35.,-0.45,14.,25.6,0.,-0.02
121162,156866,54.630542,-8.438772,0.,1,-99999,35.,-0.45,14.,25.6,0.,-0.02
121162,157011,54.630443,-8.438683,0.,1,-99999,35.,-0.45,14.,25.6,0.,-0.02
121162,157632,54.630573,-8.43875,0.1,1,-99999,35.,-0.45,14.,25.6,0.,-0.02
121162,157920,54.630393,-8.438598,0.1,1,-99999,35.,-0.45,14.,25.700000000000003,0.,-0.02
121162,158342,54.63042,-8.438667,0.,1,-99999,35.,-0.45,14.,25.6,0.,-0.02
121162,158584,54.63041,-8.4386,0.,1,-99999,35.,-0.45,14.,25.700000000000003,0.,-0.02
121162,158830,54.630443,-8.438633,0.,1,-99999,35.,-0.46,14.,25.700000000000003,0.,-0.02
121162,159561,54.630433,-8.438643,0.1,1,-99999,35.,-0.46,14.,25.700000000000003,0.,-0.02
121162,159731,54.630433,-8.438617,0.1,1,-99999,35.,-0.46,14.,25.700000000000003,0.,-0.02
121162,159795,54.630387,-8.438597,0.,1,-99999,35.,-0.46,14.,25.700000000000003,0.,-0.02
121162,160501,54.63039,-8.43857,0.,1,-99999,35.,-0.46,14.,25.700000000000003,0.,-0.02
121162,160651,54.630437,-8.438648,0.1,1,-99999,35.,-0.46,14.,25.700000000000003,0.,-0.02
121162,161258,54.630565,-8.43874,0.,1,-99999,35.,-0.46,14.,25.6,0.,-0.02
121162,161461,54.630558,-8.43872,0.,1,-99999,35.,-0.46,14.,25.6,0.,-0.02
121162,161552,54.63041,-8.438583,0.1,1,-99999,35.,-0.46,14.,25.700000000000003,0.,-0.02
121162,162391,54.630432,-8.438715,0.,1,-99999,35.,-0.46,14.,25.6,0.,-0.02
121162,162462,54.630417,-8.438667,0.,1,-99999,35.,-0.46,14.,25.6,0.,-0.02
121162,162761,54.630355,-8.438562,0.,1,-99999,35.,-0.46,14.,25.700000000000003,0.,-0.02
121162,163373,54.630428,-8.438667,0.,1,-99999,35.,-0.46,14.,25.6,0.,-0.02
121162,163660,54.630462,-8.438648,0.,1,-99999,35.,-0.46,14.,25.700000000000003,0.,-0.02
121162,164321,54.6304,-8.438575,0.,1,-99999,35.,-0.46,14.,25.700000000000003,0.,-0.02
121162,164571,54.630403,-8.438575,0.,1,-99999,35.,-0.46,14.,25.700000000000003,0.,-0.02
121162,165053,54.630402,-8.438615,0.,1,-99999,35.,-0.46,14.,25.700000000000003,0.,-0.02
121162,165271,54.63038,-8.438582,0.,1,-99999,35.,-0.46,14.,25.700000000000003,0.,-0.02
121162,165771,54.630447,-8.438625,0.,1,-99999,35.,-0.46,14.,25.700000000000003,0.,-0.02
121162,166231,54.630387,-8.438597,0.,1,-99999,35.,-0.46,14.,25.700000000000003,0.,-0.02
121162,166562,54.630425,-8.4387,0.,1,-99999,35.,-0.46,14.,25.6,0.,-0.02
121162,166681,54.63042,-8.438638,0.,1,-99999,35.,-0.46,14.,25.700000000000003,0.,-0.02
121162,167139,54.630472,-8.438637,0.,1,-99999,35.,-0.46,14.,25.700000000000003,0.,-0.02
121162,167591,54.63051,-8.438768,0.,1,-99999,35.,-0.46,14.,25.6,0.,-0.02
121162,168066,54.63062,-8.438762,0.,1,-99999,35.,-0.46,14.,25.6,0.,-0.02
121162,168131,54.630577,-8.438715,0.,1,-99999,35.,-0.46,14.,25.6,0.,-0.02
121162,168501,54.630507,-8.43872,0.,1,-99999,35.,-0.46,14.,25.6,0.,-0.02
121162,169071,54.630463,-8.438678,0.,1,-99999,35.,-0.46,14.,25.6,0.,-0.02
121162,169411,54.630408,-8.438518,0.1,1,-99999,35.,-0.46,14.,25.700000000000003,0.,-0.02
121162,169524,54.63045,-8.438617,0.,1,-99999,35.,-0.46,14.,25.700000000000003,0.,-0.02
121162,170031,54.630423,-8.438633,0.,1,-99999,35.,-0.46,14.,25.700000000000003,0.,-0.02
121162,170331,54.630482,-8.438653,0.,1,-99999,35.,-0.46,14.,25.700000000000003,0.,-0.02
121162,170981,54.630495,-8.43875,0.,1,-99999,35.,-0.46,14.,25.6,0.,-0.02
121162,171240,54.630347,-8.438623,0.,1,-99999,35.,-0.46,14.,25.700000000000003,0.,-0.02
121162,171763,54.630407,-8.438622,0.,1,-99999,35.,-0.46,14.,25.700000000000003,0.,-0.02
121162,171941,54.630417,-8.438565,0.,1,-99999,35.,-0.46,14.,25.700000000000003,0.,-0.02
121162,172152,54.630432,-8.438605,0.,1,-99999,35.,-0.46,14.,25.700000000000003,0.,-0.02
121162,172893,54.630338,-8.438497,0.,1,-99999,35.,-0.46,14.,25.700000000000003,0.,-0.02
121162,173061,54.630403,-8.43861,0.,1,-99999,35.,-0.46,14.,25.700000000000003,0.,-0.02
121162,173236,54.630417,-8.43857,0.,1,-99999,35.,-0.46,14.,25.700000000000003,0.,-0.02
121162,173842,54.630405,-8.43858,0.1,1,-99999,35.,-0.46,14.,25.700000000000003,0.,-0.02
121162,173964,54.630423,-8.43858,0.,1,-99999,35.,-0.46,14.,25.700000000000003,0.,-0.02
121162,174713,54.63038,-8.438582,0.,1,-99999,35.,-0.46,14.,25.700000000000003,0.,-0.02
121162,174802,54.630395,-8.438595,0.,1,-99999,35.,-0.46,14.,25.700000000000003,0.,-0.02
121162,174874,54.630373,-8.43859,0.,1,-99999,35.,-0.46,14.,25.700000000000003,0.,-0.02
121162,175742,54.630392,-8.438525,0.1,1,-99999,35.,-0.46,14.,25.700000000000003,0.,-0.02
121162,176071,54.630507,-8.438638,0.,1,-99999,35.,-0.46,14.,25.700000000000003,0.,-0.02
121162,176166,54.630325,-8.438672,0.,1,-99999,35.,-0.46,14.,25.6,0.,-0.02
121162,176700,54.63042,-8.43861,0.1,1,-99999,35.,-0.46,14.,25.700000000000003,0.,-0.02
121162,176990,54.63028,-8.438532,0.,1,-99999,35.,-0.46,14.,25.700000000000003,0.,-0.02
121162,177652,54.630467,-8.438657,0.,1,-99999,35.,-0.46,14.,25.700000000000003,0.,-0.02
121162,177671,54.63048,-8.438717,0.,1,-99999,35.,-0.46,14.,25.6,0.,-0.02
121162,178200,54.630407,-8.43861,0.,1,-99999,35.,-0.46,14.,25.700000000000003,0.,-0.02
121162,178611,54.630447,-8.438635,0.1,1,-99999,35.,-0.46,14.,25.700000000000003,0.,-0.02
121162,179101,54.630417,-8.438665,0.,1,-99999,35.,-0.46,14.,25.700000000000003,0.,-0.02
121162,179108,54.630417,-8.438665,0.,1,-99999,35.,-0.46,14.,25.700000000000003,0.,-0.02
121162,179551,54.630452,-8.438598,0.,1,-99999,35.,-0.46,14.,25.700000000000003,0.,-0.02
121162,180021,54.630415,-8.43858,0.,1,-99999,35.,-0.46,14.,25.700000000000003,0.,-0.02
121162,180492,54.630377,-8.438448,0.,1,-99999,35.,-0.46,14.,25.700000000000003,0.,-0.02
121162,180585,54.630417,-8.438657,0.,1,-99999,35.,-0.46,14.,25.700000000000003,0.,-0.02
121162,180931,54.630417,-8.43864,0.,1,-99999,35.,-0.46,14.,25.700000000000003,0.,-0.02
121162,181470,54.63041,-8.4386,0.,1,-99999,35.,-0.46,14.,25.700000000000003,0.,-0.02
121162,181842,54.630395,-8.438575,0.1,1,-99999,35.,-0.46,14.,25.700000000000003,0.,-0.02
121162,182434,54.630428,-8.43863,0.,1,-99999,35.,-0.46,14.,25.700000000000003,0.,-0.02
121162,182751,54.630388,-8.438598,0.,1,-99999,35.,-0.46,14.,25.700000000000003,0.,-0.02
121162,182773,54.630412,-8.438635,0.,1,-99999,35.,-0.46,14.,25.700000000000003,0.,-0.02
121162,183382,54.63041,-8.438623,0.,1,-99999,35.,-0.46,14.,25.700000000000003,0.,-0.02
121162,183661,54.63038,-8.43857,0.,1,-99999,35.,-0.46,14.,25.700000000000003,0.,-0.02
121162,184245,54.63039,-8.438617,0.,1,-99999,35.,-0.46,14.,25.700000000000003,0.,-0.02
121162,184325,54.63038,-8.438562,0.,1,-99999,35.,-0.46,14.,25.700000000000003,0.,-0.02
121162,184569,54.630398,-8.43863,0.,1,-99999,35.,-0.46,14.,25.700000000000003,0.,-0.02
121162,185246,54.630463,-8.438645,0.,1,-99999,35.,-0.46,14.,25.700000000000003,0.,-0.02
121162,185481,54.630413,-8.438653,0.,1,-99999,35.,-0.46,14.,25.700000000000003,0.,-0.02
121162,185713,54.630402,-8.438625,0.,1,-99999,35.,-0.46,14.,25.700000000000003,0.,-0.02
121162,186222,54.63039,-8.438522,0.,1,-99999,35.,-0.46,14.,25.700000000000003,0.01,-0.02
121162,186410,54.63039,-8.438587,0.1,1,-99999,35.,-0.46,14.,25.700000000000003,0.01,-0.02
121162,187172,54.63039,-8.438627,0.,1,-99999,35.,-0.46,14.,25.700000000000003,0.01,-0.02
121162,187181,54.630387,-8.438615,0.,1,-99999,35.,-0.46,14.,25.700000000000003,0.01,-0.02
121162,187319,54.630412,-8.438665,0.1,1,-99999,35.,-0.46,14.,25.700000000000003,0.01,-0.02
121162,188141,54.630473,-8.438837,0.,1,-99999,35.,-0.46,14.,25.6,0.01,-0.02
121162,188240,54.63041,-8.43868,0.,1,-99999,35.,-0.46,14.,25.6,0.01,-0.02
121162,189093,54.630467,-8.438612,0.,1,-99999,35.,-0.46,14.,25.700000000000003,0.01,-0.02
121162,189141,54.630398,-8.438705,0.,1,-99999,35.,-0.46,14.,25.6,0.01,-0.02
121162,189353,54.63042,-8.438597,0.,1,-99999,35.,-0.46,14.,25.700000000000003,0.01,-0.02
121162,190032,54.630415,-8.438628,0.1,1,-99999,35.,-0.46,14.,25.700000000000003,0.01,-0.02
121162,190052,54.63044,-8.438628,0.1,1,-99999,35.,-0.46,14.,25.700000000000003,0.01,-0.02
121162,190803,54.630432,-8.438572,0.,1,-99999,35.,-0.46,14.,25.700000000000003,0.01,-0.02
121162,190961,54.630412,-8.43855,0.,1,-99999,35.,-0.46,14.,25.700000000000003,0.01,-0.02
121162,190991,54.630387,-8.438575,0.1,1,-99999,35.,-0.46,14.,25.700000000000003,0.01,-0.02
121162,191932,54.630382,-8.438585,0.1,1,-99999,35.,-0.46,14.,25.700000000000003,0.01,-0.02
121162,192160,54.630365,-8.43854,0.,1,-99999,35.,-0.46,14.,25.700000000000003,0.01,-0.02
121162,192324,54.630407,-8.438607,0.,1,-99999,35.,-0.46,14.,25.700000000000003,0.01,-0.02
121162,192881,54.63038,-8.438618,0.,1,-99999,35.,-0.46,14.,25.700000000000003,0.01,-0.02
121162,193071,54.630392,-8.438637,0.,1,-99999,35.,-0.46,14.,25.700000000000003,0.01,-0.02
121162,193841,54.63038,-8.438647,0.,1,-99999,35.,-0.46,14.,25.700000000000003,0.01,-0.02
121162,193845,54.63038,-8.438647,0.,1,-99999,35.,-0.46,14.,25.700000000000003,0.01,-0.02
121162,193981,54.630362,-8.438638,0.,1,-99999,35.,-0.46,14.,25.700000000000003,0.01,-0.02
121162,194792,54.630403,-8.43863,0.1,1,-99999,35.,-0.46,14.,25.700000000000003,0.01,-0.02
121162,194901,54.630375,-8.438657,0.1,1,-99999,35.,-0.46,14.,25.700000000000003,0.01,-0.02
121162,195756,54.630417,-8.438632,0.,1,-99999,35.,-0.46,14.,25.700000000000003,0.01,-0.02
121162,195812,54.63042,-8.438623,0.,1,-99999,35.,-0.46,14.,25.700000000000003,0.01,-0.02
121162,196134,54.630355,-8.438555,0.,1,-99999,35.,-0.46,14.,25.700000000000003,0.01,-0.02
121162,196711,54.63044,-8.43865,0.,1,-99999,35.,-0.46,14.,25.700000000000003,0.01,-0.02
121162,196731,54.630475,-8.438662,0.,1,-99999,35.,-0.46,14.,25.700000000000003,0.01,-0.02
121162,197593,54.630432,-8.43871,0.,1,-99999,35.,-0.46,14.,25.6,0.01,-0.02
121162,197651,54.630403,-8.438658,0.1,1,-99999,35.,-0.46,14.,25.700000000000003,0.01,-0.02
121162,198562,54.630437,-8.43863,0.,1,-99999,35.,-0.46,14.,25.700000000000003,0.01,-0.02
121162,198601,54.63043,-8.438663,0.1,1,-99999,35.,-0.46,14.,25.700000000000003,0.01,-0.02
121162,199053,54.630387,-8.438572,0.,1,-99999,35.,-0.46,14.,25.700000000000003,0.01,-0.02
121162,199471,54.630405,-8.4386,0.1,1,-99999,35.,-0.46,14.,25.700000000000003,0.01,-0.02
121162,199563,54.630393,-8.438643,0.,1,-99999,35.,-0.46,14.,25.700000000000003,0.01,-0.02
121162,200372,54.6305,-8.438643,0.,1,-99999,35.,-0.46,14.,25.700000000000003,0.01,-0.02
121162,200518,54.630417,-8.438587,0.,1,-99999,35.,-0.46,14.,25.700000000000003,0.01,-0.02
121162,200522,54.63041,-8.43858,0.,1,-99999,35.,-0.46,14.,25.700000000000003,0.01,-0.02
121162,201282,54.630503,-8.438702,0.1,1,-99999,35.,-0.46,14.,25.6,0.01,-0.02
121162,201464,54.630387,-8.438558,0.,1,-99999,35.,-0.46,14.,25.700000000000003,0.01,-0.02
121162,202200,54.630442,-8.438737,0.,1,-99999,35.,-0.46,14.,25.6,0.01,-0.02
121162,202401,54.630432,-8.43869,0.,1,-99999,35.,-0.46,14.,25.6,0.01,-0.02
121162,202764,54.630447,-8.438667,0.,1,-99999,35.,-0.46,14.,25.6,0.01,-0.02
121162,203111,54.630403,-8.438612,0.,1,-99999,35.,-0.46,14.,25.700000000000003,0.01,-0.02
121162,203380,54.630452,-8.438737,0.1,1,-99999,35.,-0.46,14.,25.6,0.01,-0.02
121162,204013,54.630368,-8.438642,0.,1,-99999,35.,-0.46,14.,25.700000000000003,0.01,-0.02
121162,204253,54.630417,-8.438535,0.,1,-99999,35.,-0.46,14.,25.700000000000003,0.01,-0.02
121162,204322,54.630462,-8.438568,0.,1,-99999,35.,-0.46,14.,25.700000000000003,0.01,-0.02
121162,205212,54.630428,-8.438647,0.,1,-99999,35.,-0.46,14.,25.700000000000003,0.01,-0.02
121162,205271,54.630388,-8.438588,0.1,1,-99999,35.,-0.46,14.,25.700000000000003,0.01,-0.02
121162,205702,54.63041,-8.438632,0.,1,-99999,35.,-0.46,14.,25.700000000000003,0.01,-0.02
121162,206122,54.630402,-8.438602,0.,1,-99999,35.,-0.46,14.,25.700000000000003,0.01,-0.02
121162,206221,54.630435,-8.438668,0.,1,-99999,35.,-0.46,14.,25.6,0.01,-0.02
121162,207041,54.630392,-8.438515,0.1,1,-99999,35.,-0.47000000000000003,14.,25.700000000000003,0.01,-0.02
121162,207161,54.63038,-8.438568,0.,1,-99999,35.,-0.47000000000000003,14.,25.700000000000003,0.01,-0.02
121162,207163,54.63038,-8.438567,0.,1,-99999,35.,-0.47000000000000003,14.,25.700000000000003,0.01,-0.02
121162,207960,54.630373,-8.438583,0.1,1,-99999,35.,-0.47000000000000003,14.,25.700000000000003,0.01,-0.02
121162,208104,54.630428,-8.43862,0.,1,-99999,35.,-0.47000000000000003,14.,25.700000000000003,0.01,-0.02
121162,208862,54.630398,-8.43859,0.1,1,-99999,35.,-0.47000000000000003,14.100000000000001,25.700000000000003,0.01,-0.02
121162,209041,54.630413,-8.438642,0.,1,-99999,35.,-0.47000000000000003,14.100000000000001,25.700000000000003,0.01,-0.02
121162,209412,54.630412,-8.438587,0.,1,-99999,35.,-0.47000000000000003,14.100000000000001,25.700000000000003,0.01,-0.02
121162,209780,54.630373,-8.438675,0.,1,-99999,35.,-0.47000000000000003,14.100000000000001,25.6,0.01,-0.02
121162,209965,54.630437,-8.438635,0.1,1,-99999,35.,-0.47000000000000003,14.100000000000001,25.700000000000003,0.01,-0.02
121162,210682,54.630387,-8.43863,0.,1,-99999,35.,-0.47000000000000003,14.100000000000001,25.700000000000003,0.01,-0.02
121162,210982,54.630388,-8.438598,0.,1,-99999,35.,-0.47000000000000003,14.100000000000001,25.700000000000003,0.01,-0.02
121162,211585,54.630392,-8.438657,0.,1,-99999,35.,-0.47000000000000003,14.100000000000001,25.700000000000003,0.01,-0.02
121162,211891,54.630398,-8.438677,0.,1,-99999,35.,-0.47000000000000003,14.100000000000001,25.6,0.01,-0.02
121162,211932,54.630407,-8.438657,0.,1,-99999,35.,-0.47000000000000003,14.100000000000001,25.700000000000003,0.01,-0.02
121162,212811,54.63038,-8.438532,0.,1,-99999,35.,-0.47000000000000003,14.100000000000001,25.700000000000003,0.01,-0.02
121162,212882,54.630373,-8.438517,0.,1,-99999,35.,-0.47000000000000003,14.100000000000001,25.700000000000003,0.01,-0.02
121162,213077,54.630412,-8.438547,0.,1,-99999,35.,-0.47000000000000003,14.100000000000001,25.700000000000003,0.01,-0.02
121162,213722,54.630437,-8.43861,0.,1,-99999,35.,-0.47000000000000003,14.100000000000001,25.700000000000003,0.01,-0.02
121162,213842,54.63035,-8.438538,0.,1,-99999,35.,-0.47000000000000003,14.100000000000001,25.700000000000003,0.01,-0.02
121162,214632,54.630428,-8.438598,0.,1,-99999,35.,-0.47000000000000003,14.100000000000001,25.700000000000003,0.01,-0.02
121162,214794,54.630398,-8.438577,0.,1,-99999,35.,-0.47000000000000003,14.100000000000001,25.700000000000003,0.01,-0.02
121162,215305,54.630372,-8.43855,0.,1,-99999,35.,-0.47000000000000003,14.100000000000001,25.700000000000003,0.01,-0.02
121162,215541,54.630488,-8.43866,0.,1,-99999,35.,-0.47000000000000003,14.100000000000001,25.700000000000003,0.01,-0.02
121162,215740,54.630372,-8.438592,0.,1,-99999,35.,-0.47000000000000003,14.100000000000001,25.700000000000003,0.01,-0.02
121162,216451,54.630387,-8.43863,0.1,1,-99999,35.,-0.47000000000000003,14.100000000000001,25.700000000000003,0.01,-0.02
121162,216703,54.630353,-8.438588,0.,1,-99999,35.,-0.47000000000000003,14.100000000000001,25.700000000000003,0.01,-0.02
121162,216766,54.630372,-8.438632,0.,1,-99999,35.,-0.47000000000000003,14.100000000000001,25.700000000000003,0.01,-0.02
121162,217361,54.630477,-8.438613,0.,1,-99999,35.,-0.47000000000000003,14.100000000000001,25.700000000000003,0.01,-0.02
121162,217661,54.630435,-8.438618,0.,1,-99999,35.,-0.47000000000000003,14.100000000000001,25.700000000000003,0.01,-0.02
121162,218225,54.630432,-8.438572,0.,1,-99999,35.,-0.47000000000000003,14.100000000000001,25.700000000000003,0.01,-0.02
121162,218262,54.630437,-8.438623,0.,1,-99999,35.,-0.47000000000000003,14.100000000000001,25.700000000000003,0.01,-0.02
121162,218611,54.630427,-8.438617,0.,1,-99999,35.,-0.47000000000000003,14.100000000000001,25.700000000000003,0.01,-0.02
121162,219171,54.630412,-8.438552,0.,1,-99999,35.,-0.47000000000000003,14.100000000000001,25.700000000000003,0.01,-0.02
121162,219561,54.630422,-8.438605,0.,1,-99999,35.,-0.47000000000000003,14.100000000000001,25.700000000000003,0.01,-0.02
121162,220081,54.630398,-8.438575,0.,1,-99999,35.,-0.47000000000000003,14.100000000000001,25.700000000000003,0.01,-0.02
121162,220483,54.630477,-8.438647,0.,1,-99999,35.,-0.47000000000000003,14.100000000000001,25.700000000000003,0.01,-0.02
121162,220500,54.630477,-8.438658,0.,1,-99999,35.,-0.47000000000000003,14.100000000000001,25.700000000000003,0.01,-0.02
121162,221002,54.630395,-8.438577,0.,1,-99999,35.,-0.47000000000000003,14.100000000000001,25.700000000000003,0.01,-0.02
121162,221441,54.630432,-8.438602,0.,1,-99999,35.,-0.47000000000000003,14.100000000000001,25.700000000000003,0.01,-0.02
121162,221911,54.630427,-8.438587,0.,1,-99999,35.,-0.47000000000000003,14.100000000000001,25.700000000000003,0.01,-0.02
121162,221945,54.63044,-8.43858,0.,1,-99999,35.,-0.47000000000000003,14.100000000000001,25.700000000000003,0.01,-0.02
121162,222380,54.63041,-8.438575,0.,1,-99999,35.,-0.47000000000000003,14.100000000000001,25.700000000000003,0.01,-0.02
121162,222812,54.63045,-8.438555,0.,1,-99999,35.,-0.47000000000000003,14.100000000000001,25.700000000000003,0.01,-0.02
121162,223321,54.630445,-8.438593,0.,1,-99999,35.,-0.47000000000000003,14.100000000000001,25.700000000000003,0.01,-0.02
121162,223721,54.630455,-8.438653,0.1,1,-99999,35.,-0.47000000000000003,14.100000000000001,25.700000000000003,0.01,-0.02
121162,224252,54.630485,-8.438668,0.,1,-99999,35.,-0.47000000000000003,14.100000000000001,25.6,0.01,-0.02
121162,224632,54.630435,-8.438672,0.,1,-99999,35.,-0.47000000000000003,14.100000000000001,25.6,0.01,-0.02
121162,224975,54.630417,-8.438602,0.,1,-99999,35.,-0.47000000000000003,14.100000000000001,25.700000000000003,0.01,-0.02
121162,225160,54.63047,-8.438702,0.,1,-99999,35.,-0.47000000000000003,14.100000000000001,25.6,0.01,-0.02
121162,225830,54.630458,-8.438698,0.,1,-99999,35.,-0.47000000000000003,14.100000000000001,25.6,0.01,-0.02
121162,226110,54.630393,-8.438552,0.,1,-99999,35.,-0.47000000000000003,14.100000000000001,25.700000000000003,0.01,-0.02
121162,226741,54.630345,-8.438613,0.1,1,-99999,35.,-0.47000000000000003,14.100000000000001,25.700000000000003,0.01,-0.02
121162,227060,54.630342,-8.438535,0.,1,-99999,35.,-0.47000000000000003,14.100000000000001,25.700000000000003,0.01,-0.02
121162,227214,54.63038,-8.438672,0.,1,-99999,35.,-0.47000000000000003,14.100000000000001,25.6,0.01,-0.02
121162,227652,54.630395,-8.438597,0.,1,-99999,35.,-0.47000000000000003,14.100000000000001,25.700000000000003,0.01,-0.02
121162,228001,54.630392,-8.438617,0.,1,-99999,35.,-0.47000000000000003,14.100000000000001,25.700000000000003,0.01,-0.02
121162,228560,54.630497,-8.438748,0.,1,-99999,35.,-0.47000000000000003,14.100000000000001,25.6,0.01,-0.02
121162,228725,54.630387,-8.438585,0.,1,-99999,35.,-0.47000000000000003,14.100000000000001,25.700000000000003,0.01,-0.02
121162,228961,54.630398,-8.43865,0.,1,-99999,35.,-0.47000000000000003,14.100000000000001,25.700000000000003,0.01,-0.02
121162,229480,54.630412,-8.438668,0.,1,-99999,35.,-0.47000000000000003,14.100000000000001,25.6,0.01,-0.02
121162,229867,54.630447,-8.438683,0.1,1,-99999,35.,-0.47000000000000003,14.100000000000001,25.6,0.01,-0.02
121162,230261,54.630475,-8.438625,0.,1,-99999,35.,-0.47000000000000003,14.100000000000001,25.700000000000003,0.01,-0.02
121162,230381,54.630423,-8.438602,0.1,1,-99999,35.,-0.47000000000000003,14.100000000000001,25.700000000000003,0.01,-0.02
121162,230850,54.630427,-8.438592,0.,1,-99999,35.,-0.47000000000000003,14.100000000000001,25.700000000000003,0.01,-0.02
121162,231300,54.630723,-8.438572,0.1,1,-99999,35.,-0.47000000000000003,14.100000000000001,25.700000000000003,0.01,-0.02
121162,231810,54.630443,-8.438613,0.,1,-99999,35.,-0.47000000000000003,14.100000000000001,25.700000000000003,0.01,-0.02
121162,232220,54.630663,-8.438587,0.,1,-99999,35.,-0.47000000000000003,14.100000000000001,25.700000000000003,0.01,-0.02
121162,232494,54.630405,-8.438547,0.,1,-99999,35.,-0.47000000000000003,14.100000000000001,25.700000000000003,0.01,-0.02
121162,232791,54.630433,-8.438645,0.,1,-99999,35.,-0.47000000000000003,14.100000000000001,25.700000000000003,0.01,-0.02
121162,233121,54.630443,-8.438717,0.,1,-99999,35.,-0.47000000000000003,14.100000000000001,25.6,0.01,-0.02
121162,233752,54.63038,-8.438617,0.,1,-99999,35.,-0.47000000000000003,14.100000000000001,25.700000000000003,0.01,-0.02
121162,234014,54.630437,-8.438657,0.,1,-99999,35.,-0.47000000000000003,14.100000000000001,25.700000000000003,0.01,-0.02
121162,234029,54.63044,-8.438647,0.,1,-99999,35.,-0.47000000000000003,14.100000000000001,25.700000000000003,0.01,-0.02
121162,234690,54.63033,-8.438598,0.,1,-99999,35.,-0.47000000000000003,14.100000000000001,25.700000000000003,0.01,-0.03
121162,234941,54.630397,-8.438623,0.,1,-99999,35.,-0.47000000000000003,14.100000000000001,25.700000000000003,0.01,-0.03
121162,235475,54.630387,-8.438592,0.,1,-99999,35.,-0.47000000000000003,14.100000000000001,25.700000000000003,0.01,-0.03
121162,235632,54.630423,-8.438605,0.,1,-99999,35.,-0.47000000000000003,14.100000000000001,25.700000000000003,0.01,-0.03
121162,236151,54.630332,-8.438588,0.,1,-99999,35.,-0.47000000000000003,14.100000000000001,25.700000000000003,0.01,-0.03
121162,236582,54.630387,-8.438618,0.,1,-99999,35.,-0.47000000000000003,14.100000000000001,25.700000000000003,0.01,-0.03
121162,237062,54.630398,-8.438653,0.1,1,-99999,35.,-0.47000000000000003,14.100000000000001,25.700000000000003,0.01,-0.03
121162,237521,54.630433,-8.438632,0.,1,-99999,35.,-0.47000000000000003,14.100000000000001,25.700000000000003,0.01,-0.03
121162,237674,54.63041,-8.43864,0.,1,-99999,35.,-0.47000000000000003,14.100000000000001,25.700000000000003,0.01,-0.03
121162,237970,54.63041,-8.43862,0.,1,-99999,35.,-0.47000000000000003,14.100000000000001,25.700000000000003,0.01,-0.03
121162,238470,54.63041,-8.438618,0.,1,-99999,35.,-0.47000000000000003,14.100000000000001,25.700000000000003,0.01,-0.03
121162,239171,54.630432,-8.438618,0.1,1,-99999,35.,-0.47000000000000003,14.100000000000001,25.700000000000003,0.01,-0.03
121162,239173,54.630432,-8.438617,0.,1,-99999,35.,-0.47000000000000003,14.100000000000001,25.700000000000003,0.01,-0.03
121162,239429,54.63041,-8.438623,0.,1,-99999,35.,-0.47000000000000003,14.100000000000001,25.700000000000003,0.01,-0.03
121162,240081,54.630398,-8.438585,0.,1,-99999,35.,-0.47000000000000003,14.100000000000001,25.700000000000003,0.01,-0.03
121162,240426,54.630422,-8.438628,0.,1,-99999,35.,-0.47000000000000003,14.100000000000001,25.700000000000003,0.01,-0.03
121162,240644,54.630387,-8.438607,0.,1,-99999,35.,-0.47000000000000003,14.100000000000001,25.700000000000003,0.01,-0.03
121162,241000,54.630435,-8.438635,0.,1,-99999,35.,-0.47000000000000003,14.100000000000001,25.700000000000003,0.01,-0.03
121162,241371,54.630412,-8.438562,0.,1,-99999,35.,-0.47000000000000003,14.100000000000001,25.700000000000003,0.01,-0.03
121162,241919,54.630367,-8.438577,0.1,1,-99999,35.,-0.47000000000000003,14.100000000000001,25.700000000000003,0.01,-0.03
121162,242102,54.630422,-8.438612,0.,1,-99999,35.,-0.47000000000000003,14.100000000000001,25.700000000000003,0.01,-0.03
121162,242312,54.630407,-8.438628,0.1,1,-99999,35.,-0.47000000000000003,14.100000000000001,25.700000000000003,0.01,-0.03
121162,242821,54.630417,-8.438638,0.,1,-99999,35.,-0.47000000000000003,14.100000000000001,25.700000000000003,0.01,-0.03
121162,243260,54.630543,-8.438765,0.,1,-99999,35.,-0.47000000000000003,14.100000000000001,25.6,0.01,-0.03
121162,243611,54.630572,-8.43889,0.,1,-99999,35.,-0.47000000000000003,14.100000000000001,25.6,0.01,-0.03
121162,243729,54.630585,-8.438768,0.,1,-99999,35.,-0.47000000000000003,14.100000000000001,25.6,0.01,-0.03
121162,244205,54.63057,-8.4388,0.,1,-99999,35.,-0.47000000000000003,14.100000000000001,25.6,0.01,-0.03
121162,244639,54.630447,-8.43865,0.1,1,-99999,35.,-0.47000000000000003,14.100000000000001,25.700000000000003,0.01,-0.03
121162,245142,54.630433,-8.43865,0.,1,-99999,35.,-0.47000000000000003,14.100000000000001,25.700000000000003,0.01,-0.03
121162,245541,54.630438,-8.438608,0.1,1,-99999,35.,-0.47000000000000003,14.100000000000001,25.700000000000003,0.01,-0.03
121162,245843,54.630395,-8.43861,0.,1,-99999,35.,-0.47000000000000003,14.100000000000001,25.700000000000003,0.01,-0.03
121162,246092,54.630432,-8.438635,0.,1,-99999,35.,-0.47000000000000003,14.100000000000001,25.700000000000003,0.01,-0.03
121162,246450,54.630458,-8.438647,0.,1,-99999,35.,-0.47000000000000003,14.100000000000001,25.700000000000003,0.01,-0.03
121162,247032,54.630415,-8.438612,0.,1,-99999,35.,-0.47000000000000003,14.100000000000001,25.700000000000003,0.01,-0.03
121162,247325,54.630387,-8.438672,0.,1,-99999,35.,-0.47000000000000003,14.100000000000001,25.6,0.01,-0.03
121162,247660,54.630238,-8.438467,0.1,1,-99999,35.,-0.47000000000000003,14.100000000000001,25.700000000000003,0.01,-0.03
121162,248013,54.63051,-8.438705,0.1,1,-99999,35.,-0.47000000000000003,14.100000000000001,25.6,0.01,-0.03
121162,248561,54.630325,-8.43851,0.,1,-99999,35.,-0.47000000000000003,14.100000000000001,25.700000000000003,0.01,-0.03
121162,248977,54.630387,-8.438595,0.,1,-99999,35.,-0.47000000000000003,14.100000000000001,25.700000000000003,0.01,-0.03
121162,249471,54.630445,-8.438665,0.1,1,-99999,35.,-0.47000000000000003,14.100000000000001,25.700000000000003,0.01,-0.03
121162,249922,54.630392,-8.438642,0.,1,-99999,35.,-0.47000000000000003,14.100000000000001,25.700000000000003,0.01,-0.03
121162,250292,54.630437,-8.438632,0.,1,-99999,35.,-0.47000000000000003,14.100000000000001,25.700000000000003,0.01,-0.03
121162,250672,54.630385,-8.438605,0.,1,-99999,35.,-0.47000000000000003,14.100000000000001,25.700000000000003,0.01,-0.03
121162,250875,54.630433,-8.438613,0.1,1,-99999,35.,-0.47000000000000003,14.100000000000001,25.700000000000003,0.01,-0.03
121162,251580,54.630408,-8.438573,0.,1,-99999,35.,-0.47000000000000003,14.100000000000001,25.700000000000003,0.01,-0.03
121162,251823,54.630392,-8.438622,0.,1,-99999,35.,-0.47000000000000003,14.100000000000001,25.700000000000003,0.01,-0.03
121162,252484,54.630427,-8.438597,0.,1,-99999,35.,-0.47000000000000003,14.100000000000001,25.700000000000003,0.01,-0.03
121162,252782,54.630422,-8.438622,0.,1,-99999,35.,-0.47000000000000003,14.100000000000001,25.700000000000003,0.01,-0.03
121162,253692,54.630507,-8.438705,0.,1,-99999,35.,-0.47000000000000003,14.100000000000001,25.6,0.01,-0.03
121162,253722,54.630537,-8.438672,0.,1,-99999,35.,-0.47000000000000003,14.100000000000001,25.6,0.01,-0.03
121162,254601,54.630548,-8.43878,0.,1,-99999,35.,-0.47000000000000003,14.100000000000001,25.6,0.01,-0.03
121162,254673,54.630527,-8.438715,0.,1,-99999,35.,-0.47000000000000003,14.100000000000001,25.6,0.01,-0.03
121162,254681,54.630518,-8.438715,0.,1,-99999,35.,-0.47000000000000003,14.100000000000001,25.6,0.01,-0.03
121162,255502,54.630428,-8.438605,0.,1,-99999,35.,-0.48,14.100000000000001,25.700000000000003,0.01,-0.03
121162,255622,54.630422,-8.438585,0.1,1,-99999,35.,-0.48,14.100000000000001,25.700000000000003,0.01,-0.03
121162,256176,54.630447,-8.43863,0.,1,-99999,35.,-0.48,14.100000000000001,25.700000000000003,0.01,-0.03
121162,256411,54.630465,-8.43865,0.,1,-99999,35.,-0.48,14.100000000000001,25.700000000000003,0.01,-0.03
121162,256581,54.630518,-8.438695,0.,1,-99999,35.,-0.48,14.100000000000001,25.6,0.01,-0.03
121162,257529,54.630383,-8.438575,0.,1,-99999,35.,-0.48,14.100000000000001,25.700000000000003,0.01,-0.03
121162,257622,54.630387,-8.438603,0.1,1,-99999,35.,-0.48,14.100000000000001,25.700000000000003,0.01,-0.03
121162,257684,54.630412,-8.438587,0.,1,-99999,35.,-0.48,14.100000000000001,25.700000000000003,0.01,-0.03
121162,258471,54.630398,-8.438603,0.,1,-99999,35.,-0.48,14.100000000000001,25.700000000000003,0.01,-0.03
121162,258541,54.630403,-8.438598,0.,1,-99999,35.,-0.48,14.100000000000001,25.700000000000003,0.01,-0.03
121162,259148,54.630402,-8.43858,0.,1,-99999,35.,-0.48,14.100000000000001,25.700000000000003,0.01,-0.03
121162,259410,54.63041,-8.438597,0.,1,-99999,35.,-0.48,14.100000000000001,25.700000000000003,0.01,-0.03
121162,259750,54.630368,-8.438563,0.,1,-99999,35.,-0.48,14.100000000000001,25.700000000000003,0.01,-0.03
121162,260342,54.63045,-8.438603,0.1,1,-99999,35.,-0.48,14.100000000000001,25.700000000000003,0.01,-0.03
121162,260603,54.63036,-8.438677,0.,1,-99999,35.,-0.48,14.100000000000001,25.6,0.01,-0.03
121162,260661,54.630397,-8.438635,0.1,1,-99999,35.,-0.48,14.100000000000001,25.700000000000003,0.01,-0.03
121162,261331,54.630385,-8.438557,0.1,1,-99999,35.,-0.48,14.100000000000001,25.700000000000003,0.01,-0.03
121162,261572,54.630435,-8.438595,0.1,1,-99999,35.,-0.48,14.100000000000001,25.700000000000003,0.01,-0.03
121162,262336,54.630517,-8.438707,0.1,1,-99999,35.,-0.48,14.100000000000001,25.6,0.01,-0.03
121162,262482,54.630378,-8.438697,0.,1,-99999,35.,-0.48,14.100000000000001,25.6,0.01,-0.03
121162,262847,54.63032,-8.438622,0.,1,-99999,35.,-0.48,14.100000000000001,25.700000000000003,0.01,-0.03
121162,263283,54.630447,-8.438642,0.1,1,-99999,35.,-0.48,14.100000000000001,25.700000000000003,0.01,-0.03
121162,263682,54.630455,-8.438658,0.,1,-99999,35.,-0.48,14.100000000000001,25.700000000000003,0.01,-0.03
121162,264243,54.630462,-8.43878,0.,1,-99999,35.,-0.48,14.100000000000001,25.6,0.01,-0.03
121162,264354,54.63044,-8.438692,0.,1,-99999,35.,-0.48,14.100000000000001,25.6,0.01,-0.03
121162,264590,54.630432,-8.438665,0.,1,-99999,35.,-0.48,14.100000000000001,25.700000000000003,0.01,-0.03
121162,265180,54.630368,-8.438683,0.,1,-99999,35.,-0.48,14.100000000000001,25.6,0.01,-0.03
121162,265500,54.630398,-8.438665,0.,1,-99999,35.,-0.48,14.100000000000001,25.700000000000003,0.01,-0.03
121162,265824,54.630402,-8.43861,0.,1,-99999,35.,-0.48,14.100000000000001,25.700000000000003,0.01,-0.03
121162,266122,54.630413,-8.438633,0.,1,-99999,35.,-0.48,14.100000000000001,25.700000000000003,0.01,-0.03
121162,266402,54.630405,-8.438578,0.,1,-99999,35.,-0.48,14.100000000000001,25.700000000000003,0.01,-0.03
121162,267071,54.630405,-8.438575,0.,1,-99999,35.,-0.48,14.100000000000001,25.700000000000003,0.01,-0.03
121162,267313,54.630375,-8.43862,0.1,1,-99999,35.,-0.48,14.100000000000001,25.700000000000003,0.01,-0.03
121162,267324,54.630377,-8.438625,0.,1,-99999,35.,-0.48,14.100000000000001,25.700000000000003,0.01,-0.03
121162,268031,54.63041,-8.438602,0.,1,-99999,35.,-0.48,14.100000000000001,25.700000000000003,0.01,-0.03
121162,268513,54.63042,-8.43866,0.,1,-99999,35.,-0.48,14.100000000000001,25.700000000000003,0.01,-0.03
121162,268782,54.630405,-8.438607,0.,1,-99999,35.,-0.48,14.100000000000001,25.700000000000003,0.01,-0.03
121162,268990,54.630373,-8.438588,0.,1,-99999,35.,-0.48,14.100000000000001,25.700000000000003,0.01,-0.03
121162,269431,54.630402,-8.438613,0.,1,-99999,35.,-0.48,14.100000000000001,25.700000000000003,0.01,-0.03
121162,269942,54.630387,-8.438588,0.,1,-99999,35.,-0.48,14.100000000000001,25.700000000000003,0.01,-0.03
121162,270242,54.630412,-8.43861,0.,1,-99999,35.,-0.48,14.100000000000001,25.700000000000003,0.01,-0.03
121162,270351,54.630403,-8.438613,0.,1,-99999,35.,-0.48,14.100000000000001,25.700000000000003,0.01,-0.03
121162,270863,54.630417,-8.438623,0.1,1,-99999,35.,-0.48,14.100000000000001,25.700000000000003,0.01,-0.03
121162,271554,54.630398,-8.43863,0.,1,-99999,35.,-0.48,14.100000000000001,25.700000000000003,0.01,-0.03
121162,271713,54.630415,-8.438682,0.,1,-99999,35.,-0.48,14.100000000000001,25.6,0.01,-0.03
121162,271851,54.630403,-8.438598,0.1,1,-99999,35.,-0.48,14.100000000000001,25.700000000000003,0.01,-0.03
121162,272470,54.63038,-8.4386,0.1,1,-99999,35.,-0.48,14.100000000000001,25.700000000000003,0.01,-0.03
121162,272800,54.630392,-8.438557,0.1,1,-99999,35.,-0.48,14.100000000000001,25.700000000000003,0.01,-0.03
121162,273277,54.6304,-8.438627,0.,1,-99999,35.,-0.48,14.100000000000001,25.700000000000003,0.01,-0.03
121162,273381,54.630387,-8.43862,0.,1,-99999,35.,-0.48,14.100000000000001,25.700000000000003,0.01,-0.03
121162,273760,54.630387,-8.438618,0.,1,-99999,35.,-0.48,14.100000000000001,25.700000000000003,0.01,-0.03
121162,274290,54.630435,-8.438757,0.,1,-99999,35.,-0.48,14.100000000000001,25.6,0.01,-0.03
121162,274721,54.630638,-8.438823,0.,1,-99999,35.,-0.48,14.100000000000001,25.6,0.01,-0.03
121162,274734,54.630692,-8.438882,0.,1,-99999,35.,-0.48,14.100000000000001,25.6,0.01,-0.03
121162,275192,54.630422,-8.438635,0.,1,-99999,35.,-0.48,14.100000000000001,25.700000000000003,0.01,-0.03
121162,275662,54.63043,-8.438598,0.1,1,-99999,35.,-0.48,14.100000000000001,25.700000000000003,0.01,-0.03
121162,276112,54.63041,-8.438648,0.,1,-99999,35.,-0.48,14.100000000000001,25.700000000000003,0.01,-0.03
121162,276193,54.630457,-8.4386,0.,1,-99999,35.,-0.48,14.100000000000001,25.700000000000003,0.01,-0.03
121162,276612,54.63042,-8.438625,0.,1,-99999,35.,-0.48,14.100000000000001,25.700000000000003,0.01,-0.03
121162,277020,54.630428,-8.438598,0.,1,-99999,35.,-0.48,14.100000000000001,25.700000000000003,0.01,-0.03
121162,277571,54.630437,-8.438613,0.,1,-99999,35.,-0.48,14.100000000000001,25.700000000000003,0.01,-0.03
121162,277645,54.630407,-8.438617,0.,1,-99999,35.,-0.48,14.100000000000001,25.700000000000003,0.01,-0.03
121162,277930,54.630412,-8.438533,0.,1,-99999,35.,-0.48,14.100000000000001,25.700000000000003,0.01,-0.03
121162,278520,54.630443,-8.438647,0.,1,-99999,35.,-0.48,14.100000000000001,25.700000000000003,0.01,-0.03
121162,278853,54.630362,-8.438632,0.1,1,-99999,35.,-0.48,14.100000000000001,25.700000000000003,0.01,-0.03
121162,279155,54.63039,-8.438682,0.,1,-99999,35.,-0.48,14.100000000000001,25.6,0.01,-0.03
121162,279471,54.6304,-8.43865,0.,1,-99999,35.,-0.48,14.100000000000001,25.700000000000003,0.01,-0.03
121162,280063,54.630342,-8.438618,0.,1,-99999,35.,-0.48,14.100000000000001,25.700000000000003,0.01,-0.03
121162,280430,54.630387,-8.438602,0.,1,-99999,35.,-0.48,14.100000000000001,25.700000000000003,0.01,-0.03
121162,280612,54.630392,-8.438635,0.,1,-99999,35.,-0.48,14.100000000000001,25.700000000000003,0.01,-0.03
121162,280971,54.630357,-8.438558,0.,1,-99999,35.,-0.48,14.100000000000001,25.700000000000003,0.01,-0.03
121162,281381,54.630403,-8.43859,0.,1,-99999,35.,-0.48,14.100000000000001,25.700000000000003,0.02,-0.03
121162,281891,54.630387,-8.438585,0.,1,-99999,35.,-0.48,14.100000000000001,25.700000000000003,0.02,-0.03
121162,282074,54.630387,-8.43857,0.,1,-99999,35.,-0.48,14.100000000000001,25.700000000000003,0.02,-0.03
121162,282342,54.630343,-8.438557,0.1,1,-99999,35.,-0.48,14.100000000000001,25.700000000000003,0.02,-0.03
121162,282794,54.630473,-8.43878,0.,1,-99999,35.,-0.48,14.100000000000001,25.6,0.02,-0.03
121162,283282,54.63031,-8.438483,0.1,1,-99999,35.,-0.48,14.100000000000001,25.700000000000003,0.02,-0.03
121162,283644,54.630437,-8.438697,0.,1,-99999,35.,-0.48,14.100000000000001,25.6,0.02,-0.03
121162,283701,54.630408,-8.438583,0.1,1,-99999,35.,-0.48,14.100000000000001,25.700000000000003,0.02,-0.03
121162,284215,54.630388,-8.438503,0.,1,-99999,35.,-0.48,14.100000000000001,25.700000000000003,0.02,-0.03
121162,284612,54.630392,-8.438552,0.,1,-99999,35.,-0.48,14.100000000000001,25.700000000000003,0.02,-0.03
121162,285126,54.630392,-8.43855,0.,1,-99999,35.,-0.48,14.100000000000001,25.700000000000003,0.02,-0.03
121162,285191,54.630392,-8.43859,0.,1,-99999,35.,-0.48,14.100000000000001,25.700000000000003,0.02,-0.03
121162,285521,54.630422,-8.43859,0.,1,-99999,35.,-0.48,14.100000000000001,25.700000000000003,0.02,-0.03
121162,286131,54.630417,-8.438612,0.1,1,-99999,35.,-0.48,14.100000000000001,25.700000000000003,0.02,-0.03
121162,286441,54.630455,-8.438598,0.,1,-99999,35.,-0.48,14.100000000000001,25.700000000000003,0.02,-0.03
121162,286585,54.630427,-8.438625,0.,1,-99999,35.,-0.48,14.100000000000001,25.700000000000003,0.02,-0.03
121162,287080,54.630428,-8.438598,0.,1,-99999,35.,-0.48,14.100000000000001,25.700000000000003,0.02,-0.03
121162,287351,54.630512,-8.438798,0.,1,-99999,35.,-0.48,14.100000000000001,25.6,0.02,-0.03
121162,288022,54.630492,-8.438693,0.,1,-99999,35.,-0.48,14.100000000000001,25.6,0.02,-0.03
121162,288054,54.630437,-8.438657,0.,1,-99999,35.,-0.48,14.100000000000001,25.700000000000003,0.02,-0.03
121162,288264,54.63044,-8.438633,0.,1,-99999,35.,-0.48,14.100000000000001,25.700000000000003,0.02,-0.03
121162,288971,54.630417,-8.438688,0.,1,-99999,35.,-0.48,14.100000000000001,25.6,0.02,-0.03
121162,289191,54.630413,-8.438582,0.,1,-99999,35.,-0.48,14.100000000000001,25.700000000000003,0.02,-0.03
121162,289552,54.630365,-8.438572,0.,1,-99999,35.,-0.48,14.100000000000001,25.700000000000003,0.02,-0.03
121162,289934,54.630398,-8.438563,0.,1,-99999,35.,-0.48,14.100000000000001,25.700000000000003,0.02,-0.03
121162,290092,54.63035,-8.438605,0.,1,-99999,35.,-0.48,14.100000000000001,25.700000000000003,0.02,-0.03
121162,290893,54.630365,-8.438557,0.,1,-99999,35.,-0.48,14.100000000000001,25.700000000000003,0.02,-0.03
121162,291301,54.630355,-8.438587,0.,1,-99999,35.,-0.48,14.100000000000001,25.700000000000003,0.02,-0.03
121162,291781,54.630362,-8.438572,0.,1,-99999,35.,-0.48,14.100000000000001,25.700000000000003,0.02,-0.03
121162,291851,54.630402,-8.438628,0.,1,-99999,35.,-0.48,14.100000000000001,25.700000000000003,0.02,-0.03
121162,292501,54.630375,-8.438598,0.1,1,-99999,35.,-0.48,14.100000000000001,25.700000000000003,0.02,-0.03
121162,292871,54.630447,-8.43865,0.,1,-99999,35.,-0.48,14.100000000000001,25.700000000000003,0.02,-0.03
121162,293244,54.63038,-8.438542,0.,1,-99999,35.,-0.48,14.100000000000001,25.700000000000003,0.02,-0.03
121162,293412,54.630447,-8.438642,0.,1,-99999,35.,-0.48,14.100000000000001,25.700000000000003,0.02,-0.03
121162,293812,54.630392,-8.438632,0.1,1,-99999,35.,-0.48,14.100000000000001,25.700000000000003,0.02,-0.03
121162,294321,54.630473,-8.43862,0.,1,-99999,35.,-0.48,14.100000000000001,25.700000000000003,0.02,-0.03
121162,294753,54.630417,-8.438615,0.,1,-99999,35.,-0.48,14.100000000000001,25.700000000000003,0.02,-0.03
121162,294762,54.630412,-8.43861,0.,1,-99999,35.,-0.48,14.100000000000001,25.700000000000003,0.02,-0.03
121162,295523,54.630422,-8.438642,0.1,1,-99999,35.,-0.48,14.100000000000001,25.700000000000003,0.02,-0.03
121162,295701,54.630397,-8.438647,0.,1,-99999,35.,-0.48,14.100000000000001,25.700000000000003,0.02,-0.03
121162,296211,54.630432,-8.43863,0.,1,-99999,35.,-0.48,14.100000000000001,25.700000000000003,0.02,-0.03
121162,296440,54.630393,-8.438638,0.,1,-99999,35.,-0.48,14.100000000000001,25.700000000000003,0.02,-0.03
121162,296652,54.630392,-8.438592,0.,1,-99999,35.,-0.48,14.100000000000001,25.700000000000003,0.02,-0.03
121162,297342,54.630403,-8.43865,0.,1,-99999,35.,-0.48,14.100000000000001,25.700000000000003,0.02,-0.03
121162,297591,54.63042,-8.438627,0.,1,-99999,35.,-0.48,14.100000000000001,25.700000000000003,0.02,-0.03
121162,297693,54.63042,-8.438737,0.,1,-99999,35.,-0.48,14.100000000000001,25.6,0.02,-0.03
121162,298261,54.630443,-8.438638,0.1,1,-99999,35.,-0.48,14.100000000000001,25.700000000000003,0.02,-0.03
121162,298562,54.63047,-8.438642,0.,1,-99999,35.,-0.48,14.100000000000001,25.700000000000003,0.02,-0.03
121162,299165,54.630657,-8.43871,0.,1,-99999,35.,-0.48,14.100000000000001,25.6,0.02,-0.03
121162,299171,54.630675,-8.438707,0.,1,-99999,35.,-0.48,14.100000000000001,25.6,0.02,-0.03
121162,299471,54.630397,-8.43851,0.,1,-99999,35.,-0.48,14.100000000000001,25.700000000000003,0.02,-0.03
121162,300382,54.63041,-8.438558,0.,1,-99999,35.,-0.48,14.100000000000001,25.700000000000003,0.02,-0.03
121162,300424,54.630405,-8.438563,0.,1,-99999,35.,-0.48,14.100000000000001,25.700000000000003,0.02,-0.03
121162,300633,54.630402,-8.438622,0.,1,-99999,35.,-0.48,14.100000000000001,25.700000000000003,0.02,-0.03
121162,301292,54.630427,-8.438595,0.,1,-99999,35.,-0.48,14.100000000000001,25.700000000000003,0.02,-0.03
121162,301361,54.630397,-8.438567,0.,1,-99999,35.,-0.48,14.100000000000001,25.700000000000003,0.02,-0.03
121162,302145,54.630407,-8.438647,0.,1,-99999,35.,-0.48,14.100000000000001,25.700000000000003,0.02,-0.03
121162,302204,54.630428,-8.438648,0.1,1,-99999,35.,-0.48,14.100000000000001,25.700000000000003,0.02,-0.03
121162,302301,54.630428,-8.438635,0.,1,-99999,35.,-0.48,14.100000000000001,25.700000000000003,0.02,-0.03
121162,303109,54.63038,-8.438603,0.1,1,-99999,35.,-0.48,14.100000000000001,25.700000000000003,0.02,-0.03
121162,303250,54.630405,-8.438617,0.1,1,-99999,35.,-0.48,14.100000000000001,25.700000000000003,0.02,-0.03
121162,304022,54.630413,-8.438665,0.,1,-99999,35.,-0.49,14.100000000000001,25.700000000000003,0.02,-0.03
121162,304191,54.630447,-8.43863,0.,1,-99999,35.,-0.49,14.100000000000001,25.700000000000003,0.02,-0.03
121162,304394,54.630402,-8.43861,0.,1,-99999,35.,-0.49,14.100000000000001,25.700000000000003,0.02,-0.03
121162,304942,54.630435,-8.438605,0.1,1,-99999,35.,-0.49,14.100000000000001,25.700000000000003,0.02,-0.03
121162,305146,54.630447,-8.438587,0.,1,-99999,35.,-0.49,14.100000000000001,25.700000000000003,0.02,-0.03
121162,305851,54.630415,-8.438642,0.,1,-99999,35.,-0.49,14.100000000000001,25.700000000000003,0.02,-0.03
121162,305853,54.630415,-8.438642,0.,1,-99999,35.,-0.49,14.100000000000001,25.700000000000003,0.02,-0.03
121162,306047,54.630388,-8.43856,0.,1,-99999,35.,-0.49,14.100000000000001,25.700000000000003,0.02,-0.03
121162,306761,54.63038,-8.438668,0.,1,-99999,35.,-0.49,14.100000000000001,25.6,0.02,-0.03
121162,306990,54.630405,-8.438575,0.,1,-99999,35.,-0.49,14.100000000000001,25.700000000000003,0.02,-0.03
121162,307364,54.630367,-8.43858,0.,1,-99999,35.,-0.49,14.100000000000001,25.700000000000003,0.02,-0.03
121162,307672,54.630427,-8.43855,0.,1,-99999,35.,-0.49,14.100000000000001,25.700000000000003,0.02,-0.03
121162,307931,54.63039,-8.438557,0.,1,-99999,35.,-0.49,14.100000000000001,25.700000000000003,0.02,-0.03
121162,308591,54.630488,-8.438577,0.,1,-99999,35.,-0.49,14.100000000000001,25.700000000000003,0.02,-0.03
121162,308891,54.630465,-8.438573,0.,1,-99999,35.,-0.49,14.100000000000001,25.700000000000003,0.02,-0.03
121162,309514,54.630462,-8.438657,0.,1,-99999,35.,-0.49,14.100000000000001,25.700000000000003,0.02,-0.03
121162,309573,54.630422,-8.438627,0.,1,-99999,35.,-0.49,14.100000000000001,25.700000000000003,0.02,-0.03
121162,309850,54.630427,-8.438662,0.1,1,-99999,35.,-0.49,14.100000000000001,25.700000000000003,0.02,-0.03
121162,310422,54.630473,-8.43865,0.,1,-99999,35.,-0.49,14.100000000000001,25.700000000000003,0.02,-0.03
121162,310794,54.6304,-8.438618,0.1,1,-99999,35.,-0.49,14.100000000000001,25.700000000000003,0.02,-0.03
121162,311042,54.630437,-8.438635,0.,1,-99999,35.,-0.49,14.100000000000001,25.700000000000003,0.02,-0.03
121162,311341,54.630427,-8.438587,0.,1,-99999,35.,-0.49,14.100000000000001,25.700000000000003,0.02,-0.03
121162,311753,54.63034,-8.43861,0.,1,-99999,35.,-0.49,14.100000000000001,25.700000000000003,0.02,-0.03
121162,312504,54.630407,-8.438612,0.,1,-99999,35.,-0.49,14.100000000000001,25.700000000000003,0.02,-0.03
121162,312541,54.630413,-8.438598,0.,1,-99999,35.,-0.49,14.100000000000001,25.700000000000003,0.02,-0.03
121162,312701,54.630372,-8.438605,0.,1,-99999,35.,-0.49,14.100000000000001,25.700000000000003,0.02,-0.03
121162,313451,54.630435,-8.438713,0.,1,-99999,35.,-0.49,14.100000000000001,25.6,0.02,-0.03
121162,313641,54.630402,-8.438648,0.,1,-99999,35.,-0.49,14.100000000000001,25.700000000000003,0.02,-0.03
121162,313969,54.630402,-8.438587,0.,1,-99999,35.,-0.49,14.100000000000001,25.700000000000003,0.02,-0.03
121162,314362,54.630373,-8.43861,0.,1,-99999,35.,-0.49,14.100000000000001,25.700000000000003,0.02,-0.03
121162,314603,54.630482,-8.438708,0.,1,-99999,35.,-0.49,14.100000000000001,25.6,0.02,-0.03
121162,315270,54.63038,-8.438658,0.1,1,-99999,35.,-0.49,14.100000000000001,25.700000000000003,0.02,-0.03
121162,315475,54.630427,-8.438595,0.,1,-99999,35.,-0.49,14.100000000000001,25.700000000000003,0.02,-0.03
121162,315562,54.630387,-8.438585,0.1,1,-99999,35.,-0.49,14.100000000000001,25.700000000000003,0.02,-0.03
121162,316180,54.630422,-8.438643,0.,1,-99999,35.,-0.49,14.100000000000001,25.700000000000003,0.02,-0.03
121162,316500,54.630472,-8.438625,0.,1,-99999,35.,-0.49,14.100000000000001,25.700000000000003,0.02,-0.03
121162,316992,54.630412,-8.438627,0.,1,-99999,35.,-0.49,14.100000000000001,25.700000000000003,0.02,-0.03
121162,317081,54.63037,-8.438588,0.,1,-99999,35.,-0.49,14.100000000000001,25.700000000000003,0.02,-0.03
121162,317440,54.630687,-8.43861,0.,1,-99999,35.,-0.49,14.100000000000001,25.700000000000003,0.02,-0.03
121162,318002,54.630705,-8.438618,0.,1,-99999,35.,-0.49,14.100000000000001,25.700000000000003,0.02,-0.03
121162,318390,54.630573,-8.438553,0.,1,-99999,35.,-0.49,14.100000000000001,25.700000000000003,0.02,-0.03
121162,318494,54.630457,-8.438522,0.,1,-99999,35.,-0.49,14.100000000000001,25.700000000000003,0.02,-0.03
121162,318911,54.630405,-8.438618,0.,1,-99999,35.,-0.49,14.100000000000001,25.700000000000003,0.02,-0.03
121162,319341,54.630402,-8.438642,0.,1,-99999,35.,-0.49,14.100000000000001,25.700000000000003,0.02,-0.03
121162,320003,54.630402,-8.438587,0.,1,-99999,35.,-0.49,14.100000000000001,25.700000000000003,0.02,-0.03
121162,320119,54.630405,-8.438628,0.,1,-99999,35.,-0.49,14.100000000000001,25.700000000000003,0.02,-0.03
121162,320283,54.630422,-8.438702,0.,1,-99999,35.,-0.49,14.100000000000001,25.6,0.02,-0.03
121162,321030,54.630428,-8.438598,0.,1,-99999,35.,-0.49,14.100000000000001,25.700000000000003,0.02,-0.03
121162,321401,54.630375,-8.438587,0.,1,-99999,35.,-0.49,14.100000000000001,25.700000000000003,0.02,-0.03
121162,321513,54.630397,-8.438585,0.,1,-99999,35.,-0.49,14.100000000000001,25.700000000000003,0.02,-0.03
121162,321950,54.630402,-8.43859,0.,1,-99999,35.,-0.49,14.100000000000001,25.700000000000003,0.02,-0.03
121162,322363,54.630458,-8.438635,0.,1,-99999,35.,-0.49,14.100000000000001,25.700000000000003,0.02,-0.03
121162,322870,54.630413,-8.438628,0.1,1,-99999,35.,-0.49,14.100000000000001,25.700000000000003,0.02,-0.03
121162,322993,54.630382,-8.43857,0.,1,-99999,35.,-0.49,14.100000000000001,25.700000000000003,0.02,-0.03
121162,323312,54.630398,-8.438642,0.,1,-99999,35.,-0.49,14.100000000000001,25.700000000000003,0.02,-0.03
121162,323771,54.630432,-8.438583,0.1,1,-99999,35.,-0.49,14.100000000000001,25.700000000000003,0.02,-0.03
121162,324271,54.63037,-8.438607,0.,1,-99999,35.,-0.49,14.100000000000001,25.700000000000003,0.02,-0.03
121162,324505,54.630387,-8.438622,0.,1,-99999,35.,-0.49,14.100000000000001,25.700000000000003,0.02,-0.03
121162,324682,54.630387,-8.438573,0.1,1,-99999,35.,-0.49,14.100000000000001,25.700000000000003,0.02,-0.03
121162,325221,54.630395,-8.43864,0.1,1,-99999,35.,-0.49,14.100000000000001,25.700000000000003,0.02,-0.03
121162,325592,54.630403,-8.438643,0.1,1,-99999,35.,-0.49,14.100000000000001,25.700000000000003,0.02,-0.03
121162,325963,54.630405,-8.43863,0.,1,-99999,35.,-0.49,14.100000000000001,25.700000000000003,0.02,-0.03
121162,326142,54.6304,-8.43863,0.,1,-99999,35.,-0.49,14.100000000000001,25.700000000000003,0.02,-0.03
121162,326511,54.630372,-8.438605,0.1,1,-99999,35.,-0.49,14.100000000000001,25.700000000000003,0.02,-0.03
121162,327082,54.630398,-8.438612,0.,1,-99999,35.,-0.49,14.100000000000001,25.700000000000003,0.02,-0.03
121162,327412,54.630443,-8.438602,0.,1,-99999,35.,-0.49,14.100000000000001,25.700000000000003,0.02,-0.03
121162,327414,54.630442,-8.438602,0.,1,-99999,35.,-0.49,14.100000000000001,25.700000000000003,0.02,-0.03
121162,328041,54.63044,-8.438677,0.1,1,-99999,35.,-0.49,14.100000000000001,25.6,0.02,-0.03
121162,328322,54.630472,-8.438562,0.,1,-99999,35.,-0.49,14.100000000000001,25.700000000000003,0.02,-0.03
121162,328881,54.63026,-8.438692,0.,1,-99999,35.,-0.49,14.100000000000001,25.6,0.02,-0.03
121162,329021,54.630615,-8.438848,0.,1,-99999,35.,-0.49,14.100000000000001,25.6,0.02,-0.03
121162,329241,54.6305,-8.438655,0.1,1,-99999,35.,-0.49,14.100000000000001,25.700000000000003,0.02,-0.03
121162,329983,54.63043,-8.438618,0.,1,-99999,35.,-0.49,14.100000000000001,25.700000000000003,0.02,-0.03
121162,330440,54.630592,-8.438708,0.,1,-99999,35.,-0.49,14.100000000000001,25.6,0.02,-0.03
121162,330444,54.630592,-8.438707,0.,1,-99999,35.,-0.49,14.100000000000001,25.6,0.02,-0.03
121162,330942,54.630458,-8.438672,0.1,1,-99999,35.,-0.49,14.100000000000001,25.6,0.02,-0.03
121162,331341,54.630512,-8.438698,0.,1,-99999,35.,-0.49,14.100000000000001,25.6,0.02,-0.03
121162,331892,54.630452,-8.438605,0.,1,-99999,35.,-0.49,14.100000000000001,25.700000000000003,0.02,-0.03
121162,331894,54.630452,-8.438605,0.,1,-99999,35.,-0.49,14.100000000000001,25.700000000000003,0.02,-0.03
121162,332262,54.630437,-8.438622,0.,1,-99999,35.,-0.49,14.100000000000001,25.700000000000003,0.02,-0.03
121162,332861,54.630452,-8.438547,0.,1,-99999,35.,-0.49,14.100000000000001,25.700000000000003,0.02,-0.03
121162,333171,54.63045,-8.43855,0.1,1,-99999,35.,-0.49,14.100000000000001,25.700000000000003,0.02,-0.03
121162,333355,54.630352,-8.438617,0.,1,-99999,35.,-0.49,14.100000000000001,25.700000000000003,0.02,-0.03
121162,333792,54.630417,-8.438567,0.,1,-99999,35.,-0.49,14.100000000000001,25.700000000000003,0.02,-0.03
121162,334080,54.630723,-8.438837,0.,1,-99999,35.,-0.49,14.100000000000001,25.6,0.02,-0.03
121162,334731,54.630383,-8.438545,0.,1,-99999,35.,-0.49,14.100000000000001,25.700000000000003,0.02,-0.03
121162,334926,54.630382,-8.43858,0.,1,-99999,35.,-0.49,14.100000000000001,25.700000000000003,0.02,-0.03
121162,335280,54.630432,-8.438605,0.,1,-99999,35.,-0.49,14.100000000000001,25.700000000000003,0.02,-0.03
121162,335676,54.630412,-8.438632,0.1,1,-99999,35.,-0.49,14.100000000000001,25.700000000000003,0.02,-0.03
121162,336201,54.630442,-8.438608,0.1,1,-99999,35.,-0.49,14.100000000000001,25.700000000000003,0.02,-0.03
121162,336632,54.630422,-8.438575,0.1,1,-99999,35.,-0.49,14.100000000000001,25.700000000000003,0.02,-0.03
121162,337112,54.630428,-8.438593,0.,1,-99999,35.,-0.49,14.100000000000001,25.700000000000003,0.02,-0.03
121162,337114,54.630427,-8.438592,0.,1,-99999,35.,-0.49,14.100000000000001,25.700000000000003,0.02,-0.03
121162,337572,54.630398,-8.438583,0.,1,-99999,35.,-0.49,14.100000000000001,25.700000000000003,0.02,-0.03
121162,338023,54.630497,-8.438617,0.,1,-99999,35.,-0.49,14.100000000000001,25.700000000000003,0.02,-0.03
121162,338511,54.630395,-8.438672,0.,1,-99999,35.,-0.49,14.100000000000001,25.6,0.02,-0.03
121162,338564,54.630452,-8.438697,0.,1,-99999,35.,-0.49,14.100000000000001,25.6,0.02,-0.03
121162,339231,54.63045,-8.438605,0.,1,-99999,35.,-0.49,14.100000000000001,25.700000000000003,0.02,-0.03
121162,339462,54.630458,-8.43857,0.,1,-99999,35.,-0.49,14.100000000000001,25.700000000000003,0.02,-0.03
121162,340023,54.630457,-8.438545,0.,1,-99999,35.,-0.49,14.100000000000001,25.700000000000003,0.02,-0.03
121162,340141,54.630537,-8.43865,0.,1,-99999,35.,-0.49,14.100000000000001,25.700000000000003,0.02,-0.03
121162,340411,54.630633,-8.438747,0.,1,-99999,35.,-0.49,14.100000000000001,25.6,0.02,-0.03
121162,341061,54.63056,-8.438703,0.1,1,-99999,35.,-0.49,14.100000000000001,25.6,0.02,-0.03
121162,341351,54.63043,-8.438635,0.,1,-99999,35.,-0.49,14.100000000000001,25.700000000000003,0.02,-0.03
121162,341544,54.630432,-8.438602,0.,1,-99999,35.,-0.49,14.100000000000001,25.700000000000003,0.02,-0.03
121162,341971,54.630458,-8.438622,0.,1,-99999,35.,-0.49,14.100000000000001,25.700000000000003,0.02,-0.03
121162,342311,54.630443,-8.43863,0.,1,-99999,35.,-0.49,14.100000000000001,25.700000000000003,0.02,-0.03
121162,342880,54.63063,-8.438833,0.,1,-99999,35.,-0.49,14.100000000000001,25.6,0.02,-0.03
121162,343249,54.630453,-8.438675,0.,1,-99999,35.,-0.49,14.100000000000001,25.6,0.02,-0.03
121162,343788,54.630432,-8.438578,0.1,1,-99999,35.,-0.49,14.100000000000001,25.700000000000003,0.02,-0.03
121162,343794,54.630437,-8.438587,0.,1,-99999,35.,-0.49,14.100000000000001,25.700000000000003,0.02,-0.03
121162,344231,54.63041,-8.438583,0.,1,-99999,35.,-0.49,14.100000000000001,25.700000000000003,0.02,-0.03
121162,344690,54.63041,-8.438593,0.,1,-99999,35.,-0.49,14.100000000000001,25.700000000000003,0.02,-0.03
121162,345200,54.630417,-8.438612,0.1,1,-99999,35.,-0.49,14.100000000000001,25.700000000000003,0.02,-0.03
121162,345315,54.630417,-8.43858,0.,1,-99999,35.,-0.49,14.100000000000001,25.700000000000003,0.02,-0.03
121162,345613,54.630447,-8.438598,0.1,1,-99999,35.,-0.49,14.100000000000001,25.700000000000003,0.02,-0.03
121162,346161,54.630447,-8.438622,0.,1,-99999,35.,-0.49,14.100000000000001,25.700000000000003,0.02,-0.03
121162,346802,54.630432,-8.438638,0.,1,-99999,35.,-0.49,14.100000000000001,25.700000000000003,0.02,-0.03
121162,346815,54.630417,-8.438625,0.,1,-99999,35.,-0.49,14.100000000000001,25.700000000000003,0.02,-0.03
121162,347101,54.63042,-8.438552,0.1,1,-99999,35.,-0.49,14.100000000000001,25.700000000000003,0.02,-0.03
121162,347711,54.630415,-8.438605,0.1,1,-99999,35.,-0.49,14.100000000000001,25.700000000000003,0.02,-0.03
121162,348061,54.63039,-8.438653,0.,1,-99999,35.,-0.49,14.100000000000001,25.700000000000003,0.02,-0.03
121162,348283,54.630757,-8.438797,0.,1,-99999,35.,-0.49,14.100000000000001,25.6,0.02,-0.03
121162,348622,54.63042,-8.438747,0.,1,-99999,35.,-0.49,14.100000000000001,25.6,0.02,-0.03
121162,349021,54.630343,-8.438683,0.,1,-99999,35.,-0.49,14.100000000000001,25.6,0.02,-0.03
121162,349541,54.630463,-8.438658,0.,1,-99999,35.,-0.49,14.100000000000001,25.700000000000003,0.02,-0.03
121162,349792,54.630487,-8.438655,0.,1,-99999,35.,-0.49,14.100000000000001,25.700000000000003,0.02,-0.03
121162,349982,54.630435,-8.438653,0.1,1,-99999,35.,-0.49,14.100000000000001,25.700000000000003,0.02,-0.03
121162,350442,54.630427,-8.43868,0.,1,-99999,35.,-0.49,14.100000000000001,25.6,0.02,-0.03
121162,350883,54.63044,-8.438665,0.1,1,-99999,35.,-0.49,14.100000000000001,25.700000000000003,0.02,-0.03
121162,351644,54.63045,-8.438658,0.,1,-99999,35.,-0.5,14.100000000000001,25.700000000000003,0.02,-0.03
121162,351871,54.630442,-8.438732,0.,1,-99999,35.,-0.5,14.100000000000001,25.6,0.02,-0.03
121162,352032,54.630452,-8.438712,0.,1,-99999,35.,-0.5,14.100000000000001,25.6,0.02,-0.03
121162,352561,54.63041,-8.43855,0.1,1,-99999,35.,-0.5,14.100000000000001,25.700000000000003,0.02,-0.03
121162,352812,54.630412,-8.438598,0.,1,-99999,35.,-0.5,14.100000000000001,25.700000000000003,0.02,-0.03
121162,353470,54.630443,-8.438683,0.,1,-99999,35.,-0.5,14.100000000000001,25.6,0.02,-0.03
121162,353481,54.630447,-8.438682,0.,1,-99999,35.,-0.5,14.100000000000001,25.6,0.02,-0.03
121162,353752,54.630423,-8.438613,0.,1,-99999,35.,-0.5,14.100000000000001,25.700000000000003,0.02,-0.03
121162,354371,54.630387,-8.438653,0.,1,-99999,35.,-0.5,14.100000000000001,25.700000000000003,0.02,-0.03
121162,354701,54.63042,-8.438677,0.,1,-99999,35.,-0.5,14.100000000000001,25.6,0.02,-0.03
121162,354935,54.630467,-8.438647,0.,1,-99999,35.,-0.5,14.100000000000001,25.700000000000003,0.02,-0.03
121162,355581,54.630447,-8.438602,0.,1,-99999,35.,-0.5,14.100000000000001,25.700000000000003,0.02,-0.03
121162,355642,54.63043,-8.438577,0.,1,-99999,35.,-0.5,14.100000000000001,25.700000000000003,0.02,-0.03
121162,356444,54.630417,-8.438552,0.,1,-99999,35.,-0.5,14.100000000000001,25.700000000000003,0.02,-0.03
121162,356489,54.63041,-8.438572,0.,1,-99999,35.,-0.5,14.100000000000001,25.700000000000003,0.02,-0.03
121162,356594,54.630452,-8.438655,0.,1,-99999,35.,-0.5,14.100000000000001,25.700000000000003,0.02,-0.03
121162,357411,54.630477,-8.438668,0.,1,-99999,35.,-0.5,14.100000000000001,25.6,0.02,-0.03
121162,357531,54.630488,-8.438632,0.,1,-99999,35.,-0.5,14.100000000000001,25.700000000000003,0.02,-0.03
121162,358330,54.630483,-8.43866,0.1,1,-99999,35.,-0.5,14.100000000000001,25.700000000000003,0.02,-0.03
121162,358533,54.630413,-8.438572,0.,1,-99999,35.,-0.5,14.100000000000001,25.700000000000003,0.02,-0.03
121162,358704,54.630417,-8.438597,0.,1,-99999,35.,-0.5,14.100000000000001,25.700000000000003,0.02,-0.03
121162,359241,54.63039,-8.438677,0.,1,-99999,35.,-0.5,14.100000000000001,25.6,0.02,-0.03
121162,359501,54.630452,-8.438588,0.,1,-99999,35.,-0.5,14.100000000000001,25.700000000000003,0.02,-0.03
121162,360151,54.630537,-8.438828,0.,1,-99999,35.,-0.5,14.100000000000001,25.6,0.02,-0.03
121162,360183,54.630557,-8.438877,0.,1,-99999,35.,-0.5,14.100000000000001,25.6,0.02,-0.03
121162,360441,54.630472,-8.438853,0.,1,-99999,35.,-0.5,14.100000000000001,25.6,0.02,-0.03
121162,361351,54.630483,-8.438667,0.,1,-99999,35.,-0.5,14.100000000000001,25.6,0.02,-0.03
121162,361391,54.630442,-8.438658,0.,1,-99999,35.,-0.5,14.100000000000001,25.700000000000003,0.02,-0.03
121162,361633,54.630447,-8.438592,0.,1,-99999,35.,-0.5,14.100000000000001,25.700000000000003,0.02,-0.03
121162,362270,54.630517,-8.438617,0.,1,-99999,35.,-0.5,14.100000000000001,25.700000000000003,0.02,-0.03
121162,362306,54.630503,-8.43864,0.,1,-99999,35.,-0.5,14.100000000000001,25.700000000000003,0.02,-0.03
121162,363092,54.630435,-8.438627,0.,1,-99999,35.,-0.5,14.100000000000001,25.700000000000003,0.02,-0.03
121162,363190,54.63047,-8.438657,0.,1,-99999,35.,-0.5,14.100000000000001,25.700000000000003,0.02,-0.03
121162,363292,54.630412,-8.438548,0.1,1,-99999,35.,-0.5,14.100000000000001,25.700000000000003,0.02,-0.03
121162,364092,54.630443,-8.438562,0.1,1,-99999,35.,-0.5,14.100000000000001,25.700000000000003,0.02,-0.03
121162,364231,54.630435,-8.438612,0.,1,-99999,35.,-0.5,14.100000000000001,25.700000000000003,0.02,-0.03
121162,364596,54.63042,-8.438545,0.,1,-99999,35.,-0.5,14.100000000000001,25.700000000000003,0.02,-0.03
121162,365002,54.63038,-8.438658,0.,1,-99999,35.,-0.5,14.100000000000001,25.700000000000003,0.02,-0.03
121162,365199,54.63039,-8.438648,0.1,1,-99999,35.,-0.5,14.100000000000001,25.700000000000003,0.02,-0.03
121162,365922,54.630373,-8.438582,0.,1,-99999,35.,-0.5,14.100000000000001,25.700000000000003,0.02,-0.03
121162,366066,54.63038,-8.438607,0.,1,-99999,35.,-0.5,14.100000000000001,25.700000000000003,0.02,-0.03
121162,366160,54.630353,-8.4386,0.,1,-99999,35.,-0.5,14.100000000000001,25.700000000000003,0.02,-0.03
121162,367110,54.630405,-8.43862,0.,1,-99999,35.,-0.5,14.100000000000001,25.700000000000003,0.02,-0.03
121162,367123,54.630415,-8.438618,0.1,1,-99999,35.,-0.5,14.100000000000001,25.700000000000003,0.02,-0.03
121162,367544,54.630425,-8.43869,0.,1,-99999,35.,-0.5,14.100000000000001,25.6,0.02,-0.03
121162,368030,54.630405,-8.438568,0.1,1,-99999,35.,-0.5,14.100000000000001,25.700000000000003,0.02,-0.03
121162,368051,54.630432,-8.438568,0.1,1,-99999,35.,-0.5,14.100000000000001,25.700000000000003,0.02,-0.03
121162,368932,54.630438,-8.438702,0.,1,-99999,35.,-0.5,14.100000000000001,25.6,0.02,-0.03
121162,369004,54.630437,-8.438598,0.,1,-99999,35.,-0.5,14.100000000000001,25.700000000000003,0.02,-0.03
121162,369021,54.63047,-8.438697,0.,1,-99999,35.,-0.5,14.100000000000001,25.6,0.02,-0.03
121162,369843,54.630345,-8.43846,0.,1,-99999,35.,-0.5,14.100000000000001,25.700000000000003,0.02,-0.03
121162,369941,54.630387,-8.438627,0.,1,-99999,35.,-0.5,14.100000000000001,25.700000000000003,0.02,-0.03
121162,370496,54.630395,-8.438637,0.,1,-99999,35.,-0.5,14.100000000000001,25.700000000000003,0.02,-0.03
121162,370883,54.63044,-8.438653,0.,1,-99999,35.,-0.5,14.100000000000001,25.700000000000003,0.02,-0.03
121162,371050,54.630368,-8.438532,0.,1,-99999,35.,-0.5,14.100000000000001,25.700000000000003,0.02,-0.03
121162,371851,54.630345,-8.438635,0.1,1,-99999,35.,-0.5,14.100000000000001,25.700000000000003,0.02,-0.03
121162,371971,54.630398,-8.438608,0.,1,-99999,35.,-0.5,14.100000000000001,25.700000000000003,0.02,-0.03
121162,372744,54.630422,-8.438667,0.,1,-99999,35.,-0.5,14.100000000000001,25.6,0.02,-0.03
121162,372802,54.630512,-8.438782,0.,1,-99999,35.,-0.5,14.100000000000001,25.6,0.02,-0.03
121162,373171,54.630402,-8.43856,0.,1,-99999,35.,-0.5,14.100000000000001,25.700000000000003,0.02,-0.03
121162,373791,54.630482,-8.438785,0.,1,-99999,35.,-0.5,14.100000000000001,25.6,0.02,-0.03
121162,374253,54.630402,-8.438575,0.,1,-99999,35.,-0.5,14.100000000000001,25.700000000000003,0.02,-0.03
121162,374381,54.630597,-8.43871,0.,1,-99999,35.,-0.5,14.100000000000001,25.6,0.02,-0.03
121162,374741,54.6305,-8.43869,0.,1,-99999,35.,-0.5,14.100000000000001,25.6,0.02,-0.03
121162,375291,54.630423,-8.43864,0.,1,-99999,35.,-0.5,14.100000000000001,25.700000000000003,0.02,-0.03
121162,375681,54.63037,-8.438635,0.,1,-99999,35.,-0.5,14.100000000000001,25.700000000000003,0.02,-0.03
121162,375705,54.630362,-8.438645,0.,1,-99999,35.,-0.5,14.100000000000001,25.700000000000003,0.02,-0.03
121162,376500,54.63041,-8.43855,0.,1,-99999,35.,-0.5,14.100000000000001,25.700000000000003,0.02,-0.03
121162,376642,54.630368,-8.438577,0.,1,-99999,35.,-0.5,14.100000000000001,25.700000000000003,0.02,-0.03
121162,377173,54.630442,-8.43864,0.,1,-99999,35.,-0.5,14.100000000000001,25.700000000000003,0.03,-0.03
121162,377411,54.630363,-8.43858,0.,1,-99999,35.,-0.5,14.100000000000001,25.700000000000003,0.03,-0.03
121162,377594,54.63035,-8.438575,0.1,1,-99999,35.,-0.5,14.100000000000001,25.700000000000003,0.03,-0.03
121162,378322,54.630405,-8.438625,0.,1,-99999,35.,-0.5,14.100000000000001,25.700000000000003,0.03,-0.03
121162,378545,54.630348,-8.438583,0.1,1,-99999,35.,-0.5,14.100000000000001,25.700000000000003,0.03,-0.03
121162,379231,54.63041,-8.438583,0.,1,-99999,35.,-0.5,14.100000000000001,25.700000000000003,0.03,-0.03
121162,379385,54.630405,-8.438515,0.,1,-99999,35.,-0.5,14.100000000000001,25.700000000000003,0.03,-0.03
121162,379506,54.630428,-8.438632,0.,1,-99999,35.,-0.5,14.100000000000001,25.700000000000003,0.03,-0.03
121162,380143,54.630428,-8.438603,0.1,1,-99999,35.,-0.5,14.100000000000001,25.700000000000003,0.03,-0.03
121162,380440,54.630462,-8.438632,0.1,1,-99999,35.,-0.5,14.100000000000001,25.700000000000003,0.03,-0.03
121162,380914,54.630397,-8.438602,0.,1,-99999,35.,-0.5,14.100000000000001,25.700000000000003,0.03,-0.03
121162,381051,54.630398,-8.438598,0.,1,-99999,35.,-0.5,14.100000000000001,25.700000000000003,0.03,-0.03
121162,381392,54.630425,-8.438642,0.,1,-99999,35.,-0.5,14.100000000000001,25.700000000000003,0.03,-0.03
121162,381961,54.63045,-8.438667,0.,1,-99999,35.,-0.5,14.100000000000001,25.6,0.03,-0.03
121162,382341,54.630402,-8.438658,0.,1,-99999,35.,-0.5,14.100000000000001,25.700000000000003,0.03,-0.03
121162,382862,54.630403,-8.438615,0.,1,-99999,35.,-0.5,14.100000000000001,25.700000000000003,0.03,-0.03
121162,383301,54.63041,-8.438653,0.,1,-99999,35.,-0.5,14.100000000000001,25.700000000000003,0.03,-0.03
121162,383771,54.630368,-8.438523,0.1,1,-99999,35.,-0.5,14.100000000000001,25.700000000000003,0.03,-0.03
121162,383874,54.630352,-8.438567,0.,1,-99999,35.,-0.5,14.100000000000001,25.700000000000003,0.03,-0.03
121162,384251,54.630387,-8.438587,0.,1,-99999,35.,-0.5,14.100000000000001,25.700000000000003,0.03,-0.03
121162,384691,54.63042,-8.438562,0.,1,-99999,35.,-0.5,14.100000000000001,25.700000000000003,0.03,-0.03
121162,385216,54.630555,-8.438662,0.,1,-99999,35.,-0.5,14.100000000000001,25.700000000000003,0.03,-0.03
121162,385323,54.630632,-8.438687,0.,1,-99999,35.,-0.5,14.100000000000001,25.6,0.03,-0.03
121162,385600,54.630363,-8.438503,0.,1,-99999,35.,-0.5,14.100000000000001,25.700000000000003,0.03,-0.03
121162,386172,54.630425,-8.438565,0.,1,-99999,35.,-0.5,14.100000000000001,25.700000000000003,0.03,-0.03
121162,386521,54.630387,-8.438563,0.,1,-99999,35.,-0.5,14.100000000000001,25.700000000000003,0.03,-0.03
121162,386853,54.630432,-8.438587,0.,1,-99999,35.,-0.5,14.100000000000001,25.700000000000003,0.03,-0.03
121162,387123,54.630413,-8.438605,0.,1,-99999,35.,-0.5,14.100000000000001,25.700000000000003,0.03,-0.03
121162,387724,54.63038,-8.43855,0.1,1,-99999,35.,-0.5,14.100000000000001,25.700000000000003,0.03,-0.03
121162,388062,54.63042,-8.43864,0.,1,-99999,35.,-0.5,14.100000000000001,25.700000000000003,0.03,-0.03
121162,388345,54.630445,-8.438557,0.,1,-99999,35.,-0.5,14.100000000000001,25.700000000000003,0.03,-0.03
121162,388655,54.630435,-8.438672,0.,1,-99999,35.,-0.5,14.100000000000001,25.6,0.03,-0.03
121162,389012,54.63044,-8.438653,0.1,1,-99999,35.,-0.5,14.100000000000001,25.700000000000003,0.03,-0.03
121162,389562,54.630407,-8.438583,0.,1,-99999,35.,-0.5,14.100000000000001,25.700000000000003,0.03,-0.03
121162,389816,54.630497,-8.438645,0.,1,-99999,35.,-0.5,14.100000000000001,25.700000000000003,0.03,-0.03
121162,389971,54.630443,-8.438662,0.,1,-99999,35.,-0.5,14.100000000000001,25.700000000000003,0.03,-0.03
121162,390761,54.630427,-8.438707,0.,1,-99999,35.,-0.5,14.100000000000001,25.6,0.03,-0.03
121162,390922,54.630428,-8.438607,0.,1,-99999,35.,-0.5,14.100000000000001,25.700000000000003,0.03,-0.03
121162,391266,54.630442,-8.438702,0.,1,-99999,35.,-0.5,14.100000000000001,25.6,0.03,-0.03
121162,391681,54.630405,-8.438608,0.1,1,-99999,35.,-0.5,14.100000000000001,25.700000000000003,0.03,-0.03
121162,391861,54.630425,-8.438572,0.,1,-99999,35.,-0.5,14.100000000000001,25.700000000000003,0.03,-0.03
121162,392591,54.630375,-8.438583,0.,1,-99999,35.,-0.5,14.100000000000001,25.700000000000003,0.03,-0.03
121162,392717,54.630457,-8.438592,0.,1,-99999,35.,-0.5,14.100000000000001,25.700000000000003,0.03,-0.03
121162,392821,54.630435,-8.43872,0.,1,-99999,35.,-0.5,14.100000000000001,25.6,0.03,-0.03
121162,393499,54.630395,-8.438517,0.,1,-99999,35.,-0.5,14.100000000000001,25.700000000000003,0.03,-0.03
121162,393762,54.630418,-8.438602,0.,1,-99999,35.,-0.5,14.100000000000001,25.700000000000003,0.03,-0.03
121162,394164,54.630412,-8.438567,0.,1,-99999,35.,-0.5,14.100000000000001,25.700000000000003,0.03,-0.03
121162,394400,54.630402,-8.438613,0.,1,-99999,35.,-0.5,14.100000000000001,25.700000000000003,0.03,-0.03
121162,394711,54.630395,-8.438612,0.,1,-99999,35.,-0.5,14.100000000000001,25.700000000000003,0.03,-0.03
121162,395321,54.630452,-8.438583,0.,1,-99999,35.,-0.5,14.100000000000001,25.700000000000003,0.03,-0.03
121162,395696,54.630425,-8.438635,0.,1,-99999,35.,-0.5,14.100000000000001,25.700000000000003,0.03,-0.03
121162,396231,54.630397,-8.438635,0.,1,-99999,35.,-0.5,14.100000000000001,25.700000000000003,0.03,-0.03
121162,396363,54.630452,-8.438695,0.,1,-99999,35.,-0.5,14.100000000000001,25.6,0.03,-0.03
121162,396641,54.630443,-8.4387,0.,1,-99999,35.,-0.5,14.100000000000001,25.6,0.03,-0.03
121162,397149,54.630402,-8.438607,0.,1,-99999,35.,-0.5,14.100000000000001,25.700000000000003,0.03,-0.03
121162,397591,54.630458,-8.438625,0.,1,-99999,35.,-0.5,14.100000000000001,25.700000000000003,0.03,-0.03
121162,398061,54.630332,-8.438555,0.1,1,-99999,35.,-0.5,14.100000000000001,25.700000000000003,0.03,-0.03
121162,398545,54.630402,-8.438572,0.,1,-99999,35.,-0.5,14.100000000000001,25.700000000000003,0.03,-0.03
121162,398551,54.630405,-8.43858,0.,1,-99999,35.,-0.5,14.100000000000001,25.700000000000003,0.03,-0.03
121162,398962,54.630383,-8.438698,0.,1,-99999,35.,-0.5,14.100000000000001,25.6,0.03,-0.03
121162,399505,54.630368,-8.438642,0.,1,-99999,35.,-0.5,14.100000000000001,25.700000000000003,0.03,-0.03
121162,399870,54.630395,-8.438662,0.,1,-99999,35.,-0.51,14.100000000000001,25.700000000000003,0.03,-0.03
121162,400426,54.630405,-8.438623,0.,1,-99999,35.,-0.51,14.100000000000001,25.700000000000003,0.03,-0.03
121162,400724,54.630377,-8.438642,0.,1,-99999,35.,-0.51,14.100000000000001,25.700000000000003,0.03,-0.03
121162,400780,54.630462,-8.43869,0.1,1,-99999,35.,-0.51,14.100000000000001,25.6,0.03,-0.03
121162,401391,54.630387,-8.438623,0.,1,-99999,35.,-0.51,14.100000000000001,25.700000000000003,0.03,-0.03
121162,401681,54.63041,-8.438528,0.1,1,-99999,35.,-0.51,14.100000000000001,25.700000000000003,0.03,-0.03
121162,402331,54.63042,-8.438642,0.,1,-99999,35.,-0.51,14.100000000000001,25.700000000000003,0.03,-0.03
121162,402893,54.630382,-8.438647,0.1,1,-99999,35.,-0.51,14.100000000000001,25.700000000000003,0.03,-0.03
121162,402975,54.6304,-8.438635,0.,1,-99999,35.,-0.51,14.100000000000001,25.700000000000003,0.03,-0.03
121162,403332,54.630315,-8.438588,0.1,1,-99999,35.,-0.51,14.100000000000001,25.700000000000003,0.03,-0.03
121162,404091,54.630435,-8.438642,0.,1,-99999,35.,-0.51,14.100000000000001,25.700000000000003,0.03,-0.03
121162,404299,54.630723,-8.438618,0.1,1,-99999,35.,-0.51,14.100000000000001,25.700000000000003,0.03,-0.03
121162,404446,54.630722,-8.438575,0.,1,-99999,35.,-0.51,14.100000000000001,25.700000000000003,0.03,-0.03
121162,405251,54.630423,-8.438563,0.,1,-99999,35.,-0.51,14.100000000000001,25.700000000000003,0.03,-0.03
121162,405301,54.630432,-8.438623,0.,1,-99999,35.,-0.51,14.100000000000001,25.700000000000003,0.03,-0.03
121162,405946,54.63044,-8.43868,0.,1,-99999,35.,-0.51,14.100000000000001,25.6,0.03,-0.03
121162,406211,54.630418,-8.438655,0.,1,-99999,35.,-0.51,14.100000000000001,25.700000000000003,0.03,-0.03
121162,407121,54.630425,-8.438595,0.,1,-99999,35.,-0.51,14.100000000000001,25.700000000000003,0.03,-0.03
121162,407182,54.630397,-8.438603,0.,1,-99999,35.,-0.51,14.100000000000001,25.700000000000003,0.03,-0.03
121162,408121,54.630442,-8.438573,0.,1,-99999,35.,-0.51,14.100000000000001,25.700000000000003,0.03,-0.03
121162,408157,54.630435,-8.438587,0.,1,-99999,35.,-0.51,14.100000000000001,25.700000000000003,0.03,-0.03
121162,408321,54.63044,-8.438598,0.,1,-99999,35.,-0.51,14.100000000000001,25.700000000000003,0.03,-0.03
121162,409071,54.630397,-8.438607,0.,1,-99999,35.,-0.51,14.100000000000001,25.700000000000003,0.03,-0.03
121162,409230,54.630392,-8.43864,0.,1,-99999,35.,-0.51,14.100000000000001,25.700000000000003,0.03,-0.03
121162,409981,54.630457,-8.438603,0.,1,-99999,35.,-0.51,14.100000000000001,25.700000000000003,0.03,-0.03
121162,410132,54.63042,-8.438635,0.,1,-99999,35.,-0.51,14.100000000000001,25.700000000000003,0.03,-0.03
121162,410403,54.63042,-8.438637,0.,1,-99999,35.,-0.51,14.100000000000001,25.700000000000003,0.03,-0.03
121162,410912,54.630402,-8.438598,0.,1,-99999,35.,-0.51,14.100000000000001,25.700000000000003,0.03,-0.03
121162,411041,54.630398,-8.43859,0.,1,-99999,35.,-0.51,14.100000000000001,25.700000000000003,0.03,-0.03
121162,411851,54.63042,-8.438593,0.1,1,-99999,35.,-0.51,14.100000000000001,25.700000000000003,0.03,-0.03
121162,411873,54.630427,-8.438612,0.,1,-99999,35.,-0.51,14.100000000000001,25.700000000000003,0.03,-0.03
121162,412241,54.630373,-8.43872,0.,1,-99999,35.,-0.51,14.100000000000001,25.6,0.03,-0.03
121162,412823,54.630402,-8.438648,0.,1,-99999,35.,-0.51,14.100000000000001,25.700000000000003,0.03,-0.03
121162,413151,54.630387,-8.438545,0.,1,-99999,35.,-0.51,14.100000000000001,25.700000000000003,0.03,-0.03
121162,413375,54.630397,-8.43855,0.,1,-99999,35.,-0.51,14.100000000000001,25.700000000000003,0.03,-0.03
121162,413771,54.630422,-8.438625,0.1,1,-99999,35.,-0.51,14.100000000000001,25.700000000000003,0.03,-0.03
121162,414082,54.630357,-8.438625,0.,1,-99999,35.,-0.51,14.100000000000001,25.700000000000003,0.03,-0.03
121162,414753,54.630477,-8.43863,0.,1,-99999,35.,-0.51,14.100000000000001,25.700000000000003,0.03,-0.03
121162,414886,54.630332,-8.43859,0.,1,-99999,35.,-0.51,14.100000000000001,25.700000000000003,0.03,-0.03
121162,414992,54.630235,-8.438683,0.,1,-99999,35.,-0.51,14.100000000000001,25.6,0.03,-0.03
121162,415711,54.630585,-8.438738,0.1,1,-99999,35.,-0.51,14.100000000000001,25.6,0.03,-0.03
121162,415901,54.630607,-8.438857,0.1,1,-99999,35.,-0.51,14.100000000000001,25.6,0.03,-0.03
121162,416364,54.630545,-8.43872,0.,1,-99999,35.,-0.51,14.100000000000001,25.6,0.03,-0.03
121162,416651,54.63054,-8.438615,0.,1,-99999,35.,-0.51,14.100000000000001,25.700000000000003,0.03,-0.03
121162,417101,54.63041,-8.438623,0.,1,-99999,35.,-0.51,14.100000000000001,25.700000000000003,0.03,-0.03
121162,417626,54.630358,-8.438552,0.,1,-99999,35.,-0.51,14.100000000000001,25.700000000000003,0.03,-0.03
121162,417824,54.63038,-8.438632,0.,1,-99999,35.,-0.51,14.100000000000001,25.700000000000003,0.03,-0.03
121162,418010,54.630472,-8.438615,0.,1,-99999,35.,-0.51,14.100000000000001,25.700000000000003,0.03,-0.03
121162,418573,54.630387,-8.438642,0.,1,-99999,35.,-0.51,14.100000000000001,25.700000000000003,0.03,-0.03
121162,418911,54.630462,-8.438642,0.1,1,-99999,35.,-0.51,14.100000000000001,25.700000000000003,0.03,-0.03
121162,419332,54.630495,-8.438712,0.,1,-99999,35.,-0.51,14.100000000000001,25.6,0.03,-0.03
121162,419540,54.63042,-8.438697,0.1,1,-99999,35.,-0.51,14.100000000000001,25.6,0.03,-0.03
121162,419820,54.63048,-8.438737,0.1,1,-99999,35.,-0.51,14.100000000000001,25.6,0.03,-0.03
121162,420480,54.630525,-8.438738,0.,1,-99999,35.,-0.51,14.100000000000001,25.6,0.03,-0.03
121162,421022,54.630373,-8.438612,0.,1,-99999,35.,-0.51,14.100000000000001,25.700000000000003,0.03,-0.03
121162,421443,54.630398,-8.438618,0.,1,-99999,35.,-0.51,14.100000000000001,25.700000000000003,0.03,-0.03
121162,421933,54.630473,-8.438692,0.,1,-99999,35.,-0.51,14.100000000000001,25.6,0.03,-0.03
121162,422391,54.630398,-8.43864,0.1,1,-99999,35.,-0.51,14.100000000000001,25.700000000000003,0.03,-0.03
121162,422842,54.630447,-8.438597,0.,1,-99999,35.,-0.51,14.100000000000001,25.700000000000003,0.03,-0.03
121162,423342,54.630447,-8.438685,0.1,1,-99999,35.,-0.51,14.100000000000001,25.6,0.03,-0.03
121162,423750,54.630422,-8.438568,0.,1,-99999,35.,-0.51,14.100000000000001,25.700000000000003,0.03,-0.03
121162,423842,54.630467,-8.438665,0.,1,-99999,35.,-0.51,14.100000000000001,25.700000000000003,0.03,-0.03
121162,424302,54.63039,-8.438632,0.1,1,-99999,35.,-0.51,14.100000000000001,25.700000000000003,0.03,-0.03
121162,424661,54.630483,-8.438658,0.,1,-99999,35.,-0.51,14.100000000000001,25.700000000000003,0.03,-0.03
121162,425213,54.630402,-8.438683,0.,1,-99999,35.,-0.51,14.100000000000001,25.6,0.03,-0.03
121162,425306,54.630432,-8.438612,0.,1,-99999,35.,-0.51,14.100000000000001,25.700000000000003,0.03,-0.03
121162,425562,54.63044,-8.43862,0.,1,-99999,35.,-0.51,14.100000000000001,25.700000000000003,0.03,-0.03
121162,426161,54.630452,-8.438658,0.1,1,-99999,35.,-0.51,14.100000000000001,25.700000000000003,0.03,-0.03
121162,426482,54.63051,-8.438678,0.,1,-99999,35.,-0.51,14.100000000000001,25.6,0.03,-0.03
121162,427129,54.630552,-8.438712,0.,1,-99999,35.,-0.51,14.100000000000001,25.6,0.03,-0.03
121162,427390,54.630528,-8.4387,0.,1,-99999,35.,-0.51,14.100000000000001,25.6,0.03,-0.03
121162,427491,54.630457,-8.438655,0.,1,-99999,35.,-0.51,14.100000000000001,25.700000000000003,0.03,-0.03
121162,428071,54.630375,-8.438565,0.1,1,-99999,35.,-0.51,14.100000000000001,25.700000000000003,0.03,-0.03
121162,428301,54.63044,-8.438587,0.,1,-99999,35.,-0.51,14.100000000000001,25.700000000000003,0.03,-0.03
121162,429023,54.630432,-8.438622,0.,1,-99999,35.,-0.51,14.100000000000001,25.700000000000003,0.03,-0.03
121162,429211,54.630647,-8.438792,0.1,1,-99999,35.,-0.51,14.100000000000001,25.6,0.03,-0.03
121162,429681,54.630307,-8.438527,0.,1,-99999,35.,-0.51,14.100000000000001,25.700000000000003,0.03,-0.03
121162,429971,54.630562,-8.438743,0.,1,-99999,35.,-0.51,14.100000000000001,25.6,0.03,-0.03
121162,430130,54.630425,-8.438648,0.,1,-99999,35.,-0.51,14.100000000000001,25.700000000000003,0.03,-0.03
121162,430809,54.630368,-8.43856,0.,1,-99999,35.,-0.51,14.100000000000001,25.700000000000003,0.03,-0.03
121162,430913,54.630375,-8.438578,0.,1,-99999,35.,-0.51,14.100000000000001,25.700000000000003,0.03,-0.03
121162,431051,54.63038,-8.438593,0.,1,-99999,35.,-0.51,14.100000000000001,25.700000000000003,0.03,-0.03
121162,431142,54.630412,-8.438672,0.,1,-99999,35.,-0.51,14.100000000000001,25.6,0.03,-0.03
121162,431861,54.630402,-8.438527,0.1,1,-99999,35.,-0.51,14.100000000000001,25.700000000000003,0.03,-0.03
121162,431961,54.630433,-8.438582,0.,1,-99999,35.,-0.51,14.100000000000001,25.700000000000003,0.03,-0.03
121162,432644,54.630457,-8.438545,0.,1,-99999,35.,-0.51,14.100000000000001,25.700000000000003,0.03,-0.03
121162,432851,54.630458,-8.438737,0.,1,-99999,35.,-0.51,14.100000000000001,25.6,0.03,-0.03
121162,432870,54.630443,-8.43874,0.1,1,-99999,35.,-0.51,14.100000000000001,25.6,0.03,-0.03
121162,433780,54.630413,-8.43858,0.1,1,-99999,35.,-0.51,14.100000000000001,25.700000000000003,0.03,-0.03
121162,433810,54.63041,-8.438602,0.,1,-99999,35.,-0.51,14.100000000000001,25.700000000000003,0.03,-0.03
121162,434154,54.63035,-8.438665,0.,1,-99999,35.,-0.51,14.100000000000001,25.700000000000003,0.03,-0.03
121162,434681,54.63044,-8.438595,0.,1,-99999,35.,-0.51,14.100000000000001,25.700000000000003,0.03,-0.03
121162,434754,54.630342,-8.43852,0.,1,-99999,35.,-0.51,14.100000000000001,25.700000000000003,0.03,-0.03
121162,435591,54.630477,-8.43867,0.,1,-99999,35.,-0.51,14.100000000000001,25.6,0.03,-0.04
121162,435661,54.630502,-8.438697,0.,1,-99999,35.,-0.51,14.100000000000001,25.6,0.03,-0.04
121162,435727,54.630465,-8.438702,0.,1,-99999,35.,-0.51,14.100000000000001,25.6,0.03,-0.04
121162,436500,54.630422,-8.438652,0.,1,-99999,35.,-0.51,14.100000000000001,25.700000000000003,0.03,-0.04
121162,436681,54.630463,-8.43886,0.1,1,-99999,35.,-0.51,14.100000000000001,25.6,0.03,-0.04
121162,437174,54.63047,-8.438677,0.,1,-99999,35.,-0.51,14.100000000000001,25.6,0.03,-0.04
121162,437412,54.630452,-8.438602,0.,1,-99999,35.,-0.51,14.100000000000001,25.700000000000003,0.03,-0.04
121162,437621,54.630437,-8.438678,0.,1,-99999,35.,-0.51,14.100000000000001,25.6,0.03,-0.04
121162,438321,54.630423,-8.438615,0.,1,-99999,35.,-0.51,14.100000000000001,25.700000000000003,0.03,-0.04
121162,438582,54.630392,-8.438642,0.,1,-99999,35.,-0.51,14.100000000000001,25.700000000000003,0.03,-0.04
121162,438624,54.630417,-8.438687,0.,1,-99999,35.,-0.51,14.100000000000001,25.6,0.03,-0.04
121162,439223,54.630433,-8.438658,0.,1,-99999,35.,-0.51,14.100000000000001,25.700000000000003,0.03,-0.04
121162,439533,54.630405,-8.438612,0.,1,-99999,35.,-0.51,14.100000000000001,25.700000000000003,0.03,-0.04
121162,440140,54.630427,-8.438702,0.1,1,-99999,35.,-0.51,14.100000000000001,25.6,0.03,-0.04
121162,440472,54.63042,-8.438632,0.,1,-99999,35.,-0.51,14.100000000000001,25.700000000000003,0.03,-0.04
121162,441041,54.63044,-8.438647,0.,1,-99999,35.,-0.51,14.100000000000001,25.700000000000003,0.03,-0.04
121162,441433,54.63041,-8.438598,0.,1,-99999,35.,-0.51,14.100000000000001,25.700000000000003,0.03,-0.04
121162,441531,54.630447,-8.438625,0.,1,-99999,35.,-0.51,14.100000000000001,25.700000000000003,0.03,-0.04
121162,441950,54.630417,-8.438607,0.,1,-99999,35.,-0.51,14.100000000000001,25.700000000000003,0.03,-0.04
121162,442381,54.63041,-8.43861,0.,1,-99999,35.,-0.51,14.100000000000001,25.700000000000003,0.03,-0.04
121162,442861,54.630402,-8.438623,0.,1,-99999,35.,-0.51,14.100000000000001,25.700000000000003,0.03,-0.04
121162,443332,54.630408,-8.43864,0.,1,-99999,35.,-0.51,14.100000000000001,25.700000000000003,0.03,-0.04
121162,443770,54.63041,-8.438635,0.1,1,-99999,35.,-0.51,14.100000000000001,25.700000000000003,0.03,-0.04
121162,443773,54.63041,-8.438635,0.,1,-99999,35.,-0.51,14.100000000000001,25.700000000000003,0.03,-0.04
121162,444272,54.630362,-8.438617,0.1,1,-99999,35.,-0.51,14.100000000000001,25.700000000000003,0.03,-0.04
121162,444671,54.63045,-8.43862,0.,1,-99999,35.,-0.51,14.100000000000001,25.700000000000003,0.03,-0.04
121162,445230,54.630392,-8.438527,0.,1,-99999,35.,-0.51,14.100000000000001,25.700000000000003,0.03,-0.04
121162,445581,54.63049,-8.438677,0.,1,-99999,35.,-0.51,14.100000000000001,25.6,0.03,-0.04
121162,445963,54.630537,-8.438737,0.,1,-99999,35.,-0.51,14.100000000000001,25.6,0.03,-0.04
121162,446190,54.630503,-8.438773,0.1,1,-99999,35.,-0.51,14.100000000000001,25.6,0.03,-0.04
121162,446500,54.630518,-8.438942,0.,1,-99999,35.,-0.51,14.100000000000001,25.6,0.03,-0.04
121162,447142,54.63063,-8.438825,0.,1,-99999,35.,-0.51,14.100000000000001,25.6,0.03,-0.04
121162,447412,54.630633,-8.438613,0.1,1,-99999,35.,-0.51,14.100000000000001,25.700000000000003,0.03,-0.04
121162,447483,54.630567,-8.438617,0.,1,-99999,35.,-0.51,14.100000000000001,25.700000000000003,0.03,-0.04
121162,448080,54.630335,-8.438643,0.,1,-99999,35.,-0.52,14.100000000000001,25.700000000000003,0.03,-0.04
121162,448330,54.630433,-8.438575,0.,1,-99999,35.,-0.52,14.100000000000001,25.700000000000003,0.03,-0.04
121162,448933,54.630422,-8.438602,0.,1,-99999,35.,-0.52,14.100000000000001,25.700000000000003,0.03,-0.04
121162,448998,54.630425,-8.438603,0.,1,-99999,35.,-0.52,14.100000000000001,25.700000000000003,0.03,-0.04
121162,449232,54.630435,-8.438647,0.,1,-99999,35.,-0.52,14.100000000000001,25.700000000000003,0.03,-0.04
121162,449982,54.630357,-8.438588,0.,1,-99999,35.,-0.52,14.100000000000001,25.700000000000003,0.03,-0.04
121162,450143,54.630357,-8.438658,0.,1,-99999,35.,-0.52,14.100000000000001,25.700000000000003,0.03,-0.04
121162,450444,54.630387,-8.438597,0.,1,-99999,35.,-0.52,14.100000000000001,25.700000000000003,0.03,-0.04
121162,450932,54.630423,-8.43862,0.,1,-99999,35.,-0.52,14.100000000000001,25.700000000000003,0.03,-0.04
121162,451351,54.6304,-8.438637,0.1,1,-99999,35.,-0.52,14.100000000000001,25.700000000000003,0.03,-0.04
121162,451872,54.630417,-8.438653,0.1,1,-99999,35.,-0.52,14.100000000000001,25.700000000000003,0.03,-0.04
121162,451894,54.63042,-8.438647,0.,1,-99999,35.,-0.52,14.100000000000001,25.700000000000003,0.03,-0.04
121162,452252,54.630368,-8.438582,0.,1,-99999,35.,-0.52,14.100000000000001,25.700000000000003,0.03,-0.04
121162,452822,54.630405,-8.438662,0.,1,-99999,35.,-0.52,14.100000000000001,25.700000000000003,0.03,-0.04
121162,453171,54.630347,-8.438628,0.,1,-99999,35.,-0.52,14.100000000000001,25.700000000000003,0.03,-0.04
121162,453791,54.630443,-8.43869,0.,1,-99999,35.,-0.52,14.100000000000001,25.6,0.03,-0.04
121162,454081,54.630373,-8.438595,0.,1,-99999,35.,-0.52,14.100000000000001,25.700000000000003,0.03,-0.04
121162,454083,54.630372,-8.438595,0.,1,-99999,35.,-0.52,14.100000000000001,25.700000000000003,0.03,-0.04
121162,454762,54.6305,-8.439245,0.,1,-99999,35.,-0.52,14.100000000000001,25.6,0.03,-0.04
121162,455001,54.630412,-8.438605,0.,1,-99999,35.,-0.52,14.100000000000001,25.700000000000003,0.03,-0.04
121162,455712,54.63041,-8.43865,0.,1,-99999,35.,-0.52,14.100000000000001,25.700000000000003,0.03,-0.04
121162,456201,54.630378,-8.438563,0.,1,-99999,35.,-0.52,14.100000000000001,25.700000000000003,0.03,-0.04
121162,456324,54.630367,-8.438587,0.,1,-99999,35.,-0.52,14.100000000000001,25.700000000000003,0.03,-0.04
121162,456671,54.630383,-8.438623,0.1,1,-99999,35.,-0.52,14.100000000000001,25.700000000000003,0.03,-0.04
121162,457111,54.63043,-8.438645,0.,1,-99999,35.,-0.52,14.100000000000001,25.700000000000003,0.03,-0.04
121162,457620,54.630418,-8.438605,0.,1,-99999,35.,-0.52,14.100000000000001,25.700000000000003,0.03,-0.04
121162,457774,54.6304,-8.438647,0.,1,-99999,35.,-0.52,14.100000000000001,25.700000000000003,0.03,-0.04
121162,458012,54.630373,-8.438617,0.1,1,-99999,35.,-0.52,14.100000000000001,25.700000000000003,0.03,-0.04
121162,458594,54.63038,-8.438565,0.1,1,-99999,35.,-0.52,14.100000000000001,25.700000000000003,0.03,-0.04
121162,458932,54.630403,-8.438632,0.,1,-99999,35.,-0.52,14.100000000000001,25.700000000000003,0.03,-0.04
121162,459244,54.630402,-8.438635,0.,1,-99999,35.,-0.52,14.100000000000001,25.700000000000003,0.03,-0.04
121162,459552,54.63041,-8.438537,0.,1,-99999,35.,-0.52,14.100000000000001,25.700000000000003,0.03,-0.04
121162,459849,54.630435,-8.438693,0.,1,-99999,35.,-0.52,14.100000000000001,25.6,0.03,-0.04
121162,460491,54.630763,-8.438918,0.1,1,-99999,35.,-0.52,14.100000000000001,25.6,0.03,-0.04
121162,460694,54.630432,-8.438732,0.,1,-99999,35.,-0.52,14.100000000000001,25.6,0.03,-0.04
121162,460751,54.63048,-8.438743,0.,1,-99999,35.,-0.52,14.100000000000001,25.6,0.03,-0.04
121162,461435,54.63043,-8.43869,0.,1,-99999,35.,-0.52,14.100000000000001,25.6,0.03,-0.04
121162,461677,54.630387,-8.438605,0.,1,-99999,35.,-0.52,14.100000000000001,25.700000000000003,0.03,-0.04
121162,462165,54.630392,-8.438595,0.,1,-99999,35.,-0.52,14.100000000000001,25.700000000000003,0.03,-0.04
121162,462402,54.630373,-8.43864,0.1,1,-99999,35.,-0.52,14.100000000000001,25.700000000000003,0.03,-0.04
121162,462871,54.630433,-8.438552,0.,1,-99999,35.,-0.52,14.100000000000001,25.700000000000003,0.03,-0.04
121162,463341,54.630373,-8.438562,0.,1,-99999,35.,-0.52,14.100000000000001,25.700000000000003,0.03,-0.04
121162,463622,54.630397,-8.438625,0.,1,-99999,35.,-0.52,14.100000000000001,25.700000000000003,0.03,-0.04
121162,463781,54.63038,-8.438602,0.1,1,-99999,35.,-0.52,14.100000000000001,25.700000000000003,0.03,-0.04
121162,464271,54.630412,-8.438625,0.,1,-99999,35.,-0.52,14.100000000000001,25.700000000000003,0.03,-0.04
121162,464980,54.630398,-8.438612,0.,1,-99999,35.,-0.52,14.100000000000001,25.700000000000003,0.03,-0.04
121162,465151,54.630427,-8.438637,0.,1,-99999,35.,-0.52,14.100000000000001,25.700000000000003,0.03,-0.04
121162,465210,54.630458,-8.438678,0.,1,-99999,35.,-0.52,14.100000000000001,25.6,0.03,-0.04
121162,465891,54.630452,-8.438572,0.,1,-99999,35.,-0.52,14.100000000000001,25.700000000000003,0.03,-0.04
121162,466172,54.630425,-8.438628,0.1,1,-99999,35.,-0.52,14.100000000000001,25.700000000000003,0.03,-0.04
121162,466655,54.630472,-8.438652,0.,1,-99999,35.,-0.52,14.100000000000001,25.700000000000003,0.03,-0.04
121162,466792,54.630432,-8.438653,0.1,1,-99999,35.,-0.52,14.100000000000001,25.700000000000003,0.03,-0.04
121162,467131,54.630428,-8.438602,0.1,1,-99999,35.,-0.52,14.100000000000001,25.700000000000003,0.03,-0.04
121162,467994,54.630423,-8.438653,0.,1,-99999,35.,-0.52,14.100000000000001,25.700000000000003,0.03,-0.04
121162,468060,54.630448,-8.438692,0.,1,-99999,35.,-0.52,14.100000000000001,25.6,0.03,-0.04
121162,468116,54.630415,-8.438687,0.,1,-99999,35.,-0.52,14.100000000000001,25.6,0.03,-0.04
121162,469052,54.630417,-8.43866,0.1,1,-99999,35.,-0.52,14.100000000000001,25.700000000000003,0.03,-0.04
121162,469191,54.630385,-8.438628,0.,1,-99999,35.,-0.52,14.100000000000001,25.700000000000003,0.03,-0.04
121162,469573,54.630395,-8.438622,0.,1,-99999,35.,-0.52,14.100000000000001,25.700000000000003,0.03,-0.04
121162,469991,54.630413,-8.438632,0.,1,-99999,35.,-0.52,14.100000000000001,25.700000000000003,0.03,-0.04
121162,470100,54.63044,-8.43878,0.1,1,-99999,35.,-0.52,14.100000000000001,25.6,0.03,-0.04
121162,470930,54.630423,-8.438578,0.,1,-99999,35.,-0.52,14.100000000000001,25.700000000000003,0.03,-0.04
121162,471013,54.630395,-8.438582,0.,1,-99999,35.,-0.52,14.100000000000001,25.700000000000003,0.03,-0.04
121162,471063,54.630427,-8.438592,0.,1,-99999,35.,-0.52,14.100000000000001,25.700000000000003,0.03,-0.04
121162,471879,54.630443,-8.438612,0.,1,-99999,35.,-0.52,14.100000000000001,25.700000000000003,0.03,-0.04
121162,472221,54.63044,-8.438602,0.,1,-99999,35.,-0.52,14.100000000000001,25.700000000000003,0.04,-0.04
121162,472527,54.630422,-8.438577,0.,1,-99999,35.,-0.52,14.100000000000001,25.700000000000003,0.04,-0.04
121162,472840,54.63042,-8.438568,0.1,1,-99999,35.,-0.52,14.100000000000001,25.700000000000003,0.04,-0.04
121162,473130,54.63043,-8.438568,0.,1,-99999,35.,-0.52,14.100000000000001,25.700000000000003,0.04,-0.04
121162,473792,54.630398,-8.438562,0.1,1,-99999,35.,-0.52,14.100000000000001,25.700000000000003,0.04,-0.04
121162,473982,54.630465,-8.438632,0.,1,-99999,35.,-0.52,14.100000000000001,25.700000000000003,0.04,-0.04
121162,474041,54.63044,-8.438602,0.,1,-99999,35.,-0.52,14.100000000000001,25.700000000000003,0.04,-0.04
121162,474705,54.63048,-8.438683,0.,1,-99999,35.,-0.52,14.100000000000001,25.6,0.04,-0.04
121162,475251,54.63039,-8.438575,0.,1,-99999,35.,-0.52,14.100000000000001,25.700000000000003,0.04,-0.04
121162,475445,54.630357,-8.43859,0.,1,-99999,35.,-0.52,14.100000000000001,25.700000000000003,0.04,-0.04
121162,475700,54.63047,-8.43864,0.1,1,-99999,35.,-0.52,14.100000000000001,25.700000000000003,0.04,-0.04
121162,476461,54.630433,-8.438628,0.,1,-99999,35.,-0.52,14.100000000000001,25.700000000000003,0.04,-0.04
121162,476680,54.630428,-8.438653,0.,1,-99999,35.,-0.52,14.100000000000001,25.700000000000003,0.04,-0.04
121162,477380,54.630435,-8.438658,0.,1,-99999,35.,-0.52,14.100000000000001,25.700000000000003,0.04,-0.04
121162,477631,54.630417,-8.438577,0.,1,-99999,35.,-0.52,14.100000000000001,25.700000000000003,0.04,-0.04
121162,477633,54.630417,-8.438577,0.,1,-99999,35.,-0.52,14.100000000000001,25.700000000000003,0.04,-0.04
121162,478291,54.630398,-8.438587,0.,1,-99999,35.,-0.52,14.100000000000001,25.700000000000003,0.04,-0.04
121162,478590,54.630428,-8.43862,0.,1,-99999,35.,-0.52,14.100000000000001,25.700000000000003,0.04,-0.04
121162,479093,54.630402,-8.438645,0.,1,-99999,35.,-0.52,14.100000000000001,25.700000000000003,0.04,-0.04
121162,479202,54.630405,-8.43858,0.,1,-99999,35.,-0.52,14.100000000000001,25.700000000000003,0.04,-0.04
121162,479540,54.63035,-8.438535,0.,1,-99999,35.,-0.52,14.100000000000001,25.700000000000003,0.04,-0.04
121162,480112,54.63044,-8.43863,0.,1,-99999,35.,-0.52,14.100000000000001,25.700000000000003,0.04,-0.04
121162,480501,54.63039,-8.438587,0.1,1,-99999,35.,-0.52,14.100000000000001,25.700000000000003,0.04,-0.04
121162,481021,54.63044,-8.438522,0.1,1,-99999,35.,-0.52,14.100000000000001,25.700000000000003,0.04,-0.04
121162,481324,54.630435,-8.438532,0.,1,-99999,35.,-0.52,14.100000000000001,25.700000000000003,0.04,-0.04
121162,481461,54.630412,-8.438635,0.,1,-99999,35.,-0.52,14.100000000000001,25.700000000000003,0.04,-0.04
121162,481930,54.630417,-8.438623,0.,1,-99999,35.,-0.52,14.100000000000001,25.700000000000003,0.04,-0.04
121162,482391,54.630422,-8.438622,0.,1,-99999,35.,-0.52,14.100000000000001,25.700000000000003,0.04,-0.04
121162,482793,54.630475,-8.438742,0.,1,-99999,35.,-0.52,14.100000000000001,25.6,0.04,-0.04
121162,482851,54.630422,-8.438647,0.1,1,-99999,35.,-0.52,14.100000000000001,25.700000000000003,0.04,-0.04
121162,483352,54.63044,-8.438625,0.,1,-99999,35.,-0.52,14.100000000000001,25.700000000000003,0.04,-0.04
121162,484051,54.630407,-8.438593,0.,1,-99999,35.,-0.52,14.100000000000001,25.700000000000003,0.04,-0.04
121162,484290,54.630372,-8.43852,0.,1,-99999,35.,-0.52,14.100000000000001,25.700000000000003,0.04,-0.04
121162,484302,54.630372,-8.43852,0.,1,-99999,35.,-0.52,14.100000000000001,25.700000000000003,0.04,-0.04
121162,484960,54.630403,-8.43862,0.1,1,-99999,35.,-0.52,14.100000000000001,25.700000000000003,0.04,-0.04
121162,485220,54.630363,-8.438573,0.,1,-99999,35.,-0.52,14.100000000000001,25.700000000000003,0.04,-0.04
121162,485753,54.630427,-8.438712,0.,1,-99999,35.,-0.52,14.100000000000001,25.6,0.04,-0.04
121162,485870,54.630428,-8.438628,0.1,1,-99999,35.,-0.52,14.100000000000001,25.700000000000003,0.04,-0.04
121162,486170,54.630387,-8.438558,0.,1,-99999,35.,-0.52,14.100000000000001,25.700000000000003,0.04,-0.04
121162,486772,54.630405,-8.43863,0.,1,-99999,35.,-0.52,14.100000000000001,25.700000000000003,0.04,-0.04
121162,487121,54.6305,-8.43871,0.,1,-99999,35.,-0.52,14.100000000000001,25.6,0.04,-0.04
121162,487255,54.630382,-8.43861,0.,1,-99999,35.,-0.52,14.100000000000001,25.700000000000003,0.04,-0.04
121162,487978,54.630462,-8.438642,0.,1,-99999,35.,-0.52,14.100000000000001,25.700000000000003,0.04,-0.04
121162,488083,54.63038,-8.438752,0.,1,-99999,35.,-0.52,14.100000000000001,25.6,0.04,-0.04
121162,488881,54.630412,-8.438618,0.,1,-99999,35.,-0.52,14.100000000000001,25.700000000000003,0.04,-0.04
121162,489030,54.630363,-8.438602,0.1,1,-99999,35.,-0.52,14.100000000000001,25.700000000000003,0.04,-0.04
121162,489444,54.630425,-8.438602,0.,1,-99999,35.,-0.52,14.100000000000001,25.700000000000003,0.04,-0.04
121162,489791,54.630655,-8.4386,0.1,1,-99999,35.,-0.52,14.100000000000001,25.700000000000003,0.04,-0.04
121162,489971,54.630505,-8.438508,0.1,1,-99999,35.,-0.52,14.100000000000001,25.700000000000003,0.04,-0.04
121162,490710,54.630485,-8.438525,0.,1,-99999,35.,-0.52,14.100000000000001,25.700000000000003,0.04,-0.04
121162,490924,54.630495,-8.438572,0.1,1,-99999,35.,-0.52,14.100000000000001,25.700000000000003,0.04,-0.04
121162,491611,54.630437,-8.43867,0.,1,-99999,35.,-0.52,14.100000000000001,25.6,0.04,-0.04
121162,491621,54.630427,-8.438652,0.,1,-99999,35.,-0.52,14.100000000000001,25.700000000000003,0.04,-0.04
121162,491912,54.630432,-8.438628,0.,1,-99999,35.,-0.52,14.100000000000001,25.700000000000003,0.04,-0.04
121162,492514,54.630447,-8.438702,0.,1,-99999,35.,-0.52,14.100000000000001,25.6,0.04,-0.04
121162,492875,54.630393,-8.438658,0.,1,-99999,35.,-0.52,14.100000000000001,25.700000000000003,0.04,-0.04
121162,493421,54.630417,-8.438623,0.,1,-99999,35.,-0.52,14.100000000000001,25.700000000000003,0.04,-0.04
121162,493833,54.630387,-8.438617,0.,1,-99999,35.,-0.52,14.100000000000001,25.700000000000003,0.04,-0.04
121162,494331,54.630447,-8.438632,0.,1,-99999,35.,-0.52,14.100000000000001,25.700000000000003,0.04,-0.04
121162,494554,54.63041,-8.438642,0.,1,-99999,35.,-0.52,14.100000000000001,25.700000000000003,0.04,-0.04
121162,494787,54.630432,-8.438647,0.,1,-99999,35.,-0.52,14.100000000000001,25.700000000000003,0.04,-0.04
121162,495240,54.63044,-8.438668,0.,1,-99999,35.,-0.52,14.100000000000001,25.6,0.04,-0.04
121162,495731,54.630405,-8.43862,0.,1,-99999,35.,-0.52,14.100000000000001,25.700000000000003,0.04,-0.04
121162,496063,54.63044,-8.438617,0.,1,-99999,35.,-0.52,14.100000000000001,25.700000000000003,0.04,-0.04
121162,496450,54.63041,-8.438647,0.1,1,-99999,35.,-0.53,14.100000000000001,25.700000000000003,0.04,-0.04
121162,496698,54.63038,-8.438597,0.,1,-99999,35.,-0.53,14.100000000000001,25.700000000000003,0.04,-0.04
121162,497351,54.630395,-8.438645,0.,1,-99999,35.,-0.53,14.100000000000001,25.700000000000003,0.04,-0.04
121162,497631,54.630393,-8.438632,0.,1,-99999,35.,-0.53,14.100000000000001,25.700000000000003,0.04,-0.04
121162,498255,54.630387,-8.438642,0.,1,-99999,35.,-0.53,14.100000000000001,25.700000000000003,0.04,-0.04
121162,498551,54.630427,-8.43863,0.1,1,-99999,35.,-0.53,14.100000000000001,25.700000000000003,0.04,-0.04
121162,498592,54.630417,-8.438642,0.1,1,-99999,35.,-0.53,14.100000000000001,25.700000000000003,0.04,-0.04
121162,499460,54.630357,-8.438565,0.,1,-99999,35.,-0.53,14.100000000000001,25.700000000000003,0.04,-0.04
121162,499522,54.630403,-8.438632,0.,1,-99999,35.,-0.53,14.100000000000001,25.700000000000003,0.04,-0.04
121162,500362,54.630458,-8.438618,0.,1,-99999,35.,-0.53,14.100000000000001,25.700000000000003,0.04,-0.04
121162,500471,54.63044,-8.43865,0.1,1,-99999,35.,-0.53,14.100000000000001,25.700000000000003,0.04,-0.04
121162,501165,54.63036,-8.438602,0.,1,-99999,35.,-0.53,14.100000000000001,25.700000000000003,0.04,-0.04
121162,501271,54.630405,-8.438557,0.,1,-99999,35.,-0.53,14.100000000000001,25.700000000000003,0.04,-0.04
121162,501441,54.630382,-8.438645,0.1,1,-99999,35.,-0.53,14.100000000000001,25.700000000000003,0.04,-0.04
121162,502182,54.630458,-8.438715,0.,1,-99999,35.,-0.53,14.100000000000001,25.6,0.04,-0.04
121162,502402,54.630397,-8.438602,0.,1,-99999,35.,-0.53,14.100000000000001,25.700000000000003,0.04,-0.04
121162,503091,54.630398,-8.43868,0.1,1,-99999,35.,-0.53,14.100000000000001,25.6,0.04,-0.04
121162,503361,54.630428,-8.43868,0.,1,-99999,35.,-0.53,14.100000000000001,25.6,0.04,-0.04
121162,504001,54.630462,-8.438725,0.1,1,-99999,35.,-0.53,14.100000000000001,25.6,0.04,-0.04
121162,504302,54.630388,-8.438645,0.1,1,-99999,35.,-0.53,14.100000000000001,25.700000000000003,0.04,-0.04
121162,504921,54.630428,-8.438683,0.1,1,-99999,35.,-0.53,14.100000000000001,25.6,0.04,-0.04
121162,505251,54.63053,-8.43869,0.1,1,-99999,35.,-0.53,14.100000000000001,25.6,0.04,-0.04
121162,506203,54.630422,-8.438615,0.,1,-99999,35.,-0.53,14.100000000000001,25.700000000000003,0.04,-0.04
121162,507041,54.630482,-8.438698,0.1,1,-99999,35.,-0.53,14.100000000000001,25.6,0.04,-0.04
121162,507105,54.63045,-8.438872,0.,1,-99999,35.,-0.53,14.100000000000001,25.6,0.04,-0.04
121162,507141,54.630415,-8.43878,0.,1,-99999,35.,-0.53,14.100000000000001,25.6,0.04,-0.04
121162,507950,54.630422,-8.438655,0.,1,-99999,35.,-0.53,14.100000000000001,25.700000000000003,0.04,-0.04
121162,508101,54.630433,-8.438642,0.,1,-99999,35.,-0.53,14.100000000000001,25.700000000000003,0.04,-0.04
121162,508554,54.630407,-8.438572,0.,1,-99999,35.,-0.53,14.100000000000001,25.700000000000003,0.04,-0.04
121162,509049,54.630465,-8.438612,0.,1,-99999,35.,-0.53,14.100000000000001,25.700000000000003,0.04,-0.04
121162,509761,54.630332,-8.438535,0.,1,-99999,35.,-0.53,14.100000000000001,25.700000000000003,0.04,-0.04
121162,509981,54.630468,-8.438685,0.,1,-99999,35.,-0.53,14.100000000000001,25.6,0.04,-0.04
121162,510751,54.630402,-8.438612,0.,1,-99999,35.,-0.53,14.100000000000001,25.700000000000003,0.04,-0.04
121162,510924,54.630465,-8.438683,0.,1,-99999,35.,-0.53,14.100000000000001,25.6,0.04,-0.04
121162,510961,54.630468,-8.438647,0.,1,-99999,35.,-0.53,14.100000000000001,25.700000000000003,0.04,-0.04
121162,511870,54.630428,-8.438668,0.1,1,-99999,35.,-0.53,14.100000000000001,25.6,0.04,-0.04
121162,512781,54.630425,-8.438612,0.,1,-99999,35.,-0.53,14.100000000000001,25.700000000000003,0.04,-0.04
121162,512811,54.630435,-8.438617,0.,1,-99999,35.,-0.53,14.100000000000001,25.700000000000003,0.04,-0.04
121162,513003,54.630437,-8.438687,0.,1,-99999,35.,-0.53,14.100000000000001,25.6,0.04,-0.04
121162,513691,54.63042,-8.438552,0.,1,-99999,35.,-0.53,14.100000000000001,25.700000000000003,0.04,-0.04
121162,513713,54.630417,-8.438563,0.,1,-99999,35.,-0.53,14.100000000000001,25.700000000000003,0.04,-0.04
121162,514465,54.63041,-8.438617,0.,1,-99999,35.,-0.53,14.100000000000001,25.700000000000003,0.04,-0.04
121162,514661,54.630512,-8.438695,0.,1,-99999,35.,-0.53,14.100000000000001,25.6,0.04,-0.04
121162,514892,54.630482,-8.438667,0.1,1,-99999,35.,-0.53,14.100000000000001,25.6,0.04,-0.04
121162,515628,54.630403,-8.43861,0.,1,-99999,35.,-0.53,14.100000000000001,25.700000000000003,0.04,-0.04
121162,515802,54.63035,-8.43865,0.,1,-99999,35.,-0.53,14.100000000000001,25.700000000000003,0.04,-0.04
121162,515937,54.630382,-8.438647,0.,1,-99999,35.,-0.53,14.100000000000001,25.700000000000003,0.04,-0.04
121162,516585,54.63038,-8.438563,0.,1,-99999,35.,-0.53,14.100000000000001,25.700000000000003,0.04,-0.04
121162,516710,54.630392,-8.43856,0.,1,-99999,35.,-0.53,14.100000000000001,25.700000000000003,0.04,-0.04
121162,517444,54.630367,-8.438545,0.,1,-99999,35.,-0.53,14.100000000000001,25.700000000000003,0.04,-0.04
121162,517500,54.630347,-8.438522,0.1,1,-99999,35.,-0.53,14.100000000000001,25.700000000000003,0.04,-0.04
121162,517620,54.630397,-8.438627,0.,1,-99999,35.,-0.53,14.100000000000001,25.700000000000003,0.04,-0.04
121162,518511,54.630407,-8.438612,0.1,1,-99999,35.,-0.53,14.100000000000001,25.700000000000003,0.04,-0.04
121162,518528,54.630407,-8.438612,0.1,1,-99999,35.,-0.53,14.100000000000001,25.700000000000003,0.04,-0.04
121162,519441,54.630403,-8.438557,0.1,1,-99999,35.,-0.53,14.100000000000001,25.700000000000003,0.04,-0.04
121162,519458,54.630405,-8.438593,0.1,1,-99999,35.,-0.53,14.100000000000001,25.700000000000003,0.04,-0.04
121162,520381,54.630402,-8.438573,0.1,1,-99999,35.,-0.53,14.100000000000001,25.700000000000003,0.04,-0.04
121162,520640,54.630395,-8.438563,0.,1,-99999,35.,-0.53,14.100000000000001,25.700000000000003,0.04,-0.04
121162,521360,54.630368,-8.438637,0.,1,-99999,35.,-0.53,14.100000000000001,25.700000000000003,0.04,-0.04
121162,521550,54.630428,-8.438557,0.,1,-99999,35.,-0.53,14.100000000000001,25.700000000000003,0.04,-0.04
121162,521857,54.630395,-8.438557,0.,1,-99999,35.,-0.53,14.100000000000001,25.700000000000003,0.04,-0.04
121162,522321,54.630393,-8.438647,0.,1,-99999,35.,-0.53,14.100000000000001,25.700000000000003,0.04,-0.04
121162,522452,54.630422,-8.438578,0.,1,-99999,35.,-0.53,14.100000000000001,25.700000000000003,0.04,-0.04
121162,523284,54.630447,-8.438623,0.1,1,-99999,35.,-0.53,14.100000000000001,25.700000000000003,0.04,-0.04
121162,523361,54.630413,-8.438633,0.,1,-99999,35.,-0.53,14.100000000000001,25.700000000000003,0.04,-0.04
121162,524064,54.63044,-8.438675,0.,1,-99999,35.,-0.53,14.100000000000001,25.6,0.04,-0.04
121162,524232,54.630463,-8.438707,0.,1,-99999,35.,-0.53,14.100000000000001,25.6,0.04,-0.04
121162,524272,54.63045,-8.438728,0.,1,-99999,35.,-0.53,14.100000000000001,25.6,0.04,-0.04
121162,525190,54.630412,-8.438628,0.,1,-99999,35.,-0.53,14.100000000000001,25.700000000000003,0.04,-0.04
121162,525472,54.630442,-8.438623,0.,1,-99999,35.,-0.53,14.100000000000001,25.700000000000003,0.04,-0.04
121162,525532,54.630442,-8.438642,0.,1,-99999,35.,-0.53,14.100000000000001,25.700000000000003,0.04,-0.04
121162,526140,54.630413,-8.438622,0.1,1,-99999,35.,-0.53,14.100000000000001,25.700000000000003,0.04,-0.04
121162,526382,54.630417,-8.438653,0.,1,-99999,35.,-0.53,14.100000000000001,25.700000000000003,0.04,-0.04
121162,527168,54.630418,-8.438627,0.,1,-99999,35.,-0.53,14.100000000000001,25.700000000000003,0.04,-0.04
121162,527290,54.630428,-8.438632,0.,1,-99999,35.,-0.53,14.100000000000001,25.700000000000003,0.04,-0.04
121162,527713,54.630412,-8.438622,0.,1,-99999,35.,-0.53,14.100000000000001,25.700000000000003,0.04,-0.04
121162,528093,54.630398,-8.4386,0.,1,-99999,35.,-0.53,14.100000000000001,25.700000000000003,0.04,-0.04
121162,528192,54.63039,-8.43861,0.,1,-99999,35.,-0.53,14.100000000000001,25.700000000000003,0.04,-0.04
121162,529073,54.630375,-8.438672,0.,1,-99999,35.,-0.53,14.100000000000001,25.6,0.04,-0.04
121162,529120,54.63035,-8.438642,0.,1,-99999,35.,-0.53,14.100000000000001,25.700000000000003,0.04,-0.04
121162,529914,54.630417,-8.438637,0.,1,-99999,35.,-0.53,14.100000000000001,25.700000000000003,0.04,-0.04
121162,530021,54.630417,-8.438623,0.,1,-99999,35.,-0.53,14.100000000000001,25.700000000000003,0.04,-0.04
121162,530931,54.630357,-8.438788,0.,1,-99999,35.,-0.53,14.100000000000001,25.6,0.04,-0.04
121162,530985,54.630428,-8.438748,0.1,1,-99999,35.,-0.53,14.100000000000001,25.6,0.04,-0.04
121162,531935,54.630435,-8.438643,0.,1,-99999,35.,-0.53,14.100000000000001,25.700000000000003,0.04,-0.04
121162,532114,54.630442,-8.438695,0.,1,-99999,35.,-0.53,14.100000000000001,25.6,0.04,-0.04
121162,532143,54.630425,-8.438687,0.1,1,-99999,35.,-0.53,14.100000000000001,25.6,0.04,-0.04
121162,532880,54.630433,-8.438665,0.,1,-99999,35.,-0.53,14.100000000000001,25.700000000000003,0.04,-0.04
121162,533051,54.630405,-8.438653,0.,1,-99999,35.,-0.53,14.100000000000001,25.700000000000003,0.04,-0.04
121162,533583,54.630507,-8.438662,0.,1,-99999,35.,-0.53,14.100000000000001,25.700000000000003,0.04,-0.04
121162,533841,54.63038,-8.438677,0.,1,-99999,35.,-0.53,14.100000000000001,25.6,0.04,-0.04
121162,533961,54.630395,-8.438625,0.,1,-99999,35.,-0.53,14.100000000000001,25.700000000000003,0.04,-0.04
121162,534832,54.630465,-8.438632,0.,1,-99999,35.,-0.53,14.100000000000001,25.700000000000003,0.04,-0.04
121162,534881,54.630452,-8.438593,0.1,1,-99999,35.,-0.53,14.100000000000001,25.700000000000003,0.04,-0.04
121162,535093,54.63041,-8.438595,0.,1,-99999,35.,-0.53,14.100000000000001,25.700000000000003,0.04,-0.04
121162,535757,54.630412,-8.438533,0.,1,-99999,35.,-0.53,14.100000000000001,25.700000000000003,0.04,-0.04
121162,536562,54.630405,-8.438625,0.,1,-99999,35.,-0.53,14.100000000000001,25.700000000000003,0.04,-0.04
121162,536713,54.630365,-8.438518,0.,1,-99999,35.,-0.53,14.100000000000001,25.700000000000003,0.04,-0.04
121162,536991,54.630437,-8.438572,0.1,1,-99999,35.,-0.53,14.100000000000001,25.700000000000003,0.04,-0.04
121162,537664,54.630405,-8.438718,0.1,1,-99999,35.,-0.53,14.100000000000001,25.6,0.04,-0.04
121162,537900,54.630443,-8.438645,0.1,1,-99999,35.,-0.53,14.100000000000001,25.700000000000003,0.04,-0.04
121162,538085,54.630402,-8.438612,0.,1,-99999,35.,-0.53,14.100000000000001,25.700000000000003,0.04,-0.04
121162,538602,54.630368,-8.438612,0.,1,-99999,35.,-0.53,14.100000000000001,25.700000000000003,0.04,-0.04
121162,538810,54.630338,-8.43858,0.,1,-99999,35.,-0.53,14.100000000000001,25.700000000000003,0.04,-0.04
121162,539553,54.630387,-8.438603,0.,1,-99999,35.,-0.53,14.100000000000001,25.700000000000003,0.04,-0.04
121162,539595,54.630372,-8.438582,0.,1,-99999,35.,-0.53,14.100000000000001,25.700000000000003,0.04,-0.04
121162,539711,54.630338,-8.438695,0.,1,-99999,35.,-0.53,14.100000000000001,25.6,0.04,-0.04
121162,540520,54.630668,-8.438837,0.1,1,-99999,35.,-0.53,14.100000000000001,25.6,0.04,-0.04
121162,540621,54.630303,-8.438557,0.,1,-99999,35.,-0.53,14.100000000000001,25.700000000000003,0.04,-0.04
121162,541062,54.630382,-8.43855,0.,1,-99999,35.,-0.53,14.100000000000001,25.700000000000003,0.04,-0.04
121162,541471,54.630373,-8.43859,0.1,1,-99999,35.,-0.53,14.100000000000001,25.700000000000003,0.04,-0.04
121162,541541,54.630427,-8.438663,0.1,1,-99999,35.,-0.53,14.100000000000001,25.700000000000003,0.04,-0.04
121162,542390,54.630368,-8.438588,0.,1,-99999,35.,-0.53,14.100000000000001,25.700000000000003,0.04,-0.04
121162,542461,54.63041,-8.43859,0.,1,-99999,35.,-0.53,14.100000000000001,25.700000000000003,0.04,-0.04
121162,542531,54.630402,-8.438612,0.,1,-99999,35.,-0.53,14.100000000000001,25.700000000000003,0.04,-0.04
121162,543362,54.63045,-8.438563,0.,1,-99999,35.,-0.53,14.100000000000001,25.700000000000003,0.04,-0.04
121162,543372,54.630447,-8.438565,0.,1,-99999,35.,-0.53,14.100000000000001,25.700000000000003,0.04,-0.04
121162,543982,54.630452,-8.438672,0.,1,-99999,35.,-0.53,14.100000000000001,25.6,0.04,-0.04
121162,544282,54.630413,-8.43878,0.1,1,-99999,35.,-0.53,14.100000000000001,25.6,0.04,-0.04
121162,544303,54.630405,-8.438753,0.,1,-99999,35.,-0.53,14.100000000000001,25.6,0.04,-0.04
121162,545265,54.630433,-8.438655,0.,1,-99999,35.,-0.54,14.100000000000001,25.700000000000003,0.04,-0.04
121162,545481,54.630442,-8.438595,0.,1,-99999,35.,-0.54,14.100000000000001,25.700000000000003,0.04,-0.04
121162,545482,54.630442,-8.438595,0.,1,-99999,35.,-0.54,14.100000000000001,25.700000000000003,0.04,-0.04
121162,546204,54.630442,-8.438607,0.1,1,-99999,35.,-0.54,14.100000000000001,25.700000000000003,0.04,-0.04
121162,546683,54.630552,-8.438678,0.,1,-99999,35.,-0.54,14.100000000000001,25.6,0.04,-0.04
121162,546936,54.630465,-8.438772,0.,1,-99999,35.,-0.54,14.100000000000001,25.6,0.04,-0.04
121162,547167,54.630458,-8.438702,0.,1,-99999,35.,-0.54,14.100000000000001,25.6,0.04,-0.04
121162,547609,54.630372,-8.438543,0.,1,-99999,35.,-0.54,14.100000000000001,25.700000000000003,0.04,-0.04
121162,548111,54.630343,-8.438683,0.1,1,-99999,35.,-0.54,14.100000000000001,25.6,0.04,-0.04
121162,548417,54.630395,-8.438622,0.,1,-99999,35.,-0.54,14.100000000000001,25.700000000000003,0.04,-0.04
121162,548511,54.630395,-8.438625,0.,1,-99999,35.,-0.54,14.100000000000001,25.700000000000003,0.04,-0.04
121162,549071,54.630413,-8.43865,0.,1,-99999,35.,-0.54,14.100000000000001,25.700000000000003,0.04,-0.04
121162,549421,54.630277,-8.438453,0.1,1,-99999,35.,-0.54,14.100000000000001,25.700000000000003,0.04,-0.04
121162,550024,54.630417,-8.438642,0.,1,-99999,35.,-0.54,14.100000000000001,25.700000000000003,0.04,-0.04
121162,550323,54.630398,-8.438665,0.,1,-99999,35.,-0.54,14.100000000000001,25.700000000000003,0.04,-0.04
121162,550992,54.630382,-8.438578,0.1,1,-99999,35.,-0.54,14.100000000000001,25.700000000000003,0.04,-0.04
121162,551232,54.630422,-8.438638,0.,1,-99999,35.,-0.54,14.100000000000001,25.700000000000003,0.04,-0.04
121162,551410,54.630417,-8.438622,0.,1,-99999,35.,-0.54,14.100000000000001,25.700000000000003,0.04,-0.04
121162,551932,54.630417,-8.438588,0.,1,-99999,35.,-0.54,14.100000000000001,25.700000000000003,0.04,-0.04
121162,552141,54.630477,-8.438563,0.,1,-99999,35.,-0.54,14.100000000000001,25.700000000000003,0.04,-0.04
121162,552890,54.630353,-8.438547,0.1,1,-99999,35.,-0.54,14.100000000000001,25.700000000000003,0.04,-0.04
121162,552912,54.630362,-8.438567,0.,1,-99999,35.,-0.54,14.100000000000001,25.700000000000003,0.04,-0.04
121162,553060,54.630422,-8.438652,0.1,1,-99999,35.,-0.54,14.100000000000001,25.700000000000003,0.04,-0.04
121162,553874,54.630402,-8.438613,0.,1,-99999,35.,-0.54,14.100000000000001,25.700000000000003,0.04,-0.04
121162,553971,54.630415,-8.438587,0.,1,-99999,35.,-0.54,14.100000000000001,25.700000000000003,0.04,-0.04
121162,554365,54.630405,-8.438662,0.,1,-99999,35.,-0.54,14.100000000000001,25.700000000000003,0.04,-0.04
121162,554842,54.63044,-8.438682,0.,1,-99999,35.,-0.54,14.100000000000001,25.6,0.04,-0.04
121162,554881,54.630455,-8.43867,0.,1,-99999,35.,-0.54,14.100000000000001,25.6,0.04,-0.04
121162,555782,54.630482,-8.438555,0.1,1,-99999,35.,-0.54,14.100000000000001,25.700000000000003,0.04,-0.04
121162,555801,54.630535,-8.438618,0.1,1,-99999,35.,-0.54,14.100000000000001,25.700000000000003,0.04,-0.04
121162,555873,54.630402,-8.438597,0.,1,-99999,35.,-0.54,14.100000000000001,25.700000000000003,0.04,-0.04
121162,556711,54.630432,-8.438603,0.,1,-99999,35.,-0.54,14.100000000000001,25.700000000000003,0.04,-0.04
121162,556764,54.630428,-8.438633,0.,1,-99999,35.,-0.54,14.100000000000001,25.700000000000003,0.04,-0.04
121162,557612,54.630392,-8.438488,0.,1,-99999,35.,-0.54,14.100000000000001,25.700000000000003,0.04,-0.04
121162,557667,54.630405,-8.438483,0.,1,-99999,35.,-0.54,14.100000000000001,25.700000000000003,0.04,-0.04
121162,558113,54.630452,-8.438685,0.,1,-99999,35.,-0.54,14.100000000000001,25.6,0.04,-0.04
121162,558521,54.630435,-8.438595,0.1,1,-99999,35.,-0.54,14.100000000000001,25.700000000000003,0.04,-0.04
121162,558586,54.630447,-8.438617,0.,1,-99999,35.,-0.54,14.100000000000001,25.700000000000003,0.04,-0.04
121162,559431,54.630427,-8.438622,0.,1,-99999,35.,-0.54,14.100000000000001,25.700000000000003,0.04,-0.04
121162,559495,54.630425,-8.4386,0.,1,-99999,35.,-0.54,14.100000000000001,25.700000000000003,0.04,-0.04
121162,560414,54.63039,-8.438602,0.,1,-99999,35.,-0.54,14.100000000000001,25.700000000000003,0.04,-0.04
121162,560631,54.630407,-8.4386,0.1,1,-99999,35.,-0.54,14.100000000000001,25.700000000000003,0.04,-0.04
121162,561136,54.630382,-8.438612,0.,1,-99999,35.,-0.54,14.100000000000001,25.700000000000003,0.04,-0.04
121162,561351,54.630357,-8.438593,0.1,1,-99999,35.,-0.54,14.100000000000001,25.700000000000003,0.04,-0.04
121162,561541,54.63038,-8.43859,0.,1,-99999,35.,-0.54,14.100000000000001,25.700000000000003,0.04,-0.04
121162,562452,54.630395,-8.438618,0.,1,-99999,35.,-0.54,14.100000000000001,25.700000000000003,0.04,-0.04
121162,563261,54.630403,-8.438617,0.,1,-99999,35.,-0.54,14.100000000000001,25.700000000000003,0.04,-0.04
121162,563384,54.630425,-8.438587,0.,1,-99999,35.,-0.54,14.100000000000001,25.700000000000003,0.04,-0.04
121162,563652,54.630455,-8.438543,0.,1,-99999,35.,-0.54,14.100000000000001,25.700000000000003,0.04,-0.04
121162,564221,54.630425,-8.438625,0.,1,-99999,35.,-0.54,14.100000000000001,25.700000000000003,0.04,-0.04
121162,564570,54.630447,-8.438565,0.,1,-99999,35.,-0.54,14.100000000000001,25.700000000000003,0.04,-0.04
121162,565151,54.630422,-8.438665,0.,1,-99999,35.,-0.54,14.100000000000001,25.700000000000003,0.04,-0.04
121162,565471,54.630355,-8.438503,0.,1,-99999,35.,-0.54,14.100000000000001,25.700000000000003,0.04,-0.04
121162,565624,54.630342,-8.438502,0.,1,-99999,35.,-0.54,14.100000000000001,25.700000000000003,0.04,-0.04
121162,566115,54.630453,-8.438545,0.,1,-99999,35.,-0.54,14.100000000000001,25.700000000000003,0.04,-0.04
121162,566380,54.630418,-8.438563,0.,1,-99999,35.,-0.54,14.100000000000001,25.700000000000003,0.04,-0.04
121162,567044,54.630395,-8.438618,0.,1,-99999,35.,-0.54,14.100000000000001,25.700000000000003,0.04,-0.04
121162,567084,54.630457,-8.438475,0.,1,-99999,35.,-0.54,14.100000000000001,25.700000000000003,0.04,-0.04
121162,567291,54.630493,-8.438593,0.,1,-99999,35.,-0.54,14.100000000000001,25.700000000000003,0.04,-0.04
121162,567992,54.630412,-8.438617,0.1,1,-99999,35.,-0.54,14.100000000000001,25.700000000000003,0.05,-0.04
121162,568214,54.630402,-8.438612,0.,1,-99999,35.,-0.54,14.100000000000001,25.700000000000003,0.05,-0.04
121162,568602,54.630405,-8.43865,0.,1,-99999,35.,-0.54,14.100000000000001,25.700000000000003,0.05,-0.04
121162,568930,54.630417,-8.438655,0.,1,-99999,35.,-0.54,14.100000000000001,25.700000000000003,0.05,-0.04
121162,569131,54.630447,-8.438662,0.,1,-99999,35.,-0.54,14.100000000000001,25.700000000000003,0.05,-0.04
121162,569873,54.630428,-8.438628,0.,1,-99999,35.,-0.54,14.100000000000001,25.700000000000003,0.05,-0.04
121162,570051,54.630412,-8.43861,0.,1,-99999,35.,-0.54,14.100000000000001,25.700000000000003,0.05,-0.04
121162,570064,54.630415,-8.438617,0.,1,-99999,35.,-0.54,14.100000000000001,25.700000000000003,0.05,-0.04
121162,570837,54.630397,-8.438595,0.1,1,-99999,35.,-0.54,14.100000000000001,25.700000000000003,0.05,-0.04
121162,570958,54.630405,-8.438628,0.1,1,-99999,35.,-0.54,14.100000000000001,25.700000000000003,0.05,-0.04
121162,571773,54.630367,-8.43859,0.,1,-99999,35.,-0.54,14.100000000000001,25.700000000000003,0.05,-0.04
121162,571872,54.630403,-8.438642,0.1,1,-99999,35.,-0.54,14.100000000000001,25.700000000000003,0.05,-0.04
121162,572253,54.630382,-8.438592,0.,1,-99999,35.,-0.54,14.100000000000001,25.700000000000003,0.05,-0.04
121162,572686,54.630458,-8.438642,0.,1,-99999,35.,-0.54,14.100000000000001,25.700000000000003,0.05,-0.04
121162,572802,54.630447,-8.438695,0.,1,-99999,35.,-0.54,14.100000000000001,25.6,0.05,-0.04
121162,573622,54.630417,-8.438647,0.1,1,-99999,35.,-0.54,14.100000000000001,25.700000000000003,0.05,-0.04
121162,574001,54.63044,-8.438627,0.,1,-99999,35.,-0.54,14.100000000000001,25.700000000000003,0.05,-0.04
121162,574496,54.630417,-8.43863,0.,1,-99999,35.,-0.54,14.100000000000001,25.700000000000003,0.05,-0.04
121162,574562,54.630438,-8.438637,0.1,1,-99999,35.,-0.54,14.100000000000001,25.700000000000003,0.05,-0.04
121162,574917,54.630435,-8.438635,0.1,1,-99999,35.,-0.54,14.100000000000001,25.700000000000003,0.05,-0.04
121162,575512,54.630395,-8.438587,0.1,1,-99999,35.,-0.54,14.100000000000001,25.700000000000003,0.05,-0.04
121162,575823,54.630603,-8.438575,0.,1,-99999,35.,-0.54,14.100000000000001,25.700000000000003,0.05,-0.04
121162,576013,54.630462,-8.4386,0.,1,-99999,35.,-0.54,14.100000000000001,25.700000000000003,0.05,-0.04
121162,576471,54.630528,-8.438612,0.1,1,-99999,35.,-0.54,14.100000000000001,25.700000000000003,0.05,-0.04
121162,576741,54.63056,-8.438523,0.,1,-99999,35.,-0.54,14.100000000000001,25.700000000000003,0.05,-0.04
121162,577433,54.630413,-8.438632,0.,1,-99999,35.,-0.54,14.100000000000001,25.700000000000003,0.05,-0.04
121162,577503,54.630425,-8.438612,0.,1,-99999,35.,-0.54,14.100000000000001,25.700000000000003,0.05,-0.04
121162,577651,54.630433,-8.438632,0.,1,-99999,35.,-0.54,14.100000000000001,25.700000000000003,0.05,-0.04
121162,578372,54.63047,-8.438688,0.,1,-99999,35.,-0.54,14.100000000000001,25.6,0.05,-0.04
121162,579022,54.630452,-8.438677,0.,1,-99999,35.,-0.54,14.100000000000001,25.6,0.05,-0.04
121162,579332,54.63041,-8.438607,0.,1,-99999,35.,-0.54,14.100000000000001,25.700000000000003,0.05,-0.04
121162,579462,54.630387,-8.438603,0.,1,-99999,35.,-0.54,14.100000000000001,25.700000000000003,0.05,-0.04
121162,580271,54.630417,-8.4386,0.,1,-99999,35.,-0.54,14.100000000000001,25.700000000000003,0.05,-0.04
121162,580661,54.63053,-8.438707,0.,1,-99999,35.,-0.54,14.100000000000001,25.6,0.05,-0.04
121162,581215,54.6304,-8.43861,0.,1,-99999,35.,-0.54,14.100000000000001,25.700000000000003,0.05,-0.04
121162,581242,54.630398,-8.438628,0.,1,-99999,35.,-0.54,14.100000000000001,25.700000000000003,0.05,-0.04
121162,581571,54.630398,-8.438637,0.,1,-99999,35.,-0.54,14.100000000000001,25.700000000000003,0.05,-0.04
121162,582180,54.630447,-8.438623,0.,1,-99999,35.,-0.54,14.100000000000001,25.700000000000003,0.05,-0.04
121162,582480,54.63041,-8.438623,0.,1,-99999,35.,-0.54,14.100000000000001,25.700000000000003,0.05,-0.04
121162,582723,54.630397,-8.43864,0.,1,-99999,35.,-0.54,14.100000000000001,25.700000000000003,0.05,-0.04
121162,583177,54.630392,-8.438613,0.,1,-99999,35.,-0.54,14.100000000000001,25.700000000000003,0.05,-0.04
121162,583394,54.630408,-8.43863,0.,1,-99999,35.,-0.54,14.100000000000001,25.700000000000003,0.05,-0.04
121162,584078,54.630392,-8.438587,0.,1,-99999,35.,-0.54,14.100000000000001,25.700000000000003,0.05,-0.04
121162,584301,54.630417,-8.438605,0.1,1,-99999,35.,-0.54,14.100000000000001,25.700000000000003,0.05,-0.04
121162,584963,54.630427,-8.43861,0.,1,-99999,35.,-0.54,14.100000000000001,25.700000000000003,0.05,-0.04
121162,585023,54.630393,-8.438593,0.,1,-99999,35.,-0.54,14.100000000000001,25.700000000000003,0.05,-0.04
121162,585507,54.630445,-8.438533,0.,1,-99999,35.,-0.54,14.100000000000001,25.700000000000003,0.05,-0.04
121162,585974,54.630443,-8.438608,0.1,1,-99999,35.,-0.54,14.100000000000001,25.700000000000003,0.05,-0.04
121162,586421,54.630383,-8.438637,0.,1,-99999,35.,-0.54,14.100000000000001,25.700000000000003,0.05,-0.04
121162,586423,54.630382,-8.438637,0.,1,-99999,35.,-0.54,14.100000000000001,25.700000000000003,0.05,-0.04
121162,586920,54.630362,-8.438678,0.,1,-99999,35.,-0.54,14.100000000000001,25.6,0.05,-0.04
121162,587327,54.630305,-8.43864,0.1,1,-99999,35.,-0.54,14.100000000000001,25.700000000000003,0.05,-0.04
121162,587925,54.630428,-8.438638,0.,1,-99999,35.,-0.54,14.100000000000001,25.700000000000003,0.05,-0.04
121162,588241,54.63056,-8.438745,0.,1,-99999,35.,-0.54,14.100000000000001,25.6,0.05,-0.04
121162,588721,54.630447,-8.438697,0.,1,-99999,35.,-0.54,14.100000000000001,25.6,0.05,-0.04
121162,588891,54.630477,-8.438627,0.,1,-99999,35.,-0.54,14.100000000000001,25.700000000000003,0.05,-0.04
121162,589151,54.630452,-8.438622,0.1,1,-99999,35.,-0.54,14.100000000000001,25.700000000000003,0.05,-0.04
121162,589822,54.630398,-8.438573,0.,1,-99999,35.,-0.54,14.100000000000001,25.700000000000003,0.05,-0.04
121162,590254,54.630442,-8.438632,0.,1,-99999,35.,-0.54,14.100000000000001,25.700000000000003,0.05,-0.04
121162,590360,54.630415,-8.438552,0.1,1,-99999,35.,-0.54,14.100000000000001,25.700000000000003,0.05,-0.04
121162,590784,54.630412,-8.438618,0.,1,-99999,35.,-0.54,14.100000000000001,25.700000000000003,0.05,-0.04
121162,591561,54.630425,-8.43865,0.,1,-99999,35.,-0.54,14.100000000000001,25.700000000000003,0.05,-0.04
121162,591731,54.63052,-8.438703,0.,1,-99999,35.,-0.54,14.100000000000001,25.6,0.05,-0.04
121162,592462,54.63042,-8.438697,0.,1,-99999,35.,-0.54,14.100000000000001,25.6,0.05,-0.04
121162,592473,54.630425,-8.438677,0.1,1,-99999,35.,-0.54,14.100000000000001,25.6,0.05,-0.04
121162,592672,54.630553,-8.438785,0.1,1,-99999,35.,-0.55,14.100000000000001,25.6,0.05,-0.04
121162,593380,54.630375,-8.438625,0.1,1,-99999,35.,-0.55,14.100000000000001,25.700000000000003,0.05,-0.04
121162,593602,54.630368,-8.438588,0.1,1,-99999,35.,-0.55,14.100000000000001,25.700000000000003,0.05,-0.04
121162,593933,54.630402,-8.438687,0.,1,-99999,35.,-0.55,14.100000000000001,25.6,0.05,-0.04
121162,594290,54.6304,-8.43864,0.,1,-99999,35.,-0.55,14.100000000000001,25.700000000000003,0.05,-0.04
121162,594583,54.630422,-8.438678,0.,1,-99999,35.,-0.55,14.100000000000001,25.6,0.05,-0.04
121162,595192,54.630387,-8.438562,0.,1,-99999,35.,-0.55,14.100000000000001,25.700000000000003,0.05,-0.04
121162,595543,54.630413,-8.43863,0.,1,-99999,35.,-0.55,14.100000000000001,25.700000000000003,0.05,-0.04
121162,596113,54.630428,-8.438628,0.,1,-99999,35.,-0.55,14.100000000000001,25.700000000000003,0.05,-0.04
121162,596135,54.630487,-8.438662,0.,1,-99999,35.,-0.55,14.100000000000001,25.700000000000003,0.05,-0.04
121162,596452,54.63041,-8.438605,0.,1,-99999,35.,-0.55,14.100000000000001,25.700000000000003,0.05,-0.04
121162,597321,54.630443,-8.438645,0.,1,-99999,35.,-0.55,14.100000000000001,25.700000000000003,0.05,-0.04
121162,597360,54.630453,-8.438677,0.,1,-99999,35.,-0.55,14.100000000000001,25.6,0.05,-0.04
121162,597643,54.630465,-8.438652,0.,1,-99999,35.,-0.55,14.100000000000001,25.700000000000003,0.05,-0.04
121162,598230,54.630457,-8.438718,0.,1,-99999,35.,-0.55,14.100000000000001,25.6,0.05,-0.04
121162,598350,54.630477,-8.438655,0.,1,-99999,35.,-0.55,14.100000000000001,25.700000000000003,0.05,-0.04
121162,599093,54.630555,-8.438752,0.,1,-99999,35.,-0.55,14.100000000000001,25.6,0.05,-0.04
121162,599152,54.630547,-8.43874,0.,1,-99999,35.,-0.55,14.100000000000001,25.6,0.05,-0.04
121162,599372,54.630573,-8.438762,0.,1,-99999,35.,-0.55,14.100000000000001,25.6,0.05,-0.04
121162,600062,54.63042,-8.438595,0.1,1,-99999,35.,-0.55,14.100000000000001,25.700000000000003,0.05,-0.04
121162,600311,54.630448,-8.438602,0.1,1,-99999,35.,-0.55,14.100000000000001,25.700000000000003,0.05,-0.04
121162,601262,54.630417,-8.438603,0.,1,-99999,35.,-0.55,14.200000000000001,25.700000000000003,0.05,-0.04
121162,601272,54.630433,-8.438623,0.,1,-99999,35.,-0.55,14.200000000000001,25.700000000000003,0.05,-0.04
121162,601311,54.63049,-8.438662,0.,1,-99999,35.,-0.55,14.200000000000001,25.700000000000003,0.05,-0.04
121162,602172,54.630427,-8.438623,0.,1,-99999,35.,-0.55,14.200000000000001,25.700000000000003,0.05,-0.04
121162,602210,54.630487,-8.43864,0.,1,-99999,35.,-0.55,14.200000000000001,25.700000000000003,0.05,-0.04
121162,603091,54.63042,-8.438643,0.,1,-99999,35.,-0.55,14.200000000000001,25.700000000000003,0.05,-0.04
121162,603173,54.630418,-8.438617,0.,1,-99999,35.,-0.55,14.200000000000001,25.700000000000003,0.05,-0.04
121162,603562,54.63038,-8.438592,0.,1,-99999,35.,-0.55,14.200000000000001,25.700000000000003,0.05,-0.04
121162,604003,54.630407,-8.438535,0.1,1,-99999,35.,-0.55,14.200000000000001,25.700000000000003,0.05,-0.04
121162,604122,54.630398,-8.438563,0.,1,-99999,35.,-0.55,14.200000000000001,25.700000000000003,0.05,-0.04
121162,604920,54.63042,-8.438557,0.1,1,-99999,35.,-0.55,14.200000000000001,25.6,0.05,-0.04
121162,605023,54.630465,-8.438605,0.,1,-99999,35.,-0.55,14.200000000000001,25.6,0.05,-0.04
121162,605084,54.630442,-8.438677,0.1,1,-99999,35.,-0.55,14.200000000000001,25.6,0.05,-0.04
121162,605831,54.630325,-8.438573,0.1,1,-99999,35.,-0.55,14.200000000000001,25.6,0.05,-0.04
121162,606058,54.630398,-8.438565,0.1,1,-99999,35.,-0.55,14.200000000000001,25.6,0.05,-0.04
121162,606543,54.630402,-8.438522,0.,1,-99999,35.,-0.55,14.200000000000001,25.6,0.05,-0.04
121162,606741,54.630677,-8.438673,0.1,1,-99999,35.,-0.55,14.200000000000001,25.6,0.05,-0.04
121162,607015,54.630302,-8.438673,0.1,1,-99999,35.,-0.55,14.200000000000001,25.6,0.05,-0.04
121162,607950,54.630465,-8.43866,0.1,1,-99999,35.,-0.55,14.200000000000001,25.6,0.05,-0.04
121162,607982,54.630463,-8.438637,0.,1,-99999,35.,-0.55,14.200000000000001,25.6,0.05,-0.04
121162,608064,54.630432,-8.43859,0.,1,-99999,35.,-0.55,14.200000000000001,25.6,0.05,-0.04
121162,608870,54.630428,-8.438705,0.1,1,-99999,35.,-0.55,14.200000000000001,25.5,0.05,-0.04
121162,608952,54.630448,-8.438728,0.1,1,-99999,35.,-0.55,14.200000000000001,25.5,0.05,-0.04
121162,609623,54.63041,-8.438605,0.,1,-99999,35.,-0.55,14.200000000000001,25.5,0.05,-0.04
121162,609772,54.630398,-8.43859,0.,1,-99999,35.,-0.55,14.200000000000001,25.5,0.05,-0.04
121162,609933,54.630405,-8.438623,0.1,1,-99999,35.,-0.55,14.200000000000001,25.5,0.05,-0.04
121162,610689,54.630398,-8.438577,0.,1,-99999,35.,-0.55,14.200000000000001,25.5,0.05,-0.04
121162,610893,54.630417,-8.438628,0.1,1,-99999,35.,-0.55,14.200000000000001,25.5,0.05,-0.04
121162,611123,54.6304,-8.438562,0.,1,-99999,35.,-0.55,14.200000000000001,25.5,0.05,-0.04
121162,611600,54.63041,-8.438605,0.1,1,-99999,35.,-0.55,14.200000000000001,25.5,0.05,-0.04
121162,611812,54.630417,-8.438593,0.,1,-99999,35.,-0.55,14.200000000000001,25.5,0.05,-0.04
121162,612512,54.630398,-8.438617,0.,1,-99999,35.,-0.55,14.200000000000001,25.400000000000002,0.05,-0.04
121162,612790,54.630403,-8.438605,0.,1,-99999,35.,-0.55,14.200000000000001,25.400000000000002,0.05,-0.04
121162,613353,54.63041,-8.43864,0.,1,-99999,35.,-0.55,14.200000000000001,25.400000000000002,0.05,-0.04
121162,613421,54.630412,-8.438622,0.,1,-99999,35.,-0.55,14.200000000000001,25.400000000000002,0.05,-0.04
121162,613754,54.630473,-8.438677,0.,1,-99999,35.,-0.55,14.200000000000001,25.400000000000002,0.05,-0.04
121162,614323,54.630398,-8.438593,0.,1,-99999,35.,-0.55,14.200000000000001,25.400000000000002,0.05,-0.04
121162,614695,54.630397,-8.438632,0.,1,-99999,35.,-0.55,14.200000000000001,25.400000000000002,0.05,-0.04
121162,615521,54.630408,-8.438598,0.,1,-99999,35.,-0.55,14.200000000000001,25.400000000000002,0.05,-0.04
121162,615584,54.630397,-8.4386,0.,1,-99999,35.,-0.55,14.200000000000001,25.400000000000002,0.05,-0.04
121162,615641,54.630405,-8.438623,0.1,1,-99999,35.,-0.55,14.200000000000001,25.400000000000002,0.05,-0.04
121162,616430,54.630392,-8.438648,0.1,1,-99999,35.,-0.55,14.200000000000001,25.3,0.05,-0.04
121162,616607,54.630482,-8.438653,0.1,1,-99999,35.,-0.55,14.200000000000001,25.3,0.05,-0.04
121162,617064,54.630365,-8.438542,0.,1,-99999,35.,-0.55,14.200000000000001,25.3,0.05,-0.04
121162,617340,54.630403,-8.438613,0.1,1,-99999,35.,-0.55,14.200000000000001,25.3,0.05,-0.04
121162,617551,54.630392,-8.438568,0.,1,-99999,35.,-0.55,14.200000000000001,25.3,0.05,-0.04
121162,618261,54.630452,-8.43864,0.1,1,-99999,35.,-0.55,14.200000000000001,25.3,0.05,-0.04
121162,618500,54.63042,-8.438595,0.1,1,-99999,35.,-0.55,14.200000000000001,25.3,0.05,-0.04
121162,619345,54.630577,-8.438795,0.,1,-99999,35.,-0.55,14.200000000000001,25.200000000000003,0.05,-0.04
121162,619462,54.630502,-8.43868,0.,1,-99999,35.,-0.55,14.200000000000001,25.3,0.05,-0.04
121162,620401,54.630438,-8.43861,0.,1,-99999,35.,-0.55,14.200000000000001,25.200000000000003,0.05,-0.04
121162,620661,54.630477,-8.438655,0.1,1,-99999,35.,-0.55,14.200000000000001,25.200000000000003,0.05,-0.04
121162,620867,54.630465,-8.438587,0.,1,-99999,35.,-0.55,14.200000000000001,25.200000000000003,0.05,-0.04
121162,621361,54.630393,-8.43856,0.1,1,-99999,35.,-0.55,14.200000000000001,25.200000000000003,0.05,-0.04
121162,621572,54.630413,-8.438635,0.1,1,-99999,35.,-0.55,14.200000000000001,25.200000000000003,0.05,-0.04
121162,622278,54.630395,-8.438608,0.,1,-99999,35.,-0.55,14.200000000000001,25.200000000000003,0.05,-0.04
121162,622337,54.630337,-8.438597,0.,1,-99999,35.,-0.55,14.200000000000001,25.200000000000003,0.05,-0.04
121162,622491,54.630418,-8.438517,0.,1,-99999,35.,-0.55,14.200000000000001,25.200000000000003,0.05,-0.04
121162,623261,54.630387,-8.438617,0.,1,-99999,35.,-0.55,14.200000000000001,25.200000000000003,0.05,-0.04
121162,623401,54.630362,-8.438612,0.1,1,-99999,35.,-0.55,14.200000000000001,25.200000000000003,0.05,-0.04
121162,624211,54.630457,-8.438675,0.,1,-99999,35.,-0.55,14.200000000000001,25.1,0.05,-0.04
121162,624313,54.63039,-8.438617,0.1,1,-99999,35.,-0.55,14.200000000000001,25.1,0.05,-0.04
121162,624535,54.630362,-8.438597,0.,1,-99999,35.,-0.55,14.200000000000001,25.1,0.05,-0.04
121162,625162,54.630387,-8.438628,0.,1,-99999,35.,-0.55,14.200000000000001,25.1,0.05,-0.04
121162,625222,54.630397,-8.438628,0.,1,-99999,35.,-0.55,14.200000000000001,25.1,0.05,-0.04
121162,625994,54.630402,-8.43862,0.,1,-99999,35.,-0.55,14.200000000000001,25.1,0.05,-0.04
121162,626112,54.63044,-8.438613,0.1,1,-99999,35.,-0.55,14.200000000000001,25.1,0.05,-0.04
121162,626132,54.63042,-8.438637,0.,1,-99999,35.,-0.55,14.200000000000001,25.1,0.05,-0.04
121162,627050,54.63038,-8.43862,0.,1,-99999,35.,-0.55,14.200000000000001,25.1,0.05,-0.04
121162,627056,54.63038,-8.43862,0.,1,-99999,35.,-0.55,14.200000000000001,25.1,0.05,-0.04
121162,627443,54.630397,-8.438665,0.,1,-99999,35.,-0.55,14.200000000000001,25.1,0.05,-0.04
121162,627961,54.630395,-8.438558,0.,1,-99999,35.,-0.55,14.200000000000001,25.,0.05,-0.04
121162,628002,54.630415,-8.438593,0.1,1,-99999,35.,-0.55,14.200000000000001,25.,0.05,-0.04
121162,628873,54.630405,-8.438613,0.,1,-99999,35.,-0.55,14.200000000000001,25.,0.05,-0.04
121162,628961,54.630432,-8.438762,0.,1,-99999,35.,-0.55,14.200000000000001,25.,0.05,-0.04
121162,629634,54.630412,-8.438637,0.,1,-99999,35.,-0.55,14.200000000000001,25.,0.05,-0.04
121162,629781,54.630395,-8.438607,0.,1,-99999,35.,-0.55,14.200000000000001,25.,0.05,-0.04
121162,629878,54.630417,-8.438575,0.,1,-99999,35.,-0.55,14.200000000000001,25.,0.05,-0.04
121162,630842,54.630393,-8.438585,0.1,1,-99999,35.,-0.55,14.200000000000001,25.,0.05,-0.04
121162,630989,54.630395,-8.43855,0.,1,-99999,35.,-0.55,14.200000000000001,25.,0.05,-0.04
121162,631148,54.630395,-8.43858,0.,1,-99999,35.,-0.55,14.200000000000001,25.,0.05,-0.04
121162,631841,54.63041,-8.438628,0.,1,-99999,35.,-0.55,14.200000000000001,24.900000000000002,0.05,-0.04
121162,631901,54.630455,-8.438647,0.,1,-99999,35.,-0.55,14.200000000000001,24.900000000000002,0.05,-0.04
121162,632791,54.630633,-8.438822,0.1,1,-99999,35.,-0.55,14.200000000000001,24.900000000000002,0.05,-0.04
121162,632811,54.630478,-8.438733,0.1,1,-99999,35.,-0.55,14.200000000000001,24.900000000000002,0.05,-0.04
121162,633712,54.63041,-8.438647,0.1,1,-99999,35.,-0.55,14.200000000000001,24.900000000000002,0.05,-0.04
121162,633753,54.630408,-8.438632,0.,1,-99999,35.,-0.55,14.200000000000001,24.900000000000002,0.05,-0.04
121162,634069,54.630367,-8.438582,0.,1,-99999,35.,-0.55,14.200000000000001,24.900000000000002,0.05,-0.04
121162,634630,54.63041,-8.438563,0.,1,-99999,35.,-0.55,14.200000000000001,24.900000000000002,0.05,-0.04
121162,634710,54.630353,-8.438653,0.,1,-99999,35.,-0.55,14.200000000000001,24.900000000000002,0.05,-0.04
121162,635539,54.63035,-8.438562,0.,1,-99999,35.,-0.55,14.200000000000001,24.900000000000002,0.04,-0.04
121162,635583,54.630357,-8.43858,0.,1,-99999,35.,-0.55,14.200000000000001,24.8,0.04,-0.04
121162,635670,54.63038,-8.438613,0.1,1,-99999,35.,-0.55,14.200000000000001,24.8,0.04,-0.04
121162,636450,54.63039,-8.438685,0.,1,-99999,35.,-0.55,14.200000000000001,24.8,0.04,-0.04
121162,636622,54.630417,-8.438635,0.1,1,-99999,35.,-0.55,14.200000000000001,24.8,0.04,-0.04
121162,637093,54.630365,-8.438617,0.,1,-99999,35.,-0.55,14.200000000000001,24.8,0.04,-0.04
121162,637352,54.630398,-8.438612,0.,1,-99999,35.,-0.55,14.200000000000001,24.8,0.04,-0.04
121162,637571,54.630425,-8.438625,0.,1,-99999,35.,-0.55,14.200000000000001,24.8,0.04,-0.04
121162,638261,54.63043,-8.438583,0.1,1,-99999,35.,-0.55,14.200000000000001,24.8,0.04,-0.04
121162,638523,54.630397,-8.43862,0.,1,-99999,35.,-0.55,14.200000000000001,24.8,0.04,-0.04
121162,638574,54.630445,-8.43862,0.,1,-99999,35.,-0.55,14.200000000000001,24.8,0.04,-0.04
121162,639171,54.630428,-8.438628,0.1,1,-99999,35.,-0.55,14.200000000000001,24.8,0.04,-0.04
121162,639471,54.630383,-8.438617,0.,1,-99999,35.,-0.55,14.200000000000001,24.700000000000003,0.04,-0.04
121162,640073,54.63041,-8.438642,0.,1,-99999,35.,-0.55,14.200000000000001,24.700000000000003,0.04,-0.04
121162,640074,54.63041,-8.438642,0.,1,-99999,35.,-0.55,14.200000000000001,24.700000000000003,0.04,-0.04
121162,640431,54.630398,-8.43858,0.,1,-99999,35.,-0.55,14.200000000000001,24.700000000000003,0.04,-0.04
121162,640990,54.63038,-8.43865,0.,1,-99999,35.,-0.55,14.200000000000001,24.700000000000003,0.04,-0.04
121162,641381,54.630375,-8.438647,0.,1,-99999,35.,-0.55,14.200000000000001,24.700000000000003,0.04,-0.04
121162,641536,54.630402,-8.438612,0.,1,-99999,35.,-0.55,14.200000000000001,24.700000000000003,0.04,-0.04
121162,641891,54.630387,-8.438588,0.1,1,-99999,35.,-0.55,14.200000000000001,24.700000000000003,0.04,-0.04
121162,642341,54.630428,-8.438672,0.,1,-99999,35.,-0.55,14.200000000000001,24.700000000000003,0.04,-0.04
121162,642800,54.630387,-8.438595,0.,1,-99999,35.,-0.55,14.200000000000001,24.700000000000003,0.04,-0.04
121162,642987,54.630405,-8.438587,0.,1,-99999,35.,-0.55,14.200000000000001,24.700000000000003,0.04,-0.04
121162,643291,54.630403,-8.438557,0.,1,-99999,35.,-0.55,14.200000000000001,24.700000000000003,0.04,-0.04
121162,643701,54.630588,-8.438675,0.,1,-99999,35.,-0.55,14.200000000000001,24.6,0.04,-0.04
121162,644240,54.63042,-8.438563,0.,1,-99999,35.,-0.55,14.200000000000001,24.6,0.04,-0.04
121162,644504,54.630405,-8.438575,0.,1,-99999,35.,-0.55,14.200000000000001,24.6,0.04,-0.04
121162,644611,54.630422,-8.438563,0.1,1,-99999,35.,-0.55,14.200000000000001,24.6,0.04,-0.04
121162,645171,54.630433,-8.438642,0.,1,-99999,35.,-0.55,14.200000000000001,24.6,0.04,-0.04
121162,645513,54.630408,-8.43858,0.1,1,-99999,35.,-0.55,14.200000000000001,24.6,0.04,-0.04
121162,646065,54.630407,-8.43858,0.,1,-99999,35.,-0.55,14.200000000000001,24.6,0.04,-0.04
121162,646137,54.630408,-8.438582,0.1,1,-99999,35.,-0.55,14.200000000000001,24.6,0.04,-0.04
121162,646421,54.6304,-8.438563,0.,1,-99999,35.,-0.55,14.200000000000001,24.6,0.04,-0.04
121162,647092,54.630428,-8.438642,0.1,1,-99999,35.,-0.55,14.200000000000001,24.5,0.04,-0.04
121162,647323,54.630428,-8.43868,0.,1,-99999,35.,-0.55,14.200000000000001,24.5,0.04,-0.04
121162,647575,54.630397,-8.438577,0.,1,-99999,35.,-0.55,14.200000000000001,24.5,0.04,-0.04
121162,648051,54.630392,-8.438602,0.1,1,-99999,35.,-0.55,14.200000000000001,24.5,0.04,-0.04
121162,648230,54.630427,-8.438607,0.1,1,-99999,35.,-0.55,14.200000000000001,24.5,0.04,-0.04
121162,649002,54.630403,-8.438655,0.,1,-99999,35.,-0.55,14.200000000000001,24.5,0.04,-0.04
121162,649131,54.63041,-8.438703,0.1,1,-99999,35.,-0.55,14.200000000000001,24.5,0.04,-0.04
121162,649867,54.630392,-8.438612,0.,1,-99999,35.,-0.55,14.200000000000001,24.5,0.04,-0.04
121162,649961,54.630505,-8.438555,0.1,1,-99999,35.,-0.55,14.200000000000001,24.5,0.04,-0.04
121162,650041,54.630518,-8.438568,0.,1,-99999,35.,-0.55,14.200000000000001,24.5,0.04,-0.04
121162,650911,54.63039,-8.43861,0.,1,-99999,35.,-0.55,14.200000000000001,24.400000000000002,0.04,-0.04
121162,650971,54.630393,-8.438607,0.,1,-99999,35.,-0.55,14.200000000000001,24.400000000000002,0.04,-0.04
121162,651355,54.630397,-8.43865,0.,1,-99999,35.,-0.55,14.200000000000001,24.400000000000002,0.04,-0.04
121162,651842,54.630372,-8.438582,0.,1,-99999,35.,-0.55,14.200000000000001,24.400000000000002,0.04,-0.04
121162,651881,54.630353,-8.438575,0.,1,-99999,35.,-0.55,14.200000000000001,24.400000000000002,0.04,-0.04
121162,652790,54.630395,-8.438563,0.,1,-99999,35.,-0.55,14.200000000000001,24.400000000000002,0.04,-0.04
121162,652801,54.630392,-8.438563,0.,1,-99999,35.,-0.55,14.200000000000001,24.400000000000002,0.04,-0.04
121162,652824,54.630402,-8.438572,0.,1,-99999,35.,-0.55,14.200000000000001,24.400000000000002,0.04,-0.04
121162,653701,54.630433,-8.4386,0.,1,-99999,35.,-0.55,14.200000000000001,24.400000000000002,0.04,-0.04
121162,653753,54.630435,-8.43857,0.,1,-99999,35.,-0.55,14.200000000000001,24.400000000000002,0.04,-0.04
121162,654611,54.63041,-8.438662,0.,1,-99999,35.,-0.55,14.200000000000001,24.3,0.04,-0.04
121162,654702,54.630403,-8.438668,0.,1,-99999,35.,-0.55,14.200000000000001,24.3,0.04,-0.04
121162,655147,54.630455,-8.438697,0.,1,-99999,35.,-0.55,14.200000000000001,24.3,0.04,-0.04
121162,655651,54.630398,-8.438563,0.1,1,-99999,35.,-0.55,14.200000000000001,24.3,0.04,-0.04
121162,655811,54.63037,-8.43857,0.,1,-99999,35.,-0.55,14.200000000000001,24.3,0.04,-0.04
121162,656596,54.630392,-8.438597,0.,1,-99999,35.,-0.55,14.200000000000001,24.3,0.04,-0.04
121162,656659,54.630422,-8.438632,0.,1,-99999,35.,-0.55,14.200000000000001,24.3,0.04,-0.04
121162,656712,54.630405,-8.438593,0.,1,-99999,35.,-0.55,14.200000000000001,24.3,0.04,-0.04
121162,657551,54.630353,-8.438523,0.,1,-99999,35.,-0.55,14.200000000000001,24.3,0.04,-0.04
121162,657621,54.63038,-8.43853,0.,1,-99999,35.,-0.55,14.200000000000001,24.3,0.04,-0.04
121162,658226,54.630387,-8.438577,0.,1,-99999,35.,-0.55,14.200000000000001,24.3,0.04,-0.04
121162,658492,54.630392,-8.438605,0.,1,-99999,35.,-0.55,14.200000000000001,24.3,0.04,-0.04
121162,658821,54.630433,-8.438635,0.,1,-99999,35.,-0.55,14.200000000000001,24.200000000000003,0.04,-0.04
121162,659431,54.63042,-8.438628,0.,1,-99999,35.,-0.55,14.200000000000001,24.200000000000003,0.04,-0.04
121162,659731,54.63042,-8.438633,0.1,1,-99999,35.,-0.55,14.200000000000001,24.200000000000003,0.04,-0.04
121162,659800,54.630447,-8.438647,0.,1,-99999,35.,-0.55,14.200000000000001,24.200000000000003,0.04,-0.04
121162,660358,54.630447,-8.438673,0.,1,-99999,35.,-0.55,14.200000000000001,24.200000000000003,0.04,-0.04
121162,660641,54.630447,-8.438628,0.,1,-99999,35.,-0.55,14.200000000000001,24.200000000000003,0.04,-0.04
121162,661337,54.630402,-8.43861,0.,1,-99999,35.,-0.55,14.200000000000001,24.200000000000003,0.04,-0.04
121162,661361,54.630395,-8.438635,0.1,1,-99999,35.,-0.55,14.200000000000001,24.200000000000003,0.04,-0.04
121162,661551,54.630392,-8.438563,0.,1,-99999,35.,-0.55,14.200000000000001,24.200000000000003,0.04,-0.04
121162,662321,54.630872,-8.438585,0.,1,-99999,35.,-0.55,14.200000000000001,24.200000000000003,0.04,-0.04
121162,662480,54.630637,-8.43862,0.,1,-99999,35.,-0.55,14.200000000000001,24.1,0.04,-0.04
121162,662783,54.630637,-8.438607,0.,1,-99999,35.,-0.55,14.200000000000001,24.1,0.04,-0.04
121162,663271,54.630495,-8.438605,0.,1,-99999,35.,-0.55,14.200000000000001,24.1,0.04,-0.04
121162,663381,54.630403,-8.438592,0.,1,-99999,35.,-0.55,14.200000000000001,24.1,0.04,-0.04
121162,664221,54.630428,-8.438593,0.,1,-99999,35.,-0.55,14.200000000000001,24.1,0.04,-0.04
121162,664273,54.630397,-8.438567,0.,1,-99999,35.,-0.55,14.200000000000001,24.1,0.04,-0.04
121162,664580,54.630417,-8.4386,0.,1,-99999,35.,-0.55,14.200000000000001,24.1,0.04,-0.04
121162,665160,54.63041,-8.438658,0.,1,-99999,35.,-0.55,14.200000000000001,24.1,0.04,-0.04
121162,665492,54.630417,-8.43861,0.,1,-99999,35.,-0.55,14.200000000000001,24.1,0.04,-0.04
121162,665734,54.630382,-8.438647,0.,1,-99999,35.,-0.55,14.200000000000001,24.1,0.04,-0.04
121162,666111,54.630365,-8.438602,0.,1,-99999,35.,-0.55,14.200000000000001,24.1,0.04,-0.04
121162,666401,54.630402,-8.438628,0.,1,-99999,35.,-0.55,14.200000000000001,24.,0.04,-0.04
121162,667051,54.630413,-8.438622,0.,1,-99999,35.,-0.55,14.200000000000001,24.,0.04,-0.04
121162,667183,54.630425,-8.438642,0.,1,-99999,35.,-0.55,14.200000000000001,24.,0.04,-0.04
121162,667601,54.630387,-8.438602,0.,1,-99999,35.,-0.55,14.200000000000001,24.,0.04,-0.04
121162,667983,54.63041,-8.438613,0.,1,-99999,35.,-0.55,14.200000000000001,24.,0.04,-0.04
121162,668503,54.630432,-8.438605,0.,1,-99999,35.,-0.55,14.200000000000001,24.,0.04,-0.04
121162,668725,54.630412,-8.438627,0.,1,-99999,35.,-0.55,14.200000000000001,24.,0.04,-0.04
121162,668890,54.630417,-8.438653,0.,1,-99999,35.,-0.55,14.200000000000001,24.,0.04,-0.04
121162,669411,54.630402,-8.438617,0.,1,-99999,35.,-0.55,14.200000000000001,24.,0.04,-0.04
121162,669851,54.63042,-8.438627,0.,1,-99999,35.,-0.55,14.200000000000001,24.,0.04,-0.04
121162,670183,54.630395,-8.438595,0.,1,-99999,35.,-0.55,14.200000000000001,24.,0.04,-0.04
121162,670322,54.630428,-8.438642,0.,1,-99999,35.,-0.55,14.200000000000001,23.900000000000002,0.04,-0.04
121162,670811,54.630348,-8.438602,0.,1,-99999,35.,-0.55,14.200000000000001,23.900000000000002,0.04,-0.04
121162,671522,54.630422,-8.438643,0.,1,-99999,35.,-0.55,14.200000000000001,23.900000000000002,0.04,-0.04
121162,671642,54.63044,-8.43864,0.,1,-99999,35.,-0.55,14.200000000000001,23.900000000000002,0.04,-0.04
121162,671741,54.630403,-8.438635,0.,1,-99999,35.,-0.55,14.200000000000001,23.900000000000002,0.04,-0.04
121162,672433,54.630428,-8.438635,0.,1,-99999,35.,-0.55,14.200000000000001,23.900000000000002,0.04,-0.04
121162,672692,54.630422,-8.438582,0.,1,-99999,35.,-0.55,14.200000000000001,23.900000000000002,0.04,-0.04
121162,673152,54.630355,-8.438617,0.,1,-99999,35.,-0.55,14.200000000000001,23.900000000000002,0.04,-0.04
121162,673631,54.630383,-8.43858,0.,1,-99999,35.,-0.55,14.200000000000001,23.900000000000002,0.04,-0.04
121162,673651,54.630397,-8.438603,0.1,1,-99999,35.,-0.55,14.200000000000001,23.900000000000002,0.04,-0.04
121162,674533,54.630577,-8.438725,0.,1,-99999,35.,-0.55,14.200000000000001,23.8,0.04,-0.04
121162,674611,54.63053,-8.438685,0.,1,-99999,35.,-0.55,14.200000000000001,23.8,0.04,-0.04
121162,675460,54.630402,-8.438598,0.,1,-99999,35.,-0.55,14.200000000000001,23.8,0.04,-0.04
121162,675464,54.630402,-8.438597,0.,1,-99999,35.,-0.55,14.200000000000001,23.8,0.04,-0.04
121162,675645,54.630423,-8.438558,0.1,1,-99999,35.,-0.55,14.200000000000001,23.8,0.04,-0.04
121162,676363,54.630423,-8.438672,0.,1,-99999,35.,-0.55,14.200000000000001,23.8,0.04,-0.04
121162,676601,54.63042,-8.438643,0.,1,-99999,35.,-0.55,14.200000000000001,23.8,0.04,-0.04
121162,677281,54.630418,-8.438605,0.,1,-99999,35.,-0.55,14.200000000000001,23.8,0.04,-0.04
121162,677551,54.630498,-8.438612,0.,1,-99999,35.,-0.55,14.200000000000001,23.8,0.04,-0.04
121162,677665,54.630435,-8.438672,0.,1,-99999,35.,-0.55,14.200000000000001,23.8,0.04,-0.04
121162,678189,54.630477,-8.438695,0.1,1,-99999,35.,-0.55,14.200000000000001,23.700000000000003,0.04,-0.04
121162,678492,54.630357,-8.438572,0.,1,-99999,35.,-0.55,14.200000000000001,23.700000000000003,0.04,-0.04
121162,679100,54.630545,-8.438748,0.1,1,-99999,35.,-0.55,14.200000000000001,23.700000000000003,0.04,-0.04
121162,679123,54.630447,-8.438665,0.,1,-99999,35.,-0.55,14.200000000000001,23.700000000000003,0.04,-0.04
121162,679462,54.630427,-8.438673,0.,1,-99999,35.,-0.55,14.200000000000001,23.700000000000003,0.04,-0.04
121162,680001,54.63039,-8.438637,0.,1,-99999,35.,-0.55,14.200000000000001,23.700000000000003,0.04,-0.04
121162,680421,54.630467,-8.438665,0.,1,-99999,35.,-0.55,14.200000000000001,23.700000000000003,0.04,-0.04
121162,680645,54.63044,-8.43866,0.,1,-99999,35.,-0.55,14.200000000000001,23.700000000000003,0.04,-0.04
121162,680903,54.630428,-8.438623,0.,1,-99999,35.,-0.55,14.200000000000001,23.700000000000003,0.04,-0.04
121162,681371,54.630392,-8.438572,0.1,1,-99999,35.,-0.55,14.200000000000001,23.700000000000003,0.04,-0.04
121162,681812,54.630417,-8.438662,0.,1,-99999,35.,-0.55,14.200000000000001,23.6,0.04,-0.04
121162,682123,54.63045,-8.438627,0.,1,-99999,35.,-0.55,14.200000000000001,23.6,0.04,-0.04
121162,682342,54.630492,-8.438668,0.,1,-99999,35.,-0.55,14.200000000000001,23.6,0.04,-0.04
121162,682721,54.63044,-8.438623,0.1,1,-99999,35.,-0.55,14.200000000000001,23.6,0.04,-0.04
121162,683282,54.630387,-8.438562,0.1,1,-99999,35.,-0.55,14.200000000000001,23.6,0.04,-0.04
121162,683631,54.630435,-8.438617,0.,1,-99999,35.,-0.55,14.200000000000001,23.6,0.04,-0.04
121162,683634,54.630435,-8.438617,0.,1,-99999,35.,-0.55,14.200000000000001,23.6,0.04,-0.04
121162,684221,54.630392,-8.4386,0.1,1,-99999,35.,-0.55,14.200000000000001,23.6,0.04,-0.04
121162,684561,54.63041,-8.43863,0.,1,-99999,35.,-0.55,14.200000000000001,23.6,0.04,-0.04
121162,685161,54.630503,-8.438715,0.,1,-99999,35.,-0.55,14.200000000000001,23.6,0.04,-0.04
121162,685761,54.63048,-8.438703,0.,1,-99999,35.,-0.55,14.200000000000001,23.5,0.04,-0.04
121162,686121,54.630432,-8.43862,0.1,1,-99999,35.,-0.55,14.200000000000001,23.5,0.04,-0.04
121162,686961,54.630465,-8.438628,0.,1,-99999,35.,-0.55,14.200000000000001,23.5,0.04,-0.04
121162,687072,54.630398,-8.438623,0.1,1,-99999,35.,-0.55,14.200000000000001,23.5,0.04,-0.04
121162,687357,54.63042,-8.438595,0.,1,-99999,35.,-0.55,14.200000000000001,23.5,0.04,-0.04
121162,687870,54.630633,-8.438807,0.,1,-99999,35.,-0.55,14.200000000000001,23.5,0.04,-0.04
121162,688030,54.630618,-8.438823,0.,1,-99999,35.,-0.55,14.200000000000001,23.5,0.04,-0.04
121162,688771,54.630375,-8.438522,0.,1,-99999,35.,-0.55,14.200000000000001,23.5,0.04,-0.04
121162,688845,54.63039,-8.43854,0.,1,-99999,35.,-0.55,14.200000000000001,23.5,0.04,-0.04
121162,688990,54.630402,-8.438637,0.,1,-99999,35.,-0.55,14.200000000000001,23.5,0.04,-0.04
121162,689692,54.630373,-8.438562,0.,1,-99999,35.,-0.55,14.200000000000001,23.400000000000002,0.04,-0.04
121162,689930,54.630403,-8.438602,0.,1,-99999,35.,-0.55,14.200000000000001,23.400000000000002,0.04,-0.04
121162,690304,54.630417,-8.438577,0.,1,-99999,35.,-0.55,14.200000000000001,23.400000000000002,0.04,-0.04
121162,690600,54.630417,-8.438643,0.,1,-99999,35.,-0.55,14.200000000000001,23.400000000000002,0.04,-0.04
121162,690890,54.630408,-8.43857,0.,1,-99999,35.,-0.55,14.200000000000001,23.400000000000002,0.04,-0.04
121162,691510,54.63041,-8.438638,0.1,1,-99999,35.,-0.55,14.200000000000001,23.400000000000002,0.04,-0.04
121162,691763,54.630395,-8.438587,0.,1,-99999,35.,-0.55,14.200000000000001,23.400000000000002,0.04,-0.04
121162,691840,54.630255,-8.438528,0.1,1,-99999,35.,-0.55,14.200000000000001,23.400000000000002,0.04,-0.04
121162,692414,54.630418,-8.438602,0.1,1,-99999,35.,-0.55,14.200000000000001,23.400000000000002,0.04,-0.04
121162,692785,54.6307,-8.438678,0.,1,-99999,35.,-0.55,14.200000000000001,23.400000000000002,0.04,-0.04
121162,693263,54.630357,-8.43865,0.,1,-99999,35.,-0.55,14.200000000000001,23.3,0.04,-0.04
121162,693322,54.630343,-8.438585,0.,1,-99999,35.,-0.55,14.200000000000001,23.400000000000002,0.04,-0.04
121162,693753,54.630325,-8.438593,0.,1,-99999,35.,-0.55,14.200000000000001,23.3,0.04,-0.04
121162,694232,54.63039,-8.438678,0.,1,-99999,35.,-0.55,14.200000000000001,23.3,0.04,-0.04
121162,694715,54.630477,-8.438762,0.,1,-99999,35.,-0.55,14.200000000000001,23.3,0.04,-0.04
121162,694752,54.630422,-8.438607,0.,1,-99999,35.,-0.55,14.200000000000001,23.3,0.04,-0.04
121162,695140,54.63041,-8.438677,0.,1,-99999,35.,-0.55,14.200000000000001,23.3,0.04,-0.04
121162,695661,54.630465,-8.438583,0.,1,-99999,35.,-0.55,14.200000000000001,23.3,0.04,-0.04
121162,696051,54.630403,-8.438592,0.,1,-99999,35.,-0.55,14.200000000000001,23.3,0.04,-0.04
121162,696225,54.630415,-8.438597,0.,1,-99999,35.,-0.55,14.200000000000001,23.3,0.04,-0.04
121162,696621,54.630432,-8.438652,0.,1,-99999,35.,-0.55,14.200000000000001,23.3,0.04,-0.04
121162,696969,54.630443,-8.438662,0.,1,-99999,35.,-0.55,14.200000000000001,23.3,0.04,-0.04
121162,697600,54.630427,-8.438653,0.,1,-99999,35.,-0.55,14.200000000000001,23.200000000000003,0.04,-0.04
121162,697684,54.630432,-8.438612,0.,1,-99999,35.,-0.55,14.200000000000001,23.200000000000003,0.04,-0.04
121162,697871,54.630432,-8.438653,0.1,1,-99999,35.,-0.55,14.200000000000001,23.200000000000003,0.04,-0.04
121162,698524,54.630417,-8.438603,0.,1,-99999,35.,-0.55,14.200000000000001,23.200000000000003,0.04,-0.04
121162,698790,54.630392,-8.43855,0.,1,-99999,35.,-0.55,14.200000000000001,23.200000000000003,0.04,-0.04
121162,699470,54.630425,-8.438623,0.,1,-99999,35.,-0.55,14.200000000000001,23.200000000000003,0.04,-0.04
121162,699702,54.630422,-8.438623,0.,1,-99999,35.,-0.55,14.200000000000001,23.200000000000003,0.04,-0.04
121162,699890,54.630417,-8.438647,0.,1,-99999,35.,-0.55,14.200000000000001,23.200000000000003,0.04,-0.04
121162,700422,54.630358,-8.43862,0.,1,-99999,35.,-0.55,14.200000000000001,23.200000000000003,0.04,-0.04
121162,700902,54.630392,-8.438607,0.,1,-99999,35.,-0.55,14.200000000000001,23.200000000000003,0.04,-0.04
121162,701380,54.63042,-8.438582,0.,1,-99999,35.,-0.55,14.200000000000001,23.1,0.04,-0.04
121162,701811,54.630395,-8.438602,0.,1,-99999,35.,-0.55,14.200000000000001,23.1,0.04,-0.04
121162,702123,54.630517,-8.438677,0.,1,-99999,35.,-0.55,14.200000000000001,23.1,0.04,-0.04
121162,702331,54.630418,-8.438628,0.,1,-99999,35.,-0.55,14.200000000000001,23.1,0.04,-0.04
121162,702712,54.630405,-8.438638,0.,1,-99999,35.,-0.55,14.200000000000001,23.1,0.04,-0.04
121162,703291,54.630368,-8.438653,0.1,1,-99999,35.,-0.55,14.200000000000001,23.1,0.04,-0.04
121162,703621,54.63037,-8.43858,0.,1,-99999,35.,-0.55,14.200000000000001,23.1,0.04,-0.04
121162,703645,54.630382,-8.438572,0.,1,-99999,35.,-0.55,14.200000000000001,23.1,0.04,-0.04
121162,704240,54.630433,-8.438623,0.1,1,-99999,35.,-0.55,14.200000000000001,23.1,0.04,-0.04
121162,704822,54.630558,-8.438852,0.,1,-99999,35.,-0.55,14.200000000000001,23.,0.04,-0.04
121162,705196,54.630492,-8.438733,0.,1,-99999,35.,-0.55,14.200000000000001,23.,0.04,-0.04
121162,705730,54.630637,-8.438678,0.,1,-99999,35.,-0.55,14.200000000000001,23.,0.04,-0.04
121162,706152,54.630425,-8.438677,0.,1,-99999,35.,-0.55,14.200000000000001,23.,0.04,-0.04
121162,706583,54.630427,-8.438645,0.,1,-99999,35.,-0.55,14.200000000000001,23.,0.04,-0.04
121162,706641,54.630477,-8.43861,0.,1,-99999,35.,-0.55,14.200000000000001,23.,0.04,-0.04
121162,707102,54.630498,-8.438568,0.,1,-99999,35.,-0.55,14.200000000000001,23.,0.04,-0.04
121162,707542,54.63045,-8.43862,0.,1,-99999,35.,-0.55,14.200000000000001,23.,0.04,-0.04
121162,708051,54.630412,-8.4386,0.,1,-99999,35.,-0.55,14.200000000000001,23.,0.04,-0.04
121162,708462,54.630347,-8.438635,0.,1,-99999,35.,-0.55,14.200000000000001,23.,0.04,-0.04
121162,708804,54.630372,-8.438562,0.,1,-99999,35.,-0.55,14.200000000000001,23.,0.04,-0.04
121162,709001,54.630387,-8.4386,0.,1,-99999,35.,-0.55,14.200000000000001,22.900000000000002,0.04,-0.04
121162,709661,54.630362,-8.438598,0.,1,-99999,35.,-0.54,14.200000000000001,22.900000000000002,0.04,-0.04
121162,709961,54.63038,-8.438688,0.,1,-99999,35.,-0.54,14.200000000000001,22.900000000000002,0.04,-0.04
121162,710273,54.630387,-8.438682,0.,1,-99999,35.,-0.54,14.200000000000001,22.900000000000002,0.04,-0.04
121162,710570,54.630387,-8.438593,0.,1,-99999,35.,-0.54,14.200000000000001,22.900000000000002,0.04,-0.04
121162,710912,54.630362,-8.438598,0.,1,-99999,35.,-0.54,14.200000000000001,22.900000000000002,0.04,-0.04
121162,711481,54.63041,-8.438627,0.,1,-99999,35.,-0.54,14.200000000000001,22.900000000000002,0.04,-0.04
121162,711732,54.630337,-8.438602,0.,1,-99999,35.,-0.54,14.200000000000001,22.900000000000002,0.04,-0.04
121162,711861,54.630247,-8.438587,0.,1,-99999,35.,-0.54,14.200000000000001,22.900000000000002,0.04,-0.04
121162,712382,54.630433,-8.438658,0.,1,-99999,35.,-0.54,14.200000000000001,22.900000000000002,0.04,-0.04
121162,712812,54.630417,-8.43862,0.1,1,-99999,35.,-0.54,14.200000000000001,22.8,0.04,-0.04
121162,713209,54.6304,-8.438622,0.,1,-99999,35.,-0.54,14.200000000000001,22.8,0.04,-0.04
121162,713292,54.630372,-8.438613,0.,1,-99999,35.,-0.54,14.200000000000001,22.8,0.04,-0.04
121162,713762,54.63038,-8.43862,0.,1,-99999,35.,-0.54,14.200000000000001,22.8,0.04,-0.04
121162,714211,54.630467,-8.438665,0.,1,-99999,35.,-0.54,14.200000000000001,22.8,0.04,-0.04
121162,714676,54.630372,-8.438617,0.,1,-99999,35.,-0.54,14.200000000000001,22.8,0.04,-0.04
121162,714710,54.630343,-8.438665,0.,1,-99999,35.,-0.54,14.200000000000001,22.8,0.04,-0.04
121162,715120,54.63038,-8.438648,0.,1,-99999,35.,-0.54,14.200000000000001,22.8,0.04,-0.04
121162,715672,54.630417,-8.438587,0.,1,-99999,35.,-0.54,14.200000000000001,22.8,0.03,-0.04
121162,716031,54.630405,-8.438583,0.,1,-99999,35.,-0.54,14.200000000000001,22.8,0.03,-0.04
121162,716135,54.63041,-8.438617,0.,1,-99999,35.,-0.54,14.200000000000001,22.8,0.03,-0.04
121162,716630,54.630447,-8.438728,0.,1,-99999,35.,-0.54,14.200000000000001,22.700000000000003,0.03,-0.04
121162,716953,54.63042,-8.43863,0.,1,-99999,35.,-0.54,14.200000000000001,22.700000000000003,0.03,-0.04
121162,717594,54.630428,-8.438632,0.1,1,-99999,35.,-0.54,14.200000000000001,22.700000000000003,0.03,-0.04
121162,717597,54.630427,-8.438632,0.,1,-99999,35.,-0.54,14.200000000000001,22.700000000000003,0.03,-0.04
121162,717862,54.630417,-8.438557,0.,1,-99999,35.,-0.54,14.200000000000001,22.700000000000003,0.03,-0.04
121162,718531,54.630527,-8.438725,0.,1,-99999,35.,-0.54,14.200000000000001,22.700000000000003,0.03,-0.04
121162,718771,54.630657,-8.438765,0.,1,-99999,35.,-0.54,14.200000000000001,22.700000000000003,0.03,-0.04
121162,719065,54.630667,-8.438912,0.,1,-99999,35.,-0.54,14.200000000000001,22.700000000000003,0.03,-0.04
121162,719481,54.630417,-8.438658,0.,1,-99999,35.,-0.54,14.200000000000001,22.700000000000003,0.03,-0.04
121162,719680,54.63041,-8.438628,0.,1,-99999,35.,-0.54,14.200000000000001,22.700000000000003,0.03,-0.04
121162,720421,54.630357,-8.438612,0.1,1,-99999,35.,-0.54,14.200000000000001,22.6,0.03,-0.04
121162,720527,54.630382,-8.438595,0.,1,-99999,35.,-0.54,14.200000000000001,22.6,0.03,-0.04
121162,721365,54.63042,-8.438568,0.,1,-99999,35.,-0.54,14.200000000000001,22.6,0.03,-0.04
121162,721502,54.630417,-8.438633,0.,1,-99999,35.,-0.54,14.200000000000001,22.6,0.03,-0.04
121162,722033,54.630352,-8.438582,0.,1,-99999,35.,-0.54,14.200000000000001,22.6,0.03,-0.04
121162,722310,54.630402,-8.438643,0.,1,-99999,35.,-0.54,14.200000000000001,22.6,0.03,-0.04
121162,723261,54.630412,-8.438593,0.,1,-99999,35.,-0.54,14.200000000000001,22.6,0.03,-0.04
121162,723313,54.630407,-8.438578,0.1,1,-99999,35.,-0.54,14.200000000000001,22.6,0.03,-0.04
121162,723535,54.630397,-8.438592,0.,1,-99999,35.,-0.54,14.200000000000001,22.6,0.03,-0.04
121162,724221,54.63041,-8.438593,0.1,1,-99999,35.,-0.54,14.200000000000001,22.6,0.03,-0.04
121162,725006,54.630432,-8.438597,0.,1,-99999,35.,-0.54,14.200000000000001,22.5,0.03,-0.04
121162,725123,54.63046,-8.43861,0.,1,-99999,35.,-0.54,14.200000000000001,22.5,0.03,-0.04
121162,725180,54.630393,-8.438567,0.1,1,-99999,35.,-0.54,14.200000000000001,22.5,0.03,-0.04
121162,726031,54.630417,-8.438625,0.,1,-99999,35.,-0.54,14.200000000000001,22.5,0.03,-0.04
121162,726120,54.630413,-8.438563,0.,1,-99999,35.,-0.54,14.200000000000001,22.5,0.03,-0.04
121162,726453,54.630457,-8.438732,0.,1,-99999,35.,-0.54,14.200000000000001,22.5,0.03,-0.04
121162,727040,54.63041,-8.438662,0.,1,-99999,35.,-0.54,14.200000000000001,22.5,0.03,-0.04
121162,727241,54.63041,-8.438598,0.,1,-99999,35.,-0.54,14.200000000000001,22.5,0.03,-0.04
121162,727942,54.630383,-8.43857,0.,1,-99999,35.,-0.54,14.200000000000001,22.5,0.03,-0.04
121162,727964,54.630372,-8.438572,0.,1,-99999,35.,-0.54,14.200000000000001,22.5,0.03,-0.04
121162,728150,54.630468,-8.438552,0.,1,-99999,35.,-0.54,14.200000000000001,22.5,0.03,-0.04
121162,728890,54.630357,-8.438625,0.,1,-99999,35.,-0.54,14.200000000000001,22.400000000000002,0.03,-0.04
121162,729052,54.630422,-8.438587,0.,1,-99999,35.,-0.54,14.200000000000001,22.400000000000002,0.03,-0.04
121162,729851,54.630672,-8.438767,0.,1,-99999,35.,-0.54,14.200000000000001,22.400000000000002,0.03,-0.04
121162,729960,54.630655,-8.438697,0.,1,-99999,35.,-0.54,14.200000000000001,22.400000000000002,0.03,-0.04
121162,730181,54.630567,-8.43871,0.,1,-99999,35.,-0.54,14.200000000000001,22.400000000000002,0.03,-0.04
121162,730801,54.63044,-8.438568,0.,1,-99999,35.,-0.54,14.200000000000001,22.400000000000002,0.03,-0.04
121162,730861,54.63041,-8.438545,0.,1,-99999,35.,-0.54,14.200000000000001,22.400000000000002,0.03,-0.04
121162,731686,54.630407,-8.438577,0.,1,-99999,35.,-0.54,14.200000000000001,22.400000000000002,0.03,-0.04
121162,731742,54.630403,-8.438583,0.,1,-99999,35.,-0.54,14.200000000000001,22.400000000000002,0.03,-0.04
121162,732062,54.630403,-8.438552,0.,1,-99999,35.,-0.54,14.200000000000001,22.400000000000002,0.03,-0.04
121162,732693,54.630403,-8.438602,0.,1,-99999,35.,-0.54,14.200000000000001,22.3,0.03,-0.04
121162,732971,54.630398,-8.438607,0.1,1,-99999,35.,-0.54,14.200000000000001,22.3,0.03,-0.04
121162,733145,54.630447,-8.4386,0.,1,-99999,35.,-0.54,14.200000000000001,22.3,0.03,-0.04
121162,733641,54.630368,-8.438557,0.1,1,-99999,35.,-0.54,14.200000000000001,22.3,0.03,-0.04
121162,733892,54.630405,-8.438603,0.1,1,-99999,35.,-0.54,14.200000000000001,22.3,0.03,-0.04
121162,734596,54.630435,-8.438588,0.1,1,-99999,35.,-0.54,14.200000000000001,22.3,0.03,-0.04
121162,734653,54.63044,-8.438667,0.,1,-99999,35.,-0.54,14.200000000000001,22.3,0.03,-0.04
121162,734794,54.630395,-8.43865,0.,1,-99999,35.,-0.54,14.200000000000001,22.3,0.03,-0.04
121162,735541,54.630425,-8.438613,0.,1,-99999,35.,-0.54,14.200000000000001,22.3,0.03,-0.04
121162,735710,54.630423,-8.438587,0.,1,-99999,35.,-0.54,14.200000000000001,22.3,0.03,-0.04
121162,736113,54.63044,-8.438592,0.,1,-99999,35.,-0.54,14.200000000000001,22.200000000000003,0.03,-0.04
121162,736490,54.630413,-8.438587,0.,1,-99999,35.,-0.54,14.200000000000001,22.200000000000003,0.03,-0.04
121162,736911,54.63043,-8.43858,0.,1,-99999,35.,-0.54,14.200000000000001,22.200000000000003,0.03,-0.04
121162,737450,54.630387,-8.438655,0.1,1,-99999,35.,-0.54,14.200000000000001,22.200000000000003,0.03,-0.04
121162,737591,54.630382,-8.438607,0.,1,-99999,35.,-0.54,14.200000000000001,22.200000000000003,0.03,-0.04
121162,738119,54.63036,-8.438598,0.,1,-99999,35.,-0.54,14.200000000000001,22.200000000000003,0.03,-0.03
121162,738411,54.630385,-8.438575,0.,1,-99999,35.,-0.54,14.200000000000001,22.200000000000003,0.03,-0.03
121162,739031,54.630405,-8.438597,0.,1,-99999,35.,-0.54,14.200000000000001,22.200000000000003,0.03,-0.03
121162,739048,54.63041,-8.438612,0.,1,-99999,35.,-0.54,14.200000000000001,22.200000000000003,0.03,-0.03
121162,739361,54.63042,-8.438577,0.1,1,-99999,35.,-0.54,14.200000000000001,22.200000000000003,0.03,-0.03
121162,739940,54.630387,-8.438612,0.,1,-99999,35.,-0.54,14.200000000000001,22.1,0.03,-0.03
121162,739953,54.630387,-8.438617,0.,1,-99999,35.,-0.54,14.200000000000001,22.1,0.03,-0.03
121162,740312,54.630422,-8.438607,0.,1,-99999,35.,-0.54,14.200000000000001,22.1,0.03,-0.03
121162,740851,54.63042,-8.438683,0.,1,-99999,35.,-0.54,14.200000000000001,22.1,0.03,-0.03
121162,741271,54.630418,-8.438635,0.,1,-99999,35.,-0.54,14.200000000000001,22.1,0.03,-0.03
121162,741743,54.630417,-8.438627,0.,1,-99999,35.,-0.54,14.200000000000001,22.1,0.03,-0.03
121162,741761,54.630428,-8.438642,0.,1,-99999,35.,-0.54,14.200000000000001,22.1,0.03,-0.03
121162,742190,54.630413,-8.438612,0.,1,-99999,35.,-0.54,14.200000000000001,22.1,0.03,-0.03
121162,742673,54.630417,-8.438602,0.,1,-99999,35.,-0.54,14.200000000000001,22.1,0.03,-0.03
121162,743161,54.63042,-8.438572,0.,1,-99999,35.,-0.54,14.200000000000001,22.1,0.03,-0.03
121162,743339,54.630422,-8.438582,0.,1,-99999,35.,-0.54,14.200000000000001,22.1,0.03,-0.03
121162,743870,54.63041,-8.438612,0.1,1,-99999,35.,-0.54,14.200000000000001,22.,0.03,-0.03
121162,744120,54.630405,-8.438617,0.,1,-99999,35.,-0.54,14.200000000000001,22.,0.03,-0.03
121162,744772,54.63041,-8.43862,0.,1,-99999,35.,-0.54,14.200000000000001,22.,0.03,-0.03
121162,744970,54.630458,-8.438702,0.,1,-99999,35.,-0.54,14.200000000000001,22.,0.03,-0.03
121162,745073,54.630425,-8.43865,0.,1,-99999,35.,-0.54,14.200000000000001,22.,0.03,-0.03
121162,745627,54.630422,-8.438667,0.,1,-99999,35.,-0.54,14.200000000000001,22.,0.03,-0.03
121162,745971,54.630448,-8.438657,0.,1,-99999,35.,-0.54,14.200000000000001,22.,0.03,-0.03
121162,746031,54.63042,-8.43863,0.1,1,-99999,35.,-0.54,14.200000000000001,22.,0.03,-0.03
121162,746882,54.630433,-8.438628,0.,1,-99999,35.,-0.54,14.200000000000001,22.,0.03,-0.03
121162,746982,54.63044,-8.438635,0.,1,-99999,35.,-0.54,14.200000000000001,22.,0.03,-0.03
121162,747085,54.63042,-8.438635,0.,1,-99999,35.,-0.54,14.200000000000001,22.,0.03,-0.03
121162,747790,54.630363,-8.43859,0.1,1,-99999,35.,-0.54,14.200000000000001,21.900000000000002,0.03,-0.03
121162,747931,54.630433,-8.438623,0.,1,-99999,35.,-0.54,14.200000000000001,21.900000000000002,0.03,-0.03
121162,748702,54.630352,-8.43862,0.,1,-99999,35.,-0.54,14.200000000000001,21.900000000000002,0.03,-0.03
121162,748879,54.63041,-8.438628,0.1,1,-99999,35.,-0.54,14.200000000000001,21.900000000000002,0.03,-0.03
121162,749267,54.630527,-8.438517,0.,1,-99999,35.,-0.54,14.200000000000001,21.900000000000002,0.03,-0.03
121162,749611,54.630415,-8.438557,0.,1,-99999,35.,-0.54,14.200000000000001,21.900000000000002,0.03,-0.03
121162,749822,54.630413,-8.438592,0.,1,-99999,35.,-0.54,14.200000000000001,21.900000000000002,0.03,-0.03
121162,750520,54.63041,-8.438643,0.,1,-99999,35.,-0.54,14.200000000000001,21.900000000000002,0.03,-0.03
121162,750726,54.63035,-8.438647,0.,1,-99999,35.,-0.54,14.200000000000001,21.900000000000002,0.03,-0.03
121162,750770,54.630387,-8.438577,0.,1,-99999,35.,-0.54,14.200000000000001,21.900000000000002,0.03,-0.03
121162,751421,54.63039,-8.438612,0.,1,-99999,35.,-0.54,14.3,21.8,0.03,-0.03
121162,751711,54.630388,-8.438587,0.,1,-99999,35.,-0.54,14.3,21.8,0.03,-0.03
121162,752322,54.63041,-8.43862,0.1,1,-99999,35.,-0.54,14.3,21.8,0.03,-0.03
121162,752652,54.630447,-8.438617,0.,1,-99999,35.,-0.54,14.3,21.8,0.03,-0.03
121162,753241,54.63044,-8.438663,0.,1,-99999,35.,-0.54,14.3,21.8,0.03,-0.03
121162,753601,54.630428,-8.438647,0.,1,-99999,35.,-0.54,14.3,21.8,0.03,-0.03
121162,753635,54.630417,-8.438637,0.,1,-99999,35.,-0.54,14.3,21.8,0.03,-0.03
121162,754152,54.630382,-8.438633,0.,1,-99999,35.,-0.54,14.3,21.8,0.03,-0.03
121162,754540,54.630435,-8.438632,0.,1,-99999,35.,-0.54,14.3,21.8,0.03,-0.03
121162,755060,54.630387,-8.438618,0.,1,-99999,35.,-0.54,14.3,21.8,0.03,-0.03
121162,755106,54.630402,-8.438597,0.,1,-99999,35.,-0.54,14.3,21.8,0.03,-0.03
121162,755481,54.630405,-8.438578,0.,1,-99999,35.,-0.54,14.3,21.700000000000003,0.03,-0.03
121162,755984,54.630403,-8.43861,0.,1,-99999,35.,-0.54,14.3,21.700000000000003,0.03,-0.03
121162,756431,54.63041,-8.438617,0.,1,-99999,35.,-0.54,14.3,21.700000000000003,0.03,-0.03
121162,756585,54.63039,-8.438615,0.,1,-99999,35.,-0.54,14.3,21.700000000000003,0.03,-0.03
121162,756890,54.630383,-8.438673,0.,1,-99999,35.,-0.54,14.3,21.700000000000003,0.03,-0.03
121162,757341,54.630392,-8.438628,0.1,1,-99999,35.,-0.54,14.3,21.700000000000003,0.03,-0.03
121162,757802,54.63041,-8.438568,0.,1,-99999,35.,-0.54,14.3,21.700000000000003,0.03,-0.03
121162,758054,54.630372,-8.438582,0.,1,-99999,35.,-0.54,14.3,21.700000000000003,0.03,-0.03
121162,758293,54.630415,-8.438622,0.,1,-99999,35.,-0.54,14.3,21.700000000000003,0.03,-0.03
121162,758722,54.630405,-8.438548,0.,1,-99999,35.,-0.54,14.3,21.700000000000003,0.03,-0.03
121162,759251,54.630415,-8.438595,0.,1,-99999,35.,-0.54,14.3,21.6,0.03,-0.03
121162,759523,54.630332,-8.43855,0.,1,-99999,35.,-0.54,14.3,21.6,0.03,-0.03
121162,759630,54.630345,-8.438553,0.1,1,-99999,35.,-0.54,14.3,21.6,0.03,-0.03
121162,760202,54.630413,-8.438528,0.,1,-99999,35.,-0.54,14.3,21.6,0.03,-0.03
121162,760830,54.630487,-8.438622,0.1,1,-99999,35.,-0.54,14.3,21.6,0.03,-0.03
121162,760981,54.63047,-8.438647,0.,1,-99999,35.,-0.54,14.3,21.6,0.03,-0.03
121162,761151,54.630777,-8.439142,0.1,1,-99999,35.,-0.54,14.3,21.6,0.03,-0.03
121162,761748,54.630422,-8.438582,0.,1,-99999,35.,-0.54,14.3,21.6,0.03,-0.03
121162,762074,54.630418,-8.438607,0.,1,-99999,35.,-0.54,14.3,21.6,0.03,-0.03
121162,762431,54.630417,-8.438645,0.,1,-99999,35.,-0.54,14.3,21.6,0.03,-0.03
121162,762651,54.63041,-8.438597,0.,1,-99999,35.,-0.54,14.3,21.6,0.03,-0.03
121162,763040,54.630362,-8.438613,0.,1,-99999,35.,-0.54,14.3,21.5,0.03,-0.03
121162,763852,54.630505,-8.438618,0.1,1,-99999,35.,-0.54,14.3,21.5,0.03,-0.03
121162,763931,54.630402,-8.438565,0.,1,-99999,35.,-0.54,14.3,21.5,0.03,-0.03
121162,763991,54.630462,-8.43864,0.,1,-99999,35.,-0.54,14.3,21.5,0.03,-0.03
121162,764761,54.630368,-8.438598,0.,1,-99999,35.,-0.54,14.3,21.5,0.03,-0.03
121162,764961,54.630572,-8.438767,0.1,1,-99999,35.,-0.54,14.3,21.5,0.03,-0.03
121162,765408,54.63041,-8.438595,0.,1,-99999,35.,-0.54,14.3,21.5,0.03,-0.03
121162,765665,54.630395,-8.438625,0.1,1,-99999,35.,-0.54,14.3,21.5,0.03,-0.03
121162,765900,54.630403,-8.438558,0.,1,-99999,35.,-0.54,14.3,21.5,0.03,-0.03
121162,766572,54.63047,-8.43865,0.,1,-99999,35.,-0.54,14.3,21.5,0.03,-0.03
121162,766842,54.630467,-8.438647,0.1,1,-99999,35.,-0.54,14.3,21.400000000000002,0.03,-0.03
121162,766873,54.63045,-8.438635,0.,1,-99999,35.,-0.54,14.3,21.400000000000002,0.03,-0.03
121162,767481,54.63042,-8.438573,0.,1,-99999,35.,-0.54,14.3,21.400000000000002,0.03,-0.03
121162,767781,54.630417,-8.43862,0.1,1,-99999,35.,-0.54,14.3,21.400000000000002,0.03,-0.03
121162,768323,54.630417,-8.438615,0.,1,-99999,35.,-0.54,14.3,21.400000000000002,0.03,-0.03
121162,768382,54.630433,-8.438625,0.,1,-99999,35.,-0.54,14.3,21.400000000000002,0.03,-0.03
121162,768730,54.630428,-8.43858,0.,1,-99999,35.,-0.54,14.3,21.400000000000002,0.03,-0.03
121162,769301,54.630432,-8.438598,0.,1,-99999,35.,-0.54,14.3,21.400000000000002,0.03,-0.03
121162,769691,54.63045,-8.438692,0.,1,-99999,35.,-0.54,14.3,21.400000000000002,0.03,-0.03
121162,769793,54.630402,-8.438635,0.,1,-99999,35.,-0.54,14.3,21.400000000000002,0.03,-0.03
121162,770221,54.630438,-8.438668,0.,1,-99999,35.,-0.54,14.3,21.400000000000002,0.03,-0.03
121162,770631,54.630482,-8.438718,0.,1,-99999,35.,-0.54,14.3,21.3,0.03,-0.03
121162,771123,54.630543,-8.43869,0.,1,-99999,35.,-0.54,14.3,21.3,0.03,-0.03
121162,771308,54.630482,-8.438647,0.,1,-99999,35.,-0.54,14.3,21.3,0.03,-0.03
121162,771625,54.630553,-8.438725,0.,1,-99999,35.,-0.54,14.3,21.3,0.03,-0.03
121162,772324,54.630392,-8.438588,0.,1,-99999,35.,-0.54,14.3,21.3,0.03,-0.03
121162,772550,54.630405,-8.438528,0.1,1,-99999,35.,-0.54,14.3,21.3,0.03,-0.03
121162,772853,54.630442,-8.438617,0.,1,-99999,35.,-0.54,14.3,21.3,0.03,-0.03
121162,773230,54.630425,-8.438603,0.1,1,-99999,35.,-0.54,14.3,21.3,0.03,-0.03
121162,773500,54.63042,-8.438568,0.,1,-99999,35.,-0.54,14.3,21.3,0.03,-0.03
121162,774150,54.63043,-8.43865,0.,1,-99999,35.,-0.54,14.3,21.3,0.03,-0.03
121162,774353,54.630367,-8.43858,0.,1,-99999,35.,-0.54,14.3,21.3,0.03,-0.03
121162,774432,54.630337,-8.438527,0.,1,-99999,35.,-0.54,14.3,21.3,0.03,-0.03
121162,775060,54.630403,-8.438563,0.,1,-99999,35.,-0.54,14.3,21.200000000000003,0.03,-0.03
121162,775391,54.630422,-8.438618,0.,1,-99999,35.,-0.54,14.3,21.200000000000003,0.03,-0.03
121162,775970,54.630425,-8.438517,0.1,1,-99999,35.,-0.54,14.3,21.200000000000003,0.03,-0.03
121162,776351,54.630387,-8.438538,0.,1,-99999,35.,-0.54,14.3,21.200000000000003,0.03,-0.03
121162,776541,54.630392,-8.438525,0.,1,-99999,35.,-0.54,14.3,21.200000000000003,0.03,-0.03
121162,776881,54.630398,-8.438577,0.,1,-99999,35.,-0.54,14.3,21.200000000000003,0.03,-0.03
121162,777281,54.630442,-8.438582,0.1,1,-99999,35.,-0.54,14.3,21.200000000000003,0.03,-0.03
121162,777301,54.630415,-8.438558,0.1,1,-99999,35.,-0.54,14.3,21.200000000000003,0.03,-0.03
121162,777790,54.630488,-8.43866,0.1,1,-99999,35.,-0.54,14.3,21.200000000000003,0.03,-0.03
121162,777994,54.630317,-8.438515,0.,1,-99999,35.,-0.54,14.3,21.200000000000003,0.03,-0.03
121162,778261,54.630398,-8.438547,0.,1,-99999,35.,-0.54,14.3,21.200000000000003,0.03,-0.03
121162,778701,54.63035,-8.43849,0.1,1,-99999,35.,-0.54,14.3,21.200000000000003,0.03,-0.03
121162,779241,54.630302,-8.43877,0.,1,-99999,35.,-0.54,14.3,21.1,0.03,-0.03
121162,779474,54.630432,-8.438647,0.,1,-99999,35.,-0.54,14.3,21.1,0.03,-0.03
121162,779612,54.630252,-8.438648,0.1,1,-99999,35.,-0.54,14.3,21.1,0.03,-0.03
121162,780190,54.630548,-8.438597,0.1,1,-99999,35.,-0.54,14.3,21.1,0.03,-0.03
121162,780532,54.630423,-8.43858,0.,1,-99999,35.,-0.54,14.3,21.1,0.03,-0.03
121162,780926,54.63044,-8.438612,0.,1,-99999,35.,-0.54,14.3,21.1,0.03,-0.03
121162,781141,54.630455,-8.438763,0.,1,-99999,35.,-0.54,14.3,21.1,0.03,-0.03
121162,781441,54.630477,-8.438667,0.,1,-99999,35.,-0.54,14.3,21.1,0.03,-0.03
121162,782061,54.6304,-8.438605,0.,1,-99999,35.,-0.54,14.3,21.1,0.03,-0.03
121162,782351,54.630398,-8.438607,0.,1,-99999,35.,-0.54,14.3,21.,0.03,-0.03
121162,782435,54.630382,-8.438652,0.,1,-99999,35.,-0.54,14.3,21.,0.03,-0.03
121162,782671,54.630443,-8.438718,0.,1,-99999,35.,-0.54,14.3,21.,0.03,-0.03
121162,783021,54.630403,-8.438613,0.,1,-99999,35.,-0.54,14.3,21.,0.03,-0.03
121162,783263,54.63042,-8.438623,0.,1,-99999,35.,-0.54,14.3,21.,0.03,-0.03
121162,783914,54.630395,-8.438662,0.,1,-99999,35.,-0.54,14.3,21.,0.03,-0.03
121162,783980,54.63042,-8.438675,0.,1,-99999,35.,-0.54,14.3,21.,0.03,-0.03
121162,784181,54.630412,-8.43859,0.1,1,-99999,35.,-0.54,14.3,21.,0.03,-0.03
121162,784931,54.630428,-8.438628,0.,1,-99999,35.,-0.54,14.3,21.,0.03,-0.03
121162,785392,54.630427,-8.438632,0.,1,-99999,35.,-0.54,14.3,21.,0.03,-0.03
121162,785414,54.630427,-8.438632,0.,1,-99999,35.,-0.54,14.3,21.,0.03,-0.03
121162,785907,54.630417,-8.438652,0.,1,-99999,35.,-0.54,14.3,21.,0.03,-0.03
121162,786301,54.630428,-8.43864,0.,1,-99999,35.,-0.54,14.3,20.900000000000002,0.03,-0.03
121162,786851,54.630428,-8.438652,0.,1,-99999,35.,-0.54,14.3,20.900000000000002,0.03,-0.03
121162,787232,54.630417,-8.438623,0.,1,-99999,35.,-0.54,14.3,20.900000000000002,0.03,-0.03
121162,787724,54.630402,-8.438615,0.,1,-99999,35.,-0.54,14.3,20.900000000000002,0.03,-0.03
121162,787804,54.630393,-8.438592,0.,1,-99999,35.,-0.54,14.3,20.900000000000002,0.03,-0.03
121162,788151,54.630373,-8.438588,0.,1,-99999,35.,-0.54,14.3,20.900000000000002,0.03,-0.03
121162,788755,54.630387,-8.43863,0.1,1,-99999,35.,-0.54,14.3,20.900000000000002,0.03,-0.03
121162,789061,54.630327,-8.438545,0.1,1,-99999,35.,-0.54,14.3,20.900000000000002,0.03,-0.03
121162,789206,54.63044,-8.43858,0.,1,-99999,35.,-0.54,14.3,20.900000000000002,0.03,-0.03
121162,789701,54.630392,-8.438613,0.,1,-99999,35.,-0.54,14.3,20.900000000000002,0.03,-0.03
121162,789970,54.630402,-8.438668,0.1,1,-99999,35.,-0.54,14.3,20.8,0.03,-0.03
121162,790651,54.630478,-8.438715,0.,1,-99999,35.,-0.54,14.3,20.8,0.03,-0.03
121162,790663,54.630417,-8.438607,0.,1,-99999,35.,-0.54,14.3,20.8,0.03,-0.03
121162,790881,54.630458,-8.438673,0.,1,-99999,35.,-0.54,14.3,20.8,0.03,-0.03
121162,791614,54.630412,-8.438578,0.1,1,-99999,35.,-0.54,14.3,20.8,0.03,-0.03
121162,791790,54.630595,-8.4388,0.,1,-99999,35.,-0.54,14.3,20.8,0.03,-0.03
121162,792571,54.630458,-8.438658,0.,1,-99999,35.,-0.54,14.3,20.8,0.03,-0.03
121162,792695,54.630463,-8.438598,0.,1,-99999,35.,-0.54,14.3,20.8,0.03,-0.03
121162,792843,54.6305,-8.43861,0.,1,-99999,35.,-0.54,14.3,20.8,0.03,-0.03
121162,793530,54.630447,-8.438587,0.1,1,-99999,35.,-0.54,14.3,20.8,0.03,-0.03
121162,793601,54.630415,-8.438552,0.,1,-99999,35.,-0.54,14.3,20.8,0.03,-0.03
121162,794461,54.63041,-8.438612,0.,1,-99999,35.,-0.54,14.3,20.700000000000003,0.03,-0.03
121162,794511,54.63044,-8.438638,0.,1,-99999,35.,-0.54,14.3,20.700000000000003,0.03,-0.03
121162,795421,54.630407,-8.438612,0.1,1,-99999,35.,-0.54,14.3,20.700000000000003,0.03,-0.03
121162,795440,54.630417,-8.438627,0.,1,-99999,35.,-0.54,14.3,20.700000000000003,0.03,-0.03
121162,795766,54.630345,-8.43862,0.,1,-99999,35.,-0.54,14.3,20.700000000000003,0.02,-0.03
121162,796341,54.630403,-8.43866,0.,1,-99999,35.,-0.54,14.3,20.700000000000003,0.02,-0.03
121162,796371,54.630397,-8.43865,0.1,1,-99999,35.,-0.54,14.3,20.700000000000003,0.02,-0.03
121162,797263,54.630373,-8.438617,0.,1,-99999,35.,-0.54,14.3,20.700000000000003,0.02,-0.03
121162,797276,54.630367,-8.438622,0.,1,-99999,35.,-0.54,14.3,20.700000000000003,0.02,-0.03
121162,797320,54.630372,-8.438617,0.,1,-99999,35.,-0.54,14.3,20.700000000000003,0.02,-0.03
121162,798180,54.63038,-8.438665,0.1,1,-99999,35.,-0.54,14.3,20.6,0.02,-0.03
121162,798280,54.630387,-8.438675,0.,1,-99999,35.,-0.54,14.3,20.6,0.02,-0.03
121162,799081,54.630403,-8.438648,0.,1,-99999,35.,-0.54,14.3,20.6,0.02,-0.03
121162,799212,54.630412,-8.438663,0.,1,-99999,35.,-0.54,14.3,20.6,0.02,-0.03
121162,799526,54.630417,-8.438647,0.,1,-99999,35.,-0.54,14.3,20.6,0.02,-0.03
121162,800011,54.630387,-8.438633,0.1,1,-99999,35.,-0.54,14.3,20.6,0.02,-0.03
121162,800172,54.630325,-8.438568,0.,1,-99999,35.,-0.54,14.3,20.6,0.02,-0.03
121162,800975,54.630347,-8.438632,0.,1,-99999,35.,-0.54,14.3,20.6,0.02,-0.03
121162,801221,54.63039,-8.438702,0.,1,-99999,35.,-0.54,14.3,20.6,0.02,-0.03
121162,801271,54.63039,-8.43883,0.,1,-99999,35.,-0.54,14.3,20.5,0.02,-0.03
121162,802131,54.630383,-8.438618,0.,1,-99999,35.,-0.54,14.3,20.5,0.02,-0.03
121162,802232,54.630395,-8.438605,0.,1,-99999,35.,-0.54,14.3,20.5,0.02,-0.03
121162,802437,54.630407,-8.438627,0.,1,-99999,35.,-0.54,14.3,20.5,0.02,-0.03
121162,803046,54.6304,-8.438623,0.,1,-99999,35.,-0.54,14.3,20.5,0.02,-0.03
121162,803180,54.630397,-8.438575,0.,1,-99999,35.,-0.54,14.3,20.5,0.02,-0.03
121162,803946,54.63042,-8.4386,0.,1,-99999,35.,-0.54,14.3,20.5,0.02,-0.03
121162,803962,54.630433,-8.438603,0.,1,-99999,35.,-0.54,14.3,20.5,0.02,-0.03
121162,804122,54.630465,-8.438612,0.1,1,-99999,35.,-0.54,14.3,20.5,0.02,-0.03
121162,804871,54.630675,-8.438762,0.,1,-99999,35.,-0.54,14.3,20.5,0.02,-0.03
121162,805081,54.630678,-8.438823,0.,1,-99999,35.,-0.54,14.3,20.400000000000002,0.02,-0.03
121162,805503,54.630457,-8.438662,0.,1,-99999,35.,-0.54,14.3,20.400000000000002,0.02,-0.03
121162,805781,54.630447,-8.438725,0.,1,-99999,35.,-0.54,14.3,20.400000000000002,0.02,-0.03
121162,806020,54.630408,-8.438658,0.,1,-99999,35.,-0.54,14.3,20.400000000000002,0.02,-0.03
121162,806691,54.630455,-8.438753,0.1,1,-99999,35.,-0.54,14.3,20.400000000000002,0.02,-0.03
121162,806972,54.630442,-8.438617,0.1,1,-99999,35.,-0.54,14.3,20.400000000000002,0.02,-0.03
121162,806985,54.630447,-8.43861,0.,1,-99999,35.,-0.54,14.3,20.400000000000002,0.02,-0.03
121162,807613,54.630398,-8.43861,0.,1,-99999,35.,-0.54,14.3,20.400000000000002,0.02,-0.03
121162,807923,54.630385,-8.43858,0.,1,-99999,35.,-0.54,14.3,20.400000000000002,0.02,-0.03
121162,808513,54.63038,-8.438562,0.,1,-99999,35.,-0.54,14.3,20.400000000000002,0.02,-0.03
121162,808812,54.63041,-8.43862,0.1,1,-99999,35.,-0.54,14.3,20.400000000000002,0.02,-0.03
121162,808881,54.630413,-8.438612,0.1,1,-99999,35.,-0.54,14.3,20.400000000000002,0.02,-0.03
121162,809730,54.63042,-8.438608,0.,1,-99999,35.,-0.54,14.3,20.3,0.02,-0.03
121162,809840,54.630437,-8.438617,0.1,1,-99999,35.,-0.54,14.3,20.3,0.02,-0.03
121162,809972,54.63044,-8.438577,0.,1,-99999,35.,-0.54,14.3,20.3,0.02,-0.03
121162,810640,54.630483,-8.438645,0.,1,-99999,35.,-0.54,14.3,20.3,0.02,-0.03
121162,810791,54.630372,-8.438577,0.1,1,-99999,35.,-0.54,14.3,20.3,0.02,-0.03
121162,811444,54.630465,-8.438677,0.,1,-99999,35.,-0.54,14.3,20.3,0.02,-0.03
121162,811542,54.630405,-8.438618,0.,1,-99999,35.,-0.54,14.3,20.3,0.02,-0.03
121162,811752,54.630418,-8.4386,0.,1,-99999,35.,-0.54,14.3,20.3,0.02,-0.03
121162,812452,54.630437,-8.438642,0.,1,-99999,35.,-0.54,14.3,20.3,0.02,-0.03
121162,812712,54.630472,-8.438655,0.,1,-99999,35.,-0.54,14.3,20.3,0.02,-0.03
121162,812962,54.63042,-8.438605,0.,1,-99999,35.,-0.54,14.3,20.3,0.02,-0.03
121162,813361,54.630447,-8.43869,0.1,1,-99999,35.,-0.54,14.3,20.200000000000003,0.02,-0.03
121162,813669,54.630418,-8.438592,0.,1,-99999,35.,-0.54,14.3,20.200000000000003,0.02,-0.03
121162,814269,54.630397,-8.438573,0.1,1,-99999,35.,-0.54,14.3,20.200000000000003,0.02,-0.03
121162,814564,54.630412,-8.43863,0.,1,-99999,35.,-0.54,14.3,20.200000000000003,0.02,-0.03
121162,814630,54.630405,-8.438662,0.,1,-99999,35.,-0.54,14.3,20.200000000000003,0.02,-0.03
121162,815183,54.630443,-8.438623,0.,1,-99999,35.,-0.54,14.3,20.200000000000003,0.02,-0.03
121162,815571,54.63051,-8.438657,0.1,1,-99999,35.,-0.54,14.3,20.200000000000003,0.02,-0.03
121162,816089,54.630537,-8.438625,0.,1,-99999,35.,-0.54,14.3,20.200000000000003,0.02,-0.03
121162,816094,54.630537,-8.438625,0.,1,-99999,35.,-0.54,14.3,20.200000000000003,0.02,-0.03
121162,816491,54.630488,-8.438625,0.,1,-99999,35.,-0.54,14.3,20.200000000000003,0.02,-0.03
121162,816990,54.630398,-8.438592,0.,1,-99999,35.,-0.54,14.3,20.200000000000003,0.02,-0.03
121162,817441,54.630395,-8.438532,0.,1,-99999,35.,-0.54,14.3,20.1,0.02,-0.03
121162,817604,54.63041,-8.438612,0.,1,-99999,35.,-0.54,14.3,20.1,0.02,-0.03
121162,817901,54.630413,-8.438572,0.,1,-99999,35.,-0.54,14.3,20.1,0.02,-0.03
121162,818391,54.630412,-8.438567,0.1,1,-99999,35.,-0.54,14.3,20.1,0.02,-0.03
121162,818809,54.630395,-8.438598,0.,1,-99999,35.,-0.54,14.3,20.1,0.02,-0.03
121162,819064,54.630395,-8.438617,0.,1,-99999,35.,-0.54,14.3,20.1,0.02,-0.03
121162,819331,54.630417,-8.438642,0.1,1,-99999,35.,-0.54,14.3,20.1,0.02,-0.03
121162,819711,54.630412,-8.438628,0.1,1,-99999,35.,-0.54,14.3,20.1,0.02,-0.03
121162,820290,54.630453,-8.438633,0.,1,-99999,35.,-0.54,14.3,20.1,0.02,-0.03
121162,820522,54.63042,-8.438612,0.,1,-99999,35.,-0.54,14.3,20.1,0.02,-0.03
121162,820921,54.630417,-8.438582,0.,1,-99999,35.,-0.54,14.3,20.1,0.02,-0.03
121162,821240,54.630432,-8.438703,0.1,1,-99999,35.,-0.54,14.3,20.,0.02,-0.03
121162,821830,54.630432,-8.438568,0.,1,-99999,35.,-0.54,14.3,20.,0.02,-0.03
121162,821994,54.630445,-8.438617,0.,1,-99999,35.,-0.54,14.3,20.,0.02,-0.03
121162,822178,54.63039,-8.43858,0.,1,-99999,35.,-0.54,14.3,20.,0.02,-0.03
121162,822731,54.630428,-8.438585,0.,1,-99999,35.,-0.54,14.3,20.,0.02,-0.03
121162,823140,54.630398,-8.438618,0.,1,-99999,35.,-0.54,14.3,20.,0.02,-0.03
121162,823553,54.63041,-8.438622,0.,1,-99999,35.,-0.54,14.3,20.,0.02,-0.03
121162,823644,54.630425,-8.438653,0.,1,-99999,35.,-0.54,14.3,20.,0.02,-0.03
121162,824121,54.630357,-8.438593,0.,1,-99999,35.,-0.54,14.3,20.,0.02,-0.03
121162,824561,54.630385,-8.438548,0.,1,-99999,35.,-0.54,14.3,20.,0.02,-0.03
121162,825062,54.63039,-8.438572,0.,1,-99999,35.,-0.54,14.3,19.900000000000002,0.02,-0.03
121162,825299,54.630407,-8.438592,0.,1,-99999,35.,-0.54,14.3,19.900000000000002,0.02,-0.03
121162,825470,54.630387,-8.438617,0.1,1,-99999,35.,-0.54,14.3,19.900000000000002,0.02,-0.03
121162,826011,54.630428,-8.43861,0.,1,-99999,35.,-0.54,14.3,19.900000000000002,0.02,-0.03
121162,826371,54.63045,-8.438588,0.,1,-99999,35.,-0.54,14.3,19.900000000000002,0.02,-0.03
121162,826971,54.630405,-8.438672,0.,1,-99999,35.,-0.54,14.3,19.900000000000002,0.02,-0.03
121162,827290,54.630405,-8.438677,0.1,1,-99999,35.,-0.54,14.3,19.900000000000002,0.02,-0.03
121162,827923,54.630417,-8.438595,0.,1,-99999,35.,-0.54,14.3,19.900000000000002,0.02,-0.03
121162,828200,54.630417,-8.438605,0.,1,-99999,35.,-0.54,14.3,19.900000000000002,0.02,-0.03
121162,828267,54.630397,-8.438577,0.,1,-99999,35.,-0.54,14.3,19.900000000000002,0.02,-0.03
121162,828872,54.630387,-8.43859,0.,1,-99999,35.,-0.54,14.3,19.8,0.02,-0.03
121162,829101,54.630417,-8.438587,0.,1,-99999,35.,-0.54,14.3,19.8,0.02,-0.03
121162,829783,54.630412,-8.43865,0.,1,-99999,35.,-0.54,14.3,19.8,0.02,-0.03
121162,829811,54.630403,-8.43865,0.1,1,-99999,35.,-0.54,14.3,19.8,0.02,-0.03
121162,830011,54.630415,-8.438635,0.,1,-99999,35.,-0.54,14.3,19.8,0.02,-0.03
121162,830792,54.630398,-8.438573,0.,1,-99999,35.,-0.54,14.3,19.8,0.02,-0.03
121162,830917,54.630417,-8.438668,0.,1,-99999,35.,-0.54,14.3,19.8,0.02,-0.03
121162,831295,54.63044,-8.438672,0.,1,-99999,35.,-0.54,14.3,19.8,0.02,-0.03
121162,831751,54.630443,-8.438678,0.,1,-99999,35.,-0.54,14.3,19.8,0.02,-0.03
121162,831830,54.630392,-8.438578,0.,1,-99999,35.,-0.54,14.3,19.8,0.02,-0.03
121162,832690,54.630433,-8.438643,0.,1,-99999,35.,-0.54,14.3,19.700000000000003,0.02,-0.03
121162,832732,54.630422,-8.438667,0.,1,-99999,35.,-0.54,14.3,19.700000000000003,0.02,-0.03
121162,832764,54.630477,-8.438677,0.,1,-99999,35.,-0.54,14.3,19.700000000000003,0.02,-0.03
121162,833631,54.630395,-8.438632,0.,1,-99999,35.,-0.54,14.3,19.700000000000003,0.02,-0.03
121162,833640,54.630382,-8.438622,0.,1,-99999,35.,-0.54,14.3,19.700000000000003,0.02,-0.03
121162,834552,54.630458,-8.438578,0.,1,-99999,35.,-0.54,14.3,19.700000000000003,0.02,-0.03
121162,834581,54.630432,-8.438598,0.,1,-99999,35.,-0.54,14.3,19.700000000000003,0.02,-0.03
121162,835015,54.630577,-8.438607,0.,1,-99999,35.,-0.54,14.3,19.700000000000003,0.02,-0.03
121162,835471,54.63047,-8.438577,0.1,1,-99999,35.,-0.54,14.3,19.700000000000003,0.02,-0.03
121162,835532,54.630498,-8.438542,0.1,1,-99999,35.,-0.54,14.3,19.700000000000003,0.02,-0.03
121162,836377,54.630398,-8.438583,0.,1,-99999,35.,-0.54,14.3,19.6,0.02,-0.03
121162,836490,54.63044,-8.438717,0.,1,-99999,35.,-0.54,14.3,19.6,0.02,-0.03
121162,836522,54.630425,-8.438717,0.,1,-99999,35.,-0.54,14.3,19.6,0.02,-0.03
121162,837292,54.6304,-8.438647,0.,1,-99999,35.,-0.54,14.3,19.6,0.02,-0.03
121162,837442,54.630368,-8.438658,0.,1,-99999,35.,-0.54,14.3,19.6,0.02,-0.03
121162,838043,54.63038,-8.438622,0.,1,-99999,35.,-0.54,14.3,19.6,0.02,-0.03
121162,838213,54.630395,-8.438632,0.,1,-99999,35.,-0.54,14.3,19.6,0.02,-0.03
121162,838400,54.630375,-8.438618,0.1,1,-99999,35.,-0.54,14.3,19.6,0.02,-0.03
121162,839121,54.630438,-8.43863,0.,1,-99999,35.,-0.54,14.3,19.6,0.02,-0.03
121162,839332,54.63041,-8.438645,0.,1,-99999,35.,-0.54,14.3,19.6,0.02,-0.03
121162,839503,54.630417,-8.438597,0.,1,-99999,35.,-0.54,14.3,19.6,0.02,-0.03
121162,840040,54.630398,-8.438647,0.,1,-99999,35.,-0.54,14.3,19.6,0.02,-0.03
121162,840262,54.630392,-8.438637,0.,1,-99999,35.,-0.54,14.3,19.5,0.02,-0.03
121162,840952,54.630407,-8.43863,0.,1,-99999,35.,-0.54,14.3,19.5,0.02,-0.03
121162,840984,54.630442,-8.438642,0.,1,-99999,35.,-0.54,14.3,19.5,0.02,-0.03
121162,841221,54.63043,-8.438625,0.,1,-99999,35.,-0.54,14.3,19.5,0.02,-0.03
121162,841862,54.630395,-8.438568,0.,1,-99999,35.,-0.54,14.3,19.5,0.02,-0.03
121162,842170,54.630443,-8.438698,0.,1,-99999,35.,-0.54,14.3,19.5,0.02,-0.03
121162,842771,54.630427,-8.438682,0.,1,-99999,35.,-0.54,14.3,19.5,0.02,-0.03
121162,843111,54.630398,-8.43859,0.,1,-99999,35.,-0.54,14.3,19.5,0.02,-0.03
121162,843681,54.630422,-8.438623,0.,1,-99999,35.,-0.54,14.3,19.5,0.02,-0.03
121162,844073,54.63041,-8.438613,0.,1,-99999,35.,-0.54,14.3,19.400000000000002,0.02,-0.03
121162,844589,54.630398,-8.438558,0.,1,-99999,35.,-0.54,14.3,19.400000000000002,0.02,-0.03
121162,844736,54.630407,-8.43869,0.,1,-99999,35.,-0.54,14.3,19.400000000000002,0.02,-0.03
121162,845023,54.630382,-8.438665,0.,1,-99999,35.,-0.54,14.3,19.400000000000002,0.02,-0.03
121162,845492,54.630387,-8.438643,0.,1,-99999,35.,-0.54,14.3,19.400000000000002,0.02,-0.03
121162,845936,54.630373,-8.43858,0.,1,-99999,35.,-0.54,14.3,19.400000000000002,0.02,-0.03
121162,846411,54.630423,-8.438627,0.,1,-99999,35.,-0.54,14.3,19.400000000000002,0.02,-0.03
121162,846881,54.630658,-8.43883,0.1,1,-99999,35.,-0.54,14.3,19.400000000000002,0.02,-0.03
121162,847022,54.630517,-8.438707,0.,1,-99999,35.,-0.54,14.3,19.400000000000002,0.02,-0.03
121162,847321,54.630582,-8.43869,0.,1,-99999,35.,-0.54,14.3,19.400000000000002,0.02,-0.03
121162,847782,54.630377,-8.438585,0.,1,-99999,35.,-0.54,14.3,19.400000000000002,0.02,-0.03
121162,848231,54.630398,-8.438605,0.,1,-99999,35.,-0.54,14.3,19.3,0.02,-0.03
121162,848483,54.63056,-8.438707,0.,1,-99999,35.,-0.54,14.3,19.3,0.02,-0.03
121162,848690,54.630425,-8.438628,0.,1,-99999,35.,-0.54,14.3,19.3,0.02,-0.03
121162,849142,54.63041,-8.438612,0.,1,-99999,35.,-0.54,14.3,19.3,0.02,-0.03
121162,849641,54.630372,-8.43862,0.1,1,-99999,35.,-0.54,14.3,19.3,0.02,-0.03
121162,849945,54.630457,-8.438652,0.,1,-99999,35.,-0.54,14.3,19.3,0.02,-0.03
121162,850050,54.630428,-8.438647,0.1,1,-99999,35.,-0.54,14.3,19.3,0.02,-0.03
121162,850602,54.630495,-8.438683,0.1,1,-99999,35.,-0.54,14.3,19.3,0.02,-0.03
121162,850961,54.630387,-8.438635,0.,1,-99999,35.,-0.54,14.3,19.3,0.02,-0.03
121162,851423,54.630365,-8.438547,0.,1,-99999,35.,-0.54,14.3,19.3,0.02,-0.03
121162,851571,54.630445,-8.438718,0.,1,-99999,35.,-0.54,14.3,19.200000000000003,0.02,-0.03
121162,851871,54.630405,-8.438563,0.1,1,-99999,35.,-0.54,14.3,19.200000000000003,0.02,-0.03
121162,852521,54.630417,-8.438665,0.,1,-99999,35.,-0.54,14.3,19.200000000000003,0.02,-0.03
121162,852772,54.630462,-8.438665,0.,1,-99999,35.,-0.54,14.3,19.200000000000003,0.02,-0.03
121162,852934,54.630437,-8.43865,0.,1,-99999,35.,-0.54,14.3,19.200000000000003,0.02,-0.03
121162,853427,54.630412,-8.438635,0.,1,-99999,35.,-0.54,14.3,19.200000000000003,0.02,-0.03
121162,853680,54.630383,-8.43858,0.1,1,-99999,35.,-0.54,14.3,19.200000000000003,0.02,-0.03
121162,854382,54.630412,-8.438622,0.1,1,-99999,35.,-0.54,14.3,19.200000000000003,0.02,-0.03
121162,854891,54.630383,-8.438532,0.,1,-99999,35.,-0.54,14.3,19.200000000000003,0.02,-0.03
121162,855154,54.630372,-8.43866,0.,1,-99999,35.,-0.54,14.3,19.200000000000003,0.02,-0.03
121162,855334,54.630427,-8.438622,0.,1,-99999,35.,-0.54,14.3,19.200000000000003,0.02,-0.03
121162,855800,54.630433,-8.438698,0.,1,-99999,35.,-0.54,14.3,19.1,0.02,-0.03
121162,856244,54.630392,-8.438608,0.,1,-99999,35.,-0.54,14.3,19.1,0.02,-0.03
121162,856721,54.63045,-8.43872,0.,1,-99999,35.,-0.54,14.3,19.1,0.02,-0.03
121162,857152,54.63044,-8.43862,0.,1,-99999,35.,-0.54,14.3,19.1,0.02,-0.03
121162,857334,54.630415,-8.438612,0.,1,-99999,35.,-0.54,14.3,19.1,0.02,-0.03
121162,857631,54.630588,-8.438803,0.,1,-99999,35.,-0.54,14.3,19.1,0.02,-0.03
121162,858100,54.630495,-8.438692,0.,1,-99999,35.,-0.54,14.3,19.1,0.02,-0.03
121162,858541,54.630512,-8.43867,0.,1,-99999,35.,-0.54,14.3,19.1,0.02,-0.03
121162,858800,54.630425,-8.438582,0.,1,-99999,35.,-0.54,14.3,19.1,0.02,-0.03
121162,859043,54.630433,-8.438633,0.,1,-99999,35.,-0.54,14.3,19.1,0.02,-0.03
121162,859442,54.630383,-8.438665,0.,1,-99999,35.,-0.54,14.3,19.,0.02,-0.03
121162,859981,54.630637,-8.438767,0.,1,-99999,35.,-0.54,14.3,19.,0.02,-0.03
121162,860263,54.630542,-8.438737,0.,1,-99999,35.,-0.54,14.3,19.,0.02,-0.03
121162,860651,54.630453,-8.438592,0.,1,-99999,35.,-0.54,14.3,19.,0.02,-0.03
121162,860902,54.630428,-8.438623,0.,1,-99999,35.,-0.54,14.3,19.,0.02,-0.03
121162,861552,54.630422,-8.438615,0.,1,-99999,35.,-0.54,14.3,19.,0.02,-0.03
121162,861714,54.630372,-8.43854,0.,1,-99999,35.,-0.54,14.3,19.,0.02,-0.03
121162,861861,54.63038,-8.438553,0.,1,-99999,35.,-0.54,14.3,19.,0.02,-0.03
121162,862460,54.630407,-8.43855,0.,1,-99999,35.,-0.54,14.3,19.,0.02,-0.03
121162,862823,54.630382,-8.438547,0.,1,-99999,35.,-0.54,14.3,19.,0.02,-0.03
121162,863370,54.630433,-8.438598,0.,1,-99999,35.,-0.54,14.3,18.900000000000002,0.02,-0.03
121162,863771,54.630452,-8.438643,0.,1,-99999,35.,-0.54,14.3,18.900000000000002,0.02,-0.03
121162,863974,54.630385,-8.438515,0.,1,-99999,35.,-0.54,14.3,18.900000000000002,0.02,-0.03
121162,864271,54.630373,-8.438547,0.1,1,-99999,35.,-0.54,14.3,18.900000000000002,0.02,-0.03
121162,864722,54.630422,-8.4386,0.1,1,-99999,35.,-0.54,14.3,18.900000000000002,0.02,-0.03
121162,865182,54.630458,-8.438595,0.1,1,-99999,35.,-0.54,14.3,18.900000000000002,0.02,-0.03
121162,865432,54.630272,-8.438767,0.,1,-99999,35.,-0.54,14.3,18.900000000000002,0.02,-0.03
121162,865670,54.630473,-8.438643,0.1,1,-99999,35.,-0.54,14.3,18.900000000000002,0.02,-0.03
121162,866091,54.630413,-8.438482,0.1,1,-99999,35.,-0.54,14.3,18.900000000000002,0.02,-0.03
121162,866614,54.63038,-8.438593,0.,1,-99999,35.,-0.54,14.3,18.900000000000002,0.02,-0.03
121162,867012,54.630435,-8.438658,0.,1,-99999,35.,-0.54,14.3,18.900000000000002,0.02,-0.03
121162,867588,54.630465,-8.438643,0.,1,-99999,35.,-0.54,14.3,18.8,0.02,-0.03
121162,867633,54.630447,-8.438605,0.,1,-99999,35.,-0.54,14.3,18.8,0.02,-0.03
121162,867930,54.630452,-8.438613,0.,1,-99999,35.,-0.54,14.3,18.8,0.02,-0.03
121162,868531,54.630422,-8.438627,0.,1,-99999,35.,-0.54,14.3,18.8,0.02,-0.03
121162,868840,54.630407,-8.438635,0.,1,-99999,35.,-0.54,14.3,18.8,0.02,-0.03
121162,869104,54.630397,-8.438612,0.,1,-99999,35.,-0.54,14.3,18.8,0.02,-0.03
121162,869482,54.630398,-8.438602,0.,1,-99999,35.,-0.54,14.3,18.8,0.02,-0.03
121162,870050,54.63042,-8.438625,0.,1,-99999,35.,-0.54,14.3,18.8,0.02,-0.03
121162,870431,54.630423,-8.438628,0.,1,-99999,35.,-0.54,14.3,18.8,0.02,-0.03
121162,870586,54.630412,-8.438627,0.,1,-99999,35.,-0.54,14.3,18.8,0.02,-0.03
121162,871249,54.630408,-8.43859,0.,1,-99999,35.,-0.54,14.3,18.7,0.02,-0.03
121162,871371,54.630407,-8.438642,0.,1,-99999,35.,-0.54,14.3,18.7,0.02,-0.03
121162,872053,54.630422,-8.438657,0.,1,-99999,35.,-0.54,14.3,18.7,0.02,-0.03
121162,872161,54.630443,-8.438683,0.,1,-99999,35.,-0.54,14.3,18.7,0.02,-0.03
121162,872323,54.630375,-8.438613,0.,1,-99999,35.,-0.54,14.3,18.7,0.02,-0.03
121162,873063,54.630387,-8.438672,0.1,1,-99999,35.,-0.54,14.3,18.7,0.02,-0.03
121162,873253,54.63041,-8.43862,0.,1,-99999,35.,-0.54,14.3,18.7,0.02,-0.03
121162,873572,54.63044,-8.438582,0.,1,-99999,35.,-0.54,14.3,18.7,0.02,-0.03
121162,873981,54.63044,-8.438653,0.,1,-99999,35.,-0.54,14.3,18.7,0.02,-0.03
121162,874212,54.630405,-8.438648,0.,1,-99999,35.,-0.54,14.3,18.7,0.02,-0.03
121162,874891,54.63043,-8.438612,0.,1,-99999,35.,-0.54,14.3,18.7,0.02,-0.03
121162,875202,54.63038,-8.438538,0.,1,-99999,35.,-0.54,14.3,18.6,0.02,-0.03
121162,875222,54.630372,-8.438552,0.,1,-99999,35.,-0.54,14.3,18.6,0.02,-0.03
121162,875801,54.630417,-8.438607,0.,1,-99999,35.,-0.54,14.3,18.6,0.01,-0.03
121162,876151,54.630507,-8.438752,0.1,1,-99999,35.,-0.54,14.3,18.6,0.01,-0.03
121162,876721,54.630417,-8.438608,0.1,1,-99999,35.,-0.54,14.3,18.6,0.01,-0.03
121162,876722,54.630417,-8.438607,0.,1,-99999,35.,-0.54,14.3,18.6,0.01,-0.03
121162,877111,54.630627,-8.438995,0.1,1,-99999,35.,-0.54,14.3,18.6,0.01,-0.03
121162,877622,54.630453,-8.438678,0.,1,-99999,35.,-0.54,14.3,18.6,0.01,-0.03
121162,878051,54.630737,-8.438622,0.1,1,-99999,35.,-0.54,14.3,18.6,0.01,-0.03
121162,878245,54.630385,-8.438615,0.,1,-99999,35.,-0.54,14.3,18.6,0.01,-0.03
121162,878551,54.6304,-8.438545,0.,1,-99999,35.,-0.54,14.3,18.6,0.01,-0.03
121162,879002,54.630432,-8.438588,0.,1,-99999,35.,-0.54,14.3,18.5,0.01,-0.03
121162,879460,54.630423,-8.438602,0.,1,-99999,35.,-0.54,14.3,18.5,0.01,-0.03
121162,879951,54.63041,-8.438602,0.,1,-99999,35.,-0.54,14.3,18.5,0.01,-0.03
121162,880371,54.630398,-8.43861,0.,1,-99999,35.,-0.54,14.3,18.5,0.01,-0.03
121162,880493,54.630507,-8.438742,0.,1,-99999,35.,-0.54,14.3,18.5,0.01,-0.03
121162,880868,54.63036,-8.43859,0.1,1,-99999,35.,-0.54,14.3,18.5,0.01,-0.03
121162,881292,54.630418,-8.438567,0.,1,-99999,35.,-0.54,14.3,18.5,0.01,-0.03
121162,881851,54.630408,-8.438618,0.,1,-99999,35.,-0.54,14.3,18.5,0.01,-0.03
121162,881975,54.630382,-8.438642,0.,1,-99999,35.,-0.54,14.3,18.5,0.01,-0.03
121162,882201,54.630375,-8.438637,0.,1,-99999,35.,-0.54,14.3,18.5,0.01,-0.03
121162,882821,54.630398,-8.438608,0.,1,-99999,35.,-0.54,14.3,18.400000000000002,0.01,-0.03
121162,883121,54.63038,-8.438613,0.,1,-99999,35.,-0.54,14.3,18.400000000000002,0.01,-0.03
121162,883444,54.630375,-8.438557,0.,1,-99999,35.,-0.54,14.3,18.400000000000002,0.01,-0.03
121162,883761,54.630398,-8.438643,0.,1,-99999,35.,-0.54,14.3,18.400000000000002,0.01,-0.03
121162,884026,54.630392,-8.438623,0.,1,-99999,35.,-0.54,14.3,18.400000000000002,0.01,-0.03
121162,884724,54.630395,-8.438572,0.,1,-99999,35.,-0.54,14.3,18.400000000000002,0.01,-0.03
121162,884953,54.63041,-8.438587,0.,1,-99999,35.,-0.54,14.3,18.400000000000002,0.01,-0.03
121162,885232,54.630358,-8.43855,0.,1,-99999,35.,-0.54,14.3,18.400000000000002,0.01,-0.03
121162,885670,54.63042,-8.438577,0.,1,-99999,35.,-0.54,14.3,18.400000000000002,0.01,-0.03
121162,886140,54.630428,-8.438632,0.,1,-99999,35.,-0.54,14.3,18.400000000000002,0.01,-0.03
121162,886423,54.630447,-8.43863,0.,1,-99999,35.,-0.54,14.3,18.400000000000002,0.01,-0.03
121162,886621,54.63044,-8.4386,0.,1,-99999,35.,-0.54,14.3,18.3,0.01,-0.03
121162,887052,54.630322,-8.43863,0.,1,-99999,35.,-0.54,14.3,18.3,0.01,-0.03
121162,887582,54.630422,-8.43858,0.,1,-99999,35.,-0.54,14.3,18.3,0.01,-0.03
121162,887965,54.630433,-8.438527,0.1,1,-99999,35.,-0.54,14.3,18.3,0.01,-0.03
121162,887986,54.630422,-8.43854,0.,1,-99999,35.,-0.54,14.3,18.3,0.01,-0.03
121162,888542,54.63044,-8.4386,0.,1,-99999,35.,-0.54,14.3,18.3,0.01,-0.03
121162,888871,54.630383,-8.438533,0.,1,-99999,35.,-0.54,14.3,18.3,0.01,-0.03
121162,889453,54.630402,-8.438605,0.,1,-99999,35.,-0.54,14.3,18.3,0.01,-0.03
121162,889501,54.630433,-8.438612,0.,1,-99999,35.,-0.54,14.3,18.3,0.01,-0.03
121162,889789,54.630465,-8.438682,0.,1,-99999,35.,-0.54,14.3,18.3,0.01,-0.03
121162,890441,54.630437,-8.438582,0.,1,-99999,35.,-0.54,14.3,18.3,0.01,-0.03
121162,890699,54.630522,-8.43878,0.,1,-99999,35.,-0.54,14.3,18.2,0.01,-0.03
121162,890915,54.630572,-8.438907,0.,1,-99999,35.,-0.54,14.3,18.2,0.01,-0.03
121162,891401,54.63059,-8.438788,0.1,1,-99999,35.,-0.54,14.3,18.2,0.01,-0.03
121162,891621,54.630452,-8.438678,0.,1,-99999,35.,-0.54,14.3,18.2,0.01,-0.03
121162,892351,54.630393,-8.438562,0.1,1,-99999,35.,-0.54,14.3,18.2,0.01,-0.03
121162,892362,54.630392,-8.438562,0.,1,-99999,35.,-0.54,14.3,18.2,0.01,-0.03
121162,892819,54.630422,-8.438605,0.1,1,-99999,35.,-0.54,14.3,18.2,0.01,-0.03
121162,893301,54.630393,-8.438582,0.1,1,-99999,35.,-0.54,14.3,18.2,0.01,-0.03
121162,893742,54.630387,-8.438593,0.1,1,-99999,35.,-0.54,14.3,18.2,0.01,-0.03
121162,893863,54.630375,-8.4386,0.,1,-99999,35.,-0.54,14.3,18.2,0.01,-0.03
121162,894251,54.630398,-8.43857,0.,1,-99999,35.,-0.54,14.3,18.2,0.01,-0.03
121162,894652,54.630438,-8.438622,0.1,1,-99999,35.,-0.54,14.3,18.1,0.01,-0.03
121162,895215,54.630368,-8.438602,0.,1,-99999,35.,-0.54,14.3,18.1,0.01,-0.03
121162,895313,54.630402,-8.438617,0.,1,-99999,35.,-0.54,14.3,18.1,0.01,-0.03
121162,895560,54.630387,-8.438593,0.1,1,-99999,35.,-0.54,14.3,18.1,0.01,-0.02
121162,896162,54.630458,-8.438628,0.,1,-99999,35.,-0.54,14.3,18.1,0.01,-0.02
121162,896470,54.630402,-8.438597,0.,1,-99999,35.,-0.54,14.3,18.1,0.01,-0.02
121162,897124,54.630452,-8.438648,0.1,1,-99999,35.,-0.54,14.3,18.1,0.01,-0.02
121162,897371,54.630447,-8.438617,0.,1,-99999,35.,-0.54,14.3,18.1,0.01,-0.02
121162,897495,54.630417,-8.438592,0.,1,-99999,35.,-0.54,14.3,18.1,0.01,-0.02
121162,898060,54.630412,-8.438598,0.,1,-99999,35.,-0.54,14.3,18.1,0.01,-0.02
121162,898280,54.630412,-8.43857,0.,1,-99999,35.,-0.54,14.3,18.,0.01,-0.02
121162,899020,54.630435,-8.438598,0.,1,-99999,35.,-0.54,14.3,18.,0.01,-0.02
121162,899190,54.630447,-8.438702,0.,1,-99999,35.,-0.54,14.3,18.,0.01,-0.02
121162,899675,54.63045,-8.438612,0.,1,-99999,35.,-0.54,14.4,18.,0.01,-0.02
121162,899973,54.630422,-8.438585,0.,1,-99999,35.,-0.54,14.4,18.,0.01,-0.02
121162,900091,54.630365,-8.438605,0.,1,-99999,35.,-0.54,14.4,18.,0.01,-0.02
121162,900921,54.630417,-8.438715,0.,1,-99999,35.,-0.54,14.4,18.,0.01,-0.02
121162,901000,54.630425,-8.438563,0.,1,-99999,35.,-0.54,14.4,18.,0.01,-0.02
121162,901863,54.630457,-8.438532,0.,1,-99999,35.,-0.54,14.4,18.,0.01,-0.02
121162,901871,54.63047,-8.438553,0.,1,-99999,35.,-0.54,14.4,18.,0.01,-0.02
121162,901921,54.630483,-8.438622,0.,1,-99999,35.,-0.54,14.4,18.,0.01,-0.02
121162,902812,54.630455,-8.438627,0.,1,-99999,35.,-0.54,14.4,17.900000000000002,0.01,-0.02
121162,902831,54.630477,-8.438643,0.,1,-99999,35.,-0.54,14.4,17.900000000000002,0.01,-0.02
121162,903332,54.63046,-8.438635,0.,1,-99999,35.,-0.54,14.4,17.900000000000002,0.01,-0.02
121162,903740,54.630397,-8.438548,0.,1,-99999,35.,-0.54,14.4,17.900000000000002,0.01,-0.02
121162,903761,54.63041,-8.43855,0.,1,-99999,35.,-0.54,14.4,17.900000000000002,0.01,-0.02
121162,904659,54.630422,-8.438587,0.1,1,-99999,35.,-0.54,14.4,17.900000000000002,0.01,-0.02
121162,904720,54.630482,-8.438647,0.1,1,-99999,35.,-0.54,14.4,17.900000000000002,0.01,-0.02
121162,904796,54.630477,-8.43863,0.,1,-99999,35.,-0.54,14.4,17.900000000000002,0.01,-0.02
121162,905564,54.630388,-8.438605,0.,1,-99999,35.,-0.54,14.4,17.900000000000002,0.01,-0.02
121162,905680,54.630405,-8.438607,0.1,1,-99999,35.,-0.54,14.4,17.900000000000002,0.01,-0.02
121162,906256,54.630402,-8.4386,0.,1,-99999,35.,-0.54,14.4,17.8,0.01,-0.02
121162,906482,54.630415,-8.438638,0.1,1,-99999,35.,-0.54,14.4,17.8,0.01,-0.02
121162,906642,54.630417,-8.438602,0.1,1,-99999,35.,-0.54,14.4,17.8,0.01,-0.02
121162,907392,54.630392,-8.438657,0.,1,-99999,35.,-0.54,14.4,17.8,0.01,-0.02
121162,907582,54.630378,-8.438678,0.1,1,-99999,35.,-0.54,14.4,17.8,0.01,-0.02
121162,908301,54.630422,-8.43857,0.,1,-99999,35.,-0.54,14.4,17.8,0.01,-0.02
121162,908522,54.630367,-8.438558,0.1,1,-99999,35.,-0.54,14.4,17.8,0.01,-0.02
121162,909210,54.630433,-8.43859,0.,1,-99999,35.,-0.54,14.4,17.8,0.01,-0.02
121162,909234,54.630437,-8.43859,0.,1,-99999,35.,-0.54,14.4,17.8,0.01,-0.02
121162,909472,54.630387,-8.438585,0.,1,-99999,35.,-0.54,14.4,17.8,0.01,-0.02
121162,910410,54.630362,-8.438583,0.,1,-99999,35.,-0.54,14.4,17.7,0.01,-0.02
121162,910422,54.630362,-8.438577,0.,1,-99999,35.,-0.54,14.4,17.7,0.01,-0.02
121162,910702,54.630405,-8.438652,0.,1,-99999,35.,-0.54,14.4,17.7,0.01,-0.02
121162,911321,54.630383,-8.438577,0.,1,-99999,35.,-0.54,14.4,17.7,0.01,-0.02
121162,911371,54.630403,-8.438575,0.,1,-99999,35.,-0.54,14.4,17.7,0.01,-0.02
121162,912222,54.630428,-8.438628,0.,1,-99999,35.,-0.54,14.4,17.7,0.01,-0.02
121162,912228,54.630427,-8.438627,0.,1,-99999,35.,-0.54,14.4,17.7,0.01,-0.02
121162,912341,54.630488,-8.438655,0.,1,-99999,35.,-0.54,14.4,17.7,0.01,-0.02
121162,913130,54.630412,-8.43861,0.,1,-99999,35.,-0.54,14.4,17.7,0.01,-0.02
121162,913291,54.630428,-8.438665,0.,1,-99999,35.,-0.54,14.4,17.7,0.01,-0.02
121162,913676,54.630417,-8.438652,0.,1,-99999,35.,-0.54,14.4,17.6,0.01,-0.02
121162,914041,54.630425,-8.438635,0.,1,-99999,35.,-0.54,14.4,17.6,0.01,-0.02
121162,914254,54.630398,-8.438565,0.,1,-99999,35.,-0.54,14.4,17.6,0.01,-0.02
121162,915143,54.630417,-8.438565,0.,1,-99999,35.,-0.54,14.4,17.6,0.01,-0.02
121162,915220,54.630418,-8.438588,0.,1,-99999,35.,-0.54,14.4,17.6,0.01,-0.02
121162,915242,54.630432,-8.438598,0.,1,-99999,35.,-0.54,14.4,17.6,0.01,-0.02
121162,916150,54.63042,-8.438612,0.1,1,-99999,35.,-0.54,14.4,17.6,0.01,-0.02
121162,916184,54.630413,-8.438623,0.,1,-99999,35.,-0.54,14.4,17.6,0.01,-0.02
121162,916616,54.630397,-8.438667,0.,1,-99999,35.,-0.54,14.4,17.6,0.01,-0.02
121162,917061,54.630405,-8.438607,0.1,1,-99999,35.,-0.54,14.4,17.6,0.01,-0.02
121162,917151,54.630432,-8.4386,0.,1,-99999,35.,-0.54,14.4,17.6,0.01,-0.02
121162,917982,54.63042,-8.438642,0.,1,-99999,35.,-0.54,14.4,17.5,0.01,-0.02
121162,918121,54.630435,-8.43862,0.1,1,-99999,35.,-0.54,14.4,17.5,0.01,-0.02
121162,918130,54.630435,-8.43862,0.,1,-99999,35.,-0.54,14.4,17.5,0.01,-0.02
121162,918890,54.630435,-8.438655,0.,1,-99999,35.,-0.54,14.4,17.5,0.01,-0.02
121162,919081,54.63044,-8.438633,0.1,1,-99999,35.,-0.54,14.4,17.5,0.01,-0.02
121162,919683,54.63042,-8.438595,0.,1,-99999,35.,-0.54,14.4,17.5,0.01,-0.02
121162,920016,54.630417,-8.438595,0.1,1,-99999,35.,-0.54,14.4,17.5,0.01,-0.02
121162,920093,54.630392,-8.438557,0.1,1,-99999,35.,-0.54,14.4,17.5,0.01,-0.02
121162,920919,54.63049,-8.4386,0.,1,-99999,35.,-0.54,14.4,17.5,0.01,-0.02
121162,921011,54.630353,-8.438612,0.1,1,-99999,35.,-0.54,14.4,17.5,0.01,-0.02
121162,921195,54.630615,-8.4385,0.,1,-99999,35.,-0.54,14.4,17.5,0.01,-0.02
121162,921852,54.63044,-8.43857,0.,1,-99999,35.,-0.54,14.4,17.400000000000002,0.01,-0.02
121162,922212,54.63044,-8.438603,0.,1,-99999,35.,-0.54,14.4,17.400000000000002,0.01,-0.02
121162,922754,54.630412,-8.438642,0.,1,-99999,35.,-0.54,14.4,17.400000000000002,0.01,-0.02
121162,922814,54.63043,-8.438617,0.,1,-99999,35.,-0.54,14.4,17.400000000000002,0.01,-0.02
121162,923411,54.6304,-8.438612,0.,1,-99999,35.,-0.54,14.4,17.400000000000002,0.01,-0.02
121162,923773,54.63038,-8.438622,0.,1,-99999,35.,-0.54,14.4,17.400000000000002,0.01,-0.02
121162,924266,54.630385,-8.43861,0.,1,-99999,35.,-0.54,14.4,17.400000000000002,0.01,-0.02
121162,924321,54.630423,-8.438617,0.,1,-99999,35.,-0.54,14.4,17.400000000000002,0.01,-0.02
121162,924730,54.630363,-8.438595,0.,1,-99999,35.,-0.54,14.4,17.400000000000002,0.01,-0.02
121162,925521,54.630375,-8.438625,0.,1,-99999,35.,-0.54,14.4,17.3,0.01,-0.02
121162,925674,54.630372,-8.438587,0.,1,-99999,35.,-0.54,14.4,17.3,0.01,-0.02
121162,925824,54.630392,-8.438622,0.,1,-99999,35.,-0.54,14.4,17.3,0.01,-0.02
121162,926432,54.6304,-8.438638,0.,1,-99999,35.,-0.54,14.4,17.3,0.01,-0.02
121162,926862,54.630405,-8.43864,0.,1,-99999,35.,-0.54,14.4,17.3,0.01,-0.02
121162,927296,54.630427,-8.438642,0.,1,-99999,35.,-0.54,14.4,17.3,0.01,-0.02
121162,927351,54.63039,-8.438658,0.,1,-99999,35.,-0.54,14.4,17.3,0.01,-0.02
121162,927810,54.630403,-8.43861,0.,1,-99999,35.,-0.54,14.4,17.3,0.01,-0.02
121162,928272,54.630425,-8.438662,0.,1,-99999,35.,-0.54,14.4,17.3,0.01,-0.02
121162,928763,54.630422,-8.438628,0.,1,-99999,35.,-0.54,14.4,17.3,0.01,-0.02
121162,928765,54.630422,-8.438627,0.,1,-99999,35.,-0.54,14.4,17.3,0.01,-0.02
121162,929180,54.630422,-8.438662,0.1,1,-99999,35.,-0.54,14.4,17.2,0.01,-0.02
121162,929683,54.63038,-8.438637,0.1,1,-99999,35.,-0.54,14.4,17.2,0.01,-0.02
121162,930091,54.63041,-8.438573,0.,1,-99999,35.,-0.54,14.4,17.2,0.01,-0.02
121162,930224,54.630422,-8.438612,0.,1,-99999,35.,-0.54,14.4,17.2,0.01,-0.02
121162,930664,54.630397,-8.438582,0.,1,-99999,35.,-0.54,14.4,17.2,0.01,-0.02
121162,931000,54.630395,-8.438662,0.,1,-99999,35.,-0.54,14.4,17.2,0.01,-0.02
121162,931601,54.63045,-8.438575,0.,1,-99999,35.,-0.54,14.4,17.2,0.01,-0.02
121162,931695,54.630372,-8.438672,0.,1,-99999,35.,-0.54,14.4,17.2,0.01,-0.02
121162,931902,54.63035,-8.438648,0.1,1,-99999,35.,-0.54,14.4,17.2,0.01,-0.02
121162,932561,54.630432,-8.438657,0.1,1,-99999,35.,-0.54,14.4,17.2,0.01,-0.02
121162,932813,54.630477,-8.438642,0.1,1,-99999,35.,-0.54,14.4,17.1,0.01,-0.02
121162,933155,54.63052,-8.438672,0.,1,-99999,35.,-0.54,14.4,17.1,0.01,-0.02
121162,933511,54.630518,-8.438617,0.,1,-99999,35.,-0.54,14.4,17.1,0.01,-0.02
121162,933721,54.630403,-8.43863,0.1,1,-99999,35.,-0.54,14.4,17.1,0.01,-0.02
121162,934428,54.630395,-8.438602,0.1,1,-99999,35.,-0.54,14.4,17.1,0.01,-0.02
121162,934630,54.630358,-8.438625,0.1,1,-99999,35.,-0.54,14.4,17.1,0.01,-0.02
121162,934664,54.630432,-8.438672,0.,1,-99999,35.,-0.54,14.4,17.1,0.01,-0.02
121162,935335,54.63039,-8.438635,0.,1,-99999,35.,-0.54,14.4,17.1,0.01,-0.02
121162,935531,54.630413,-8.438655,0.,1,-99999,35.,-0.54,14.4,17.1,0.01,-0.02
121162,936123,54.630435,-8.438667,0.,1,-99999,35.,-0.54,14.4,17.1,0.01,-0.02
121162,936244,54.630433,-8.438668,0.1,1,-99999,35.,-0.54,14.4,17.1,0.01,-0.02
121162,936440,54.630417,-8.438617,0.,1,-99999,35.,-0.54,14.4,17.1,0.01,-0.02
121162,937224,54.630488,-8.438725,0.1,1,-99999,35.,-0.54,14.4,17.,0.01,-0.02
121162,937351,54.630667,-8.438888,0.,1,-99999,35.,-0.54,14.4,17.,0.01,-0.02
121162,937583,54.630402,-8.438605,0.,1,-99999,35.,-0.54,14.4,17.,0.01,-0.02
121162,938173,54.630392,-8.438573,0.1,1,-99999,35.,-0.54,14.4,17.,0.01,-0.02
121162,938561,54.630427,-8.438693,0.,1,-99999,35.,-0.54,14.4,17.,0.01,-0.02
121162,939052,54.630435,-8.438637,0.,1,-99999,35.,-0.54,14.4,17.,0.01,-0.02
121162,939122,54.63047,-8.438687,0.1,1,-99999,35.,-0.54,14.4,17.,0.01,-0.02
121162,939471,54.63042,-8.438688,0.,1,-99999,35.,-0.54,14.4,17.,0.01,-0.02
121162,940072,54.630403,-8.438658,0.1,1,-99999,35.,-0.54,14.4,17.,0.01,-0.02
121162,940372,54.630432,-8.4386,0.,1,-99999,35.,-0.54,14.4,17.,0.01,-0.02
121162,940985,54.63041,-8.438658,0.,1,-99999,35.,-0.54,14.4,16.900000000000002,0.01,-0.02
121162,941281,54.630392,-8.438653,0.1,1,-99999,35.,-0.54,14.4,16.900000000000002,0.01,-0.02
121162,941284,54.630392,-8.438652,0.,1,-99999,35.,-0.54,14.4,16.900000000000002,0.01,-0.02
121162,941904,54.630427,-8.438683,0.,1,-99999,35.,-0.54,14.4,16.900000000000002,0.01,-0.02
121162,942202,54.630408,-8.438647,0.,1,-99999,35.,-0.54,14.4,16.900000000000002,0.01,-0.02
121162,942762,54.63044,-8.438682,0.,1,-99999,35.,-0.54,14.4,16.900000000000002,0.01,-0.02
121162,942820,54.630462,-8.438703,0.1,1,-99999,35.,-0.54,14.4,16.900000000000002,0.01,-0.02
121162,943120,54.630458,-8.438675,0.,1,-99999,35.,-0.54,14.4,16.900000000000002,0.01,-0.02
121162,943752,54.630525,-8.438792,0.,1,-99999,35.,-0.54,14.4,16.900000000000002,0.01,-0.02
121162,944021,54.630568,-8.438785,0.,1,-99999,35.,-0.54,14.4,16.900000000000002,0.01,-0.02
121162,944243,54.630507,-8.438695,0.,1,-99999,35.,-0.54,14.4,16.900000000000002,0.01,-0.02
121162,944691,54.630445,-8.43862,0.,1,-99999,35.,-0.54,14.4,16.8,0.01,-0.02
121162,944941,54.630408,-8.43856,0.,1,-99999,35.,-0.54,14.4,16.8,0.01,-0.02
121162,945661,54.630447,-8.438628,0.,1,-99999,35.,-0.54,14.4,16.8,0.01,-0.02
121162,945862,54.630423,-8.43864,0.,1,-99999,35.,-0.54,14.4,16.8,0.01,-0.02
121162,946482,54.63044,-8.438732,0.,1,-99999,35.,-0.54,14.4,16.8,0.01,-0.02
121162,946602,54.630425,-8.43868,0.,1,-99999,35.,-0.54,14.4,16.8,0.01,-0.02
121162,946770,54.630387,-8.438587,0.1,1,-99999,35.,-0.54,14.4,16.8,0.01,-0.02
121162,947571,54.630417,-8.438617,0.1,1,-99999,35.,-0.54,14.4,16.8,0.01,-0.02
121162,947671,54.63045,-8.438648,0.,1,-99999,35.,-0.54,14.4,16.8,0.01,-0.02
121162,947944,54.630385,-8.43857,0.,1,-99999,35.,-0.54,14.4,16.8,0.01,-0.02
121162,948497,54.630398,-8.438573,0.1,1,-99999,35.,-0.54,14.4,16.7,0.01,-0.02
121162,948582,54.630397,-8.438538,0.,1,-99999,35.,-0.54,14.4,16.7,0.01,-0.02
121162,949402,54.630407,-8.438562,0.,1,-99999,35.,-0.54,14.4,16.7,0.01,-0.02
121162,949491,54.630433,-8.43858,0.1,1,-99999,35.,-0.54,14.4,16.7,0.01,-0.02
121162,949512,54.63045,-8.438583,0.,1,-99999,35.,-0.54,14.4,16.7,0.01,-0.02
121162,950401,54.63029,-8.438543,0.,1,-99999,35.,-0.54,14.4,16.7,0.01,-0.02
121162,950471,54.630332,-8.43855,0.1,1,-99999,35.,-0.54,14.4,16.7,0.01,-0.02
121162,951311,54.630697,-8.438677,0.,1,-99999,35.,-0.54,14.4,16.7,0.01,-0.02
121162,951440,54.630452,-8.43866,0.,1,-99999,35.,-0.54,14.4,16.7,0.01,-0.02
121162,951703,54.630422,-8.438597,0.,1,-99999,35.,-0.54,14.4,16.7,0.01,-0.02
121162,952222,54.630347,-8.43856,0.,1,-99999,35.,-0.54,14.4,16.7,0.01,-0.02
121162,952402,54.630447,-8.438665,0.,1,-99999,35.,-0.54,14.4,16.6,0.01,-0.02
121162,953130,54.630423,-8.438608,0.,1,-99999,35.,-0.54,14.4,16.6,0.01,-0.02
121162,953223,54.630432,-8.438617,0.,1,-99999,35.,-0.54,14.4,16.6,0.01,-0.02
121162,953351,54.630443,-8.438668,0.1,1,-99999,35.,-0.54,14.4,16.6,0.01,-0.02
121162,954042,54.630447,-8.438588,0.,1,-99999,35.,-0.54,14.4,16.6,0.01,-0.02
121162,954280,54.63044,-8.438632,0.,1,-99999,35.,-0.54,14.4,16.6,0.01,-0.02
121162,954953,54.630457,-8.438557,0.1,1,-99999,35.,-0.54,14.4,16.6,0.01,-0.02
121162,955232,54.63041,-8.438618,0.,1,-99999,35.,-0.54,14.4,16.6,0.01,-0.02
121162,955860,54.630385,-8.438572,0.1,1,-99999,35.,-0.54,14.4,16.6,0.,-0.02
121162,956152,54.630417,-8.438572,0.,1,-99999,35.,-0.54,14.4,16.5,0.,-0.02
121162,956290,54.630417,-8.438622,0.,1,-99999,35.,-0.54,14.4,16.5,0.,-0.02
121162,956772,54.630405,-8.43863,0.,1,-99999,35.,-0.54,14.4,16.5,0.,-0.02
121162,957242,54.63041,-8.43859,0.,1,-99999,35.,-0.54,14.4,16.5,0.,-0.02
121162,957665,54.630392,-8.438627,0.,1,-99999,35.,-0.54,14.4,16.5,0.,-0.02
121162,957679,54.630403,-8.438625,0.,1,-99999,35.,-0.54,14.4,16.5,0.,-0.02
121162,958200,54.630417,-8.438648,0.,1,-99999,35.,-0.54,14.4,16.5,0.,-0.02
121162,958590,54.630398,-8.438593,0.,1,-99999,35.,-0.54,14.4,16.5,0.,-0.02
121162,959122,54.630402,-8.438577,0.,1,-99999,35.,-0.54,14.4,16.5,0.,-0.02
121162,959151,54.630402,-8.438587,0.,1,-99999,35.,-0.54,14.4,16.5,0.,-0.02
121162,959501,54.63041,-8.438615,0.,1,-99999,35.,-0.54,14.4,16.5,0.,-0.02
121162,960113,54.630403,-8.438605,0.1,1,-99999,35.,-0.54,14.4,16.400000000000002,0.,-0.02
121162,960575,54.63045,-8.438592,0.,1,-99999,35.,-0.54,14.4,16.400000000000002,0.,-0.02
121162,960702,54.630428,-8.43861,0.,1,-99999,35.,-0.54,14.4,16.400000000000002,0.,-0.02
121162,961042,54.630435,-8.438605,0.,1,-99999,35.,-0.54,14.4,16.400000000000002,0.,-0.02
121162,961909,54.630413,-8.438658,0.,1,-99999,35.,-0.54,14.4,16.400000000000002,0.,-0.02
121162,962018,54.630385,-8.438583,0.1,1,-99999,35.,-0.54,14.4,16.400000000000002,0.,-0.02
121162,962055,54.630422,-8.43853,0.,1,-99999,35.,-0.54,14.4,16.400000000000002,0.,-0.02
121162,962811,54.630455,-8.43858,0.1,1,-99999,35.,-0.54,14.4,16.400000000000002,0.,-0.02
121162,962951,54.630408,-8.438623,0.,1,-99999,35.,-0.54,14.4,16.400000000000002,0.,-0.02
121162,963721,54.6305,-8.43874,0.1,1,-99999,35.,-0.54,14.4,16.3,0.,-0.02
121162,963911,54.630482,-8.438648,0.,1,-99999,35.,-0.54,14.4,16.3,0.,-0.02
121162,964294,54.630645,-8.438672,0.,1,-99999,35.,-0.54,14.4,16.3,0.,-0.02
121162,964870,54.630483,-8.438598,0.1,1,-99999,35.,-0.54,14.4,16.3,0.,-0.02
121162,964922,54.630392,-8.438595,0.1,1,-99999,35.,-0.54,14.4,16.3,0.,-0.02
121162,965771,54.63041,-8.438557,0.,1,-99999,35.,-0.54,14.4,16.3,0.,-0.02
121162,965821,54.630415,-8.438588,0.,1,-99999,35.,-0.54,14.4,16.3,0.,-0.02
121162,965830,54.630418,-8.438592,0.1,1,-99999,35.,-0.54,14.4,16.3,0.,-0.02
121162,966742,54.630485,-8.438585,0.,1,-99999,35.,-0.54,14.4,16.3,0.,-0.02
121162,966772,54.63043,-8.438555,0.,1,-99999,35.,-0.54,14.4,16.3,0.,-0.02
121162,967241,54.630397,-8.438517,0.,1,-99999,35.,-0.54,14.4,16.3,0.,-0.02
121162,967652,54.630387,-8.438563,0.,1,-99999,35.,-0.54,14.4,16.3,0.,-0.02
121162,967711,54.630398,-8.4386,0.1,1,-99999,35.,-0.54,14.4,16.2,0.,-0.02
121162,968561,54.63038,-8.438645,0.1,1,-99999,35.,-0.54,14.4,16.2,0.,-0.02
121162,968642,54.630407,-8.438635,0.,1,-99999,35.,-0.54,14.4,16.2,0.,-0.02
121162,968687,54.630405,-8.438612,0.,1,-99999,35.,-0.54,14.4,16.2,0.,-0.02
121162,969481,54.63038,-8.4386,0.,1,-99999,35.,-0.54,14.4,16.2,0.,-0.02
121162,969581,54.630387,-8.438582,0.,1,-99999,35.,-0.54,14.4,16.2,0.,-0.02
121162,970154,54.630357,-8.438565,0.,1,-99999,35.,-0.54,14.4,16.2,0.,-0.02
121162,970394,54.63038,-8.438615,0.,1,-99999,35.,-0.54,14.4,16.2,0.,-0.02
121162,970659,54.630402,-8.43866,0.,1,-99999,35.,-0.54,14.4,16.2,0.,-0.02
121162,971303,54.630417,-8.438617,0.,1,-99999,35.,-0.54,14.4,16.2,0.,-0.02
121162,971560,54.630418,-8.438637,0.1,1,-99999,35.,-0.54,14.4,16.1,0.,-0.02
121162,972210,54.630403,-8.438515,0.,1,-99999,35.,-0.54,14.4,16.1,0.,-0.02
121162,972354,54.630402,-8.438625,0.,1,-99999,35.,-0.54,14.4,16.1,0.,-0.02
121162,972543,54.630372,-8.438552,0.,1,-99999,35.,-0.54,14.4,16.1,0.,-0.02
121162,973122,54.63035,-8.438588,0.1,1,-99999,35.,-0.54,14.4,16.1,0.,-0.02
121162,973503,54.63043,-8.438642,0.,1,-99999,35.,-0.54,14.4,16.1,0.,-0.02
121162,974031,54.630397,-8.43858,0.,1,-99999,35.,-0.54,14.4,16.1,0.,-0.02
121162,974451,54.630403,-8.438677,0.1,1,-99999,35.,-0.54,14.4,16.1,0.,-0.02
121162,974552,54.630427,-8.438587,0.,1,-99999,35.,-0.54,14.4,16.1,0.,-0.02
121162,974932,54.630407,-8.438593,0.,1,-99999,35.,-0.54,14.4,16.1,0.,-0.02
121162,975391,54.630402,-8.438605,0.,1,-99999,35.,-0.54,14.4,16.,0.,-0.02
121162,975852,54.630417,-8.438607,0.,1,-99999,35.,-0.54,14.4,16.,0.,-0.02
121162,976012,54.630507,-8.438702,0.,1,-99999,35.,-0.54,14.4,16.,0.,-0.02
121162,976299,54.630395,-8.438545,0.1,1,-99999,35.,-0.54,14.4,16.,0.,-0.02
121162,976771,54.630473,-8.438723,0.1,1,-99999,35.,-0.54,14.4,16.,0.,-0.02
121162,977303,54.630465,-8.438647,0.,1,-99999,35.,-0.54,14.4,16.,0.,-0.02
121162,977485,54.630607,-8.438772,0.,1,-99999,35.,-0.54,14.4,16.,0.,-0.02
121162,977682,54.63047,-8.438662,0.,1,-99999,35.,-0.54,14.4,16.,0.,-0.02
121162,978450,54.630402,-8.438552,0.,1,-99999,35.,-0.54,14.4,16.,0.,-0.02
121162,978591,54.630422,-8.438607,0.,1,-99999,35.,-0.54,14.4,16.,0.,-0.02
121162,978986,54.630397,-8.438617,0.,1,-99999,35.,-0.54,14.4,16.,0.,-0.02
121162,979402,54.630365,-8.43856,0.,1,-99999,35.,-0.54,14.4,15.9,0.,-0.02
121162,979521,54.630387,-8.438543,0.,1,-99999,35.,-0.54,14.4,15.9,0.,-0.02
121162,980371,54.630368,-8.438605,0.1,1,-99999,35.,-0.54,14.4,15.9,0.,-0.02
121162,980429,54.630367,-8.438575,0.,1,-99999,35.,-0.54,14.4,15.9,0.,-0.02
121162,981311,54.630398,-8.438635,0.1,1,-99999,35.,-0.54,14.4,15.9,0.,-0.02
121162,981331,54.630392,-8.438612,0.,1,-99999,35.,-0.54,14.4,15.9,0.,-0.02
121162,981943,54.630397,-8.438592,0.,1,-99999,35.,-0.54,14.4,15.9,0.,-0.02
121162,982242,54.63041,-8.438623,0.,1,-99999,35.,-0.54,14.4,15.9,0.,-0.02
121162,982265,54.630407,-8.438607,0.1,1,-99999,35.,-0.54,14.4,15.9,0.,-0.02
121162,983151,54.630387,-8.438588,0.,1,-99999,35.,-0.54,14.4,15.8,0.,-0.02
121162,983214,54.630417,-8.438612,0.1,1,-99999,35.,-0.54,14.4,15.8,0.,-0.02
121162,983464,54.630432,-8.438585,0.,1,-99999,35.,-0.54,14.4,15.8,0.,-0.02
121162,984071,54.63039,-8.438623,0.,1,-99999,35.,-0.54,14.4,15.8,0.,-0.02
121162,984172,54.630395,-8.438633,0.1,1,-99999,35.,-0.54,14.4,15.8,0.,-0.02
121162,984963,54.630417,-8.438602,0.,1,-99999,35.,-0.54,14.4,15.8,0.,-0.02
121162,984973,54.63042,-8.438605,0.,1,-99999,35.,-0.54,14.4,15.8,0.,-0.02
121162,985135,54.630392,-8.438672,0.1,1,-99999,35.,-0.54,14.4,15.8,0.,-0.02
121162,985891,54.630392,-8.438658,0.,1,-99999,35.,-0.54,14.4,15.8,0.,-0.02
121162,986075,54.630405,-8.438617,0.1,1,-99999,35.,-0.54,14.4,15.8,0.,-0.02
121162,986449,54.630357,-8.438597,0.,1,-99999,35.,-0.54,14.4,15.8,0.,-0.02
121162,986800,54.630392,-8.43863,0.,1,-99999,35.,-0.54,14.4,15.8,0.,-0.02
121162,987026,54.63041,-8.438715,0.,1,-99999,35.,-0.54,14.4,15.700000000000001,0.,-0.02
121162,987712,54.630482,-8.438673,0.1,1,-99999,35.,-0.54,14.4,15.700000000000001,0.,-0.02
121162,987903,54.63044,-8.438542,0.,1,-99999,35.,-0.54,14.4,15.700000000000001,0.,-0.02
121162,987963,54.63041,-8.438557,0.,1,-99999,35.,-0.54,14.4,15.700000000000001,0.,-0.02
121162,988912,54.630533,-8.43872,0.,1,-99999,35.,-0.54,14.4,15.700000000000001,0.,-0.02
121162,988921,54.630472,-8.438678,0.,1,-99999,35.,-0.54,14.4,15.700000000000001,0.,-0.02
121162,989363,54.630477,-8.438627,0.,1,-99999,35.,-0.54,14.4,15.700000000000001,0.,-0.02
121162,989831,54.630413,-8.438613,0.,1,-99999,35.,-0.54,14.4,15.700000000000001,0.,-0.02
121162,989851,54.63041,-8.438618,0.,1,-99999,35.,-0.54,14.4,15.700000000000001,0.,-0.02
121162,990814,54.630422,-8.438585,0.1,1,-99999,35.,-0.54,14.4,15.700000000000001,0.,-0.02
121162,990875,54.630477,-8.438667,0.,1,-99999,35.,-0.54,14.4,15.600000000000001,0.,-0.02
121162,991031,54.630403,-8.438583,0.,1,-99999,35.,-0.54,14.4,15.600000000000001,0.,-0.02
121162,991772,54.630417,-8.438635,0.,1,-99999,35.,-0.54,14.4,15.600000000000001,0.,-0.02
121162,991940,54.63038,-8.438583,0.1,1,-99999,35.,-0.54,14.4,15.600000000000001,0.,-0.02
121162,992696,54.630422,-8.438625,0.,1,-99999,35.,-0.54,14.4,15.600000000000001,0.,-0.02
121162,992860,54.630407,-8.438632,0.1,1,-99999,35.,-0.54,14.4,15.600000000000001,0.,-0.02
121162,993174,54.63041,-8.438627,0.,1,-99999,35.,-0.54,14.4,15.600000000000001,0.,-0.02
121162,993178,54.630412,-8.438642,0.,1,-99999,35.,-0.54,14.4,15.600000000000001,0.,-0.02
121162,993179,54.630412,-8.438642,0.,1,-99999,35.,-0.54,14.4,15.600000000000001,0.,-0.02
121162,993683,54.630413,-8.438703,0.,1,-99999,35.,-0.54,14.4,15.600000000000001,0.,-0.02
121162,993770,54.630393,-8.438647,0.,1,-99999,35.,-0.54,14.4,15.600000000000001,0.,-0.02
121162,994640,54.630477,-8.438593,0.,1,-99999,35.,-0.54,14.4,15.600000000000001,0.,-0.02
121162,994671,54.630507,-8.438532,0.1,1,-99999,35.,-0.54,14.4,15.600000000000001,0.,-0.02
121162,994673,54.630507,-8.438532,0.,1,-99999,35.,-0.54,14.4,15.600000000000001,0.,-0.02
121162,995581,54.630435,-8.438637,0.,1,-99999,35.,-0.54,14.4,15.5,0.,-0.02
121162,996144,54.630362,-8.438585,0.,1,-99999,35.,-0.54,14.4,15.5,0.,-0.02
121162,996501,54.630363,-8.438573,0.,1,-99999,35.,-0.54,14.4,15.5,0.,-0.02
121162,996510,54.630363,-8.438552,0.,1,-99999,35.,-0.54,14.4,15.5,0.,-0.02
121162,997402,54.630415,-8.438605,0.1,1,-99999,35.,-0.54,14.4,15.5,0.,-0.02
121162,997452,54.630403,-8.438592,0.1,1,-99999,35.,-0.54,14.4,15.5,0.,-0.02
121162,997703,54.630392,-8.438605,0.,1,-99999,35.,-0.54,14.4,15.5,0.,-0.02
121162,998310,54.630425,-8.43855,0.,1,-99999,35.,-0.54,14.4,15.5,0.,-0.02
121162,998400,54.630422,-8.438628,0.,1,-99999,35.,-0.54,14.4,15.5,0.,-0.02
121162,999211,54.63043,-8.438643,0.,1,-99999,35.,-0.54,14.4,15.4,0.,-0.02
121162,999212,54.63043,-8.438642,0.,1,-99999,35.,-0.54,14.4,15.4,0.,-0.02
121162,999351,54.630432,-8.438732,0.,1,-99999,35.,-0.54,14.4,15.4,0.,-0.02
121162,1000120,54.630433,-8.438623,0.1,1,-99999,35.,-0.54,14.4,15.4,0.,-0.02
121162,1000301,54.630392,-8.438568,0.1,1,-99999,35.,-0.54,14.4,15.4,0.,-0.02
121162,1000682,54.630427,-8.438602,0.,1,-99999,35.,-0.54,14.4,15.4,0.,-0.02
121162,1001030,54.63038,-8.438607,0.,1,-99999,35.,-0.54,14.4,15.4,0.,-0.02
121162,1001221,54.6304,-8.438603,0.,1,-99999,35.,-0.54,14.4,15.4,0.,-0.02
121162,1001952,54.630512,-8.438747,0.,1,-99999,35.,-0.54,14.4,15.4,0.,-0.02
121162,1002137,54.630363,-8.438573,0.1,1,-99999,35.,-0.54,14.4,15.4,0.,-0.02
121162,1002156,54.630367,-8.438572,0.,1,-99999,35.,-0.54,14.4,15.4,0.,-0.02
121162,1002861,54.63039,-8.438647,0.,1,-99999,35.,-0.54,14.4,15.3,0.,-0.02
121162,1003073,54.630373,-8.438578,0.1,1,-99999,35.,-0.54,14.4,15.3,0.,-0.02
121162,1003673,54.630422,-8.43865,0.,1,-99999,35.,-0.54,14.4,15.3,0.,-0.02
121162,1003762,54.630543,-8.438915,0.,1,-99999,35.,-0.54,14.4,15.3,0.,-0.02
121162,1004033,54.630413,-8.438673,0.,1,-99999,35.,-0.54,14.4,15.3,0.,-0.02
121162,1004671,54.630453,-8.438653,0.1,1,-99999,35.,-0.54,14.4,15.3,0.,-0.02
121162,1004940,54.630417,-8.438648,0.1,1,-99999,35.,-0.54,14.4,15.3,0.,-0.02
121162,1005193,54.630502,-8.438645,0.,1,-99999,35.,-0.54,14.4,15.3,0.,-0.02
121162,1005871,54.630437,-8.438617,0.,1,-99999,35.,-0.54,14.4,15.3,0.,-0.02
121162,1005932,54.630433,-8.438613,0.,1,-99999,35.,-0.54,14.4,15.3,0.,-0.02
121162,1006655,54.630585,-8.438617,0.,1,-99999,35.,-0.54,14.4,15.200000000000001,0.,-0.02
121162,1006900,54.630518,-8.438583,0.,1,-99999,35.,-0.54,14.4,15.200000000000001,0.,-0.02
121162,1007071,54.630533,-8.438612,0.,1,-99999,35.,-0.54,14.4,15.200000000000001,0.,-0.02
121162,1007940,54.630563,-8.43861,0.,1,-99999,35.,-0.54,14.4,15.200000000000001,0.,-0.02
121162,1007989,54.630423,-8.438585,0.,1,-99999,35.,-0.54,14.4,15.200000000000001,0.,-0.02
121162,1008113,54.630432,-8.438607,0.,1,-99999,35.,-0.54,14.4,15.200000000000001,0.,-0.02
121162,1008892,54.630422,-8.438653,0.,1,-99999,35.,-0.54,14.4,15.200000000000001,0.,-0.02
121162,1008946,54.630433,-8.438637,0.,1,-99999,35.,-0.54,14.4,15.200000000000001,0.,-0.02
121162,1009633,54.630425,-8.438642,0.,1,-99999,35.,-0.54,14.4,15.200000000000001,0.,-0.02
121162,1009812,54.630417,-8.438647,0.,1,-99999,35.,-0.54,14.4,15.200000000000001,0.,-0.02
121162,1010012,54.630398,-8.438667,0.,1,-99999,35.,-0.54,14.4,15.200000000000001,0.,-0.02
121162,1010721,54.630418,-8.43859,0.,1,-99999,35.,-0.54,14.4,15.100000000000001,0.,-0.02
121162,1010915,54.630363,-8.438607,0.,1,-99999,35.,-0.54,14.4,15.100000000000001,0.,-0.02
121162,1011631,54.630417,-8.438673,0.,1,-99999,35.,-0.54,14.4,15.100000000000001,0.,-0.02
121162,1011933,54.630397,-8.438612,0.,1,-99999,35.,-0.54,14.4,15.100000000000001,0.,-0.02
121162,1012841,54.630418,-8.438607,0.,1,-99999,35.,-0.54,14.4,15.100000000000001,0.,-0.02
121162,1012874,54.630395,-8.4386,0.,1,-99999,35.,-0.54,14.4,15.100000000000001,0.,-0.02
121162,1013752,54.630422,-8.4386,0.,1,-99999,35.,-0.54,14.4,15.100000000000001,0.,-0.02
121162,1013980,54.63038,-8.438623,0.,1,-99999,35.,-0.54,14.4,15.,0.,-0.02
121162,1014124,54.630402,-8.438612,0.,1,-99999,35.,-0.54,14.4,15.,0.,-0.02
121162,1014670,54.630388,-8.438607,0.,1,-99999,35.,-0.54,14.4,15.,0.,-0.02
121162,1015276,54.630403,-8.438637,0.,1,-99999,35.,-0.54,14.4,15.,0.,-0.02
121162,1015581,54.630405,-8.438593,0.1,1,-99999,35.,-0.54,14.4,15.,0.,-0.02
121162,1016191,54.630422,-8.438672,0.,1,-99999,35.,-0.54,14.4,15.,0.,-0.02
121162,1016323,54.630435,-8.438642,0.,1,-99999,35.,-0.54,14.4,15.,0.,-0.02
121162,1016781,54.630425,-8.43861,0.,1,-99999,35.,-0.54,14.4,15.,0.,-0.02
121162,1017142,54.630413,-8.438702,0.,1,-99999,35.,-0.54,14.4,15.,0.,-0.02
121162,1017690,54.630382,-8.438607,0.1,1,-99999,35.,-0.54,14.4,15.,0.,-0.02
121162,1018091,54.630287,-8.438647,0.,1,-99999,35.,-0.54,14.4,14.9,0.,-0.02
121162,1018597,54.630458,-8.438695,0.1,1,-99999,35.,-0.54,14.4,14.9,0.,-0.02
121162,1019071,54.630457,-8.438653,0.1,1,-99999,35.,-0.54,14.4,14.9,0.,-0.02
121162,1019263,54.630517,-8.43875,0.,1,-99999,35.,-0.54,14.4,14.9,0.,-0.02
121162,1019512,54.63058,-8.438793,0.,1,-99999,35.,-0.54,14.4,14.9,0.,-0.02
121162,1020033,54.630465,-8.438613,0.,1,-99999,35.,-0.54,14.4,14.9,0.,-0.02
121162,1020431,54.630488,-8.438617,0.,1,-99999,35.,-0.54,14.4,14.9,0.,-0.02
121162,1020755,54.630395,-8.438592,0.,1,-99999,35.,-0.54,14.4,14.9,0.,-0.02
121162,1021021,54.630465,-8.438647,0.1,1,-99999,35.,-0.54,14.4,14.9,0.,-0.02
121162,1021641,54.630432,-8.438692,0.,1,-99999,35.,-0.54,14.4,14.8,0.,-0.02
121162,1021975,54.630392,-8.438598,0.1,1,-99999,35.,-0.54,14.4,14.8,0.,-0.02
121162,1022243,54.630467,-8.438665,0.,1,-99999,35.,-0.54,14.4,14.8,0.,-0.02
121162,1022550,54.630387,-8.438707,0.1,1,-99999,35.,-0.54,14.4,14.8,0.,-0.02
121162,1022877,54.63041,-8.438682,0.1,1,-99999,35.,-0.54,14.4,14.8,0.,-0.02
121162,1023461,54.63079,-8.438975,0.,1,-99999,35.,-0.54,14.4,14.8,0.,-0.02
121162,1023762,54.630492,-8.438702,0.,1,-99999,35.,-0.54,14.4,14.8,0.,-0.02
121162,1023820,54.630402,-8.43868,0.,1,-99999,35.,-0.54,14.4,14.8,0.,-0.02
121162,1024661,54.630417,-8.438623,0.1,1,-99999,35.,-0.54,14.4,14.8,0.,-0.02
121162,1024780,54.630427,-8.438683,0.,1,-99999,35.,-0.54,14.4,14.8,0.,-0.02
121162,1025267,54.630452,-8.438672,0.,1,-99999,35.,-0.54,14.4,14.8,0.,-0.02
121162,1025569,54.630385,-8.438627,0.1,1,-99999,35.,-0.54,14.4,14.700000000000001,0.,-0.02
121162,1025721,54.630392,-8.438647,0.,1,-99999,35.,-0.54,14.4,14.700000000000001,0.,-0.02
121162,1026471,54.630455,-8.438672,0.,1,-99999,35.,-0.54,14.4,14.700000000000001,0.,-0.02
121162,1026671,54.630377,-8.43862,0.,1,-99999,35.,-0.54,14.4,14.700000000000001,0.,-0.02
121162,1026733,54.630397,-8.438575,0.,1,-99999,35.,-0.54,14.4,14.700000000000001,0.,-0.02
121162,1027381,54.630447,-8.438597,0.,1,-99999,35.,-0.54,14.4,14.700000000000001,0.,-0.02
121162,1027652,54.63038,-8.438648,0.,1,-99999,35.,-0.54,14.4,14.700000000000001,0.,-0.02
121162,1028184,54.630412,-8.438677,0.,1,-99999,35.,-0.54,14.4,14.700000000000001,0.,-0.02
121162,1028294,54.630473,-8.438757,0.,1,-99999,35.,-0.54,14.4,14.700000000000001,0.,-0.02
121162,1028612,54.630417,-8.438695,0.,1,-99999,35.,-0.54,14.4,14.700000000000001,0.,-0.02
121162,1029212,54.630423,-8.438635,0.1,1,-99999,35.,-0.54,14.4,14.700000000000001,0.,-0.02
121162,1029514,54.630475,-8.438672,0.1,1,-99999,35.,-0.54,14.4,14.600000000000001,0.,-0.02
121162,1029643,54.630482,-8.438677,0.,1,-99999,35.,-0.54,14.4,14.600000000000001,0.,-0.02
121162,1030131,54.630573,-8.438787,0.,1,-99999,35.,-0.54,14.4,14.600000000000001,0.,-0.02
121162,1030490,54.63047,-8.438598,0.,1,-99999,35.,-0.54,14.4,14.600000000000001,0.,-0.02
121162,1031051,54.630448,-8.438647,0.,1,-99999,35.,-0.54,14.4,14.600000000000001,0.,-0.02
121162,1031115,54.630452,-8.438617,0.,1,-99999,35.,-0.54,14.4,14.600000000000001,0.,-0.02
121162,1031473,54.630425,-8.438642,0.,1,-99999,35.,-0.54,14.4,14.600000000000001,0.,-0.02
121162,1031962,54.630438,-8.43864,0.,1,-99999,35.,-0.54,14.4,14.600000000000001,0.,-0.02
121162,1032411,54.630747,-8.43884,0.,1,-99999,35.,-0.54,14.4,14.600000000000001,0.,-0.02
121162,1032574,54.630555,-8.438702,0.,1,-99999,35.,-0.54,14.4,14.600000000000001,0.,-0.02
121162,1032871,54.630458,-8.43865,0.,1,-99999,35.,-0.54,14.4,14.600000000000001,0.,-0.02
121162,1033371,54.630402,-8.438617,0.,1,-99999,35.,-0.54,14.4,14.5,0.,-0.02
121162,1033782,54.630447,-8.438615,0.,1,-99999,35.,-0.54,14.4,14.5,0.,-0.02
121162,1034084,54.630375,-8.438587,0.,1,-99999,35.,-0.54,14.4,14.5,0.,-0.02
121162,1034342,54.630338,-8.438572,0.,1,-99999,35.,-0.54,14.4,14.5,0.,-0.02
121162,1034982,54.630425,-8.438602,0.,1,-99999,35.,-0.54,14.4,14.5,0.,-0.02
121162,1035324,54.630387,-8.438605,0.,1,-99999,35.,-0.54,14.4,14.5,0.,-0.02
121162,1035891,54.630433,-8.438708,0.1,1,-99999,35.,-0.54,14.4,14.5,-0.01,-0.02
121162,1036238,54.630398,-8.438618,0.,1,-99999,35.,-0.54,14.4,14.5,-0.01,-0.02
121162,1036274,54.630405,-8.43856,0.,1,-99999,35.,-0.54,14.4,14.5,-0.01,-0.02
121162,1036792,54.630363,-8.43856,0.,1,-99999,35.,-0.54,14.4,14.5,-0.01,-0.02
121162,1037201,54.630445,-8.438572,0.1,1,-99999,35.,-0.54,14.4,14.5,-0.01,-0.02
121162,1037701,54.630338,-8.438708,0.,1,-99999,35.,-0.54,14.4,14.4,-0.01,-0.02
121162,1038122,54.630482,-8.438692,0.1,1,-99999,35.,-0.54,14.4,14.4,-0.01,-0.02
121162,1038473,54.630387,-8.438622,0.,1,-99999,35.,-0.54,14.4,14.4,-0.01,-0.02
121162,1038610,54.630603,-8.438688,0.,1,-99999,35.,-0.54,14.4,14.4,-0.01,-0.02
121162,1039071,54.630427,-8.438605,0.,1,-99999,35.,-0.54,14.4,14.4,-0.01,-0.02
121162,1039521,54.63044,-8.438708,0.,1,-99999,35.,-0.54,14.4,14.4,-0.01,-0.02
121162,1039975,54.630457,-8.438587,0.,1,-99999,35.,-0.54,14.4,14.4,-0.01,-0.02
121162,1040001,54.63048,-8.438632,0.,1,-99999,35.,-0.54,14.4,14.4,-0.01,-0.02
121162,1040431,54.630405,-8.438625,0.1,1,-99999,35.,-0.54,14.4,14.4,-0.01,-0.02
121162,1041002,54.630412,-8.438587,0.,1,-99999,35.,-0.54,14.4,14.4,-0.01,-0.02
121162,1041343,54.63041,-8.438587,0.,1,-99999,35.,-0.54,14.4,14.3,-0.01,-0.02
121162,1041443,54.630405,-8.438565,0.,1,-99999,35.,-0.54,14.4,14.3,-0.01,-0.02
121162,1041979,54.630412,-8.438558,0.,1,-99999,35.,-0.54,14.4,14.3,-0.01,-0.02
121162,1042261,54.630428,-8.438653,0.,1,-99999,35.,-0.54,14.4,14.3,-0.01,-0.02
121162,1042906,54.630407,-8.438622,0.,1,-99999,35.,-0.54,14.4,14.3,-0.01,-0.02
121162,1042931,54.630405,-8.438602,0.1,1,-99999,35.,-0.54,14.4,14.3,-0.01,-0.02
121162,1043470,54.630383,-8.438562,0.,1,-99999,35.,-0.54,14.4,14.3,-0.01,-0.02
121162,1043872,54.630452,-8.438692,0.,1,-99999,35.,-0.54,14.4,14.3,-0.01,-0.02
121162,1044381,54.630437,-8.438655,0.,1,-99999,35.,-0.54,14.4,14.3,-0.01,-0.02
121162,1044392,54.63044,-8.438668,0.,1,-99999,35.,-0.54,14.4,14.3,-0.01,-0.02
121162,1044793,54.630408,-8.438583,0.,1,-99999,35.,-0.54,14.4,14.3,-0.01,-0.02
121162,1045300,54.630392,-8.43864,0.1,1,-99999,35.,-0.54,14.4,14.200000000000001,-0.01,-0.02
121162,1045764,54.630398,-8.438582,0.,1,-99999,35.,-0.54,14.4,14.200000000000001,-0.01,-0.02
121162,1045842,54.630457,-8.43869,0.,1,-99999,35.,-0.54,14.4,14.200000000000001,-0.01,-0.02
121162,1046225,54.630428,-8.438593,0.,1,-99999,35.,-0.54,14.4,14.200000000000001,-0.01,-0.02
121162,1046713,54.63044,-8.438593,0.,1,-99999,35.,-0.54,14.4,14.200000000000001,-0.01,-0.02
121162,1047131,54.630427,-8.438655,0.,1,-99999,35.,-0.54,14.4,14.200000000000001,-0.01,-0.02
121162,1047316,54.630405,-8.438552,0.,1,-99999,35.,-0.54,14.4,14.200000000000001,-0.01,-0.02
121162,1047663,54.630383,-8.438602,0.1,1,-99999,35.,-0.54,14.4,14.200000000000001,-0.01,-0.02
121162,1048330,54.630353,-8.438578,0.1,1,-99999,35.,-0.54,14.5,14.200000000000001,-0.01,-0.02
121162,1048602,54.630472,-8.438687,0.,1,-99999,35.,-0.54,14.5,14.200000000000001,-0.01,-0.02
121162,1048826,54.630477,-8.43869,0.,1,-99999,35.,-0.54,14.5,14.100000000000001,-0.01,-0.02
121162,1049231,54.630528,-8.438852,0.1,1,-99999,35.,-0.54,14.5,14.100000000000001,-0.01,-0.02
121162,1049553,54.630573,-8.438935,0.1,1,-99999,35.,-0.54,14.5,14.100000000000001,-0.01,-0.02
121162,1050132,54.630597,-8.438815,0.,1,-99999,35.,-0.54,14.5,14.100000000000001,-0.01,-0.02
121162,1050501,54.63063,-8.438602,0.1,1,-99999,35.,-0.54,14.5,14.100000000000001,-0.01,-0.02
121162,1051043,54.6305,-8.438655,0.1,1,-99999,35.,-0.54,14.5,14.100000000000001,-0.01,-0.02
121162,1051451,54.630422,-8.438592,0.,1,-99999,35.,-0.54,14.5,14.100000000000001,-0.01,-0.02
121162,1051793,54.630452,-8.438637,0.,1,-99999,35.,-0.54,14.5,14.100000000000001,-0.01,-0.02
121162,1051951,54.630413,-8.438575,0.,1,-99999,35.,-0.54,14.5,14.100000000000001,-0.01,-0.02
121162,1052413,54.630437,-8.438638,0.,1,-99999,35.,-0.54,14.5,14.100000000000001,-0.01,-0.02
121162,1052870,54.630482,-8.438582,0.,1,-99999,35.,-0.54,14.5,14.,-0.01,-0.02
121162,1053352,54.63042,-8.438562,0.,1,-99999,35.,-0.54,14.5,14.,-0.01,-0.02
121162,1053361,54.630422,-8.438575,0.,1,-99999,35.,-0.54,14.5,14.,-0.01,-0.02
121162,1053771,54.630387,-8.438547,0.1,1,-99999,35.,-0.54,14.5,14.,-0.01,-0.01
121162,1054321,54.630357,-8.438568,0.,1,-99999,35.,-0.54,14.5,14.,-0.01,-0.01
121162,1054680,54.630378,-8.438648,0.,1,-99999,35.,-0.54,14.5,14.,-0.01,-0.01
121162,1054863,54.630415,-8.43863,0.,1,-99999,35.,-0.54,14.5,14.,-0.01,-0.01
121162,1055279,54.63038,-8.438585,0.,1,-99999,35.,-0.54,14.5,14.,-0.01,-0.01
121162,1055590,54.630372,-8.438562,0.,1,-99999,35.,-0.54,14.5,14.,-0.01,-0.01
121162,1056221,54.63035,-8.438623,0.1,1,-99999,35.,-0.54,14.5,14.,-0.01,-0.01
121162,1056501,54.630452,-8.438668,0.1,1,-99999,35.,-0.54,14.5,13.9,-0.01,-0.01
121162,1057084,54.630412,-8.438615,0.,1,-99999,35.,-0.54,14.5,13.9,-0.01,-0.01
121162,1057170,54.63042,-8.438578,0.,1,-99999,35.,-0.54,14.5,13.9,-0.01,-0.01
121162,1057411,54.630383,-8.438593,0.1,1,-99999,35.,-0.54,14.5,13.9,-0.01,-0.01
121162,1058113,54.63045,-8.438798,0.,1,-99999,35.,-0.54,14.5,13.9,-0.01,-0.01
121162,1058313,54.630402,-8.438575,0.,1,-99999,35.,-0.54,14.5,13.9,-0.01,-0.01
121162,1058542,54.630402,-8.438627,0.,1,-99999,35.,-0.54,14.5,13.9,-0.01,-0.01
121162,1059092,54.630473,-8.438732,0.,1,-99999,35.,-0.54,14.5,13.9,-0.01,-0.01
121162,1059221,54.630373,-8.438495,0.,1,-99999,35.,-0.54,14.5,13.9,-0.01,-0.01
121162,1060051,54.630378,-8.438635,0.,1,-99999,35.,-0.54,14.5,13.9,-0.01,-0.01
121162,1060131,54.630387,-8.438598,0.1,1,-99999,35.,-0.54,14.5,13.9,-0.01,-0.01
121162,1060725,54.630397,-8.438577,0.,1,-99999,35.,-0.54,14.5,13.8,-0.01,-0.01
121162,1061001,54.630395,-8.438597,0.,1,-99999,35.,-0.54,14.5,13.8,-0.01,-0.01
121162,1061051,54.630428,-8.438667,0.,1,-99999,35.,-0.54,14.5,13.8,-0.01,-0.01
121162,1061961,54.630387,-8.438582,0.,1,-99999,35.,-0.54,14.5,13.8,-0.01,-0.01
121162,1062178,54.630477,-8.438587,0.,1,-99999,35.,-0.54,14.5,13.8,-0.01,-0.01
121162,1062882,54.63041,-8.438565,0.,1,-99999,35.,-0.54,14.5,13.8,-0.01,-0.01
121162,1062902,54.63041,-8.438577,0.,1,-99999,35.,-0.54,14.5,13.8,-0.01,-0.01
121162,1063682,54.630775,-8.438932,0.,1,-99999,35.,-0.54,14.5,13.8,-0.01,-0.01
121162,1063840,54.630592,-8.438702,0.,1,-99999,35.,-0.54,14.5,13.8,-0.01,-0.01
121162,1064090,54.630395,-8.438617,0.,1,-99999,35.,-0.54,14.5,13.8,-0.01,-0.01
121162,1064781,54.630403,-8.438575,0.,1,-99999,35.,-0.54,14.5,13.700000000000001,-0.01,-0.01
121162,1064991,54.630352,-8.438593,0.,1,-99999,35.,-0.54,14.5,13.700000000000001,-0.01,-0.01
121162,1065722,54.630408,-8.43849,0.,1,-99999,35.,-0.54,14.5,13.700000000000001,-0.01,-0.01
121162,1065875,54.630425,-8.438532,0.,1,-99999,35.,-0.54,14.5,13.700000000000001,-0.01,-0.01
121162,1065904,54.630422,-8.43852,0.,1,-99999,35.,-0.54,14.5,13.700000000000001,-0.01,-0.01
121162,1066670,54.630388,-8.438552,0.1,1,-99999,35.,-0.54,14.5,13.700000000000001,-0.01,-0.01
121162,1066821,54.630368,-8.438558,0.,1,-99999,35.,-0.54,14.5,13.700000000000001,-0.01,-0.01
121162,1067385,54.630417,-8.438617,0.,1,-99999,35.,-0.54,14.5,13.700000000000001,-0.01,-0.01
121162,1067661,54.630428,-8.438605,0.1,1,-99999,35.,-0.54,14.5,13.700000000000001,-0.01,-0.01
121162,1067731,54.630435,-8.438622,0.,1,-99999,35.,-0.54,14.5,13.700000000000001,-0.01,-0.01
121162,1068612,54.630495,-8.43861,0.,1,-99999,35.,-0.54,14.5,13.600000000000001,-0.01,-0.01
121162,1068641,54.630458,-8.438598,0.,1,-99999,35.,-0.54,14.5,13.600000000000001,-0.01,-0.01
121162,1068862,54.63038,-8.438582,0.,1,-99999,35.,-0.54,14.5,13.600000000000001,-0.01,-0.01
121162,1069561,54.63044,-8.438642,0.,1,-99999,35.,-0.54,14.5,13.600000000000001,-0.01,-0.01
121162,1069842,54.63045,-8.438598,0.,1,-99999,35.,-0.54,14.5,13.600000000000001,-0.01,-0.01
121162,1070332,54.630417,-8.438612,0.,1,-99999,35.,-0.54,14.5,13.600000000000001,-0.01,-0.01
121162,1070511,54.630462,-8.438768,0.,1,-99999,35.,-0.54,14.5,13.600000000000001,-0.01,-0.01
121162,1070750,54.630555,-8.439162,0.,1,-99999,35.,-0.54,14.5,13.600000000000001,-0.01,-0.01
121162,1071471,54.630465,-8.438683,0.,1,-99999,35.,-0.54,14.5,13.600000000000001,-0.01,-0.01
121162,1071671,54.630413,-8.438738,0.,1,-99999,35.,-0.54,14.5,13.600000000000001,-0.01,-0.01
121162,1071795,54.630412,-8.438715,0.,1,-99999,35.,-0.54,14.5,13.600000000000001,-0.01,-0.01
121162,1072421,54.630387,-8.438612,0.,1,-99999,35.,-0.54,14.5,13.5,-0.01,-0.01
121162,1072582,54.630385,-8.438567,0.,1,-99999,35.,-0.54,14.5,13.5,-0.01,-0.01
121162,1073382,54.630402,-8.438643,0.,1,-99999,35.,-0.54,14.5,13.5,-0.01,-0.01
121162,1073485,54.630395,-8.438665,0.1,1,-99999,35.,-0.54,14.5,13.5,-0.01,-0.01
121162,1074034,54.630447,-8.438577,0.,1,-99999,35.,-0.54,14.5,13.5,-0.01,-0.01
121162,1074360,54.630477,-8.438642,0.,1,-99999,35.,-0.54,14.5,13.5,-0.01,-0.01
121162,1074410,54.630515,-8.438653,0.,1,-99999,35.,-0.54,14.5,13.5,-0.01,-0.01
121162,1075281,54.630428,-8.438592,0.,1,-99999,35.,-0.54,14.5,13.5,-0.01,-0.01
121162,1075311,54.630428,-8.4386,0.,1,-99999,35.,-0.54,14.5,13.5,-0.01,-0.01
121162,1075492,54.63042,-8.438622,0.,1,-99999,35.,-0.54,14.5,13.5,-0.01,-0.01
121162,1076222,54.630405,-8.438578,0.1,1,-99999,35.,-0.54,14.5,13.4,-0.01,-0.01
121162,1076228,54.630405,-8.438578,0.1,1,-99999,35.,-0.54,14.5,13.4,-0.01,-0.01
121162,1077172,54.630433,-8.438625,0.,1,-99999,35.,-0.54,14.5,13.4,-0.01,-0.01
121162,1077421,54.630405,-8.438592,0.,1,-99999,35.,-0.54,14.5,13.4,-0.01,-0.01
121162,1077753,54.630455,-8.438652,0.,1,-99999,35.,-0.54,14.5,13.4,-0.01,-0.01
121162,1078121,54.630425,-8.438643,0.,1,-99999,35.,-0.54,14.5,13.4,-0.01,-0.01
121162,1078330,54.630407,-8.438598,0.1,1,-99999,35.,-0.54,14.5,13.4,-0.01,-0.01
121162,1079071,54.630427,-8.438583,0.,1,-99999,35.,-0.54,14.5,13.4,-0.01,-0.01
121162,1079240,54.630447,-8.438618,0.,1,-99999,35.,-0.54,14.5,13.4,-0.01,-0.01
121162,1079251,54.630455,-8.438625,0.,1,-99999,35.,-0.54,14.5,13.4,-0.01,-0.01
121162,1080000,54.63042,-8.438685,0.,1,-99999,35.,-0.54,14.5,13.3,-0.01,-0.01
121162,1080151,54.630428,-8.438618,0.,1,-99999,35.,-0.54,14.5,13.3,-0.01,-0.01
121162,1080962,54.63041,-8.438583,0.,1,-99999,35.,-0.54,14.5,13.3,-0.01,-0.01
121162,1081062,54.630403,-8.438575,0.,1,-99999,35.,-0.54,14.5,13.3,-0.01,-0.01
121162,1081514,54.630435,-8.438617,0.,1,-99999,35.,-0.54,14.5,13.3,-0.01,-0.01
121162,1081953,54.6304,-8.438583,0.,1,-99999,35.,-0.54,14.5,13.3,-0.01,-0.01
121162,1081970,54.630398,-8.438588,0.,1,-99999,35.,-0.54,14.5,13.3,-0.01,-0.01
121162,1082881,54.630403,-8.438512,0.,1,-99999,35.,-0.54,14.5,13.3,-0.01,-0.01
121162,1082901,54.630388,-8.438557,0.,1,-99999,35.,-0.54,14.5,13.3,-0.01,-0.01
121162,1083026,54.630417,-8.438537,0.,1,-99999,35.,-0.54,14.5,13.3,-0.01,-0.01
121162,1083782,54.630417,-8.438573,0.,1,-99999,35.,-0.54,14.5,13.200000000000001,-0.01,-0.01
121162,1083861,54.63044,-8.43854,0.1,1,-99999,35.,-0.54,14.5,13.200000000000001,-0.01,-0.01
121162,1084483,54.630422,-8.438587,0.,1,-99999,35.,-0.54,14.5,13.200000000000001,-0.01,-0.01
121162,1084820,54.63042,-8.438577,0.,1,-99999,35.,-0.54,14.5,13.200000000000001,-0.01,-0.01
121162,1084981,54.630405,-8.438588,0.,1,-99999,35.,-0.54,14.5,13.200000000000001,-0.01,-0.01
121162,1085771,54.63044,-8.438672,0.,1,-99999,35.,-0.54,14.5,13.200000000000001,-0.01,-0.01
121162,1085899,54.630422,-8.43864,0.1,1,-99999,35.,-0.54,14.5,13.200000000000001,-0.01,-0.01
121162,1086702,54.630417,-8.438593,0.,1,-99999,35.,-0.54,14.5,13.200000000000001,-0.01,-0.01
121162,1086706,54.630417,-8.438592,0.,1,-99999,35.,-0.54,14.5,13.200000000000001,-0.01,-0.01
121162,1086801,54.630403,-8.438563,0.,1,-99999,35.,-0.54,14.5,13.200000000000001,-0.01,-0.01
121162,1087661,54.630408,-8.438607,0.1,1,-99999,35.,-0.54,14.5,13.100000000000001,-0.01,-0.01
121162,1087702,54.630412,-8.438603,0.1,1,-99999,35.,-0.54,14.5,13.100000000000001,-0.01,-0.01
121162,1088162,54.630397,-8.438642,0.,1,-99999,35.,-0.54,14.5,13.100000000000001,-0.01,-0.01
121162,1088611,54.630388,-8.438585,0.,1,-99999,35.,-0.54,14.5,13.100000000000001,-0.01,-0.01
121162,1088620,54.630388,-8.438585,0.,1,-99999,35.,-0.54,14.5,13.100000000000001,-0.01,-0.01
121162,1089532,54.63041,-8.438587,0.1,1,-99999,35.,-0.54,14.5,13.100000000000001,-0.01,-0.01
121162,1089547,54.63041,-8.438577,0.,1,-99999,35.,-0.54,14.5,13.100000000000001,-0.01,-0.01
121162,1089663,54.630392,-8.438592,0.,1,-99999,35.,-0.54,14.5,13.100000000000001,-0.01,-0.01
121162,1090465,54.63041,-8.4386,0.1,1,-99999,35.,-0.54,14.5,13.100000000000001,-0.01,-0.01
121162,1090730,54.63042,-8.438637,0.1,1,-99999,35.,-0.54,14.5,13.100000000000001,-0.01,-0.01
121162,1091143,54.630457,-8.438652,0.,1,-99999,35.,-0.54,14.5,13.100000000000001,-0.01,-0.01
121162,1091471,54.630442,-8.438632,0.,1,-99999,35.,-0.54,14.5,13.,-0.01,-0.01
121162,1091640,54.630422,-8.43867,0.1,1,-99999,35.,-0.54,14.5,13.,-0.01,-0.01
121162,1092413,54.630387,-8.438598,0.,1,-99999,35.,-0.54,14.5,13.,-0.01,-0.01
121162,1092541,54.630365,-8.438618,0.,1,-99999,35.,-0.54,14.5,13.,-0.01,-0.01
121162,1093354,54.6304,-8.438637,0.,1,-99999,35.,-0.54,14.5,13.,-0.01,-0.01
121162,1093361,54.630368,-8.43863,0.1,1,-99999,35.,-0.54,14.5,13.,-0.01,-0.01
121162,1093743,54.630507,-8.438578,0.1,1,-99999,35.,-0.54,14.5,13.,-0.01,-0.01
121162,1094300,54.630425,-8.438623,0.,1,-99999,35.,-0.54,14.5,13.,-0.01,-0.01
121162,1094651,54.630443,-8.438653,0.,1,-99999,35.,-0.54,14.5,13.,-0.01,-0.01
121162,1094863,54.63041,-8.438655,0.,1,-99999,35.,-0.54,14.5,13.,-0.01,-0.01
121162,1095241,54.630417,-8.438583,0.,1,-99999,35.,-0.54,14.5,12.9,-0.01,-0.01
121162,1095859,54.630407,-8.438635,0.,1,-99999,35.,-0.54,14.5,12.9,-0.01,-0.01
121162,1096193,54.630463,-8.438637,0.,1,-99999,35.,-0.54,14.5,12.9,-0.01,-0.01
121162,1096345,54.630577,-8.438652,0.,1,-99999,35.,-0.54,14.5,12.9,-0.01,-0.01
121162,1096761,54.630378,-8.438617,0.,1,-99999,35.,-0.54,14.5,12.9,-0.01,-0.01
121162,1097171,54.630402,-8.438642,0.,1,-99999,35.,-0.54,14.5,12.9,-0.01,-0.01
121162,1097872,54.63036,-8.4386,0.,1,-99999,35.,-0.54,14.5,12.9,-0.01,-0.01
121162,1097961,54.630383,-8.438598,0.1,1,-99999,35.,-0.54,14.5,12.9,-0.01,-0.01
121162,1098121,54.630408,-8.43862,0.,1,-99999,35.,-0.54,14.5,12.9,-0.01,-0.01
121162,1099061,54.63039,-8.43859,0.,1,-99999,35.,-0.54,14.5,12.8,-0.01,-0.01
121162,1099161,54.630428,-8.438588,0.,1,-99999,35.,-0.54,14.5,12.8,-0.01,-0.01
121162,1099393,54.630372,-8.43862,0.,1,-99999,35.,-0.54,14.5,12.8,-0.01,-0.01
121162,1100022,54.630403,-8.438608,0.1,1,-99999,35.,-0.54,14.5,12.8,-0.01,-0.01
121162,1100370,54.630405,-8.438623,0.,1,-99999,35.,-0.54,14.5,12.8,-0.01,-0.01
121162,1100875,54.630422,-8.438602,0.,1,-99999,35.,-0.54,14.5,12.8,-0.01,-0.01
121162,1100981,54.63042,-8.438628,0.,1,-99999,35.,-0.54,14.5,12.8,-0.01,-0.01
121162,1101291,54.630448,-8.438635,0.1,1,-99999,35.,-0.54,14.5,12.8,-0.01,-0.01
121162,1101920,54.630392,-8.438598,0.,1,-99999,35.,-0.54,14.5,12.8,-0.01,-0.01
121162,1102201,54.630423,-8.438618,0.,1,-99999,35.,-0.54,14.5,12.8,-0.01,-0.01
121162,1102334,54.63042,-8.438607,0.,1,-99999,35.,-0.54,14.5,12.8,-0.01,-0.01
121162,1102870,54.630428,-8.43855,0.,1,-99999,35.,-0.54,14.5,12.8,-0.01,-0.01
121162,1103111,54.630418,-8.438615,0.1,1,-99999,35.,-0.54,14.5,12.700000000000001,-0.01,-0.01
121162,1103794,54.630397,-8.438592,0.,1,-99999,35.,-0.54,14.5,12.700000000000001,-0.01,-0.01
121162,1103854,54.630408,-8.438617,0.,1,-99999,35.,-0.54,14.5,12.700000000000001,-0.01,-0.01
121162,1104015,54.630447,-8.438633,0.,1,-99999,35.,-0.54,14.5,12.700000000000001,-0.01,-0.01
121162,1104801,54.630458,-8.438585,0.1,1,-99999,35.,-0.54,14.5,12.700000000000001,-0.01,-0.01
121162,1104922,54.63042,-8.438618,0.,1,-99999,35.,-0.54,14.5,12.700000000000001,-0.01,-0.01
121162,1105263,54.630632,-8.43885,0.,1,-99999,35.,-0.54,14.5,12.700000000000001,-0.01,-0.01
121162,1105760,54.630413,-8.43859,0.1,1,-99999,35.,-0.54,14.5,12.700000000000001,-0.01,-0.01
121162,1105830,54.630453,-8.438572,0.1,1,-99999,35.,-0.54,14.5,12.700000000000001,-0.01,-0.01
121162,1106711,54.630392,-8.438602,0.,1,-99999,35.,-0.54,14.5,12.700000000000001,-0.01,-0.01
121162,1106719,54.630392,-8.438602,0.,1,-99999,35.,-0.54,14.5,12.600000000000001,-0.01,-0.01
121162,1107042,54.630495,-8.438715,0.,1,-99999,35.,-0.54,14.5,12.600000000000001,-0.01,-0.01
121162,1107631,54.630428,-8.438643,0.,1,-99999,35.,-0.54,14.5,12.600000000000001,-0.01,-0.01
121162,1108182,54.630502,-8.438605,0.,1,-99999,35.,-0.54,14.5,12.600000000000001,-0.01,-0.01
121162,1108241,54.630403,-8.438562,0.,1,-99999,35.,-0.54,14.5,12.600000000000001,-0.01,-0.01
121162,1108570,54.630387,-8.438587,0.,1,-99999,35.,-0.54,14.5,12.600000000000001,-0.01,-0.01
121162,1109142,54.630435,-8.43858,0.,1,-99999,35.,-0.54,14.5,12.600000000000001,-0.01,-0.01
121162,1109530,54.630507,-8.43872,0.1,1,-99999,35.,-0.54,14.5,12.600000000000001,-0.01,-0.01
121162,1110063,54.630432,-8.43865,0.1,1,-99999,35.,-0.54,14.5,12.600000000000001,-0.01,-0.01
121162,1110415,54.630417,-8.43859,0.,1,-99999,35.,-0.54,14.5,12.600000000000001,-0.01,-0.01
121162,1110481,54.630425,-8.438628,0.,1,-99999,35.,-0.54,14.5,12.600000000000001,-0.01,-0.01
121162,1110970,54.630443,-8.438653,0.,1,-99999,35.,-0.54,14.5,12.5,-0.01,-0.01
121162,1111481,54.630483,-8.438702,0.,1,-99999,35.,-0.54,14.5,12.5,-0.01,-0.01
121162,1111883,54.630415,-8.438647,0.,1,-99999,35.,-0.54,14.5,12.5,-0.01,-0.01
121162,1111892,54.630417,-8.43864,0.1,1,-99999,35.,-0.54,14.5,12.5,-0.01,-0.01
121162,1112422,54.630422,-8.438585,0.,1,-99999,35.,-0.54,14.5,12.5,-0.01,-0.01
121162,1112801,54.630418,-8.438617,0.,1,-99999,35.,-0.54,14.5,12.5,-0.01,-0.01
121162,1113336,54.630447,-8.438635,0.,1,-99999,35.,-0.54,14.5,12.5,-0.01,-0.01
121162,1113371,54.630462,-8.438622,0.,1,-99999,35.,-0.54,14.5,12.5,-0.01,-0.01
121162,1114012,54.630375,-8.438635,0.,1,-99999,35.,-0.54,14.5,12.5,-0.01,-0.01
121162,1114322,54.630462,-8.438648,0.,1,-99999,35.,-0.54,14.5,12.5,-0.01,-0.01
121162,1114843,54.630407,-8.43862,0.,1,-99999,35.,-0.54,14.5,12.4,-0.01,-0.01
121162,1114932,54.630425,-8.438655,0.,1,-99999,35.,-0.54,14.5,12.4,-0.01,-0.01
121162,1115281,54.630488,-8.438655,0.,1,-99999,35.,-0.54,14.5,12.4,-0.01,-0.01
121162,1116132,54.630555,-8.438863,0.,1,-99999,35.,-0.54,14.5,12.4,-0.02,-0.01
121162,1116242,54.630585,-8.438803,0.,1,-99999,35.,-0.54,14.5,12.4,-0.02,-0.01
121162,1117040,54.630452,-8.438628,0.,1,-99999,35.,-0.54,14.5,12.4,-0.02,-0.01
121162,1117093,54.630482,-8.438652,0.,1,-99999,35.,-0.54,14.5,12.4,-0.02,-0.01
121162,1117192,54.63045,-8.438588,0.,1,-99999,35.,-0.54,14.5,12.4,-0.02,-0.01
121162,1117950,54.630465,-8.43866,0.1,1,-99999,35.,-0.54,14.5,12.4,-0.02,-0.01
121162,1118126,54.630413,-8.438602,0.,1,-99999,35.,-0.54,14.5,12.4,-0.02,-0.01
121162,1118563,54.63063,-8.438747,0.,1,-99999,35.,-0.54,14.5,12.3,-0.02,-0.01
121162,1118862,54.630638,-8.438832,0.,1,-99999,35.,-0.54,14.5,12.3,-0.02,-0.01
121162,1119071,54.630353,-8.438543,0.,1,-99999,35.,-0.54,14.5,12.3,-0.02,-0.01
121162,1120032,54.630477,-8.438672,0.,1,-99999,35.,-0.54,14.5,12.3,-0.02,-0.01
121162,1120060,54.630423,-8.438608,0.,1,-99999,35.,-0.54,14.5,12.3,-0.02,-0.01
121162,1120826,54.63044,-8.438575,0.,1,-99999,35.,-0.54,14.5,12.3,-0.02,-0.01
121162,1120970,54.63041,-8.438538,0.1,1,-99999,35.,-0.54,14.5,12.3,-0.02,-0.01
121162,1120992,54.63041,-8.438497,0.,1,-99999,35.,-0.54,14.5,12.3,-0.02,-0.01
121162,1121884,54.630447,-8.438593,0.,1,-99999,35.,-0.54,14.5,12.3,-0.02,-0.01
121162,1121940,54.630418,-8.438658,0.,1,-99999,35.,-0.54,14.5,12.3,-0.02,-0.01
121162,1122791,54.63038,-8.438545,0.,1,-99999,35.,-0.54,14.5,12.200000000000001,-0.02,-0.01
121162,1122919,54.63038,-8.438557,0.1,1,-99999,35.,-0.54,14.5,12.200000000000001,-0.02,-0.01
121162,1123081,54.630402,-8.438562,0.,1,-99999,35.,-0.54,14.5,12.200000000000001,-0.02,-0.01
121162,1123710,54.63046,-8.438625,0.,1,-99999,35.,-0.54,14.5,12.200000000000001,-0.02,-0.01
121162,1123841,54.630417,-8.438583,0.,1,-99999,35.,-0.54,14.5,12.200000000000001,-0.02,-0.01
121162,1124624,54.63035,-8.438605,0.,1,-99999,35.,-0.54,14.5,12.200000000000001,-0.02,-0.01
121162,1124957,54.63038,-8.43859,0.1,1,-99999,35.,-0.54,14.5,12.200000000000001,-0.02,-0.01
121162,1125312,54.630427,-8.43861,0.,1,-99999,35.,-0.54,14.5,12.200000000000001,-0.02,-0.01
121162,1125530,54.630452,-8.43865,0.,1,-99999,35.,-0.54,14.5,12.200000000000001,-0.02,-0.01
121162,1126006,54.630425,-8.438678,0.,1,-99999,35.,-0.54,14.5,12.100000000000001,-0.02,-0.01
121162,1126441,54.630428,-8.438623,0.,1,-99999,35.,-0.54,14.5,12.100000000000001,-0.02,-0.01
121162,1126774,54.630417,-8.438612,0.,1,-99999,35.,-0.54,14.5,12.100000000000001,-0.02,-0.01
121162,1126971,54.630418,-8.438698,0.,1,-99999,35.,-0.54,14.5,12.100000000000001,-0.02,-0.01
121162,1127351,54.63044,-8.438618,0.,1,-99999,35.,-0.54,14.5,12.100000000000001,-0.02,-0.01
121162,1127881,54.630435,-8.438652,0.,1,-99999,35.,-0.54,14.5,12.100000000000001,-0.02,-0.01
121162,1128245,54.63039,-8.438632,0.,1,-99999,35.,-0.54,14.5,12.100000000000001,-0.02,-0.01
121162,1128261,54.630398,-8.438617,0.1,1,-99999,35.,-0.54,14.5,12.100000000000001,-0.02,-0.01
121162,1128842,54.63043,-8.438643,0.,1,-99999,35.,-0.54,14.5,12.100000000000001,-0.02,-0.01
121162,1129172,54.630413,-8.438602,0.,1,-99999,35.,-0.54,14.5,12.100000000000001,-0.02,-0.01
121162,1129784,54.63039,-8.438635,0.,1,-99999,35.,-0.54,14.5,12.100000000000001,-0.02,-0.01
121162,1130081,54.630427,-8.438607,0.,1,-99999,35.,-0.54,14.5,12.,-0.02,-0.01
121162,1130492,54.630455,-8.438642,0.,1,-99999,35.,-0.54,14.5,12.,-0.02,-0.01
121162,1130732,54.630407,-8.43863,0.,1,-99999,35.,-0.54,14.5,12.,-0.02,-0.01
121162,1131290,54.630372,-8.438672,0.,1,-99999,35.,-0.54,14.5,12.,-0.02,-0.01
121162,1131681,54.630398,-8.438655,0.,1,-99999,35.,-0.54,14.5,12.,-0.02,-0.01
121162,1131934,54.63041,-8.438647,0.,1,-99999,35.,-0.54,14.5,12.,-0.02,-0.01
121162,1132200,54.630397,-8.438555,0.,1,-99999,35.,-0.54,14.5,12.,-0.02,-0.01
121162,1132621,54.630422,-8.438612,0.,1,-99999,35.,-0.54,14.5,12.,-0.02,-0.01
121162,1133111,54.63045,-8.438668,0.,1,-99999,35.,-0.54,14.5,12.,-0.02,-0.01
121162,1133395,54.630362,-8.438637,0.,1,-99999,35.,-0.54,14.5,12.,-0.02,-0.01
121162,1133611,54.630468,-8.438612,0.1,1,-99999,35.,-0.54,14.5,12.,-0.02,-0.01
121162,1134020,54.630417,-8.438605,0.,1,-99999,35.,-0.54,14.5,11.9,-0.02,-0.01
121162,1134562,54.63039,-8.438608,0.,1,-99999,35.,-0.54,14.5,11.9,-0.02,-0.01
121162,1134921,54.630398,-8.438663,0.,1,-99999,35.,-0.54,14.5,11.9,-0.02,-0.01
121162,1134925,54.630397,-8.438662,0.,1,-99999,35.,-0.54,14.5,11.9,-0.02,-0.01
121162,1135502,54.630583,-8.438943,0.,1,-99999,35.,-0.54,14.5,11.9,-0.02,-0.01
121162,1135830,54.63046,-8.438707,0.,1,-99999,35.,-0.54,14.5,11.9,-0.02,-0.01
121162,1136403,54.630527,-8.438755,0.,1,-99999,35.,-0.54,14.5,11.9,-0.02,-0.01
121162,1136432,54.630583,-8.438812,0.,1,-99999,35.,-0.54,14.5,11.9,-0.02,-0.01
121162,1136742,54.630657,-8.438733,0.,1,-99999,35.,-0.54,14.5,11.9,-0.02,-0.01
121162,1137392,54.630482,-8.438625,0.1,1,-99999,35.,-0.54,14.5,11.9,-0.02,-0.01
121162,1137865,54.63051,-8.438562,0.,1,-99999,35.,-0.54,14.5,11.8,-0.02,-0.01
121162,1137950,54.63049,-8.438628,0.,1,-99999,35.,-0.54,14.5,11.8,-0.02,-0.01
121162,1138342,54.630435,-8.438662,0.1,1,-99999,35.,-0.54,14.5,11.8,-0.02,-0.01
121162,1138859,54.630402,-8.43866,0.1,1,-99999,35.,-0.54,14.5,11.8,-0.02,-0.01
121162,1139292,54.630373,-8.438607,0.1,1,-99999,35.,-0.54,14.5,11.8,-0.02,-0.01
121162,1139375,54.63039,-8.438612,0.,1,-99999,35.,-0.54,14.5,11.8,-0.02,-0.01
121162,1139760,54.63035,-8.438553,0.,1,-99999,35.,-0.54,14.5,11.8,-0.02,-0.01
121162,1140232,54.63041,-8.438597,0.,1,-99999,35.,-0.54,14.5,11.8,-0.02,-0.01
121162,1140670,54.63039,-8.438648,0.1,1,-99999,35.,-0.54,14.5,11.8,-0.02,-0.01
121162,1140823,54.63038,-8.438647,0.,1,-99999,35.,-0.54,14.5,11.8,-0.02,-0.01
121162,1141221,54.63038,-8.438617,0.,1,-99999,35.,-0.54,14.5,11.8,-0.02,-0.01
121162,1141585,54.630387,-8.43864,0.,1,-99999,35.,-0.54,14.5,11.700000000000001,-0.02,-0.01
121162,1142185,54.63039,-8.438647,0.,1,-99999,35.,-0.54,14.5,11.700000000000001,-0.02,-0.01
121162,1142492,54.630365,-8.438623,0.1,1,-99999,35.,-0.54,14.5,11.700000000000001,-0.02,-0.01
121162,1143082,54.630432,-8.438667,0.,1,-99999,35.,-0.54,14.5,11.700000000000001,-0.02,-0.01
121162,1143122,54.630398,-8.438675,0.,1,-99999,35.,-0.54,14.5,11.700000000000001,-0.02,-0.01
121162,1143401,54.630383,-8.438593,0.,1,-99999,35.,-0.53,14.5,11.700000000000001,-0.02,-0.01
121162,1144071,54.630375,-8.438673,0.,1,-99999,35.,-0.53,14.5,11.700000000000001,-0.02,-0.01
121162,1144302,54.630362,-8.438632,0.,1,-99999,35.,-0.53,14.5,11.700000000000001,-0.02,-0.01
121162,1144608,54.630345,-8.438582,0.,1,-99999,35.,-0.53,14.5,11.700000000000001,-0.02,-0.01
121162,1144979,54.63038,-8.438548,0.1,1,-99999,35.,-0.53,14.5,11.700000000000001,-0.02,-0.01
121162,1145211,54.630372,-8.438542,0.,1,-99999,35.,-0.53,14.5,11.700000000000001,-0.02,-0.01
121162,1145951,54.630417,-8.438658,0.,1,-99999,35.,-0.53,14.5,11.600000000000001,-0.02,-0.01
121162,1146113,54.630417,-8.438682,0.,1,-99999,35.,-0.53,14.5,11.600000000000001,-0.02,-0.01
121162,1146421,54.630382,-8.438603,0.,1,-99999,35.,-0.53,14.5,11.600000000000001,-0.02,-0.01
121162,1146903,54.630387,-8.438627,0.,1,-99999,35.,-0.53,14.5,11.600000000000001,-0.02,-0.01
121162,1147593,54.630402,-8.438637,0.,1,-99999,35.,-0.53,14.5,11.600000000000001,-0.02,-0.01
121162,1147862,54.630362,-8.43861,0.1,1,-99999,35.,-0.53,14.5,11.600000000000001,-0.02,-0.01
121162,1148232,54.63041,-8.438628,0.,1,-99999,35.,-0.53,14.5,11.600000000000001,-0.02,-0.01
121162,1148862,54.630387,-8.438547,0.1,1,-99999,35.,-0.53,14.5,11.600000000000001,-0.02,-0.01
121162,1149054,54.630457,-8.438667,0.,1,-99999,35.,-0.53,14.5,11.600000000000001,-0.02,-0.01
121162,1149141,54.63044,-8.438672,0.,1,-99999,35.,-0.53,14.5,11.600000000000001,-0.02,-0.01
121162,1149820,54.630567,-8.438792,0.,1,-99999,35.,-0.53,14.5,11.5,-0.02,-0.01
121162,1150051,54.630427,-8.43865,0.,1,-99999,35.,-0.53,14.5,11.5,-0.02,-0.01
121162,1150781,54.630398,-8.438583,0.,1,-99999,35.,-0.53,14.5,11.5,-0.02,-0.01
121162,1150961,54.63039,-8.438618,0.1,1,-99999,35.,-0.53,14.5,11.5,-0.02,-0.01
121162,1151272,54.630397,-8.438622,0.,1,-99999,35.,-0.53,14.5,11.5,-0.02,-0.01
121162,1151741,54.630378,-8.438603,0.1,1,-99999,35.,-0.53,14.5,11.5,-0.02,-0.01
121162,1151873,54.630403,-8.438547,0.1,1,-99999,35.,-0.53,14.5,11.5,-0.02,-0.01
121162,1152666,54.63036,-8.438653,0.,1,-99999,35.,-0.53,14.5,11.5,-0.02,-0.01
121162,1152722,54.63038,-8.438595,0.,1,-99999,35.,-0.53,14.5,11.5,-0.02,-0.01
121162,1152781,54.6304,-8.438612,0.,1,-99999,35.,-0.53,14.5,11.5,-0.02,-0.01
121162,1153610,54.630382,-8.438617,0.,1,-99999,35.,-0.53,14.5,11.4,-0.02,-0.01
121162,1153691,54.630365,-8.438605,0.1,1,-99999,35.,-0.53,14.5,11.4,-0.02,-0.01
121162,1154237,54.630397,-8.438602,0.,1,-99999,35.,-0.53,14.5,11.4,-0.02,-0.01
121162,1154571,54.630435,-8.438618,0.,1,-99999,35.,-0.53,14.5,11.4,-0.02,-0.01
121162,1154600,54.63043,-8.438557,0.,1,-99999,35.,-0.53,14.5,11.4,-0.02,-0.01
121162,1155511,54.630425,-8.438605,0.1,1,-99999,35.,-0.53,14.5,11.4,-0.02,-0.01
121162,1155531,54.63041,-8.438602,0.,1,-99999,35.,-0.53,14.5,11.4,-0.02,-0.01
121162,1156432,54.630403,-8.43866,0.,1,-99999,35.,-0.53,14.5,11.4,-0.02,-0.01
121162,1156436,54.630402,-8.43866,0.,1,-99999,35.,-0.53,14.5,11.4,-0.02,-0.01
121162,1156491,54.630392,-8.438593,0.,1,-99999,35.,-0.53,14.5,11.4,-0.02,-0.01
121162,1157351,54.630403,-8.438628,0.,1,-99999,35.,-0.53,14.5,11.3,-0.02,-0.01
121162,1157431,54.63039,-8.438605,0.,1,-99999,35.,-0.53,14.5,11.3,-0.02,-0.01
121162,1157955,54.630402,-8.438757,0.,1,-99999,35.,-0.53,14.5,11.3,-0.02,-0.01
121162,1158262,54.630425,-8.438618,0.1,1,-99999,35.,-0.53,14.5,11.3,-0.02,-0.01
121162,1158382,54.630448,-8.438593,0.,1,-99999,35.,-0.53,14.5,11.3,-0.02,-0.01
121162,1159181,54.630403,-8.438608,0.,1,-99999,35.,-0.53,14.5,11.3,-0.02,-0.01
121162,1159332,54.630398,-8.438777,0.,1,-99999,35.,-0.53,14.5,11.3,-0.02,-0.01
121162,1160100,54.630422,-8.438623,0.1,1,-99999,35.,-0.53,14.5,11.3,-0.02,-0.01
121162,1160224,54.630492,-8.438577,0.,1,-99999,35.,-0.53,14.5,11.3,-0.02,-0.01
121162,1160282,54.630422,-8.438552,0.,1,-99999,35.,-0.53,14.5,11.3,-0.02,-0.01
121162,1161012,54.630418,-8.438605,0.,1,-99999,35.,-0.53,14.5,11.200000000000001,-0.02,-0.01
121162,1161230,54.630468,-8.438672,0.,1,-99999,35.,-0.53,14.5,11.200000000000001,-0.02,-0.01
121162,1161734,54.63042,-8.438582,0.,1,-99999,35.,-0.53,14.5,11.200000000000001,-0.02,-0.01
121162,1161920,54.63041,-8.43855,0.,1,-99999,35.,-0.53,14.5,11.200000000000001,-0.02,-0.01
121162,1162190,54.630403,-8.438595,0.,1,-99999,35.,-0.53,14.5,11.200000000000001,-0.02,-0.01
121162,1162832,54.630392,-8.43856,0.,1,-99999,35.,-0.53,14.5,11.200000000000001,-0.02,-0.01
121162,1163141,54.63042,-8.438625,0.1,1,-99999,35.,-0.53,14.5,11.200000000000001,-0.02,-0.01
121162,1163256,54.630475,-8.438672,0.,1,-99999,35.,-0.53,14.5,11.200000000000001,-0.02,-0.01
121162,1164040,54.630458,-8.438677,0.,1,-99999,35.,-0.53,14.5,11.200000000000001,-0.02,-0.01
121162,1164090,54.630415,-8.43865,0.1,1,-99999,35.,-0.53,14.5,11.200000000000001,-0.02,-0.01
121162,1164941,54.630432,-8.438633,0.1,1,-99999,35.,-0.53,14.5,11.100000000000001,-0.02,-0.01
121162,1165032,54.63038,-8.438628,0.1,1,-99999,35.,-0.53,14.5,11.100000000000001,-0.02,-0.01
121162,1165483,54.6304,-8.438642,0.,1,-99999,35.,-0.53,14.5,11.100000000000001,-0.02,-0.01
121162,1165843,54.630398,-8.43867,0.,1,-99999,35.,-0.53,14.5,11.100000000000001,-0.02,-0.01
121162,1165971,54.63044,-8.438678,0.1,1,-99999,35.,-0.53,14.5,11.100000000000001,-0.02,-0.01
121162,1166941,54.630402,-8.438588,0.,1,-99999,35.,-0.53,14.5,11.100000000000001,-0.02,-0.01
121162,1167041,54.630362,-8.43858,0.1,1,-99999,35.,-0.53,14.5,11.100000000000001,-0.02,-0.01
121162,1167774,54.630397,-8.438612,0.,1,-99999,35.,-0.53,14.5,11.100000000000001,-0.02,-0.01
121162,1167893,54.630377,-8.438593,0.,1,-99999,35.,-0.53,14.5,11.100000000000001,-0.02,-0.01
121162,1167951,54.630402,-8.438583,0.,1,-99999,35.,-0.53,14.5,11.100000000000001,-0.02,-0.01
121162,1168831,54.630352,-8.438533,0.,1,-99999,35.,-0.53,14.5,11.,-0.02,-0.01
121162,1168862,54.630368,-8.438625,0.,1,-99999,35.,-0.53,14.5,11.,-0.02,-0.01
121162,1169772,54.630418,-8.438575,0.,1,-99999,35.,-0.53,14.5,11.,-0.02,-0.01
121162,1169780,54.630417,-8.438575,0.,1,-99999,35.,-0.53,14.5,11.,-0.02,-0.01
121162,1170013,54.630402,-8.438587,0.,1,-99999,35.,-0.53,14.5,11.,-0.02,-0.01
121162,1170774,54.630432,-8.438592,0.,1,-99999,35.,-0.53,14.5,11.,-0.02,-0.01
121162,1170981,54.630482,-8.438612,0.,1,-99999,35.,-0.53,14.5,11.,-0.02,-0.01
121162,1171484,54.63042,-8.438625,0.,1,-99999,35.,-0.53,14.5,11.,-0.02,-0.01
121162,1171723,54.630405,-8.438683,0.,1,-99999,35.,-0.53,14.5,11.,-0.02,-0.01
121162,1171902,54.630417,-8.438645,0.,1,-99999,35.,-0.53,14.5,11.,-0.02,-0.01
121162,1172671,54.630428,-8.438612,0.,1,-99999,35.,-0.53,14.5,10.9,-0.02,-0.01
121162,1172810,54.630415,-8.438612,0.,1,-99999,35.,-0.53,14.5,10.9,-0.02,-0.01
121162,1172954,54.63041,-8.438587,0.,1,-99999,35.,-0.53,14.5,10.9,-0.02,-0.01
121162,1173633,54.630427,-8.438597,0.,1,-99999,35.,-0.53,14.5,10.9,-0.02,-0.01
121162,1173722,54.630417,-8.438568,0.,1,-99999,35.,-0.53,14.5,10.9,-0.02,-0.01
121162,1174468,54.630377,-8.438627,0.,1,-99999,35.,-0.53,14.5,10.9,-0.02,-0.01
121162,1174581,54.630387,-8.438538,0.,1,-99999,35.,-0.53,14.5,10.9,-0.02,-0.01
121162,1174631,54.630383,-8.43857,0.,1,-99999,35.,-0.53,14.5,10.9,-0.02,-0.01
121162,1175540,54.630403,-8.438642,0.,1,-99999,35.,-0.53,14.5,10.9,-0.02,-0.01
121162,1175941,54.63044,-8.43868,0.,1,-99999,35.,-0.53,14.5,10.9,-0.02,-0.01
121162,1176461,54.630402,-8.438605,0.,1,-99999,35.,-0.53,14.5,10.8,-0.02,-0.01
121162,1176490,54.630392,-8.438593,0.1,1,-99999,35.,-0.53,14.5,10.8,-0.02,-0.01
121162,1177405,54.630417,-8.438667,0.,1,-99999,35.,-0.53,14.5,10.8,-0.02,-0.01
121162,1177441,54.63041,-8.438678,0.1,1,-99999,35.,-0.53,14.5,10.8,-0.02,-0.01
121162,1177662,54.630395,-8.438642,0.1,1,-99999,35.,-0.53,14.5,10.8,-0.02,-0.01
121162,1178370,54.630395,-8.438628,0.1,1,-99999,35.,-0.53,14.5,10.8,-0.02,-0.01
121162,1178571,54.63041,-8.438572,0.,1,-99999,35.,-0.53,14.5,10.8,-0.02,-0.01
121162,1178913,54.63054,-8.438582,0.,1,-99999,35.,-0.53,14.5,10.8,-0.02,-0.01
121162,1179312,54.630488,-8.438498,0.,1,-99999,35.,-0.53,14.5,10.8,-0.02,-0.01
121162,1179480,54.630338,-8.438617,0.,1,-99999,35.,-0.53,14.5,10.8,-0.02,-0.01
121162,1180251,54.630422,-8.438552,0.,1,-99999,35.,-0.53,14.5,10.700000000000001,-0.02,-0.01
121162,1180392,54.630417,-8.438585,0.1,1,-99999,35.,-0.53,14.5,10.700000000000001,-0.02,-0.01
121162,1180424,54.63041,-8.43858,0.,1,-99999,35.,-0.53,14.5,10.700000000000001,-0.02,-0.01
121162,1181202,54.630432,-8.438643,0.,1,-99999,35.,-0.53,14.5,10.700000000000001,-0.02,-0.01
121162,1181605,54.63039,-8.4386,0.,1,-99999,35.,-0.53,14.5,10.700000000000001,-0.02,-0.01
121162,1181903,54.630415,-8.438605,0.,1,-99999,35.,-0.53,14.5,10.700000000000001,-0.02,-0.01
121162,1182141,54.630385,-8.438635,0.,1,-99999,35.,-0.53,14.5,10.700000000000001,-0.02,-0.01
121162,1182510,54.630462,-8.438622,0.1,1,-99999,35.,-0.53,14.5,10.700000000000001,-0.02,-0.01
121162,1183101,54.630393,-8.438598,0.,1,-99999,35.,-0.53,14.5,10.700000000000001,-0.02,-0.01
121162,1183430,54.630372,-8.438572,0.,1,-99999,35.,-0.53,14.5,10.700000000000001,-0.02,-0.01
121162,1183621,54.630457,-8.438632,0.,1,-99999,35.,-0.53,14.5,10.700000000000001,-0.02,-0.01
121162,1184061,54.630352,-8.4386,0.,1,-99999,35.,-0.53,14.5,10.600000000000001,-0.02,-0.01
121162,1184341,54.630398,-8.438612,0.1,1,-99999,35.,-0.53,14.5,10.600000000000001,-0.02,-0.01
121162,1185048,54.630398,-8.438637,0.,1,-99999,35.,-0.53,14.5,10.600000000000001,-0.02,-0.01
121162,1185253,54.63038,-8.43857,0.,1,-99999,35.,-0.53,14.5,10.600000000000001,-0.02,-0.01
121162,1186001,54.63038,-8.438593,0.,1,-99999,35.,-0.53,14.5,10.600000000000001,-0.02,-0.01
121162,1186150,54.6304,-8.438622,0.,1,-99999,35.,-0.53,14.5,10.600000000000001,-0.02,-0.01
121162,1186162,54.630398,-8.438617,0.,1,-99999,35.,-0.53,14.5,10.600000000000001,-0.02,-0.01
121162,1186963,54.630425,-8.43859,0.,1,-99999,35.,-0.53,14.5,10.600000000000001,-0.02,-0.01
121162,1187069,54.630392,-8.438603,0.1,1,-99999,35.,-0.53,14.5,10.600000000000001,-0.02,-0.01
121162,1187676,54.63038,-8.438605,0.,1,-99999,35.,-0.53,14.5,10.600000000000001,-0.02,-0.01
121162,1187921,54.63038,-8.438598,0.1,1,-99999,35.,-0.53,14.5,10.5,-0.02,-0.01
121162,1187972,54.630368,-8.438612,0.,1,-99999,35.,-0.53,14.5,10.5,-0.02,-0.01
121162,1188872,54.630368,-8.438545,0.,1,-99999,35.,-0.53,14.5,10.5,-0.02,-0.01
121162,1189171,54.630372,-8.438528,0.1,1,-99999,35.,-0.53,14.5,10.5,-0.02,-0.01
121162,1189822,54.63037,-8.4386,0.1,1,-99999,35.,-0.53,14.5,10.5,-0.02,-0.01
121162,1190082,54.630388,-8.438625,0.,1,-99999,35.,-0.53,14.5,10.5,-0.02,-0.01
121162,1190334,54.630282,-8.438692,0.,1,-99999,35.,-0.53,14.5,10.5,-0.02,-0.01
121162,1190771,54.63042,-8.43863,0.1,1,-99999,35.,-0.53,14.5,10.5,-0.02,-0.01
121162,1191292,54.630487,-8.438753,0.,1,-99999,35.,-0.53,14.5,10.5,-0.02,-0.01
121162,1191730,54.630403,-8.438575,0.,1,-99999,35.,-0.53,14.5,10.4,-0.02,-0.01
121162,1192211,54.63047,-8.438672,0.1,1,-99999,35.,-0.53,14.5,10.4,-0.02,-0.01
121162,1192661,54.630363,-8.438547,0.1,1,-99999,35.,-0.53,14.5,10.4,-0.02,-0.01
121162,1193121,54.630403,-8.438613,0.1,1,-99999,35.,-0.53,14.5,10.4,-0.02,-0.01
121162,1193314,54.630417,-8.438542,0.,1,-99999,35.,-0.53,14.5,10.4,-0.02,-0.01
121162,1193616,54.630433,-8.438632,0.1,1,-99999,35.,-0.53,14.5,10.4,-0.02,-0.01
121162,1194041,54.630413,-8.438707,0.,1,-99999,35.,-0.53,14.5,10.4,-0.02,-0.01
121162,1194572,54.630428,-8.438607,0.1,1,-99999,35.,-0.53,14.5,10.4,-0.02,-0.01
121162,1194951,54.630377,-8.438685,0.,1,-99999,35.,-0.53,14.5,10.4,-0.02,-0.01
121162,1195515,54.63042,-8.438725,0.,1,-99999,35.,-0.53,14.5,10.4,-0.02,-0.01
121162,1195533,54.630433,-8.438715,0.1,1,-99999,35.,-0.53,14.5,10.4,-0.02,-0.01
121162,1195861,54.630473,-8.4387,0.1,1,-99999,35.,-0.53,14.5,10.3,-0.02,-0.01
121162,1196481,54.630343,-8.438538,0.1,1,-99999,35.,-0.53,14.600000000000001,10.3,-0.03,-0.01
121162,1196791,54.630372,-8.438563,0.1,1,-99999,35.,-0.53,14.600000000000001,10.3,-0.03,-0.01
121162,1197441,54.630458,-8.438663,0.,1,-99999,35.,-0.53,14.600000000000001,10.3,-0.03,-0.01
121162,1198000,54.630408,-8.438623,0.1,1,-99999,35.,-0.53,14.600000000000001,10.3,-0.03,-0.01
121162,1198372,54.63044,-8.438588,0.,1,-99999,35.,-0.53,14.600000000000001,10.3,-0.03,-0.01
121162,1198487,54.63042,-8.438625,0.,1,-99999,35.,-0.53,14.600000000000001,10.3,-0.03,-0.01
121162,1198901,54.630395,-8.4386,0.,1,-99999,35.,-0.53,14.600000000000001,10.3,-0.03,-0.01
121162,1199332,54.630445,-8.438613,0.,1,-99999,35.,-0.53,14.600000000000001,10.3,-0.03,-0.01
121162,1200102,54.630432,-8.438623,0.,1,-99999,35.,-0.53,14.600000000000001,10.200000000000001,-0.03,-0.01
121162,1200233,54.630433,-8.438635,0.1,1,-99999,35.,-0.53,14.600000000000001,10.200000000000001,-0.03,-0.01
121162,1201006,54.63041,-8.438607,0.1,1,-99999,35.,-0.53,14.600000000000001,10.200000000000001,-0.03,-0.01
121162,1201240,54.630433,-8.4386,0.,1,-99999,35.,-0.53,14.600000000000001,10.200000000000001,-0.03,-0.01
121162,1201912,54.630422,-8.43864,0.,1,-99999,35.,-0.53,14.600000000000001,10.200000000000001,-0.03,-0.01
121162,1202202,54.630495,-8.438787,0.,1,-99999,35.,-0.53,14.600000000000001,10.200000000000001,-0.03,-0.01
121162,1202277,54.630502,-8.438785,0.,1,-99999,35.,-0.53,14.600000000000001,10.200000000000001,-0.03,-0.01
121162,1202822,54.630427,-8.438598,0.,1,-99999,35.,-0.53,14.600000000000001,10.200000000000001,-0.03,-0.01
121162,1203151,54.630403,-8.43859,0.,1,-99999,35.,-0.53,14.600000000000001,10.200000000000001,-0.03,-0.01
121162,1203730,54.630435,-8.438623,0.,1,-99999,35.,-0.53,14.600000000000001,10.100000000000001,-0.03,-0.01
121162,1204118,54.630447,-8.43869,0.,1,-99999,35.,-0.53,14.600000000000001,10.100000000000001,-0.03,-0.01
121162,1204631,54.630617,-8.438693,0.,1,-99999,35.,-0.53,14.600000000000001,10.100000000000001,-0.03,-0.01
121162,1205070,54.63035,-8.438587,0.,1,-99999,35.,-0.53,14.600000000000001,10.100000000000001,-0.03,-0.01
121162,1205308,54.630417,-8.438612,0.,1,-99999,35.,-0.53,14.600000000000001,10.100000000000001,-0.03,-0.01
121162,1205541,54.630398,-8.438607,0.,1,-99999,35.,-0.53,14.600000000000001,10.100000000000001,-0.03,-0.01
121162,1206021,54.630433,-8.438672,0.,1,-99999,35.,-0.53,14.600000000000001,10.100000000000001,-0.03,-0.01
121162,1206451,54.630375,-8.43852,0.1,1,-99999,35.,-0.53,14.600000000000001,10.100000000000001,-0.03,-0.01
121162,1206752,54.630402,-8.43858,0.,1,-99999,35.,-0.53,14.600000000000001,10.100000000000001,-0.03,-0.01
121162,1206971,54.630403,-8.438558,0.1,1,-99999,35.,-0.53,14.600000000000001,10.100000000000001,-0.03,-0.01
121162,1207361,54.63035,-8.438542,0.,1,-99999,35.,-0.53,14.600000000000001,10.,-0.03,-0.01
121162,1207920,54.630443,-8.438625,0.,1,-99999,35.,-0.53,14.600000000000001,10.,-0.03,-0.01
121162,1208224,54.630407,-8.438677,0.,1,-99999,35.,-0.53,14.600000000000001,10.,-0.03,-0.01
121162,1208281,54.630378,-8.43869,0.1,1,-99999,35.,-0.53,14.600000000000001,10.,-0.03,-0.01
121162,1208872,54.63032,-8.438527,0.1,1,-99999,35.,-0.53,14.600000000000001,10.,-0.03,-0.01
121162,1209201,54.630367,-8.4386,0.,1,-99999,35.,-0.53,14.600000000000001,10.,-0.03,-0.01
121162,1209694,54.630542,-8.438715,0.,1,-99999,35.,-0.53,14.600000000000001,10.,-0.03,-0.01
121162,1209831,54.63053,-8.438677,0.1,1,-99999,35.,-0.53,14.600000000000001,10.,-0.03,-0.01
121162,1210121,54.63032,-8.438545,0.,1,-99999,35.,-0.53,14.600000000000001,10.,-0.03,-0.01
121162,1210782,54.630398,-8.438565,0.,1,-99999,35.,-0.53,14.600000000000001,10.,-0.03,-0.01
121162,1211031,54.630538,-8.438685,0.,1,-99999,35.,-0.53,14.600000000000001,10.,-0.03,-0.01
121162,1211218,54.63038,-8.438705,0.,1,-99999,35.,-0.53,14.600000000000001,10.,-0.03,-0.01
121162,1211722,54.630432,-8.438622,0.,1,-99999,35.,-0.53,14.600000000000001,10.100000000000001,-0.03,-0.01
121162,1212230,54.630422,-8.438583,0.,1,-99999,35.,-0.53,14.600000000000001,10.100000000000001,-0.03,-0.01
121162,1212662,54.630428,-8.43865,0.,1,-99999,35.,-0.53,14.600000000000001,10.100000000000001,-0.03,-0.01
121162,1213140,54.630428,-8.438692,0.,1,-99999,35.,-0.53,14.600000000000001,10.100000000000001,-0.03,-0.01
121162,1213610,54.63041,-8.438617,0.,1,-99999,35.,-0.53,14.600000000000001,10.100000000000001,-0.03,-0.01
121162,1214041,54.630417,-8.438647,0.,1,-99999,35.,-0.53,14.600000000000001,10.100000000000001,-0.03,-0.01
121162,1214572,54.630407,-8.438612,0.,1,-99999,35.,-0.53,14.600000000000001,10.100000000000001,-0.03,-0.01
121162,1214959,54.630395,-8.438577,0.,1,-99999,35.,-0.53,14.600000000000001,10.100000000000001,-0.03,-0.01
121162,1215100,54.630397,-8.438602,0.,1,-99999,35.,-0.53,14.600000000000001,10.100000000000001,-0.03,-0.01
121162,1215522,54.630432,-8.438595,0.,1,-99999,35.,-0.53,14.600000000000001,10.100000000000001,-0.03,-0.01
121162,1215860,54.630417,-8.438635,0.,1,-99999,35.,-0.53,14.600000000000001,10.100000000000001,-0.03,-0.01
121162,1216481,54.63041,-8.438643,0.,1,-99999,35.,-0.53,14.600000000000001,10.200000000000001,-0.03,-0.01
121162,1217060,54.630387,-8.43861,0.,1,-99999,35.,-0.53,14.600000000000001,10.200000000000001,-0.03,-0.01
121162,1217431,54.630382,-8.438627,0.,1,-99999,35.,-0.53,14.600000000000001,10.200000000000001,-0.03,-0.01
121162,1217971,54.630398,-8.438612,0.,1,-99999,35.,-0.53,14.600000000000001,10.200000000000001,-0.03,-0.01
121162,1218391,54.630392,-8.438608,0.,1,-99999,35.,-0.53,14.600000000000001,10.200000000000001,-0.03,-0.01
121162,1218884,54.630403,-8.438545,0.,1,-99999,35.,-0.53,14.600000000000001,10.200000000000001,-0.03,-0.01
121162,1219331,54.630452,-8.43868,0.1,1,-99999,35.,-0.53,14.600000000000001,10.200000000000001,-0.03,-0.01
121162,1220082,54.63039,-8.438587,0.1,1,-99999,35.,-0.53,14.600000000000001,10.200000000000001,-0.03,-0.01
121162,1220262,54.630448,-8.438633,0.,1,-99999,35.,-0.53,14.600000000000001,10.200000000000001,-0.03,-0.01
121162,1220394,54.630417,-8.438612,0.,1,-99999,35.,-0.53,14.600000000000001,10.200000000000001,-0.03,-0.01
121162,1220992,54.630398,-8.438628,0.,1,-99999,35.,-0.53,14.600000000000001,10.3,-0.03,-0.01
121162,1221211,54.630465,-8.438582,0.1,1,-99999,35.,-0.53,14.600000000000001,10.3,-0.03,-0.01
121162,1221911,54.630548,-8.43889,0.,1,-99999,35.,-0.53,14.600000000000001,10.3,-0.03,-0.01
121162,1222191,54.630525,-8.438793,0.,1,-99999,35.,-0.53,14.600000000000001,10.3,-0.03,-0.01
121162,1222584,54.630572,-8.438882,0.,1,-99999,35.,-0.53,14.600000000000001,10.3,-0.03,-0.01
121162,1222822,54.630465,-8.438653,0.,1,-99999,35.,-0.53,14.600000000000001,10.3,-0.03,-0.01
121162,1223151,54.630577,-8.43859,0.,1,-99999,35.,-0.53,14.600000000000001,10.3,-0.03,-0.01
121162,1223741,54.630422,-8.4386,0.,1,-99999,35.,-0.53,14.600000000000001,10.3,-0.03,-0.01
121162,1224053,54.630422,-8.438617,0.,1,-99999,35.,-0.53,14.600000000000001,10.3,-0.03,-0.01
121162,1224092,54.630452,-8.43862,0.,1,-99999,35.,-0.53,14.600000000000001,10.3,-0.03,-0.01
121162,1224660,54.630477,-8.438583,0.,1,-99999,35.,-0.53,14.600000000000001,10.3,-0.02,-0.01
121162,1225050,54.63041,-8.438607,0.,1,-99999,35.,-0.53,14.600000000000001,10.3,-0.02,-0.01
121162,1225572,54.63042,-8.438567,0.,1,-99999,35.,-0.53,14.600000000000001,10.3,-0.02,-0.01
121162,1225577,54.63042,-8.438567,0.,1,-99999,35.,-0.53,14.600000000000001,10.3,-0.02,-0.01
121162,1226013,54.630387,-8.438598,0.,1,-99999,35.,-0.53,14.600000000000001,10.4,-0.02,-0.01
121162,1226482,54.630375,-8.438612,0.,1,-99999,35.,-0.53,14.600000000000001,10.4,-0.02,-0.01
121162,1226950,54.63038,-8.438688,0.1,1,-99999,35.,-0.53,14.600000000000001,10.4,-0.02,-0.01
121162,1227049,54.630387,-8.43859,0.,1,-99999,35.,-0.53,14.600000000000001,10.4,-0.02,-0.01
121162,1227392,54.630375,-8.43861,0.,1,-99999,35.,-0.53,14.600000000000001,10.4,-0.02,-0.01
121162,1227901,54.630357,-8.438617,0.,1,-99999,35.,-0.53,14.5,10.4,-0.02,-0.01
121162,1228302,54.630395,-8.438655,0.,1,-99999,35.,-0.53,14.5,10.4,-0.02,-0.01
121162,1228850,54.630388,-8.43862,0.,1,-99999,35.,-0.53,14.5,10.4,-0.02,-0.01
121162,1229221,54.630423,-8.438672,0.,1,-99999,35.,-0.53,14.5,10.4,-0.02,-0.01
121162,1229801,54.63035,-8.438578,0.,1,-99999,35.,-0.53,14.5,10.4,-0.02,-0.01
121162,1230036,54.630435,-8.438802,0.,1,-99999,35.,-0.53,14.5,10.4,-0.02,-0.01
121162,1230421,54.630472,-8.438888,0.,1,-99999,35.,-0.53,14.5,10.4,-0.02,-0.01
121162,1230742,54.630373,-8.438645,0.,1,-99999,35.,-0.53,14.5,10.5,-0.02,-0.01
121162,1231331,54.630368,-8.438543,0.,1,-99999,35.,-0.53,14.5,10.5,-0.02,-0.01
121162,1231685,54.63032,-8.4387,0.,1,-99999,35.,-0.53,14.5,10.5,-0.02,-0.01
121162,1232240,54.630353,-8.438737,0.1,1,-99999,35.,-0.53,14.5,10.5,-0.02,-0.01
121162,1232642,54.630405,-8.438598,0.,1,-99999,35.,-0.53,14.5,10.5,-0.02,-0.01
121162,1233151,54.630403,-8.438648,0.,1,-99999,35.,-0.53,14.5,10.5,-0.02,-0.01
121162,1233591,54.630445,-8.43873,0.1,1,-99999,35.,-0.53,14.5,10.5,-0.02,-0.01
121162,1233735,54.630427,-8.438652,0.,1,-99999,35.,-0.53,14.5,10.5,-0.02,-0.01
121162,1234071,54.630387,-8.438598,0.,1,-99999,35.,-0.53,14.5,10.5,-0.02,-0.01
121162,1234551,54.630423,-8.438582,0.,1,-99999,35.,-0.53,14.5,10.5,-0.02,-0.01
121162,1234996,54.630422,-8.438653,0.,1,-99999,35.,-0.53,14.5,10.5,-0.02,-0.01
121162,1235213,54.630377,-8.438602,0.,1,-99999,35.,-0.53,14.5,10.600000000000001,-0.02,-0.01
121162,1235500,54.630478,-8.438722,0.1,1,-99999,35.,-0.53,14.5,10.600000000000001,-0.02,-0.01
121162,1235915,54.630447,-8.438653,0.,1,-99999,35.,-0.53,14.5,10.600000000000001,-0.02,-0.01
121162,1236451,54.630433,-8.438637,0.1,1,-99999,35.,-0.53,14.5,10.600000000000001,-0.02,-0.01
121162,1236677,54.63041,-8.438652,0.,1,-99999,35.,-0.53,14.5,10.600000000000001,-0.02,-0.01
121162,1236822,54.630373,-8.43863,0.,1,-99999,35.,-0.53,14.5,10.600000000000001,-0.02,-0.01
121162,1237431,54.630395,-8.438593,0.,1,-99999,35.,-0.53,14.5,10.600000000000001,-0.02,-0.01
121162,1237730,54.630415,-8.438575,0.,1,-99999,35.,-0.53,14.5,10.600000000000001,-0.02,-0.01
121162,1238157,54.630447,-8.438595,0.,1,-99999,35.,-0.53,14.5,10.600000000000001,-0.02,-0.01
121162,1238371,54.63041,-8.438633,0.,1,-99999,35.,-0.53,14.5,10.600000000000001,-0.02,-0.01
121162,1238641,54.63038,-8.438608,0.,1,-99999,35.,-0.53,14.5,10.600000000000001,-0.02,-0.01
121162,1239305,54.630362,-8.438572,0.1,1,-99999,35.,-0.53,14.5,10.600000000000001,-0.02,-0.01
121162,1239542,54.630398,-8.438575,0.1,1,-99999,35.,-0.53,14.5,10.600000000000001,-0.02,-0.01
121162,1239723,54.630455,-8.438647,0.,1,-99999,35.,-0.53,14.5,10.600000000000001,-0.02,-0.01
121162,1240261,54.630433,-8.43869,0.,1,-99999,35.,-0.53,14.5,10.700000000000001,-0.02,-0.01
121162,1240741,54.630412,-8.438585,0.,1,-99999,35.,-0.53,14.5,10.700000000000001,-0.02,-0.01
121162,1241175,54.630405,-8.438627,0.,1,-99999,35.,-0.53,14.5,10.700000000000001,-0.02,-0.01
121162,1241204,54.630428,-8.438683,0.,1,-99999,35.,-0.53,14.5,10.700000000000001,-0.02,-0.01
121162,1241661,54.630442,-8.438635,0.,1,-99999,35.,-0.53,14.5,10.700000000000001,-0.02,-0.01
121162,1242159,54.63042,-8.438632,0.1,1,-99999,35.,-0.53,14.5,10.700000000000001,-0.02,-0.01
121162,1242572,54.63041,-8.438727,0.,1,-99999,35.,-0.53,14.5,10.700000000000001,-0.02,-0.01
121162,1243124,54.630412,-8.438608,0.,1,-99999,35.,-0.53,14.5,10.700000000000001,-0.02,-0.01
121162,1243383,54.630377,-8.438635,0.,1,-99999,35.,-0.53,14.5,10.700000000000001,-0.02,-0.01
121162,1243502,54.630405,-8.438587,0.,1,-99999,35.,-0.53,14.5,10.700000000000001,-0.02,-0.01
121162,1244105,54.630417,-8.438665,0.1,1,-99999,35.,-0.53,14.5,10.700000000000001,-0.02,-0.01
121162,1244701,54.630383,-8.438692,0.1,1,-99999,35.,-0.53,14.5,10.8,-0.02,-0.01
121162,1244943,54.630352,-8.438532,0.,1,-99999,35.,-0.53,14.5,10.8,-0.02,-0.01
121162,1245050,54.63035,-8.438538,0.,1,-99999,35.,-0.53,14.5,10.8,-0.02,-0.01
121162,1245901,54.630415,-8.43869,0.,1,-99999,35.,-0.53,14.5,10.8,-0.02,-0.01
121162,1246001,54.630442,-8.438575,0.,1,-99999,35.,-0.53,14.5,10.8,-0.02,-0.01
121162,1246451,54.630397,-8.438532,0.,1,-99999,35.,-0.53,14.5,10.8,-0.02,-0.01
121162,1246810,54.630413,-8.438558,0.,1,-99999,35.,-0.53,14.5,10.8,-0.02,-0.01
121162,1246951,54.630712,-8.43869,0.,1,-99999,35.,-0.53,14.5,10.8,-0.02,-0.01
121162,1247721,54.630402,-8.438538,0.,1,-99999,35.,-0.53,14.5,10.8,-0.02,-0.01
121162,1247912,54.630495,-8.438635,0.,1,-99999,35.,-0.53,14.5,10.8,-0.02,-0.01
121162,1247919,54.630495,-8.438635,0.,1,-99999,35.,-0.53,14.5,10.8,-0.02,-0.01
121162,1248632,54.630417,-8.438598,0.,1,-99999,35.,-0.53,14.5,10.8,-0.02,-0.01
121162,1248860,54.630422,-8.438618,0.1,1,-99999,35.,-0.53,14.5,10.8,-0.02,-0.01
121162,1249354,54.630435,-8.43859,0.,1,-99999,35.,-0.53,14.5,10.9,-0.02,-0.01
121162,1249540,54.630425,-8.438605,0.1,1,-99999,35.,-0.53,14.5,10.9,-0.02,-0.01
121162,1249811,54.6304,-8.438615,0.,1,-99999,35.,-0.53,14.5,10.9,-0.02,-0.01
121162,1250452,54.630378,-8.438665,0.1,1,-99999,35.,-0.53,14.5,10.9,-0.02,-0.01
121162,1250750,54.630413,-8.438617,0.1,1,-99999,35.,-0.53,14.5,10.9,-0.02,-0.01
121162,1251362,54.630403,-8.43861,0.,1,-99999,35.,-0.53,14.5,10.9,-0.02,-0.01
121162,1251625,54.63042,-8.438652,0.,1,-99999,35.,-0.53,14.5,10.9,-0.02,-0.01
121162,1251711,54.630412,-8.438647,0.,1,-99999,35.,-0.53,14.5,10.9,-0.02,-0.01
121162,1252281,54.630397,-8.43872,0.,1,-99999,35.,-0.53,14.5,10.9,-0.02,-0.01
121162,1252671,54.630417,-8.438615,0.,1,-99999,35.,-0.53,14.5,10.9,-0.02,-0.01
121162,1253144,54.630425,-8.438547,0.,1,-99999,35.,-0.53,14.5,10.9,-0.02,-0.01
121162,1253200,54.630425,-8.438573,0.,1,-99999,35.,-0.53,14.5,10.9,-0.02,-0.01
121162,1253621,54.630452,-8.438563,0.,1,-99999,35.,-0.53,14.5,10.9,-0.02,-0.01
121162,1254110,54.630433,-8.4386,0.,1,-99999,35.,-0.53,14.5,11.,-0.02,-0.01
121162,1254572,54.630387,-8.438632,0.,1,-99999,35.,-0.53,14.5,11.,-0.02,-0.01
121162,1254610,54.630362,-8.438592,0.,1,-99999,35.,-0.53,14.5,11.,-0.02,-0.01
121162,1255022,54.630395,-8.438623,0.,1,-99999,35.,-0.53,14.5,11.,-0.02,-0.01
121162,1255521,54.630417,-8.438607,0.,1,-99999,35.,-0.53,14.5,11.,-0.02,-0.01
121162,1256221,54.630465,-8.438598,0.,1,-99999,35.,-0.53,14.5,11.,-0.02,-0.01
121162,1256239,54.63046,-8.438605,0.,1,-99999,35.,-0.53,14.5,11.,-0.02,-0.01
121162,1256481,54.630402,-8.438588,0.1,1,-99999,35.,-0.53,14.5,11.,-0.02,-0.01
121162,1257131,54.630443,-8.438623,0.,1,-99999,35.,-0.53,14.5,11.,-0.02,-0.01
121162,1257433,54.630432,-8.438635,0.,1,-99999,35.,-0.53,14.5,11.,-0.02,-0.01
121162,1257801,54.630387,-8.43863,0.,1,-99999,35.,-0.53,14.5,11.,-0.02,-0.01
121162,1258032,54.630432,-8.438677,0.,1,-99999,35.,-0.53,14.5,11.,-0.02,-0.01
121162,1258392,54.630378,-8.438653,0.,1,-99999,35.,-0.53,14.5,11.,-0.02,-0.01
121162,1258961,54.630405,-8.438608,0.,1,-99999,35.,-0.53,14.5,11.100000000000001,-0.02,-0.01
121162,1259344,54.630375,-8.438588,0.,1,-99999,35.,-0.53,14.5,11.100000000000001,-0.02,-0.01
121162,1259384,54.630362,-8.438582,0.,1,-99999,35.,-0.53,14.5,11.100000000000001,-0.02,-0.01
121162,1260161,54.630377,-8.438558,0.,1,-99999,35.,-0.53,14.5,11.100000000000001,-0.02,-0.01
121162,1260301,54.63038,-8.438612,0.,1,-99999,35.,-0.53,14.5,11.100000000000001,-0.02,-0.01
121162,1260958,54.630402,-8.438605,0.,1,-99999,35.,-0.53,14.5,11.100000000000001,-0.02,-0.01
121162,1261071,54.630405,-8.438623,0.,1,-99999,35.,-0.53,14.5,11.100000000000001,-0.02,-0.01
121162,1261253,54.630392,-8.438567,0.1,1,-99999,35.,-0.53,14.5,11.100000000000001,-0.02,-0.01
121162,1261980,54.630432,-8.438635,0.,1,-99999,35.,-0.53,14.5,11.100000000000001,-0.02,-0.01
121162,1262212,54.630528,-8.438855,0.,1,-99999,35.,-0.53,14.5,11.100000000000001,-0.02,-0.01
121162,1262412,54.630457,-8.438702,0.,1,-99999,35.,-0.53,14.5,11.100000000000001,-0.02,-0.01
121162,1262881,54.630398,-8.43861,0.,1,-99999,35.,-0.53,14.5,11.100000000000001,-0.02,-0.01
121162,1263172,54.63043,-8.438577,0.,1,-99999,35.,-0.53,14.5,11.100000000000001,-0.02,-0.01
121162,1263791,54.630452,-8.438637,0.,1,-99999,35.,-0.53,14.5,11.200000000000001,-0.02,-0.01
121162,1263989,54.630395,-8.438642,0.,1,-99999,35.,-0.53,14.5,11.200000000000001,-0.02,-0.01
121162,1264131,54.630377,-8.438618,0.1,1,-99999,35.,-0.53,14.5,11.200000000000001,-0.02,-0.01
121162,1264701,54.630392,-8.43857,0.,1,-99999,35.,-0.53,14.5,11.200000000000001,-0.02,-0.01
121162,1265072,54.630593,-8.43857,0.,1,-99999,35.,-0.53,14.5,11.200000000000001,-0.02,-0.01
121162,1265497,54.630457,-8.438647,0.,1,-99999,35.,-0.53,14.5,11.200000000000001,-0.02,-0.01
121162,1265622,54.630245,-8.43865,0.,1,-99999,35.,-0.53,14.5,11.200000000000001,-0.02,-0.01
121162,1266022,54.630603,-8.438582,0.,1,-99999,35.,-0.53,14.5,11.200000000000001,-0.02,-0.01
121162,1266530,54.630462,-8.438618,0.,1,-99999,35.,-0.53,14.5,11.200000000000001,-0.02,-0.01
121162,1266961,54.630418,-8.438633,0.,1,-99999,35.,-0.53,14.5,11.200000000000001,-0.02,-0.01
121162,1267014,54.63044,-8.438552,0.,1,-99999,35.,-0.53,14.5,11.200000000000001,-0.02,-0.01
121162,1267441,54.630403,-8.438617,0.,1,-99999,35.,-0.53,14.5,11.200000000000001,-0.02,-0.01
121162,1267902,54.630455,-8.43869,0.,1,-99999,35.,-0.53,14.5,11.200000000000001,-0.02,-0.01
121162,1268528,54.630402,-8.438617,0.,1,-99999,35.,-0.53,14.5,11.3,-0.02,-0.01
121162,1268654,54.630465,-8.438653,0.,1,-99999,35.,-0.53,14.5,11.3,-0.02,-0.01
121162,1268851,54.630357,-8.438635,0.1,1,-99999,35.,-0.53,14.5,11.3,-0.02,-0.01
121162,1269561,54.6304,-8.438575,0.,1,-99999,35.,-0.53,14.5,11.3,-0.02,-0.01
121162,1269809,54.630395,-8.438595,0.,1,-99999,35.,-0.53,14.5,11.3,-0.02,-0.01
121162,1270716,54.630397,-8.438617,0.,1,-99999,35.,-0.53,14.5,11.3,-0.02,-0.01
121162,1270772,54.630395,-8.438618,0.,1,-99999,35.,-0.53,14.5,11.3,-0.02,-0.01
121162,1271691,54.63041,-8.438585,0.,1,-99999,35.,-0.53,14.5,11.3,-0.02,-0.01
121162,1271721,54.630412,-8.43863,0.,1,-99999,35.,-0.53,14.5,11.3,-0.02,-0.01
121162,1272193,54.630417,-8.438632,0.,1,-99999,35.,-0.53,14.5,11.3,-0.02,-0.01
121162,1272611,54.630388,-8.438598,0.,1,-99999,35.,-0.53,14.5,11.3,-0.02,-0.01
121162,1272672,54.630377,-8.43861,0.,1,-99999,35.,-0.53,14.5,11.3,-0.02,-0.01
121162,1273520,54.630387,-8.438605,0.,1,-99999,35.,-0.53,14.5,11.4,-0.02,-0.01
121162,1273636,54.630373,-8.438595,0.,1,-99999,35.,-0.53,14.5,11.4,-0.02,-0.01
121162,1273642,54.630392,-8.438605,0.,1,-99999,35.,-0.53,14.5,11.4,-0.02,-0.01
121162,1274432,54.63044,-8.438663,0.,1,-99999,35.,-0.53,14.5,11.4,-0.02,-0.01
121162,1274590,54.630385,-8.43859,0.,1,-99999,35.,-0.53,14.5,11.4,-0.02,-0.01
121162,1275343,54.630403,-8.438598,0.1,1,-99999,35.,-0.53,14.5,11.4,-0.02,-0.01
121162,1275552,54.630432,-8.438607,0.,1,-99999,35.,-0.53,14.5,11.4,-0.02,-0.01
121162,1275886,54.63038,-8.438517,0.,1,-99999,35.,-0.53,14.5,11.4,-0.02,-0.01
121162,1276250,54.630408,-8.4386,0.1,1,-99999,35.,-0.53,14.5,11.4,-0.02,-0.01
121162,1276510,54.630268,-8.438678,0.,1,-99999,35.,-0.53,14.5,11.4,-0.02,-0.01
121162,1277170,54.630405,-8.438568,0.,1,-99999,35.,-0.53,14.5,11.4,-0.02,-0.01
121162,1277364,54.630555,-8.438715,0.,1,-99999,35.,-0.53,14.5,11.4,-0.02,-0.01
121162,1277451,54.630647,-8.438873,0.,1,-99999,35.,-0.53,14.5,11.4,-0.02,-0.01
121162,1278083,54.630397,-8.438473,0.,1,-99999,35.,-0.53,14.5,11.5,-0.02,-0.01
121162,1278403,54.63052,-8.438653,0.1,1,-99999,35.,-0.53,14.5,11.5,-0.02,-0.01
121162,1278834,54.630445,-8.438557,0.,1,-99999,35.,-0.53,14.5,11.5,-0.02,-0.01
121162,1279002,54.630423,-8.43857,0.,1,-99999,35.,-0.53,14.5,11.5,-0.02,-0.01
121162,1279361,54.63038,-8.438593,0.,1,-99999,35.,-0.53,14.5,11.5,-0.02,-0.01
121162,1279912,54.630392,-8.438635,0.,1,-99999,35.,-0.53,14.5,11.5,-0.02,-0.01
121162,1280313,54.630393,-8.438618,0.1,1,-99999,35.,-0.53,14.5,11.5,-0.02,-0.01
121162,1280334,54.630415,-8.43866,0.,1,-99999,35.,-0.53,14.5,11.5,-0.02,-0.01
121162,1280820,54.63038,-8.438568,0.,1,-99999,35.,-0.53,14.5,11.5,-0.02,-0.01
121162,1281251,54.63045,-8.438662,0.,1,-99999,35.,-0.53,14.5,11.5,-0.02,-0.01
121162,1281731,54.630477,-8.43871,0.,1,-99999,35.,-0.53,14.5,11.5,-0.02,-0.01
121162,1281794,54.630522,-8.438727,0.,1,-99999,35.,-0.53,14.5,11.5,-0.02,-0.01
121162,1282212,54.630485,-8.438687,0.,1,-99999,35.,-0.53,14.5,11.5,-0.02,-0.01
121162,1282641,54.630365,-8.43855,0.1,1,-99999,35.,-0.53,14.5,11.600000000000001,-0.02,-0.01
121162,1283171,54.630392,-8.438598,0.,1,-99999,35.,-0.53,14.5,11.600000000000001,-0.02,-0.01
121162,1283251,54.630432,-8.438632,0.,1,-99999,35.,-0.53,14.5,11.600000000000001,-0.02,-0.01
121162,1283551,54.630468,-8.438667,0.,1,-99999,35.,-0.53,14.5,11.600000000000001,-0.02,-0.01
121162,1284130,54.630428,-8.438623,0.1,1,-99999,35.,-0.53,14.5,11.600000000000001,-0.02,-0.01
121162,1284460,54.630447,-8.43859,0.,1,-99999,35.,-0.53,14.5,11.600000000000001,-0.02,-0.01
121162,1284764,54.630405,-8.438587,0.,1,-99999,35.,-0.53,14.5,11.600000000000001,-0.02,-0.01
121162,1285081,54.630427,-8.43859,0.,1,-99999,35.,-0.53,14.5,11.600000000000001,-0.02,-0.01
121162,1285361,54.63043,-8.438575,0.,1,-99999,35.,-0.53,14.5,11.600000000000001,-0.02,-0.01
121162,1286032,54.630403,-8.438607,0.,1,-99999,35.,-0.53,14.5,11.600000000000001,-0.02,-0.01
121162,1286983,54.630435,-8.438623,0.1,1,-99999,35.,-0.53,14.5,11.600000000000001,-0.02,-0.01
121162,1287181,54.630427,-8.438557,0.,1,-99999,35.,-0.53,14.5,11.600000000000001,-0.02,-0.01
121162,1287782,54.630442,-8.43861,0.,1,-99999,35.,-0.53,14.5,11.700000000000001,-0.02,-0.01
121162,1287942,54.63047,-8.438588,0.1,1,-99999,35.,-0.53,14.5,11.700000000000001,-0.02,-0.01
121162,1288380,54.630528,-8.438757,0.,1,-99999,35.,-0.53,14.5,11.700000000000001,-0.02,-0.01
121162,1288870,54.630597,-8.438718,0.,1,-99999,35.,-0.53,14.5,11.700000000000001,-0.02,-0.01
121162,1289291,54.630447,-8.438575,0.,1,-99999,35.,-0.53,14.5,11.700000000000001,-0.02,-0.01
121162,1289822,54.630433,-8.438622,0.1,1,-99999,35.,-0.53,14.5,11.700000000000001,-0.02,-0.01
121162,1290492,54.630418,-8.43861,0.,1,-99999,35.,-0.53,14.5,11.700000000000001,-0.02,-0.01
121162,1290772,54.630597,-8.43869,0.,1,-99999,35.,-0.53,14.5,11.700000000000001,-0.02,-0.01
121162,1290816,54.630712,-8.438752,0.,1,-99999,35.,-0.53,14.5,11.700000000000001,-0.02,-0.01
121162,1291415,54.63038,-8.438547,0.,1,-99999,35.,-0.53,14.5,11.700000000000001,-0.02,-0.01
121162,1291719,54.6304,-8.438622,0.,1,-99999,35.,-0.53,14.5,11.700000000000001,-0.02,-0.01
121162,1292285,54.630447,-8.43863,0.,1,-99999,35.,-0.53,14.5,11.8,-0.02,-0.01
121162,1292325,54.630427,-8.43861,0.1,1,-99999,35.,-0.53,14.5,11.8,-0.02,-0.01
121162,1292670,54.630403,-8.438572,0.,1,-99999,35.,-0.53,14.5,11.8,-0.02,-0.01
121162,1293521,54.63035,-8.438563,0.,1,-99999,35.,-0.53,14.5,11.8,-0.02,-0.01
121162,1293611,54.63038,-8.438507,0.1,1,-99999,35.,-0.53,14.5,11.8,-0.02,-0.01
121162,1294441,54.630398,-8.438518,0.1,1,-99999,35.,-0.53,14.5,11.8,-0.02,-0.01
121162,1294482,54.630405,-8.438567,0.,1,-99999,35.,-0.53,14.5,11.8,-0.02,-0.01
121162,1294560,54.630437,-8.438627,0.,1,-99999,35.,-0.53,14.5,11.8,-0.02,-0.01
121162,1295513,54.630372,-8.43855,0.1,1,-99999,35.,-0.53,14.5,11.8,-0.02,-0.01
121162,1295642,54.630375,-8.438587,0.1,1,-99999,35.,-0.53,14.5,11.8,-0.02,-0.01
121162,1296003,54.63049,-8.438682,0.,1,-99999,35.,-0.53,14.5,11.8,-0.02,-0.01
121162,1296501,54.630478,-8.438612,0.1,1,-99999,35.,-0.53,14.5,11.8,-0.02,-0.01
121162,1296550,54.630402,-8.438658,0.,1,-99999,35.,-0.53,14.5,11.8,-0.02,-0.01
121162,1297460,54.63038,-8.438552,0.,1,-99999,35.,-0.53,14.5,11.9,-0.02,-0.01
121162,1297462,54.63038,-8.438552,0.,1,-99999,35.,-0.53,14.5,11.9,-0.02,-0.01
121162,1298371,54.630435,-8.438595,0.1,1,-99999,35.,-0.53,14.5,11.9,-0.02,-0.01
121162,1298412,54.63041,-8.438553,0.,1,-99999,35.,-0.53,14.5,11.9,-0.02,-0.01
121162,1298934,54.630387,-8.438575,0.,1,-99999,35.,-0.53,14.5,11.9,-0.02,-0.01
121162,1299282,54.630412,-8.438623,0.,1,-99999,35.,-0.53,14.5,11.9,-0.02,-0.01
121162,1299342,54.63041,-8.438582,0.,1,-99999,35.,-0.53,14.5,11.9,-0.02,-0.01
121162,1300185,54.630413,-8.438617,0.,1,-99999,35.,-0.53,14.5,11.9,-0.02,-0.01
121162,1300301,54.630425,-8.438553,0.,1,-99999,35.,-0.53,14.5,11.9,-0.02,-0.01
121162,1300416,54.630397,-8.438622,0.,1,-99999,35.,-0.53,14.5,11.9,-0.02,-0.01
121162,1301111,54.63044,-8.43861,0.,1,-99999,35.,-0.53,14.5,11.9,-0.02,-0.01
121162,1301252,54.630428,-8.438617,0.,1,-99999,35.,-0.53,14.5,11.9,-0.02,-0.01
121162,1302021,54.630412,-8.438603,0.1,1,-99999,35.,-0.53,14.5,12.,-0.02,-0.01
121162,1302201,54.630417,-8.438653,0.,1,-99999,35.,-0.53,14.5,12.,-0.02,-0.01
121162,1303166,54.630423,-8.438622,0.,1,-99999,35.,-0.53,14.5,12.,-0.02,-0.01
121162,1303232,54.630448,-8.438613,0.,1,-99999,35.,-0.53,14.5,12.,-0.02,-0.01
121162,1303332,54.630402,-8.438605,0.,1,-99999,35.,-0.53,14.5,12.,-0.02,-0.01
121162,1304122,54.630403,-8.438595,0.,1,-99999,35.,-0.52,14.5,12.,-0.02,-0.01
121162,1304432,54.630417,-8.438562,0.,1,-99999,35.,-0.52,14.5,12.,-0.02,-0.01
121162,1305082,54.630393,-8.43859,0.1,1,-99999,35.,-0.52,14.5,12.,-0.02,-0.01
121162,1305341,54.630405,-8.438572,0.,1,-99999,35.,-0.52,14.5,12.,-0.02,-0.01
121162,1305515,54.63045,-8.438627,0.,1,-99999,35.,-0.52,14.5,12.,-0.02,-0.01
121162,1306034,54.63045,-8.438658,0.1,1,-99999,35.,-0.52,14.5,12.,-0.02,-0.01
121162,1306250,54.630387,-8.438558,0.,1,-99999,35.,-0.52,14.5,12.100000000000001,-0.02,-0.01
121162,1306982,54.630488,-8.438713,0.,1,-99999,35.,-0.52,14.5,12.100000000000001,-0.02,-0.01
121162,1307450,54.630537,-8.438638,0.1,1,-99999,35.,-0.52,14.5,12.100000000000001,-0.02,-0.01
121162,1307802,54.630552,-8.438892,0.,1,-99999,35.,-0.52,14.5,12.100000000000001,-0.02,-0.01
121162,1307940,54.630558,-8.438798,0.,1,-99999,35.,-0.52,14.5,12.100000000000001,-0.02,-0.01
121162,1308360,54.630438,-8.438685,0.,1,-99999,35.,-0.52,14.5,12.100000000000001,-0.02,-0.01
121162,1308870,54.630537,-8.438575,0.1,1,-99999,35.,-0.52,14.5,12.100000000000001,-0.02,-0.01
121162,1309270,54.630452,-8.438622,0.,1,-99999,35.,-0.52,14.5,12.100000000000001,-0.02,-0.01
121162,1309283,54.63045,-8.438585,0.,1,-99999,35.,-0.52,14.5,12.100000000000001,-0.02,-0.01
121162,1309811,54.630468,-8.43862,0.,1,-99999,35.,-0.52,14.5,12.100000000000001,-0.02,-0.01
121162,1310178,54.630418,-8.438635,0.1,1,-99999,35.,-0.52,14.5,12.100000000000001,-0.02,-0.01
121162,1310781,54.63044,-8.438623,0.1,1,-99999,35.,-0.52,14.5,12.100000000000001,-0.02,-0.01
121162,1311092,54.630408,-8.438573,0.,1,-99999,35.,-0.52,14.5,12.200000000000001,-0.02,-0.01
121162,1311587,54.630372,-8.438582,0.,1,-99999,35.,-0.52,14.5,12.200000000000001,-0.02,-0.01
121162,1311732,54.63041,-8.438528,0.,1,-99999,35.,-0.52,14.5,12.200000000000001,-0.02,-0.01
121162,1312011,54.63042,-8.438628,0.,1,-99999,35.,-0.52,14.5,12.200000000000001,-0.02,-0.01
121162,1312682,54.63041,-8.438658,0.,1,-99999,35.,-0.52,14.5,12.200000000000001,-0.02,-0.01
121162,1312928,54.630373,-8.438632,0.1,1,-99999,35.,-0.52,14.5,12.200000000000001,-0.02,-0.01
121162,1313052,54.630372,-8.438622,0.,1,-99999,35.,-0.52,14.5,12.200000000000001,-0.02,-0.01
121162,1313624,54.630428,-8.438653,0.,1,-99999,35.,-0.52,14.5,12.200000000000001,-0.02,-0.01
121162,1313840,54.63038,-8.438625,0.,1,-99999,35.,-0.52,14.5,12.200000000000001,-0.02,-0.01
121162,1314575,54.63041,-8.438657,0.,1,-99999,35.,-0.52,14.5,12.200000000000001,-0.02,-0.01
121162,1314593,54.630405,-8.438638,0.1,1,-99999,35.,-0.52,14.5,12.200000000000001,-0.02,-0.01
121162,1314752,54.630357,-8.438583,0.,1,-99999,35.,-0.52,14.5,12.200000000000001,-0.02,-0.01
121162,1315531,54.630393,-8.438617,0.,1,-99999,35.,-0.52,14.5,12.200000000000001,-0.02,-0.01
121162,1315661,54.630375,-8.438622,0.,1,-99999,35.,-0.52,14.5,12.200000000000001,-0.02,-0.01
121162,1316023,54.630385,-8.438587,0.,1,-99999,35.,-0.52,14.5,12.3,-0.02,-0.01
121162,1316461,54.63038,-8.438695,0.1,1,-99999,35.,-0.52,14.5,12.3,-0.02,-0.01
121162,1316870,54.630405,-8.438605,0.1,1,-99999,35.,-0.52,14.5,12.3,-0.02,-0.01
121162,1317420,54.630398,-8.438568,0.,1,-99999,35.,-0.52,14.5,12.3,-0.02,-0.01
121162,1317594,54.630377,-8.438567,0.,1,-99999,35.,-0.52,14.5,12.3,-0.02,-0.01
121162,1317771,54.630392,-8.438665,0.,1,-99999,35.,-0.52,14.5,12.3,-0.02,-0.01
121162,1318691,54.630428,-8.438562,0.,1,-99999,35.,-0.52,14.5,12.3,-0.02,-0.01
121162,1319342,54.63042,-8.43864,0.1,1,-99999,35.,-0.52,14.5,12.3,-0.02,-0.01
121162,1319602,54.630345,-8.438552,0.1,1,-99999,35.,-0.52,14.5,12.3,-0.02,-0.01
121162,1319796,54.630412,-8.438672,0.,1,-99999,35.,-0.52,14.5,12.3,-0.02,-0.01
121162,1320291,54.630465,-8.438653,0.,1,-99999,35.,-0.52,14.5,12.3,-0.02,-0.01
121162,1321241,54.630455,-8.43858,0.,1,-99999,35.,-0.52,14.5,12.4,-0.02,-0.01
121162,1321253,54.630457,-8.438602,0.,1,-99999,35.,-0.52,14.5,12.4,-0.02,-0.01
121162,1321432,54.630567,-8.438865,0.,1,-99999,35.,-0.52,14.5,12.4,-0.02,-0.01
121162,1322182,54.630618,-8.43884,0.,1,-99999,35.,-0.52,14.5,12.4,-0.01,-0.01
121162,1322342,54.630468,-8.43871,0.1,1,-99999,35.,-0.52,14.5,12.4,-0.01,-0.01
121162,1322704,54.630395,-8.438575,0.,1,-99999,35.,-0.52,14.5,12.4,-0.01,-0.01
121162,1323141,54.630413,-8.438585,0.1,1,-99999,35.,-0.52,14.5,12.4,-0.01,-0.01
121162,1323542,54.630378,-8.438592,0.1,1,-99999,35.,-0.52,14.5,12.4,-0.01,-0.01
121162,1324084,54.630377,-8.43859,0.,1,-99999,35.,-0.52,14.5,12.4,-0.01,-0.01
121162,1324181,54.63042,-8.438532,0.,1,-99999,35.,-0.52,14.5,12.4,-0.01,-0.01
121162,1324452,54.63043,-8.438565,0.,1,-99999,35.,-0.52,14.5,12.4,-0.01,-0.01
121162,1325042,54.630388,-8.438587,0.,1,-99999,35.,-0.52,14.5,12.4,-0.01,-0.01
121162,1325632,54.630387,-8.438605,0.,1,-99999,35.,-0.52,14.5,12.5,-0.01,-0.01
121162,1325652,54.630403,-8.438633,0.,1,-99999,35.,-0.52,14.5,12.5,-0.01,-0.01
121162,1326040,54.630403,-8.438623,0.1,1,-99999,35.,-0.52,14.5,12.5,-0.01,-0.01
121162,1326560,54.630425,-8.438582,0.,1,-99999,35.,-0.52,14.5,12.5,-0.01,-0.01
121162,1327021,54.63044,-8.438575,0.,1,-99999,35.,-0.52,14.5,12.5,-0.01,-0.01
121162,1327093,54.63043,-8.438582,0.,1,-99999,35.,-0.52,14.5,12.5,-0.01,-0.01
121162,1327481,54.630428,-8.438627,0.,1,-99999,35.,-0.52,14.5,12.5,-0.01,-0.01
121162,1328400,54.630472,-8.438628,0.,1,-99999,35.,-0.52,14.5,12.5,-0.01,-0.01
121162,1328725,54.630412,-8.438605,0.,1,-99999,35.,-0.52,14.5,12.5,-0.01,-0.01
121162,1328911,54.630405,-8.438598,0.1,1,-99999,35.,-0.52,14.5,12.5,-0.01,-0.01
121162,1329302,54.630425,-8.438628,0.1,1,-99999,35.,-0.52,14.5,12.5,-0.01,-0.01
121162,1329861,54.630387,-8.438687,0.,1,-99999,35.,-0.52,14.5,12.5,-0.01,-0.01
121162,1330211,54.630428,-8.438718,0.,1,-99999,35.,-0.52,14.5,12.600000000000001,-0.01,-0.01
121162,1330227,54.630422,-8.438715,0.,1,-99999,35.,-0.52,14.5,12.600000000000001,-0.01,-0.01
121162,1330821,54.630403,-8.438647,0.,1,-99999,35.,-0.52,14.5,12.600000000000001,-0.01,-0.01
121162,1331121,54.63035,-8.438557,0.1,1,-99999,35.,-0.52,14.5,12.600000000000001,-0.01,-0.01
121162,1331158,54.630362,-8.43858,0.,1,-99999,35.,-0.52,14.5,12.600000000000001,-0.01,-0.01
121162,1331780,54.63042,-8.438607,0.1,1,-99999,35.,-0.52,14.5,12.600000000000001,-0.01,-0.01
121162,1332032,54.630397,-8.438642,0.,1,-99999,35.,-0.52,14.5,12.600000000000001,-0.01,-0.01
121162,1332731,54.630512,-8.438635,0.,1,-99999,35.,-0.52,14.5,12.600000000000001,-0.01,-0.01
121162,1332801,54.630562,-8.438712,0.,1,-99999,35.,-0.52,14.5,12.600000000000001,-0.01,-0.01
121162,1332942,54.630618,-8.438732,0.,1,-99999,35.,-0.52,14.5,12.600000000000001,-0.01,-0.01
121162,1333733,54.63041,-8.43861,0.,1,-99999,35.,-0.52,14.5,12.600000000000001,-0.01,-0.01
121162,1333851,54.630427,-8.438605,0.,1,-99999,35.,-0.52,14.5,12.600000000000001,-0.01,-0.01
121162,1334257,54.630402,-8.438505,0.,1,-99999,35.,-0.52,14.5,12.600000000000001,-0.01,-0.01
121162,1334661,54.630402,-8.438578,0.1,1,-99999,35.,-0.52,14.5,12.700000000000001,-0.01,-0.01
121162,1334762,54.630387,-8.438563,0.,1,-99999,35.,-0.52,14.5,12.700000000000001,-0.01,-0.01
121162,1335611,54.630443,-8.438633,0.1,1,-99999,35.,-0.52,14.5,12.700000000000001,-0.01,-0.01
121162,1335681,54.630417,-8.438632,0.,1,-99999,35.,-0.52,14.5,12.700000000000001,-0.01,-0.01
121162,1335725,54.630417,-8.438627,0.,1,-99999,35.,-0.52,14.5,12.700000000000001,-0.01,-0.01
121162,1336551,54.63038,-8.438607,0.,1,-99999,35.,-0.52,14.5,12.700000000000001,-0.01,-0.01
121162,1336589,54.630387,-8.438623,0.1,1,-99999,35.,-0.52,14.5,12.700000000000001,-0.01,-0.01
121162,1337214,54.63041,-8.4386,0.,1,-99999,35.,-0.52,14.5,12.700000000000001,-0.01,-0.01
121162,1337491,54.630435,-8.438625,0.,1,-99999,35.,-0.52,14.5,12.700000000000001,-0.01,-0.01
121162,1337513,54.630433,-8.438608,0.,1,-99999,35.,-0.52,14.5,12.700000000000001,-0.01,-0.01
121162,1338411,54.630428,-8.43867,0.1,1,-99999,35.,-0.52,14.5,12.700000000000001,-0.01,-0.01
121162,1338452,54.630433,-8.438665,0.,1,-99999,35.,-0.52,14.5,12.700000000000001,-0.01,-0.01
121162,1338924,54.630417,-8.438597,0.,1,-99999,35.,-0.52,14.5,12.700000000000001,-0.01,-0.01
121162,1339321,54.630398,-8.438575,0.,1,-99999,35.,-0.52,14.5,12.700000000000001,-0.01,-0.01
121162,1339415,54.630427,-8.438598,0.,1,-99999,35.,-0.52,14.5,12.8,-0.01,-0.01
121162,1340370,54.630392,-8.438607,0.,1,-99999,35.,-0.52,14.5,12.8,-0.01,-0.01
121162,1340389,54.630392,-8.438617,0.,1,-99999,35.,-0.52,14.5,12.8,-0.01,-0.01
121162,1340521,54.63042,-8.438647,0.,1,-99999,35.,-0.52,14.5,12.8,-0.01,-0.01
121162,1341331,54.630402,-8.438557,0.,1,-99999,35.,-0.52,14.5,12.8,-0.01,-0.01
121162,1341432,54.630368,-8.4386,0.,1,-99999,35.,-0.52,14.5,12.8,-0.01,-0.01
121162,1341903,54.630397,-8.43861,0.,1,-99999,35.,-0.52,14.5,12.8,-0.01,-0.01
121162,1342487,54.630488,-8.438627,0.,1,-99999,35.,-0.52,14.5,12.8,-0.01,-0.01
121162,1342631,54.630433,-8.438535,0.,1,-99999,35.,-0.52,14.5,12.8,-0.01,-0.01
121162,1343524,54.63042,-8.438573,0.,1,-99999,35.,-0.52,14.5,12.8,-0.01,-0.01
121162,1343540,54.630422,-8.438603,0.,1,-99999,35.,-0.52,14.5,12.8,-0.01,-0.01
121162,1343550,54.630422,-8.438602,0.,1,-99999,35.,-0.52,14.5,12.8,-0.01,-0.01
121162,1344461,54.630392,-8.438583,0.,1,-99999,35.,-0.52,14.5,12.9,-0.01,-0.01
121162,1344741,54.630403,-8.438605,0.,1,-99999,35.,-0.52,14.5,12.9,-0.01,-0.01
121162,1345402,54.630398,-8.438602,0.,1,-99999,35.,-0.52,14.5,12.9,-0.01,-0.01
121162,1345650,54.63032,-8.438522,0.,1,-99999,35.,-0.52,14.5,12.9,-0.01,-0.01
121162,1345902,54.630422,-8.438605,0.,1,-99999,35.,-0.52,14.5,12.9,-0.01,-0.01
121162,1346332,54.630392,-8.438602,0.,1,-99999,35.,-0.52,14.5,12.9,-0.01,-0.01
121162,1346551,54.630398,-8.438613,0.,1,-99999,35.,-0.52,14.5,12.9,-0.01,-0.01
121162,1347272,54.630387,-8.438607,0.,1,-99999,35.,-0.52,14.5,12.9,-0.01,-0.01
121162,1347453,54.630387,-8.43862,0.1,1,-99999,35.,-0.52,14.5,12.9,-0.01,-0.01
121162,1347767,54.63041,-8.438595,0.,1,-99999,35.,-0.52,14.5,12.9,-0.01,-0.01
121162,1348222,54.630405,-8.438653,0.,1,-99999,35.,-0.52,14.5,12.9,-0.01,-0.01
121162,1348372,54.630412,-8.43866,0.1,1,-99999,35.,-0.52,14.5,12.9,-0.01,-0.01
121162,1349211,54.63041,-8.438637,0.1,1,-99999,35.,-0.52,14.5,13.,-0.01,-0.01
121162,1349237,54.630412,-8.438637,0.,1,-99999,35.,-0.52,14.5,13.,-0.01,-0.01
121162,1349281,54.630417,-8.438642,0.,1,-99999,35.,-0.52,14.5,13.,-0.01,-0.01
121162,1350180,54.63042,-8.438643,0.,1,-99999,35.,-0.52,14.5,13.,-0.01,-0.01
121162,1350190,54.63041,-8.438642,0.,1,-99999,35.,-0.52,14.5,13.,-0.01,-0.01
121162,1350886,54.630387,-8.438587,0.,1,-99999,35.,-0.52,14.5,13.,-0.01,-0.01
121162,1351091,54.630358,-8.438568,0.1,1,-99999,35.,-0.52,14.5,13.,-0.01,-0.01
121162,1351115,54.630362,-8.438597,0.,1,-99999,35.,-0.52,14.5,13.,-0.01,-0.01
121162,1352001,54.630605,-8.438625,0.,1,-99999,35.,-0.52,14.5,13.,-0.01,-0.01
121162,1352052,54.630498,-8.438585,0.,1,-99999,35.,-0.52,14.5,13.,-0.01,-0.01
121162,1352360,54.630467,-8.43864,0.,1,-99999,35.,-0.52,14.5,13.,-0.01,-0.01
121162,1352914,54.630368,-8.43859,0.1,1,-99999,35.,-0.52,14.5,13.,-0.01,-0.01
121162,1352992,54.630465,-8.43866,0.1,1,-99999,35.,-0.52,14.5,13.,-0.01,-0.01
121162,1353830,54.630368,-8.438655,0.,1,-99999,35.,-0.52,14.5,13.100000000000001,-0.01,-0.01
121162,1353876,54.63044,-8.43868,0.,1,-99999,35.,-0.52,14.5,13.100000000000001,-0.01,-0.01
121162,1353950,54.63041,-8.438642,0.,1,-99999,35.,-0.52,14.5,13.100000000000001,-0.01,-0.01
121162,1354752,54.630387,-8.438612,0.,1,-99999,35.,-0.52,14.5,13.100000000000001,-0.01,-0.01
121162,1354881,54.630382,-8.438618,0.,1,-99999,35.,-0.52,14.5,13.100000000000001,-0.01,-0.01
121162,1355382,54.630427,-8.438642,0.,1,-99999,35.,-0.52,14.5,13.100000000000001,-0.01,-0.01
121162,1355872,54.630398,-8.438635,0.,1,-99999,35.,-0.52,14.5,13.100000000000001,-0.01,-0.01
121162,1355961,54.630387,-8.438597,0.,1,-99999,35.,-0.52,14.5,13.100000000000001,-0.01,-0.01
121162,1356830,54.630403,-8.438628,0.,1,-99999,35.,-0.52,14.5,13.100000000000001,-0.01,-0.01
121162,1356871,54.630418,-8.438643,0.,1,-99999,35.,-0.52,14.5,13.100000000000001,-0.01,-0.01
121162,1357634,54.630392,-8.438647,0.,1,-99999,35.,-0.52,14.5,13.100000000000001,-0.01,-0.01
121162,1357774,54.630422,-8.438657,0.,1,-99999,35.,-0.52,14.5,13.100000000000001,-0.01,-0.01
121162,1357775,54.630422,-8.438657,0.,1,-99999,35.,-0.52,14.5,13.100000000000001,-0.01,-0.01
121162,1358680,54.630392,-8.438623,0.,1,-99999,35.,-0.52,14.5,13.200000000000001,-0.01,-0.01
121162,1358733,54.630393,-8.438612,0.,1,-99999,35.,-0.52,14.5,13.200000000000001,-0.01,-0.01
121162,1359592,54.630422,-8.438623,0.,1,-99999,35.,-0.52,14.5,13.200000000000001,-0.01,-0.01
121162,1359671,54.630423,-8.438642,0.1,1,-99999,35.,-0.52,14.5,13.200000000000001,-0.01,-0.01
121162,1359834,54.630402,-8.438642,0.,1,-99999,35.,-0.52,14.5,13.200000000000001,-0.01,-0.01
121162,1360502,54.63037,-8.438617,0.,1,-99999,35.,-0.52,14.5,13.200000000000001,-0.01,-0.01
121162,1360622,54.630392,-8.438632,0.,1,-99999,35.,-0.52,14.5,13.200000000000001,-0.01,-0.01
121162,1361292,54.630422,-8.438615,0.,1,-99999,35.,-0.52,14.5,13.200000000000001,-0.01,-0.01
121162,1361410,54.630437,-8.438575,0.,1,-99999,35.,-0.52,14.5,13.200000000000001,-0.01,-0.01
121162,1361595,54.630403,-8.438607,0.1,1,-99999,35.,-0.52,14.5,13.200000000000001,-0.01,-0.01
121162,1362323,54.630383,-8.438575,0.1,1,-99999,35.,-0.52,14.5,13.200000000000001,-0.01,-0.01
121162,1362530,54.630283,-8.438718,0.1,1,-99999,35.,-0.52,14.5,13.200000000000001,-0.01,-0.01
121162,1362764,54.630367,-8.438547,0.,1,-99999,35.,-0.52,14.5,13.200000000000001,-0.01,-0.01
121162,1363230,54.630405,-8.43864,0.,1,-99999,35.,-0.52,14.5,13.3,-0.01,-0.01
121162,1363510,54.630417,-8.438622,0.1,1,-99999,35.,-0.52,14.5,13.3,-0.01,-0.01
121162,1364131,54.630495,-8.438707,0.1,1,-99999,35.,-0.52,14.5,13.3,-0.01,-0.01
121162,1364453,54.630428,-8.438597,0.1,1,-99999,35.,-0.52,14.5,13.3,-0.01,-0.01
121162,1364965,54.63044,-8.438637,0.,1,-99999,35.,-0.52,14.5,13.3,-0.01,-0.01
121162,1365330,54.630433,-8.438617,0.,1,-99999,35.,-0.52,14.5,13.3,-0.01,-0.01
121162,1365410,54.63041,-8.438597,0.,1,-99999,35.,-0.52,14.5,13.3,-0.01,-0.01
121162,1366241,54.630417,-8.438642,0.1,1,-99999,35.,-0.52,14.5,13.3,-0.01,-0.01
121162,1366325,54.630418,-8.438587,0.,1,-99999,35.,-0.52,14.5,13.3,-0.01,-0.01
121162,1366434,54.630585,-8.43872,0.,1,-99999,35.,-0.52,14.5,13.3,-0.01,-0.01
121162,1367151,54.63039,-8.43869,0.,1,-99999,35.,-0.52,14.5,13.3,-0.01,-0.01
121162,1367314,54.630358,-8.438662,0.1,1,-99999,35.,-0.52,14.5,13.3,-0.01,-0.01
121162,1367886,54.630427,-8.438682,0.,1,-99999,35.,-0.52,14.5,13.3,-0.01,-0.01
121162,1368061,54.630602,-8.438807,0.1,1,-99999,35.,-0.52,14.5,13.3,-0.01,-0.01
121162,1368252,54.630525,-8.438735,0.1,1,-99999,35.,-0.52,14.5,13.4,-0.01,-0.01
121162,1368970,54.630413,-8.438618,0.,1,-99999,35.,-0.52,14.5,13.4,-0.01,-0.01
121162,1369211,54.630417,-8.438655,0.,1,-99999,35.,-0.52,14.5,13.4,-0.01,-0.01
121162,1369414,54.630397,-8.438625,0.,1,-99999,35.,-0.52,14.5,13.4,-0.01,-0.01
121162,1369872,54.63044,-8.438662,0.1,1,-99999,35.,-0.52,14.5,13.4,-0.01,-0.01
121162,1370172,54.630413,-8.438647,0.1,1,-99999,35.,-0.52,14.5,13.4,-0.01,-0.01
121162,1370782,54.630422,-8.438625,0.,1,-99999,35.,-0.52,14.5,13.4,-0.01,-0.01
121162,1370892,54.630402,-8.438602,0.,1,-99999,35.,-0.52,14.5,13.4,-0.01,-0.01
121162,1371141,54.63045,-8.438662,0.,1,-99999,35.,-0.52,14.5,13.4,-0.01,-0.01
121162,1371692,54.630427,-8.43857,0.,1,-99999,35.,-0.52,14.5,13.4,-0.01,-0.01
121162,1372082,54.63038,-8.438658,0.,1,-99999,35.,-0.52,14.5,13.4,-0.01,-0.01
121162,1372352,54.630432,-8.43862,0.,1,-99999,35.,-0.52,14.5,13.4,-0.01,-0.01
121162,1372603,54.630465,-8.438705,0.,1,-99999,35.,-0.52,14.5,13.4,-0.01,-0.01
121162,1373041,54.630387,-8.438653,0.,1,-99999,35.,-0.52,14.5,13.5,-0.01,-0.01
121162,1373512,54.63051,-8.438685,0.,1,-99999,35.,-0.52,14.5,13.5,-0.01,-0.01
121162,1373814,54.63051,-8.438702,0.,1,-99999,35.,-0.52,14.5,13.5,-0.01,-0.01
121162,1373990,54.630428,-8.438562,0.1,1,-99999,35.,-0.52,14.5,13.5,-0.01,-0.01
121162,1374421,54.630557,-8.438665,0.,1,-99999,35.,-0.52,14.5,13.5,-0.01,-0.01
121162,1374931,54.630387,-8.438598,0.,1,-99999,35.,-0.52,14.5,13.5,-0.01,-0.01
121162,1375294,54.630422,-8.438617,0.,1,-99999,35.,-0.52,14.5,13.5,-0.01,-0.01
121162,1375331,54.63041,-8.438605,0.,1,-99999,35.,-0.52,14.5,13.5,-0.01,-0.01
121162,1375871,54.630405,-8.438592,0.1,1,-99999,35.,-0.52,14.5,13.5,-0.01,-0.01
121162,1376531,54.630458,-8.438667,0.,1,-99999,35.,-0.52,14.5,13.5,-0.01,-0.01
121162,1376802,54.630555,-8.438677,0.,1,-99999,35.,-0.52,14.5,13.5,-0.01,-0.01
121162,1376812,54.630553,-8.438688,0.,1,-99999,35.,-0.52,14.5,13.5,-0.01,-0.01
121162,1377442,54.630495,-8.438703,0.,1,-99999,35.,-0.52,14.5,13.5,-0.01,-0.01
121162,1377762,54.630455,-8.43863,0.,1,-99999,35.,-0.52,14.5,13.600000000000001,-0.01,-0.01
121162,1378272,54.630415,-8.438642,0.,1,-99999,35.,-0.52,14.5,13.600000000000001,-0.01,-0.01
121162,1378361,54.630428,-8.43862,0.,1,-99999,35.,-0.52,14.5,13.600000000000001,-0.01,-0.01
121162,1378762,54.630382,-8.438592,0.,1,-99999,35.,-0.52,14.5,13.600000000000001,-0.01,-0.01
121162,1379272,54.63041,-8.438632,0.1,1,-99999,35.,-0.52,14.5,13.600000000000001,-0.01,-0.01
121162,1379723,54.630413,-8.43859,0.,1,-99999,35.,-0.52,14.5,13.600000000000001,-0.01,-0.01
121162,1379732,54.63041,-8.438602,0.,1,-99999,35.,-0.52,14.5,13.600000000000001,-0.01,-0.01
121162,1380190,54.630488,-8.438598,0.1,1,-99999,35.,-0.52,14.5,13.600000000000001,-0.01,-0.01
121162,1380679,54.630422,-8.438577,0.1,1,-99999,35.,-0.52,14.5,13.600000000000001,-0.01,-0.01
121162,1381101,54.630332,-8.438598,0.1,1,-99999,35.,-0.52,14.5,13.600000000000001,-0.01,-0.01
121162,1381235,54.630415,-8.43856,0.,1,-99999,35.,-0.52,14.5,13.600000000000001,-0.01,-0.01
121162,1381642,54.630387,-8.438588,0.1,1,-99999,35.,-0.52,14.5,13.600000000000001,-0.01,-0.01
121162,1382021,54.630865,-8.43851,0.1,1,-99999,35.,-0.52,14.5,13.700000000000001,-0.01,-0.01
121162,1382581,54.630473,-8.438623,0.1,1,-99999,35.,-0.52,14.5,13.700000000000001,-0.01,-0.01
121162,1382747,54.63034,-8.438547,0.,1,-99999,35.,-0.52,14.5,13.700000000000001,-0.01,-0.01
121162,1383222,54.630293,-8.438503,0.,1,-99999,35.,-0.52,14.5,13.700000000000001,-0.01,-0.01
121162,1383522,54.630402,-8.438602,0.,1,-99999,35.,-0.52,14.5,13.700000000000001,-0.01,-0.01
121162,1384131,54.630403,-8.438553,0.,1,-99999,35.,-0.52,14.5,13.700000000000001,-0.01,-0.01
121162,1384255,54.630417,-8.438707,0.,1,-99999,35.,-0.52,14.5,13.700000000000001,-0.01,-0.01
121162,1384481,54.630457,-8.438615,0.1,1,-99999,35.,-0.52,14.5,13.700000000000001,-0.01,-0.01
121162,1385041,54.630387,-8.438525,0.,1,-99999,35.,-0.52,14.5,13.700000000000001,-0.01,-0.01
121162,1385422,54.630415,-8.438667,0.,1,-99999,35.,-0.52,14.5,13.700000000000001,-0.01,-0.01
121162,1385951,54.63044,-8.438635,0.,1,-99999,35.,-0.52,14.5,13.700000000000001,-0.01,-0.01
121162,1386371,54.630392,-8.438588,0.,1,-99999,35.,-0.52,14.5,13.700000000000001,-0.01,-0.01
121162,1386523,54.630412,-8.438617,0.,1,-99999,35.,-0.52,14.5,13.700000000000001,-0.01,-0.01
121162,1386862,54.630435,-8.43863,0.,1,-99999,35.,-0.52,14.5,13.8,-0.01,-0.01
121162,1387301,54.630413,-8.438602,0.,1,-99999,35.,-0.52,14.5,13.8,-0.01,-0.01
121162,1388063,54.630395,-8.438628,0.,1,-99999,35.,-0.52,14.5,13.8,-0.01,-0.01
121162,1388075,54.630397,-8.438625,0.,1,-99999,35.,-0.52,14.5,13.8,-0.01,-0.01
121162,1388212,54.630423,-8.438653,0.,1,-99999,35.,-0.52,14.5,13.8,-0.01,-0.01
121162,1388971,54.630422,-8.43864,0.,1,-99999,35.,-0.52,14.5,13.8,-0.01,-0.01
121162,1389210,54.630408,-8.438635,0.,1,-99999,35.,-0.52,14.5,13.8,-0.01,-0.01
121162,1389303,54.630422,-8.438697,0.,1,-99999,35.,-0.52,14.5,13.8,-0.01,-0.01
121162,1390171,54.630422,-8.438635,0.,1,-99999,35.,-0.52,14.5,13.8,-0.01,-0.01
121162,1390181,54.630417,-8.438628,0.,1,-99999,35.,-0.52,14.5,13.8,-0.01,-0.01
121162,1390410,54.630422,-8.438647,0.,1,-99999,35.,-0.52,14.5,13.8,-0.01,-0.01
121162,1391072,54.630408,-8.438622,0.,1,-99999,35.,-0.52,14.5,13.8,-0.01,-0.01
121162,1391132,54.630428,-8.438578,0.1,1,-99999,35.,-0.52,14.5,13.8,-0.01,-0.01
121162,1391976,54.630423,-8.438625,0.1,1,-99999,35.,-0.52,14.5,13.9,-0.01,-0.01
121162,1392050,54.630362,-8.438557,0.,1,-99999,35.,-0.52,14.5,13.9,-0.01,-0.01
121162,1392096,54.63036,-8.438582,0.1,1,-99999,35.,-0.52,14.5,13.9,-0.01,-0.01
121162,1392881,54.630398,-8.438567,0.,1,-99999,35.,-0.52,14.5,13.9,-0.01,-0.01
121162,1393050,54.630408,-8.43863,0.,1,-99999,35.,-0.52,14.5,13.9,-0.01,-0.01
121162,1393574,54.630512,-8.438697,0.,1,-99999,35.,-0.52,14.5,13.9,-0.01,-0.01
121162,1393799,54.630512,-8.438877,0.,1,-99999,35.,-0.52,14.5,13.9,-0.01,-0.01
121162,1394007,54.6305,-8.438773,0.,1,-99999,35.,-0.52,14.5,13.9,-0.01,-0.01
121162,1394600,54.630457,-8.438682,0.,1,-99999,35.,-0.52,14.5,13.9,-0.01,-0.01
121162,1394701,54.630447,-8.43862,0.,1,-99999,35.,-0.52,14.5,13.9,-0.01,-0.01
121162,1394950,54.63038,-8.43857,0.1,1,-99999,35.,-0.52,14.5,13.9,-0.01,-0.01
121162,1395611,54.630428,-8.43863,0.,1,-99999,35.,-0.52,14.5,13.9,-0.01,-0.01
121162,1395895,54.63044,-8.438595,0.,1,-99999,35.,-0.52,14.5,13.9,-0.01,-0.01
121162,1396064,54.630465,-8.438617,0.,1,-99999,35.,-0.52,14.5,13.9,-0.01,-0.01
121162,1396812,54.630422,-8.438583,0.,1,-99999,35.,-0.52,14.5,14.,-0.01,-0.01
121162,1396840,54.630428,-8.43861,0.,1,-99999,35.,-0.52,14.5,14.,-0.01,-0.01
121162,1397549,54.630422,-8.438605,0.,1,-99999,35.,-0.52,14.5,14.,-0.01,-0.01
121162,1397719,54.630372,-8.438598,0.1,1,-99999,35.,-0.52,14.5,14.,-0.01,-0.01
121162,1397792,54.630408,-8.438572,0.1,1,-99999,35.,-0.52,14.5,14.,-0.01,-0.01
121162,1398620,54.630415,-8.43858,0.,1,-99999,35.,-0.52,14.5,14.,-0.01,-0.01
121162,1398745,54.630427,-8.43859,0.,1,-99999,35.,-0.52,14.5,14.,-0.01,-0.01
121162,1399066,54.630402,-8.43866,0.,1,-99999,35.,-0.52,14.5,14.,-0.01,-0.01
121162,1399522,54.630432,-8.438663,0.,1,-99999,35.,-0.52,14.5,14.,-0.01,-0.01
121162,1399705,54.630423,-8.43864,0.1,1,-99999,35.,-0.52,14.5,14.,-0.01,-0.01
121162,1400430,54.630417,-8.438658,0.,1,-99999,35.,-0.52,14.5,14.,-0.01,-0.01
121162,1400632,54.630392,-8.438687,0.,1,-99999,35.,-0.52,14.5,14.,-0.01,-0.01
121162,1400662,54.630398,-8.438658,0.,1,-99999,35.,-0.52,14.5,14.,-0.01,-0.01
121162,1401352,54.630405,-8.438625,0.,1,-99999,35.,-0.52,14.5,14.100000000000001,-0.01,-0.01
121162,1401621,54.630392,-8.43863,0.,1,-99999,35.,-0.52,14.5,14.100000000000001,-0.01,-0.01
121162,1402261,54.63038,-8.438582,0.1,1,-99999,35.,-0.52,14.5,14.100000000000001,-0.01,-0.01
121162,1402581,54.630468,-8.438858,0.,1,-99999,35.,-0.52,14.5,14.100000000000001,-0.01,-0.01
121162,1403059,54.630447,-8.438782,0.,1,-99999,35.,-0.52,14.5,14.100000000000001,-0.01,-0.01
121162,1403172,54.630392,-8.438602,0.1,1,-99999,35.,-0.52,14.5,14.100000000000001,-0.01,-0.01
121162,1403526,54.630445,-8.438658,0.1,1,-99999,35.,-0.52,14.5,14.100000000000001,-0.01,-0.01
121162,1404081,54.630392,-8.438602,0.,1,-99999,35.,-0.52,14.5,14.100000000000001,-0.01,-0.01
121162,1404470,54.630388,-8.43868,0.,1,-99999,35.,-0.52,14.5,14.100000000000001,-0.01,-0.01
121162,1405001,54.630398,-8.438655,0.,1,-99999,35.,-0.52,14.5,14.100000000000001,-0.01,-0.01
121162,1405421,54.630403,-8.438605,0.,1,-99999,35.,-0.52,14.5,14.100000000000001,-0.01,-0.01
121162,1405636,54.630397,-8.438657,0.,1,-99999,35.,-0.52,14.5,14.100000000000001,-0.01,-0.01
121162,1405911,54.630413,-8.438658,0.,1,-99999,35.,-0.52,14.5,14.200000000000001,-0.01,-0.01
121162,1406360,54.630415,-8.438602,0.1,1,-99999,35.,-0.52,14.5,14.200000000000001,-0.01,-0.01
121162,1406820,54.630422,-8.438617,0.1,1,-99999,35.,-0.52,14.5,14.200000000000001,-0.01,-0.01
121162,1407107,54.630412,-8.438612,0.,1,-99999,35.,-0.52,14.5,14.200000000000001,-0.01,-0.01
121162,1407305,54.630408,-8.43858,0.,1,-99999,35.,-0.52,14.5,14.200000000000001,-0.01,-0.01
121162,1407723,54.630428,-8.438617,0.1,1,-99999,35.,-0.52,14.5,14.200000000000001,-0.01,-0.01
121162,1408251,54.630645,-8.4388,0.,1,-99999,35.,-0.52,14.5,14.200000000000001,-0.01,-0.01
121162,1408632,54.630388,-8.438692,0.,1,-99999,35.,-0.52,14.5,14.200000000000001,-0.01,-0.01
121162,1408758,54.630442,-8.43868,0.,1,-99999,35.,-0.52,14.5,14.200000000000001,-0.01,-0.01
121162,1409176,54.630398,-8.438598,0.,1,-99999,35.,-0.52,14.5,14.200000000000001,-0.01,-0.01
121162,1409832,54.630417,-8.438625,0.1,1,-99999,35.,-0.52,14.5,14.200000000000001,-0.01,-0.01
121162,1410130,54.630387,-8.438632,0.1,1,-99999,35.,-0.52,14.5,14.200000000000001,-0.01,-0.01
121162,1410381,54.63041,-8.438562,0.,1,-99999,35.,-0.52,14.5,14.3,-0.01,-0.01
121162,1410739,54.630372,-8.43864,0.1,1,-99999,35.,-0.52,14.5,14.3,-0.01,-0.01
121162,1411047,54.630387,-8.438588,0.,1,-99999,35.,-0.52,14.5,14.3,-0.01,-0.01
121162,1411640,54.63039,-8.43861,0.1,1,-99999,35.,-0.52,14.5,14.3,-0.01,-0.01
121162,1411950,54.630385,-8.438612,0.,1,-99999,35.,-0.52,14.5,14.3,-0.01,-0.01
121162,1412010,54.630395,-8.43861,0.1,1,-99999,35.,-0.52,14.5,14.3,-0.01,-0.01
121162,1412551,54.63042,-8.438632,0.1,1,-99999,35.,-0.52,14.5,14.3,-0.01,-0.01
121162,1412961,54.630433,-8.438605,0.1,1,-99999,35.,-0.52,14.5,14.3,-0.01,-0.01
121162,1413460,54.630462,-8.438602,0.1,1,-99999,35.,-0.52,14.5,14.3,-0.01,-0.01
121162,1413549,54.63044,-8.438642,0.,1,-99999,35.,-0.52,14.5,14.3,-0.01,-0.01
121162,1413900,54.63038,-8.43859,0.1,1,-99999,35.,-0.52,14.5,14.3,-0.01,-0.01
121162,1414372,54.630417,-8.438607,0.1,1,-99999,35.,-0.52,14.5,14.3,-0.01,-0.01
121162,1414834,54.63041,-8.438625,0.1,1,-99999,35.,-0.52,14.5,14.3,-0.01,-0.01
121162,1415077,54.630432,-8.438622,0.,1,-99999,35.,-0.52,14.5,14.3,-0.01,-0.01
121162,1415280,54.630428,-8.438677,0.1,1,-99999,35.,-0.52,14.5,14.3,-0.01,-0.01
121162,1415792,54.630403,-8.438625,0.1,1,-99999,35.,-0.52,14.5,14.4,-0.01,-0.01
121162,1416181,54.630425,-8.438677,0.1,1,-99999,35.,-0.51,14.5,14.4,-0.01,-0.01
121162,1416750,54.630392,-8.438625,0.1,1,-99999,35.,-0.51,14.5,14.4,-0.01,-0.01
121162,1417091,54.630407,-8.438633,0.,1,-99999,35.,-0.51,14.5,14.4,-0.01,-0.01
121162,1417313,54.630427,-8.438595,0.,1,-99999,35.,-0.51,14.5,14.4,-0.01,-0.01
121162,1417711,54.630398,-8.438665,0.1,1,-99999,35.,-0.51,14.5,14.4,-0.01,-0.01
121162,1418000,54.630405,-8.43863,0.1,1,-99999,35.,-0.51,14.5,14.4,0.,-0.01
121162,1418670,54.630437,-8.438597,0.1,1,-99999,35.,-0.51,14.5,14.4,0.,-0.01
121162,1418763,54.630432,-8.438575,0.,1,-99999,35.,-0.51,14.5,14.4,0.,-0.01
121162,1418910,54.63041,-8.43857,0.,1,-99999,35.,-0.51,14.5,14.4,0.,-0.01
121162,1419602,54.6305,-8.438648,0.,1,-99999,35.,-0.51,14.5,14.4,0.,-0.01
121162,1420110,54.630417,-8.438595,0.1,1,-99999,35.,-0.51,14.5,14.5,0.,-0.01
121162,1420293,54.630425,-8.438597,0.,1,-99999,35.,-0.51,14.5,14.5,0.,-0.01
121162,1420541,54.630418,-8.438597,0.,1,-99999,35.,-0.51,14.5,14.5,0.,-0.01
121162,1421021,54.630423,-8.43862,0.1,1,-99999,35.,-0.51,14.5,14.5,0.,-0.01
121162,1421482,54.630428,-8.43859,0.1,1,-99999,35.,-0.51,14.5,14.5,0.,-0.01
121162,1421753,54.630442,-8.43863,0.,1,-99999,35.,-0.51,14.5,14.5,0.,-0.01
121162,1422221,54.630425,-8.438623,0.1,1,-99999,35.,-0.51,14.5,14.5,0.,-0.01
121162,1422461,54.630432,-8.438642,0.1,1,-99999,35.,-0.51,14.5,14.5,0.,-0.01
121162,1423141,54.630417,-8.438632,0.1,1,-99999,35.,-0.51,14.5,14.5,0.,-0.01
121162,1423421,54.630403,-8.438602,0.1,1,-99999,35.,-0.51,14.5,14.5,0.,-0.01
121162,1424052,54.630433,-8.43865,0.,1,-99999,35.,-0.51,14.5,14.5,0.,-0.01
121162,1424383,54.630413,-8.438642,0.1,1,-99999,35.,-0.51,14.5,14.5,0.,-0.01
121162,1424963,54.630432,-8.438613,0.,1,-99999,35.,-0.51,14.5,14.600000000000001,0.,-0.01
121162,1425321,54.630412,-8.4386,0.1,1,-99999,35.,-0.51,14.5,14.600000000000001,0.,-0.01
121162,1425535,54.630397,-8.438592,0.,1,-99999,35.,-0.51,14.5,14.600000000000001,0.,-0.01
121162,1425881,54.63044,-8.438588,0.1,1,-99999,35.,-0.51,14.5,14.600000000000001,0.,-0.01
121162,1426271,54.630422,-8.438583,0.,1,-99999,35.,-0.51,14.5,14.600000000000001,0.,-0.01
121162,1426790,54.630413,-8.438623,0.1,1,-99999,35.,-0.51,14.5,14.600000000000001,0.,-0.01
121162,1426992,54.630372,-8.43859,0.,1,-99999,35.,-0.51,14.5,14.600000000000001,0.,-0.01
121162,1427174,54.630367,-8.438563,0.,1,-99999,35.,-0.51,14.5,14.600000000000001,0.,-0.01
121162,1427702,54.63044,-8.438542,0.1,1,-99999,35.,-0.51,14.5,14.600000000000001,0.,-0.01
121162,1428123,54.63041,-8.4386,0.1,1,-99999,35.,-0.51,14.5,14.600000000000001,0.,-0.01
121162,1428445,54.630447,-8.438567,0.,1,-99999,35.,-0.51,14.5,14.600000000000001,0.,-0.01
121162,1428609,54.630432,-8.438582,0.,1,-99999,35.,-0.51,14.5,14.600000000000001,0.,-0.01
121162,1429072,54.63041,-8.438587,0.,1,-99999,35.,-0.51,14.5,14.600000000000001,0.,-0.01
121162,1429512,54.63041,-8.438593,0.1,1,-99999,35.,-0.51,14.5,14.700000000000001,0.,-0.01
121162,1429953,54.630427,-8.438657,0.,1,-99999,35.,-0.51,14.5,14.700000000000001,0.,-0.01
121162,1430081,54.63041,-8.438655,0.,1,-99999,35.,-0.51,14.5,14.700000000000001,0.,-0.01
121162,1430421,54.630458,-8.438737,0.,1,-99999,35.,-0.51,14.5,14.700000000000001,0.,-0.01
121162,1431012,54.630428,-8.438632,0.1,1,-99999,35.,-0.51,14.5,14.700000000000001,0.,-0.01
121162,1431331,54.630398,-8.4386,0.,1,-99999,35.,-0.51,14.5,14.700000000000001,0.,-0.01
121162,1431960,54.63036,-8.43859,0.1,1,-99999,35.,-0.51,14.5,14.700000000000001,0.,-0.01
121162,1432250,54.630405,-8.43858,0.1,1,-99999,35.,-0.51,14.5,14.700000000000001,0.,-0.01
121162,1432891,54.630365,-8.438572,0.,1,-99999,35.,-0.51,14.5,14.700000000000001,0.,-0.01
121162,1432896,54.630365,-8.438572,0.,1,-99999,35.,-0.51,14.5,14.700000000000001,0.,-0.01
121162,1433170,54.630373,-8.438583,0.,1,-99999,35.,-0.51,14.5,14.700000000000001,0.,-0.01
121162,1433852,54.630387,-8.438612,0.,1,-99999,35.,-0.51,14.5,14.700000000000001,0.,-0.01
121162,1434081,54.63041,-8.438643,0.1,1,-99999,35.,-0.51,14.5,14.700000000000001,0.,-0.01
121162,1434405,54.630407,-8.438642,0.,1,-99999,35.,-0.51,14.5,14.8,0.,-0.01
121162,1434802,54.630433,-8.43868,0.1,1,-99999,35.,-0.51,14.5,14.8,0.,-0.01
121162,1435281,54.630498,-8.438637,0.1,1,-99999,35.,-0.51,14.5,14.8,0.,-0.01
121162,1435760,54.63044,-8.438623,0.1,1,-99999,35.,-0.51,14.5,14.8,0.,-0.01
121162,1435863,54.630402,-8.438637,0.,1,-99999,35.,-0.51,14.5,14.8,0.,-0.01
121162,1436191,54.630425,-8.438647,0.1,1,-99999,35.,-0.51,14.5,14.8,0.,-0.01
121162,1436701,54.630398,-8.438612,0.1,1,-99999,35.,-0.51,14.5,14.8,0.,-0.01
121162,1437101,54.630375,-8.438563,0.1,1,-99999,35.,-0.51,14.5,14.8,0.,-0.01
121162,1437314,54.630427,-8.438627,0.,1,-99999,35.,-0.51,14.5,14.8,0.,-0.01
121162,1437681,54.63044,-8.438582,0.1,1,-99999,35.,-0.51,14.5,14.8,0.,-0.01
121162,1438010,54.630477,-8.438617,0.,1,-99999,35.,-0.51,14.5,14.8,0.,-0.01
121162,1438631,54.630478,-8.438538,0.1,1,-99999,35.,-0.51,14.5,14.8,0.,-0.01
121162,1438824,54.630425,-8.438612,0.,1,-99999,35.,-0.51,14.5,14.8,0.,-0.01
121162,1438921,54.630422,-8.43862,0.1,1,-99999,35.,-0.51,14.5,14.8,0.,-0.01
121162,1439572,54.63043,-8.43865,0.,1,-99999,35.,-0.51,14.5,14.9,0.,-0.01
121162,1440120,54.630448,-8.438692,0.1,1,-99999,35.,-0.51,14.5,14.9,0.,-0.01
121162,1440273,54.630417,-8.438662,0.,1,-99999,35.,-0.51,14.5,14.9,0.,-0.01
121162,1440530,54.63039,-8.438635,0.1,1,-99999,35.,-0.51,14.5,14.9,0.,-0.01
121162,1441032,54.630393,-8.438595,0.,1,-99999,35.,-0.51,14.5,14.9,0.,-0.01
121162,1441472,54.63041,-8.43864,0.,1,-99999,35.,-0.51,14.5,14.9,0.,-0.01
121162,1441746,54.630387,-8.43861,0.,1,-99999,35.,-0.51,14.5,14.9,0.,-0.01
121162,1441941,54.630398,-8.438578,0.,1,-99999,35.,-0.51,14.5,14.9,0.,-0.01
121162,1442410,54.630388,-8.438608,0.,1,-99999,35.,-0.51,14.5,14.9,0.,-0.01
121162,1442852,54.630395,-8.438607,0.1,1,-99999,35.,-0.51,14.5,14.9,0.,-0.01
121162,1443193,54.630372,-8.438617,0.,1,-99999,35.,-0.51,14.4,14.9,0.,-0.01
121162,1443362,54.63038,-8.438628,0.1,1,-99999,35.,-0.51,14.4,14.9,0.,-0.01
121162,1443762,54.630387,-8.438588,0.,1,-99999,35.,-0.51,14.4,15.,0.,-0.01
121162,1444361,54.630402,-8.438622,0.1,1,-99999,35.,-0.51,14.4,15.,0.,-0.01
121162,1444670,54.6304,-8.438623,0.,1,-99999,35.,-0.51,14.4,15.,0.,-0.01
121162,1444713,54.63041,-8.438652,0.,1,-99999,35.,-0.51,14.4,15.,0.,-0.01
121162,1445322,54.630403,-8.438623,0.,1,-99999,35.,-0.51,14.4,15.,0.,-0.01
121162,1445572,54.630407,-8.438588,0.,1,-99999,35.,-0.51,14.4,15.,0.,-0.01
121162,1446192,54.63038,-8.438617,0.,1,-99999,35.,-0.51,14.4,15.,0.,-0.01
121162,1446271,54.630392,-8.438627,0.1,1,-99999,35.,-0.51,14.4,15.,0.,-0.01
121162,1446480,54.630373,-8.43859,0.1,1,-99999,35.,-0.51,14.4,15.,0.,-0.01
121162,1447215,54.630392,-8.438575,0.1,1,-99999,35.,-0.51,14.4,15.,0.,-0.01
121162,1447391,54.63041,-8.438622,0.,1,-99999,35.,-0.51,14.4,15.,0.,-0.01
121162,1448129,54.630417,-8.438588,0.1,1,-99999,35.,-0.51,14.4,15.,0.,-0.01
121162,1448301,54.63038,-8.438542,0.1,1,-99999,35.,-0.51,14.4,15.100000000000001,0.,-0.01
121162,1449121,54.630372,-8.438592,0.1,1,-99999,35.,-0.51,14.4,15.100000000000001,0.,-0.01
121162,1449222,54.6304,-8.43863,0.1,1,-99999,35.,-0.51,14.4,15.100000000000001,0.,-0.01
121162,1450070,54.630525,-8.438707,0.,1,-99999,35.,-0.51,14.4,15.100000000000001,0.,-0.01
121162,1450141,54.630537,-8.438707,0.,1,-99999,35.,-0.51,14.4,15.100000000000001,0.,-0.01
121162,1451002,54.630432,-8.438558,0.1,1,-99999,35.,-0.51,14.4,15.100000000000001,0.,-0.01
121162,1451042,54.630457,-8.438605,0.1,1,-99999,35.,-0.51,14.4,15.100000000000001,0.,-0.01
121162,1451951,54.630402,-8.438563,0.,1,-99999,35.,-0.51,14.4,15.100000000000001,0.,-0.01
121162,1451971,54.630392,-8.438565,0.,1,-99999,35.,-0.51,14.4,15.100000000000001,0.,-0.01
121162,1452872,54.630438,-8.438617,0.1,1,-99999,35.,-0.51,14.4,15.100000000000001,0.,-0.01
121162,1452921,54.630452,-8.438577,0.,1,-99999,35.,-0.51,14.4,15.100000000000001,0.,-0.01
121162,1453780,54.630422,-8.438652,0.1,1,-99999,35.,-0.51,14.4,15.200000000000001,0.,-0.01
121162,1453842,54.630427,-8.438597,0.1,1,-99999,35.,-0.51,14.4,15.200000000000001,0.,-0.01
121162,1454690,54.630403,-8.438708,0.1,1,-99999,35.,-0.51,14.4,15.200000000000001,0.,-0.01
121162,1454801,54.630417,-8.438672,0.1,1,-99999,35.,-0.51,14.4,15.200000000000001,0.,-0.01
121162,1455599,54.630425,-8.438647,0.1,1,-99999,35.,-0.51,14.4,15.200000000000001,0.,-0.01
121162,1455750,54.630433,-8.438647,0.1,1,-99999,35.,-0.51,14.4,15.200000000000001,0.,-0.01
121162,1456512,54.630435,-8.438648,0.1,1,-99999,35.,-0.51,14.4,15.200000000000001,0.,-0.01
121162,1456701,54.630417,-8.43861,0.1,1,-99999,35.,-0.51,14.4,15.200000000000001,0.,-0.01
121162,1457421,54.630408,-8.438617,0.1,1,-99999,35.,-0.51,14.4,15.200000000000001,0.,-0.01
121162,1457652,54.63044,-8.438593,0.1,1,-99999,35.,-0.51,14.4,15.200000000000001,0.,-0.01
121162,1458332,54.630413,-8.438623,0.1,1,-99999,35.,-0.51,14.4,15.3,0.,-0.01
121162,1458582,54.63041,-8.438635,0.1,1,-99999,35.,-0.51,14.4,15.3,0.,-0.01
121162,1459241,54.630465,-8.438605,0.,1,-99999,35.,-0.51,14.4,15.3,0.,-0.01
121162,1459486,54.630385,-8.438605,0.1,1,-99999,35.,-0.51,14.4,15.3,0.,-0.01
121162,1460143,54.630458,-8.438575,0.1,1,-99999,35.,-0.51,14.4,15.3,0.,-0.01
121162,1460440,54.630485,-8.438702,0.,1,-99999,35.,-0.51,14.4,15.3,0.,-0.01
121162,1461402,54.63041,-8.438568,0.1,1,-99999,35.,-0.51,14.4,15.3,0.,-0.01
121162,1461952,54.630462,-8.438612,0.1,1,-99999,35.,-0.51,14.4,15.3,0.,-0.01
121162,1462360,54.630488,-8.438658,0.1,1,-99999,35.,-0.51,14.4,15.3,0.,-0.01
121162,1462870,54.630397,-8.438563,0.,1,-99999,35.,-0.51,14.4,15.4,0.,-0.01
121162,1463310,54.630462,-8.43863,0.1,1,-99999,35.,-0.51,14.4,15.4,0.,-0.01
121162,1463771,54.630407,-8.438552,0.1,1,-99999,35.,-0.51,14.4,15.4,0.,-0.01
121162,1464272,54.630435,-8.438605,0.,1,-99999,35.,-0.51,14.4,15.4,0.,-0.01
121162,1464691,54.630422,-8.438645,0.,1,-99999,35.,-0.51,14.4,15.4,0.,-0.01
121162,1465241,54.630387,-8.438587,0.1,1,-99999,35.,-0.51,14.4,15.4,0.,-0.01
121162,1465612,54.630403,-8.438605,0.,1,-99999,35.,-0.51,14.4,15.4,0.,-0.01
121162,1466202,54.630395,-8.438563,0.1,1,-99999,35.,-0.51,14.4,15.4,0.,-0.01
121162,1466522,54.630428,-8.438613,0.,1,-99999,35.,-0.51,14.4,15.4,0.,-0.01
121162,1467212,54.630332,-8.43856,0.1,1,-99999,35.,-0.51,14.4,15.5,0.,-0.01
121162,1467732,54.630368,-8.438552,0.1,1,-99999,35.,-0.51,14.4,15.5,0.,-0.01
121162,1468171,54.63048,-8.438697,0.,1,-99999,35.,-0.51,14.4,15.5,0.,-0.01
121162,1468660,54.63038,-8.438685,0.,1,-99999,35.,-0.51,14.4,15.5,0.,-0.01
121162,1469121,54.63036,-8.438528,0.1,1,-99999,35.,-0.51,14.4,15.5,0.,-0.01
121162,1469579,54.630462,-8.43855,0.1,1,-99999,35.,-0.51,14.4,15.5,0.,-0.01
121162,1470080,54.630403,-8.438617,0.,1,-99999,35.,-0.51,14.4,15.5,0.,-0.01
121162,1470481,54.630465,-8.438755,0.,1,-99999,35.,-0.51,14.4,15.5,0.,-0.01
121162,1470663,54.630427,-8.438612,0.,1,-99999,35.,-0.51,14.4,15.5,0.,-0.01
121162,1471032,54.630413,-8.438588,0.1,1,-99999,35.,-0.51,14.4,15.5,0.,-0.01
121162,1471391,54.630445,-8.438658,0.,1,-99999,35.,-0.51,14.4,15.5,0.,-0.01
121162,1471761,54.630415,-8.438588,0.1,1,-99999,35.,-0.51,14.4,15.5,0.,-0.01
121162,1471970,54.630417,-8.438607,0.,1,-99999,35.,-0.51,14.4,15.5,0.,-0.01
121162,1472122,54.630432,-8.438642,0.,1,-99999,35.,-0.51,14.4,15.5,0.,-0.01
121162,1472301,54.630432,-8.438653,0.,1,-99999,35.,-0.51,14.4,15.600000000000001,0.,-0.01
121162,1472931,54.630383,-8.438588,0.,1,-99999,35.,-0.51,14.4,15.600000000000001,0.,-0.01
121162,1473510,54.630388,-8.438602,0.1,1,-99999,35.,-0.51,14.4,15.600000000000001,0.,-0.01
121162,1473632,54.630375,-8.438642,0.,1,-99999,35.,-0.51,14.4,15.600000000000001,0.,-0.01
121162,1473886,54.63041,-8.438618,0.,1,-99999,35.,-0.51,14.4,15.600000000000001,0.,-0.01
121162,1474414,54.630398,-8.438622,0.,1,-99999,35.,-0.51,14.4,15.600000000000001,0.,-0.01
121162,1474820,54.630407,-8.438647,0.,1,-99999,35.,-0.51,14.4,15.600000000000001,0.,-0.01
121162,1475330,54.630422,-8.438627,0.,1,-99999,35.,-0.51,14.4,15.600000000000001,0.,-0.01
121162,1475773,54.630398,-8.438577,0.,1,-99999,35.,-0.51,14.4,15.600000000000001,0.,-0.01
121162,1475825,54.630402,-8.438572,0.,1,-99999,35.,-0.51,14.4,15.600000000000001,0.,-0.01
121162,1476241,54.630387,-8.438597,0.,1,-99999,35.,-0.51,14.4,15.600000000000001,0.,-0.01
121162,1476730,54.630415,-8.438605,0.,1,-99999,35.,-0.51,14.4,15.600000000000001,0.,-0.01
121162,1477273,54.63039,-8.438605,0.,1,-99999,35.,-0.51,14.4,15.700000000000001,0.,-0.01
121162,1477441,54.630398,-8.438577,0.1,1,-99999,35.,-0.51,14.4,15.700000000000001,0.,-0.01
121162,1477662,54.630373,-8.438543,0.1,1,-99999,35.,-0.51,14.4,15.700000000000001,0.,-0.01
121162,1478610,54.630368,-8.438553,0.1,1,-99999,35.,-0.51,14.4,15.700000000000001,0.,-0.01
121162,1478641,54.63037,-8.43852,0.1,1,-99999,35.,-0.51,14.4,15.700000000000001,0.,-0.01
121162,1479551,54.630368,-8.4386,0.1,1,-99999,35.,-0.51,14.4,15.700000000000001,0.,-0.01
121162,1479556,54.630368,-8.4386,0.1,1,-99999,35.,-0.51,14.4,15.700000000000001,0.,-0.01
121162,1480175,54.630572,-8.438915,0.,1,-99999,35.,-0.51,14.4,15.700000000000001,0.,-0.01
121162,1480480,54.630425,-8.43863,0.,1,-99999,35.,-0.51,14.4,15.700000000000001,0.,-0.01
121162,1480511,54.6304,-8.438628,0.,1,-99999,35.,-0.51,14.4,15.700000000000001,0.,-0.01
121162,1481381,54.630388,-8.438635,0.1,1,-99999,35.,-0.51,14.4,15.700000000000001,0.,-0.01
121162,1481490,54.63044,-8.4386,0.1,1,-99999,35.,-0.51,14.4,15.700000000000001,0.,-0.01
121162,1481675,54.630392,-8.438585,0.,1,-99999,35.,-0.51,14.4,15.8,0.,-0.01
121162,1482301,54.630422,-8.438575,0.,1,-99999,35.,-0.51,14.4,15.8,0.,-0.01
121162,1482441,54.630413,-8.438592,0.1,1,-99999,35.,-0.51,14.4,15.8,0.,-0.01
121162,1483155,54.630405,-8.438605,0.,1,-99999,35.,-0.51,14.4,15.8,0.,-0.01
121162,1483210,54.630383,-8.438637,0.,1,-99999,35.,-0.51,14.4,15.8,0.,-0.01
121162,1483390,54.630397,-8.43862,0.,1,-99999,35.,-0.51,14.4,15.8,0.,-0.01
121162,1484120,54.630412,-8.438602,0.1,1,-99999,35.,-0.51,14.4,15.8,0.,-0.01
121162,1484341,54.630388,-8.438553,0.1,1,-99999,35.,-0.51,14.4,15.8,0.,-0.01
121162,1484666,54.630435,-8.43858,0.,1,-99999,35.,-0.51,14.4,15.8,0.,-0.01
121162,1485031,54.630375,-8.43866,0.1,1,-99999,35.,-0.51,14.4,15.8,0.,-0.01
121162,1485293,54.630383,-8.438643,0.1,1,-99999,35.,-0.51,14.4,15.8,0.,-0.01
121162,1486125,54.63035,-8.438595,0.,1,-99999,35.,-0.51,14.4,15.8,0.,-0.01
121162,1486241,54.630382,-8.438587,0.,1,-99999,35.,-0.51,14.4,15.8,0.,-0.01
121162,1487181,54.630387,-8.438608,0.1,1,-99999,35.,-0.51,14.4,15.9,0.,-0.01
121162,1487441,54.630398,-8.43862,0.,1,-99999,35.,-0.51,14.4,15.9,0.,-0.01
121162,1487684,54.630407,-8.438655,0.,1,-99999,35.,-0.51,14.4,15.9,0.,-0.01
121162,1488130,54.630373,-8.438593,0.1,1,-99999,35.,-0.51,14.4,15.9,0.,-0.01
121162,1488361,54.630343,-8.438623,0.1,1,-99999,35.,-0.51,14.4,15.9,0.,-0.01
121162,1489120,54.630433,-8.43875,0.,1,-99999,35.,-0.51,14.4,15.9,0.,-0.01
121162,1489155,54.63044,-8.43875,0.,1,-99999,35.,-0.51,14.4,15.9,0.,-0.01
121162,1489271,54.63038,-8.438637,0.,1,-99999,35.,-0.51,14.4,15.9,0.,-0.01
121162,1490060,54.630398,-8.438653,0.1,1,-99999,35.,-0.51,14.4,15.9,0.,-0.01
121162,1490181,54.63038,-8.43863,0.1,1,-99999,35.,-0.51,14.4,15.9,0.,-0.01
121162,1490663,54.630392,-8.438722,0.,1,-99999,35.,-0.51,14.4,15.9,0.,-0.01
121162,1491027,54.630392,-8.438607,0.,1,-99999,35.,-0.51,14.4,15.9,0.,-0.01
121162,1491091,54.630403,-8.438482,0.,1,-99999,35.,-0.51,14.4,16.,0.,-0.01
121162,1491970,54.630422,-8.43862,0.1,1,-99999,35.,-0.51,14.4,16.,0.,-0.01
121162,1492134,54.630402,-8.438642,0.,1,-99999,35.,-0.51,14.4,16.,0.,-0.01
121162,1492292,54.630405,-8.438592,0.,1,-99999,35.,-0.51,14.4,16.,0.,-0.01
121162,1492921,54.630477,-8.438615,0.,1,-99999,35.,-0.51,14.4,16.,0.,-0.01
121162,1493213,54.630427,-8.4386,0.,1,-99999,35.,-0.51,14.4,16.,0.,-0.01
121162,1493634,54.63043,-8.438562,0.,1,-99999,35.,-0.51,14.4,16.,0.,-0.01
121162,1493871,54.630495,-8.438777,0.1,1,-99999,35.,-0.51,14.4,16.,0.,-0.01
121162,1494412,54.630465,-8.43868,0.1,1,-99999,35.,-0.51,14.4,16.,0.,-0.01
121162,1494810,54.630422,-8.438633,0.,1,-99999,35.,-0.51,14.4,16.,0.,-0.01
121162,1495084,54.630387,-8.438595,0.,1,-99999,35.,-0.51,14.4,16.,0.,-0.01
121162,1495321,54.630458,-8.438647,0.,1,-99999,35.,-0.51,14.4,16.,0.,-0.01
121162,1495740,54.630347,-8.438613,0.,1,-99999,35.,-0.51,14.4,16.,0.,-0.01
121162,1496234,54.630423,-8.438587,0.,1,-99999,35.,-0.51,14.4,16.1,0.,-0.01
121162,1496543,54.630417,-8.43856,0.,1,-99999,35.,-0.51,14.4,16.1,0.,-0.01
121162,1496641,54.630432,-8.438537,0.,1,-99999,35.,-0.51,14.4,16.1,0.,-0.01
121162,1497141,54.63039,-8.438597,0.,1,-99999,35.,-0.51,14.4,16.1,0.,-0.01
121162,1497581,54.630392,-8.438593,0.,1,-99999,35.,-0.51,14.4,16.1,0.,-0.01
121162,1497993,54.63041,-8.438627,0.,1,-99999,35.,-0.51,14.4,16.1,0.,-0.01
121162,1498051,54.630393,-8.438593,0.1,1,-99999,35.,-0.51,14.4,16.1,0.,-0.01
121162,1498510,54.63041,-8.438612,0.,1,-99999,35.,-0.51,14.4,16.1,0.,-0.01
121162,1498961,54.630413,-8.43858,0.,1,-99999,35.,-0.51,14.4,16.1,0.,-0.01
121162,1499441,54.630437,-8.438575,0.,1,-99999,35.,-0.51,14.4,16.1,0.,-0.01
121162,1499472,54.630433,-8.438607,0.1,1,-99999,35.,-0.51,14.4,16.1,0.,-0.01
121162,1500160,54.630407,-8.438602,0.,1,-99999,35.,-0.51,14.4,16.1,0.,-0.01
121162,1500422,54.630433,-8.438602,0.,1,-99999,35.,-0.51,14.4,16.1,0.,-0.01
121162,1500894,54.630422,-8.438555,0.,1,-99999,35.,-0.51,14.4,16.2,0.,-0.01
121162,1501071,54.630413,-8.438593,0.,1,-99999,35.,-0.51,14.4,16.2,0.,-0.01
121162,1501327,54.630448,-8.438685,0.1,1,-99999,35.,-0.51,14.4,16.2,0.,-0.01
121162,1501990,54.63038,-8.438643,0.,1,-99999,35.,-0.51,14.4,16.2,0.,-0.01
121162,1502321,54.630402,-8.438628,0.,1,-99999,35.,-0.51,14.4,16.2,0.,-0.01
121162,1502351,54.630397,-8.438637,0.,1,-99999,35.,-0.51,14.4,16.2,0.,-0.01
121162,1502912,54.63035,-8.438647,0.1,1,-99999,35.,-0.51,14.4,16.2,0.,-0.01
121162,1503272,54.63039,-8.438628,0.,1,-99999,35.,-0.51,14.4,16.2,0.,-0.01
121162,1503819,54.63041,-8.43858,0.1,1,-99999,35.,-0.51,14.4,16.2,0.,-0.01
121162,1503824,54.63041,-8.43858,0.,1,-99999,35.,-0.51,14.4,16.2,0.,-0.01
121162,1504187,54.630387,-8.4386,0.,1,-99999,35.,-0.51,14.4,16.2,0.,-0.01
121162,1504723,54.630452,-8.438612,0.,1,-99999,35.,-0.51,14.4,16.2,0.,-0.01
121162,1505191,54.630532,-8.438675,0.,1,-99999,35.,-0.51,14.4,16.2,0.,-0.01
121162,1505633,54.63044,-8.438593,0.,1,-99999,35.,-0.51,14.4,16.3,0.,-0.01
121162,1506011,54.630427,-8.438602,0.,1,-99999,35.,-0.51,14.4,16.3,0.,-0.01
121162,1506131,54.630413,-8.438593,0.,1,-99999,35.,-0.51,14.4,16.3,0.,-0.01
121162,1506552,54.630418,-8.43852,0.,1,-99999,35.,-0.51,14.4,16.3,0.,-0.01
121162,1507081,54.630415,-8.438577,0.,1,-99999,35.,-0.51,14.4,16.3,0.,-0.01
121162,1507462,54.630402,-8.438588,0.,1,-99999,35.,-0.51,14.4,16.3,0.,-0.01
121162,1507512,54.630432,-8.438605,0.,1,-99999,35.,-0.51,14.4,16.3,0.,-0.01
121162,1508031,54.630413,-8.438648,0.1,1,-99999,35.,-0.51,14.4,16.3,0.,-0.01
121162,1508371,54.630433,-8.438658,0.,1,-99999,35.,-0.51,14.4,16.3,0.,-0.01
121162,1508971,54.630362,-8.43855,0.1,1,-99999,35.,-0.51,14.4,16.3,0.,-0.01
121162,1508991,54.630415,-8.438622,0.,1,-99999,35.,-0.51,14.4,16.3,0.,-0.01
121162,1509282,54.630385,-8.438568,0.,1,-99999,35.,-0.51,14.4,16.3,0.,-0.01
121162,1509921,54.630418,-8.438638,0.,1,-99999,35.,-0.51,14.4,16.3,0.,-0.01
121162,1510200,54.630418,-8.438665,0.1,1,-99999,35.,-0.51,14.4,16.3,0.,-0.01
121162,1510504,54.630432,-8.438635,0.,1,-99999,35.,-0.51,14.4,16.400000000000002,0.,-0.01
121162,1510825,54.630398,-8.43878,0.,1,-99999,35.,-0.51,14.4,16.400000000000002,0.,-0.01
121162,1511113,54.630447,-8.438592,0.,1,-99999,35.,-0.51,14.4,16.400000000000002,0.,-0.01
121162,1511755,54.63039,-8.438607,0.,1,-99999,35.,-0.51,14.4,16.400000000000002,0.,-0.01
121162,1511984,54.630417,-8.438567,0.,1,-99999,35.,-0.51,14.4,16.400000000000002,0.,-0.01
121162,1511986,54.630417,-8.438558,0.,1,-99999,35.,-0.51,14.4,16.400000000000002,0.,-0.01
121162,1511988,54.630417,-8.438558,0.,1,-99999,35.,-0.51,14.4,16.400000000000002,0.,-0.01
121162,1512020,54.630455,-8.438598,0.1,1,-99999,35.,-0.51,14.4,16.400000000000002,0.,-0.01
121162,1512690,54.63042,-8.438593,0.1,1,-99999,35.,-0.51,14.4,16.400000000000002,0.,-0.01
121162,1513230,54.630387,-8.438587,0.,1,-99999,35.,-0.51,14.4,16.400000000000002,0.,-0.01
121162,1513494,54.630375,-8.438607,0.,1,-99999,35.,-0.51,14.4,16.400000000000002,0.,-0.01
121162,1513621,54.630397,-8.438608,0.,1,-99999,35.,-0.51,14.4,16.400000000000002,0.,-0.01
121162,1514132,54.630427,-8.438588,0.,1,-99999,35.,-0.51,14.4,16.400000000000002,0.,-0.01
121162,1514570,54.630465,-8.438612,0.,1,-99999,35.,-0.51,14.4,16.400000000000002,0.01,-0.01
121162,1514944,54.630395,-8.438537,0.,1,-99999,35.,-0.51,14.4,16.5,0.01,-0.01
121162,1515041,54.630435,-8.438575,0.1,1,-99999,35.,-0.51,14.4,16.5,0.01,-0.01
121162,1515520,54.63043,-8.43861,0.1,1,-99999,35.,-0.51,14.4,16.5,0.01,-0.01
121162,1516251,54.630435,-8.43868,0.,1,-99999,35.,-0.51,14.4,16.5,0.01,-0.01
121162,1516445,54.630433,-8.438695,0.,1,-99999,35.,-0.51,14.4,16.5,0.01,-0.01
121162,1517162,54.630393,-8.438543,0.,1,-99999,35.,-0.51,14.4,16.5,0.01,-0.01
121162,1517164,54.630392,-8.438542,0.,1,-99999,35.,-0.51,14.4,16.5,0.01,-0.01
121162,1517402,54.630417,-8.438612,0.,1,-99999,35.,-0.51,14.4,16.5,0.01,-0.01
121162,1518072,54.630413,-8.438572,0.1,1,-99999,35.,-0.51,14.4,16.5,0.01,-0.01
121162,1518310,54.6304,-8.438605,0.,1,-99999,35.,-0.51,14.4,16.5,0.01,-0.01
121162,1518625,54.630382,-8.438607,0.,1,-99999,35.,-0.51,14.4,16.5,0.01,-0.01
121162,1518991,54.630403,-8.438623,0.,1,-99999,35.,-0.51,14.4,16.5,0.01,-0.01
121162,1519254,54.63041,-8.438598,0.,1,-99999,35.,-0.51,14.4,16.5,0.01,-0.01
121162,1519900,54.630402,-8.438592,0.,1,-99999,35.,-0.51,14.4,16.6,0.01,-0.01
121162,1520085,54.63039,-8.438642,0.,1,-99999,35.,-0.51,14.4,16.6,0.01,-0.01
121162,1520251,54.630398,-8.438618,0.,1,-99999,35.,-0.51,14.4,16.6,0.01,-0.01
121162,1520812,54.630455,-8.438702,0.1,1,-99999,35.,-0.51,14.4,16.6,0.01,-0.01
121162,1521201,54.63045,-8.438648,0.,1,-99999,35.,-0.51,14.4,16.6,0.01,-0.01
121162,1521721,54.630465,-8.438655,0.,1,-99999,35.,-0.51,14.4,16.6,0.01,-0.01
121162,1522160,54.630477,-8.438672,0.1,1,-99999,35.,-0.51,14.4,16.6,0.01,-0.01
121162,1522325,54.630432,-8.438542,0.,1,-99999,35.,-0.51,14.4,16.6,0.01,-0.01
121162,1522923,54.630373,-8.438623,0.1,1,-99999,35.,-0.51,14.4,16.6,0.01,-0.01
121162,1523110,54.630413,-8.4386,0.,1,-99999,35.,-0.51,14.4,16.6,0.01,-0.01
121162,1523830,54.630667,-8.438642,0.,1,-99999,35.,-0.51,14.4,16.6,0.01,-0.01
121162,1523832,54.630667,-8.438642,0.,1,-99999,35.,-0.51,14.4,16.6,0.01,-0.01
121162,1524060,54.630428,-8.43864,0.,1,-99999,35.,-0.51,14.4,16.6,0.01,-0.01
121162,1524732,54.63042,-8.438563,0.,1,-99999,35.,-0.51,14.4,16.7,0.01,-0.01
121162,1525001,54.630417,-8.438612,0.,1,-99999,35.,-0.51,14.4,16.7,0.01,-0.01
121162,1525284,54.630387,-8.43857,0.,1,-99999,35.,-0.51,14.4,16.7,0.01,-0.01
121162,1525641,54.630398,-8.438642,0.,1,-99999,35.,-0.51,14.4,16.7,0.01,-0.01
121162,1525942,54.630417,-8.438648,0.,1,-99999,35.,-0.51,14.4,16.7,0.01,-0.01
121162,1526550,54.630417,-8.438635,0.,1,-99999,35.,-0.51,14.4,16.7,0.01,-0.01
121162,1526733,54.630375,-8.4386,0.,1,-99999,35.,-0.51,14.4,16.7,0.01,-0.01
121162,1526894,54.63039,-8.438635,0.,1,-99999,35.,-0.51,14.4,16.7,0.01,-0.01
121162,1527752,54.630447,-8.438545,0.,1,-99999,35.,-0.51,14.4,16.7,0.01,-0.01
121162,1527834,54.630402,-8.438535,0.,1,-99999,35.,-0.51,14.4,16.7,0.01,-0.01
121162,1528183,54.630437,-8.438607,0.,1,-99999,35.,-0.5,14.4,16.7,0.01,-0.01
121162,1528672,54.630422,-8.438632,0.,1,-99999,35.,-0.5,14.4,16.7,0.01,-0.01
121162,1528781,54.630377,-8.438568,0.,1,-99999,35.,-0.5,14.4,16.7,0.01,-0.01
121162,1529591,54.630388,-8.438605,0.,1,-99999,35.,-0.5,14.4,16.8,0.01,-0.01
121162,1529653,54.630392,-8.438622,0.,1,-99999,35.,-0.5,14.4,16.8,0.01,-0.01
121162,1529732,54.630392,-8.438598,0.,1,-99999,35.,-0.5,14.4,16.8,0.01,-0.01
121162,1530502,54.630392,-8.438592,0.,1,-99999,35.,-0.5,14.4,16.8,0.01,-0.01
121162,1530700,54.630413,-8.438608,0.,1,-99999,35.,-0.5,14.4,16.8,0.01,-0.01
121162,1531165,54.63041,-8.438612,0.,1,-99999,35.,-0.5,14.4,16.8,0.01,-0.01
121162,1531642,54.630398,-8.438593,0.,1,-99999,35.,-0.5,14.4,16.8,0.01,-0.01
121162,1531711,54.630427,-8.43859,0.,1,-99999,35.,-0.5,14.4,16.8,0.01,-0.01
121162,1532592,54.630398,-8.438592,0.1,1,-99999,35.,-0.5,14.4,16.8,0.01,-0.01
121162,1532910,54.63039,-8.438592,0.1,1,-99999,35.,-0.5,14.4,16.8,0.01,-0.01
121162,1533424,54.630422,-8.438587,0.,1,-99999,35.,-0.5,14.4,16.8,0.01,-0.01
121162,1533572,54.630387,-8.438582,0.,1,-99999,35.,-0.5,14.4,16.8,0.01,-0.01
121162,1533842,54.63038,-8.438713,0.1,1,-99999,35.,-0.5,14.4,16.8,0.01,-0.01
121162,1534541,54.630433,-8.438578,0.1,1,-99999,35.,-0.5,14.4,16.900000000000002,0.01,-0.01
121162,1534750,54.630507,-8.438587,0.,1,-99999,35.,-0.5,14.4,16.900000000000002,0.01,-0.01
121162,1534933,54.630342,-8.438775,0.,1,-99999,35.,-0.5,14.4,16.900000000000002,0.01,-0.01
121162,1535501,54.630437,-8.438605,0.,1,-99999,35.,-0.5,14.4,16.900000000000002,0.01,-0.01
121162,1535662,54.630427,-8.438618,0.,1,-99999,35.,-0.5,14.4,16.900000000000002,0.01,-0.01
121162,1536403,54.63062,-8.438832,0.,1,-99999,35.,-0.5,14.4,16.900000000000002,0.01,-0.01
121162,1536462,54.630582,-8.438798,0.,1,-99999,35.,-0.5,14.4,16.900000000000002,0.01,-0.01
121162,1536570,54.630557,-8.438757,0.,1,-99999,35.,-0.5,14.4,16.900000000000002,0.01,-0.01
121162,1537412,54.630427,-8.438692,0.,1,-99999,35.,-0.5,14.4,16.900000000000002,0.01,-0.01
121162,1537771,54.630377,-8.438647,0.,1,-99999,35.,-0.5,14.4,16.900000000000002,0.01,-0.01
121162,1538372,54.630402,-8.438685,0.1,1,-99999,35.,-0.5,14.4,16.900000000000002,0.01,-0.01
121162,1538594,54.630372,-8.438592,0.,1,-99999,35.,-0.5,14.4,17.,0.01,-0.01
121162,1538691,54.630465,-8.43861,0.,1,-99999,35.,-0.5,14.4,17.,0.01,-0.01
121162,1539320,54.630395,-8.438597,0.1,1,-99999,35.,-0.5,14.4,17.,0.01,-0.01
121162,1539600,54.630338,-8.438613,0.1,1,-99999,35.,-0.5,14.4,17.,0.01,-0.01
121162,1540062,54.630415,-8.438612,0.,1,-99999,35.,-0.5,14.4,17.,0.01,-0.01
121162,1540474,54.630518,-8.438722,0.1,1,-99999,35.,-0.5,14.4,17.,0.01,-0.01
121162,1540521,54.630515,-8.438705,0.,1,-99999,35.,-0.5,14.4,17.,0.01,-0.01
121162,1541442,54.630435,-8.438628,0.,1,-99999,35.,-0.5,14.4,17.,0.01,-0.01
121162,1541533,54.630447,-8.43863,0.,1,-99999,35.,-0.5,14.4,17.,0.01,-0.01
121162,1542351,54.630443,-8.438655,0.1,1,-99999,35.,-0.5,14.4,17.,0.01,-0.01
121162,1542383,54.630427,-8.438632,0.,1,-99999,35.,-0.5,14.4,17.,0.01,-0.01
121162,1542992,54.630432,-8.438617,0.,1,-99999,35.,-0.5,14.4,17.,0.01,-0.01
121162,1543260,54.630443,-8.438695,0.1,1,-99999,35.,-0.5,14.4,17.,0.01,-0.01
121162,1543332,54.63043,-8.438637,0.,1,-99999,35.,-0.5,14.4,17.,0.01,-0.01
121162,1544170,54.630395,-8.438568,0.,1,-99999,35.,-0.5,14.4,17.1,0.01,-0.01
121162,1544306,54.630397,-8.438627,0.,1,-99999,35.,-0.5,14.4,17.1,0.01,-0.01
121162,1544500,54.630465,-8.438647,0.,1,-99999,35.,-0.5,14.4,17.1,0.01,-0.01
121162,1545242,54.630458,-8.438697,0.,1,-99999,35.,-0.5,14.4,17.1,0.01,-0.01
121162,1545374,54.630403,-8.438618,0.,1,-99999,35.,-0.5,14.4,17.1,0.01,-0.01
121162,1545963,54.630417,-8.43862,0.,1,-99999,35.,-0.5,14.4,17.1,0.01,-0.01
121162,1546185,54.630387,-8.43862,0.,1,-99999,35.,-0.5,14.4,17.1,0.01,-0.01
121162,1546290,54.63041,-8.438562,0.,1,-99999,35.,-0.5,14.4,17.1,0.01,-0.01
121162,1547138,54.630615,-8.43878,0.,1,-99999,35.,-0.5,14.4,17.1,0.01,-0.01
121162,1547201,54.630605,-8.438738,0.,1,-99999,35.,-0.5,14.4,17.1,0.01,-0.01
121162,1547464,54.630432,-8.438622,0.,1,-99999,35.,-0.5,14.4,17.1,0.01,-0.01
121162,1548082,54.630383,-8.438545,0.,1,-99999,35.,-0.5,14.4,17.2,0.01,-0.01
121162,1548110,54.630447,-8.43858,0.,1,-99999,35.,-0.5,14.4,17.2,0.01,-0.01
121162,1548934,54.63042,-8.438587,0.,1,-99999,35.,-0.5,14.4,17.2,0.01,-0.01
121162,1549022,54.630403,-8.438608,0.1,1,-99999,35.,-0.5,14.4,17.2,0.01,-0.01
121162,1549031,54.630408,-8.438625,0.1,1,-99999,35.,-0.5,14.4,17.2,0.01,-0.01
121162,1549932,54.630452,-8.43869,0.,1,-99999,35.,-0.5,14.4,17.2,0.01,-0.01
121162,1549992,54.630403,-8.438588,0.,1,-99999,35.,-0.5,14.4,17.2,0.01,-0.01
121162,1550840,54.63038,-8.43858,0.,1,-99999,35.,-0.5,14.4,17.2,0.01,-0.01
121162,1550953,54.630385,-8.438562,0.,1,-99999,35.,-0.5,14.4,17.2,0.01,-0.01
121162,1551135,54.630392,-8.438617,0.,1,-99999,35.,-0.5,14.4,17.2,0.01,-0.01
121162,1551750,54.63042,-8.438615,0.,1,-99999,35.,-0.5,14.4,17.2,0.01,-0.01
121162,1551911,54.630398,-8.438588,0.,1,-99999,35.,-0.5,14.4,17.2,0.01,-0.01
121162,1552586,54.63045,-8.438555,0.,1,-99999,35.,-0.5,14.4,17.3,0.01,-0.01
121162,1552661,54.630432,-8.438575,0.1,1,-99999,35.,-0.5,14.4,17.3,0.01,-0.01
121162,1552841,54.630423,-8.438658,0.1,1,-99999,35.,-0.5,14.4,17.2,0.01,-0.01
121162,1553792,54.630375,-8.438573,0.1,1,-99999,35.,-0.5,14.4,17.3,0.01,-0.01
121162,1553862,54.630407,-8.438593,0.1,1,-99999,35.,-0.5,14.4,17.3,0.01,-0.01
121162,1554093,54.630382,-8.438597,0.,1,-99999,35.,-0.5,14.4,17.3,0.01,-0.01
121162,1554770,54.630338,-8.438623,0.1,1,-99999,35.,-0.5,14.4,17.3,0.01,-0.01
121162,1554781,54.630335,-8.438615,0.,1,-99999,35.,-0.5,14.4,17.3,0.01,-0.01
121162,1555554,54.630477,-8.438665,0.,1,-99999,35.,-0.5,14.4,17.3,0.01,-0.01
121162,1555690,54.630518,-8.438672,0.1,1,-99999,35.,-0.5,14.4,17.3,0.01,-0.01
121162,1555702,54.630498,-8.438665,0.,1,-99999,35.,-0.5,14.4,17.3,0.01,-0.01
121162,1556601,54.6306,-8.438997,0.,1,-99999,35.,-0.5,14.4,17.3,0.01,-0.01
121162,1556661,54.630422,-8.438652,0.,1,-99999,35.,-0.5,14.4,17.3,0.01,-0.01
121162,1557062,54.63038,-8.43855,0.,1,-99999,35.,-0.5,14.4,17.3,0.01,-0.01
121162,1557502,54.630415,-8.438612,0.,1,-99999,35.,-0.5,14.4,17.400000000000002,0.01,-0.01
121162,1557612,54.63041,-8.43868,0.,1,-99999,35.,-0.5,14.4,17.3,0.01,-0.01
121162,1558524,54.630427,-8.438612,0.,1,-99999,35.,-0.5,14.4,17.400000000000002,0.01,-0.01
121162,1558584,54.63044,-8.438672,0.,1,-99999,35.,-0.5,14.4,17.400000000000002,0.01,-0.01
121162,1558701,54.63041,-8.438592,0.,1,-99999,35.,-0.5,14.4,17.400000000000002,0.01,-0.01
121162,1559524,54.630425,-8.438623,0.,1,-99999,35.,-0.5,14.4,17.400000000000002,0.01,-0.01
121162,1559613,54.630403,-8.438632,0.,1,-99999,35.,-0.5,14.4,17.400000000000002,0.01,-0.01
121162,1560034,54.630432,-8.438665,0.,1,-99999,35.,-0.5,14.4,17.400000000000002,0.01,-0.01
121162,1560510,54.630403,-8.438617,0.,1,-99999,35.,-0.5,14.4,17.400000000000002,0.01,-0.01
121162,1560517,54.630403,-8.438617,0.,1,-99999,35.,-0.5,14.4,17.400000000000002,0.01,-0.01
121162,1561441,54.630365,-8.438568,0.,1,-99999,35.,-0.5,14.4,17.400000000000002,0.01,-0.01
121162,1561452,54.630353,-8.438552,0.,1,-99999,35.,-0.5,14.4,17.400000000000002,0.01,-0.01
121162,1561504,54.630397,-8.438612,0.,1,-99999,35.,-0.5,14.4,17.400000000000002,0.01,-0.01
121162,1562502,54.630417,-8.438618,0.1,1,-99999,35.,-0.5,14.4,17.5,0.01,-0.01
121162,1562640,54.630377,-8.43858,0.,1,-99999,35.,-0.5,14.4,17.5,0.01,-0.01
121162,1562974,54.630432,-8.438595,0.,1,-99999,35.,-0.5,14.4,17.5,0.01,-0.01
121162,1563453,54.630413,-8.43858,0.,1,-99999,35.,-0.5,14.4,17.5,0.01,-0.01
121162,1563560,54.630405,-8.438602,0.,1,-99999,35.,-0.5,14.4,17.5,0.01,-0.01
121162,1564409,54.630368,-8.438545,0.1,1,-99999,35.,-0.5,14.4,17.5,0.01,-0.01
121162,1564481,54.63041,-8.438558,0.,1,-99999,35.,-0.5,14.4,17.5,0.01,-0.01
121162,1564493,54.630387,-8.438542,0.,1,-99999,35.,-0.5,14.4,17.5,0.01,-0.01
121162,1565361,54.630357,-8.438623,0.,1,-99999,35.,-0.5,14.4,17.5,0.01,-0.01
121162,1565391,54.630375,-8.438633,0.1,1,-99999,35.,-0.5,14.4,17.5,0.01,-0.01
121162,1566002,54.630382,-8.43864,0.,1,-99999,35.,-0.5,14.4,17.5,0.01,-0.01
121162,1566313,54.630432,-8.438587,0.,1,-99999,35.,-0.5,14.4,17.5,0.01,-0.01
121162,1567245,54.630533,-8.43865,0.1,1,-99999,35.,-0.5,14.4,17.6,0.01,-0.01
121162,1567511,54.63037,-8.438583,0.,1,-99999,35.,-0.5,14.4,17.6,0.01,-0.01
121162,1567535,54.630372,-8.438597,0.,1,-99999,35.,-0.5,14.4,17.6,0.01,-0.01
121162,1568190,54.630385,-8.438605,0.1,1,-99999,35.,-0.5,14.4,17.6,0.01,-0.01
121162,1568421,54.630407,-8.438602,0.1,1,-99999,35.,-0.5,14.4,17.6,0.01,-0.01
121162,1569082,54.630412,-8.438627,0.,1,-99999,35.,-0.5,14.4,17.6,0.01,-0.01
121162,1569162,54.630445,-8.438678,0.,1,-99999,35.,-0.5,14.4,17.6,0.01,-0.01
121162,1569330,54.630447,-8.438628,0.,1,-99999,35.,-0.5,14.4,17.6,0.01,-0.01
121162,1570112,54.630458,-8.4386,0.,1,-99999,35.,-0.5,14.4,17.6,0.01,-0.01
121162,1570231,54.630413,-8.43866,0.,1,-99999,35.,-0.5,14.4,17.6,0.01,-0.01
121162,1570542,54.630402,-8.438602,0.,1,-99999,35.,-0.5,14.4,17.6,0.01,-0.01
121162,1571061,54.630398,-8.438623,0.,1,-99999,35.,-0.5,14.4,17.6,0.01,-0.01
121162,1571142,54.630377,-8.438625,0.,1,-99999,35.,-0.5,14.4,17.6,0.01,-0.01
121162,1572010,54.63041,-8.438677,0.1,1,-99999,35.,-0.5,14.4,17.7,0.01,-0.01
121162,1572022,54.630412,-8.438667,0.,1,-99999,35.,-0.5,14.4,17.7,0.01,-0.01
121162,1572352,54.630383,-8.438617,0.,1,-99999,35.,-0.5,14.4,17.7,0.01,-0.01
121162,1572971,54.630407,-8.438648,0.,1,-99999,35.,-0.5,14.4,17.7,0.01,-0.01
121162,1573260,54.630453,-8.438665,0.1,1,-99999,35.,-0.5,14.4,17.7,0.01,-0.01
121162,1573493,54.630387,-8.438682,0.,1,-99999,35.,-0.5,14.4,17.7,0.01,-0.01
121162,1573910,54.630395,-8.438613,0.,1,-99999,35.,-0.5,14.4,17.7,0.01,-0.01
121162,1574172,54.630392,-8.438603,0.1,1,-99999,35.,-0.5,14.4,17.7,0.01,-0.01
121162,1574964,54.630428,-8.438717,0.,1,-99999,35.,-0.5,14.4,17.7,0.01,-0.01
121162,1575081,54.630458,-8.438857,0.,1,-99999,35.,-0.5,14.4,17.7,0.01,-0.01
121162,1575694,54.630385,-8.438642,0.,1,-99999,35.,-0.5,14.4,17.7,0.01,-0.01
121162,1575881,54.630387,-8.438635,0.,1,-99999,35.,-0.5,14.4,17.7,0.01,-0.01
121162,1576001,54.63038,-8.43861,0.1,1,-99999,35.,-0.5,14.4,17.7,0.01,-0.01
121162,1576802,54.630467,-8.43868,0.,1,-99999,35.,-0.5,14.4,17.8,0.01,-0.01
121162,1576912,54.63038,-8.438772,0.1,1,-99999,35.,-0.5,14.4,17.7,0.01,-0.01
121162,1577164,54.630395,-8.438632,0.,1,-99999,35.,-0.5,14.4,17.8,0.01,-0.01
121162,1577743,54.630385,-8.43863,0.,1,-99999,35.,-0.5,14.4,17.8,0.01,-0.01
121162,1577831,54.630405,-8.43864,0.1,1,-99999,35.,-0.5,14.4,17.8,0.01,-0.01
121162,1578673,54.63041,-8.438622,0.,1,-99999,35.,-0.5,14.4,17.8,0.01,-0.01
121162,1578681,54.630407,-8.438618,0.,1,-99999,35.,-0.5,14.4,17.8,0.01,-0.01
121162,1578742,54.630422,-8.438658,0.,1,-99999,35.,-0.5,14.4,17.8,0.01,-0.01
121162,1579624,54.630442,-8.43866,0.,1,-99999,35.,-0.5,14.4,17.8,0.01,-0.01
121162,1579660,54.630448,-8.438628,0.,1,-99999,35.,-0.5,14.4,17.8,0.01,-0.01
121162,1580203,54.630547,-8.438687,0.,1,-99999,35.,-0.5,14.4,17.8,0.01,-0.01
121162,1580563,54.630543,-8.438718,0.,1,-99999,35.,-0.5,14.4,17.8,0.01,-0.01
121162,1581480,54.630473,-8.438785,0.,1,-99999,35.,-0.5,14.4,17.8,0.01,-0.01
121162,1581516,54.630447,-8.43874,0.1,1,-99999,35.,-0.5,14.4,17.8,0.01,-0.01
121162,1581672,54.630387,-8.438567,0.,1,-99999,35.,-0.5,14.4,17.900000000000002,0.01,-0.01
121162,1582392,54.63038,-8.43858,0.,1,-99999,35.,-0.5,14.4,17.900000000000002,0.01,-0.01
121162,1582461,54.630395,-8.438623,0.,1,-99999,35.,-0.5,14.4,17.900000000000002,0.01,-0.01
121162,1583188,54.630387,-8.438607,0.,1,-99999,35.,-0.5,14.4,17.900000000000002,0.01,-0.01
121162,1583301,54.630412,-8.43865,0.,1,-99999,35.,-0.5,14.4,17.900000000000002,0.01,-0.01
121162,1583391,54.63038,-8.438602,0.,1,-99999,35.,-0.5,14.4,17.900000000000002,0.01,-0.01
121162,1584210,54.63038,-8.438653,0.,1,-99999,35.,-0.5,14.4,17.900000000000002,0.01,-0.01
121162,1584332,54.630403,-8.438645,0.,1,-99999,35.,-0.5,14.4,17.900000000000002,0.01,-0.01
121162,1584644,54.630417,-8.438632,0.,1,-99999,35.,-0.5,14.4,17.900000000000002,0.01,-0.01
121162,1585122,54.630437,-8.438623,0.,1,-99999,35.,-0.5,14.4,17.900000000000002,0.01,-0.01
121162,1586030,54.630455,-8.438635,0.,1,-99999,35.,-0.5,14.4,18.,0.01,-0.01
121162,1586112,54.630417,-8.438605,0.,1,-99999,35.,-0.5,14.4,18.,0.01,-0.01
121162,1586191,54.63042,-8.43864,0.1,1,-99999,35.,-0.5,14.4,18.,0.01,-0.01
121162,1586932,54.630425,-8.438613,0.1,1,-99999,35.,-0.5,14.4,18.,0.01,-0.01
121162,1587122,54.630425,-8.438647,0.,1,-99999,35.,-0.5,14.4,18.,0.01,-0.01
121162,1587573,54.630435,-8.438602,0.,1,-99999,35.,-0.5,14.4,18.,0.01,-0.01
121162,1587861,54.630405,-8.438612,0.,1,-99999,35.,-0.5,14.4,18.,0.01,-0.01
121162,1588062,54.630425,-8.43868,0.1,1,-99999,35.,-0.5,14.4,18.,0.01,-0.01
121162,1589011,54.630383,-8.43869,0.1,1,-99999,35.,-0.5,14.4,18.,0.01,-0.01
121162,1589062,54.630393,-8.43872,0.,1,-99999,35.,-0.5,14.4,18.,0.01,-0.01
121162,1589771,54.630337,-8.438627,0.,1,-99999,35.,-0.5,14.4,18.,0.01,-0.01
121162,1589962,54.630392,-8.4387,0.,1,-99999,35.,-0.5,14.4,18.,0.01,-0.01
121162,1590271,54.63045,-8.438653,0.,1,-99999,35.,-0.5,14.4,18.,0.01,-0.01
121162,1590905,54.6304,-8.438612,0.,1,-99999,35.,-0.5,14.4,18.1,0.01,-0.01
121162,1591180,54.630542,-8.438647,0.,1,-99999,35.,-0.5,14.4,18.1,0.01,-0.01
121162,1591233,54.630392,-8.438532,0.,1,-99999,35.,-0.5,14.4,18.1,0.01,-0.01
121162,1592102,54.63044,-8.438635,0.,1,-99999,35.,-0.5,14.4,18.1,0.01,-0.01
121162,1592723,54.630385,-8.438587,0.,1,-99999,35.,-0.5,14.4,18.1,0.01,-0.01
121162,1592792,54.630403,-8.438593,0.,1,-99999,35.,-0.5,14.4,18.1,0.01,-0.01
121162,1593012,54.630395,-8.438592,0.,1,-99999,35.,-0.5,14.4,18.1,0.01,-0.01
121162,1593750,54.630445,-8.438637,0.,1,-99999,35.,-0.5,14.4,18.1,0.01,-0.01
121162,1593920,54.63041,-8.438597,0.1,1,-99999,35.,-0.5,14.4,18.1,0.01,-0.01
121162,1594244,54.630387,-8.438602,0.,1,-99999,35.,-0.5,14.4,18.1,0.01,-0.01
121162,1594691,54.63047,-8.438637,0.1,1,-99999,35.,-0.5,14.4,18.1,0.01,-0.01
121162,1594821,54.630425,-8.438608,0.1,1,-99999,35.,-0.5,14.4,18.1,0.01,-0.01
121162,1595654,54.630425,-8.438608,0.,1,-99999,35.,-0.5,14.4,18.2,0.01,-0.01
121162,1595732,54.630425,-8.438607,0.,1,-99999,35.,-0.5,14.4,18.2,0.01,-0.01
121162,1595806,54.63041,-8.438597,0.,1,-99999,35.,-0.5,14.4,18.2,0.01,-0.01
121162,1596591,54.63039,-8.43861,0.,1,-99999,35.,-0.5,14.4,18.2,0.01,-0.01
121162,1596640,54.630387,-8.438595,0.,1,-99999,35.,-0.5,14.4,18.2,0.01,-0.01
121162,1597265,54.630452,-8.438547,0.,1,-99999,35.,-0.5,14.4,18.2,0.01,-0.01
121162,1597550,54.630435,-8.43855,0.,1,-99999,35.,-0.5,14.4,18.2,0.01,-0.01
121162,1598462,54.630528,-8.43863,0.,1,-99999,35.,-0.5,14.4,18.2,0.01,-0.01
121162,1598491,54.630518,-8.438615,0.1,1,-99999,35.,-0.5,14.4,18.2,0.01,-0.01
121162,1598745,54.630422,-8.438622,0.,1,-99999,35.,-0.5,14.4,18.2,0.01,-0.01
121162,1599371,54.630393,-8.438593,0.1,1,-99999,35.,-0.5,14.4,18.2,0.01,-0.01
121162,1599428,54.630368,-8.438577,0.,1,-99999,35.,-0.5,14.4,18.2,0.01,-0.01
121162,1600281,54.630395,-8.43856,0.,1,-99999,35.,-0.5,14.4,18.3,0.01,-0.01
121162,1600376,54.630405,-8.438612,0.,1,-99999,35.,-0.5,14.4,18.3,0.01,-0.01
121162,1601191,54.630477,-8.438653,0.,1,-99999,35.,-0.5,14.4,18.3,0.01,-0.01
121162,1601348,54.630452,-8.438653,0.,1,-99999,35.,-0.5,14.4,18.3,0.01,-0.01
121162,1601717,54.630422,-8.438622,0.,1,-99999,35.,-0.5,14.4,18.3,0.01,-0.01
121162,1602281,54.630428,-8.438612,0.1,1,-99999,35.,-0.5,14.4,18.3,0.01,-0.01
121162,1602400,54.630417,-8.438677,0.,1,-99999,35.,-0.5,14.4,18.3,0.01,-0.01
121162,1603272,54.63042,-8.438605,0.,1,-99999,35.,-0.5,14.4,18.3,0.01,-0.01
121162,1603313,54.630447,-8.438625,0.1,1,-99999,35.,-0.5,14.4,18.3,0.01,-0.01
121162,1604191,54.630377,-8.438617,0.,1,-99999,35.,-0.5,14.4,18.3,0.01,-0.01
121162,1604229,54.630392,-8.43859,0.,1,-99999,35.,-0.5,14.4,18.3,0.01,-0.01
121162,1604754,54.630395,-8.438612,0.,1,-99999,35.,-0.5,14.4,18.3,0.01,-0.01
121162,1605130,54.630375,-8.438665,0.1,1,-99999,35.,-0.5,14.4,18.3,0.01,-0.01
121162,1605139,54.630357,-8.438625,0.,1,-99999,35.,-0.5,14.4,18.400000000000002,0.01,-0.01
121162,1606050,54.630398,-8.438658,0.1,1,-99999,35.,-0.5,14.4,18.400000000000002,0.01,-0.01
121162,1606083,54.630382,-8.438695,0.,1,-99999,35.,-0.5,14.4,18.400000000000002,0.01,-0.01
121162,1606235,54.630392,-8.438605,0.,1,-99999,35.,-0.5,14.4,18.400000000000002,0.01,-0.01
121162,1606970,54.63055,-8.438752,0.1,1,-99999,35.,-0.5,14.4,18.400000000000002,0.01,-0.01
121162,1607043,54.630498,-8.438677,0.1,1,-99999,35.,-0.5,14.4,18.400000000000002,0.01,-0.01
121162,1607702,54.630477,-8.438632,0.,1,-99999,35.,-0.5,14.4,18.400000000000002,0.01,-0.01
121162,1607880,54.630398,-8.43864,0.1,1,-99999,35.,-0.5,14.4,18.400000000000002,0.01,-0.01
121162,1607955,54.630362,-8.438642,0.,1,-99999,35.,-0.5,14.4,18.400000000000002,0.01,-0.01
121162,1608792,54.630417,-8.438628,0.1,1,-99999,35.,-0.5,14.4,18.400000000000002,0.01,-0.01
121162,1608928,54.63038,-8.43865,0.,1,-99999,35.,-0.5,14.4,18.400000000000002,0.01,-0.01
121162,1609702,54.630513,-8.438587,0.1,1,-99999,35.,-0.5,14.4,18.5,0.01,-0.01
121162,1609861,54.630487,-8.438593,0.,1,-99999,35.,-0.5,14.4,18.5,0.01,-0.01
121162,1609934,54.630477,-8.438595,0.,1,-99999,35.,-0.5,14.4,18.5,0.01,-0.01
121162,1610610,54.630523,-8.438598,0.,1,-99999,35.,-0.5,14.4,18.5,0.01,-0.01
121162,1610819,54.630493,-8.438472,0.,1,-99999,35.,-0.5,14.4,18.5,0.01,-0.01
121162,1611444,54.630407,-8.43862,0.,1,-99999,35.,-0.5,14.4,18.5,0.02,-0.01
121162,1611511,54.630425,-8.438623,0.,1,-99999,35.,-0.5,14.4,18.5,0.02,-0.01
121162,1611773,54.630443,-8.438703,0.,1,-99999,35.,-0.5,14.4,18.5,0.02,-0.01
121162,1612420,54.630477,-8.43875,0.,1,-99999,35.,-0.5,14.4,18.5,0.02,-0.01
121162,1612744,54.630395,-8.438662,0.,1,-99999,35.,-0.5,14.4,18.5,0.02,-0.01
121162,1612965,54.630377,-8.43858,0.,1,-99999,35.,-0.5,14.4,18.5,0.02,-0.01
121162,1613632,54.630388,-8.43858,0.,1,-99999,35.,-0.5,14.4,18.5,0.02,-0.01
121162,1613691,54.630428,-8.438587,0.,1,-99999,35.,-0.5,14.4,18.5,0.02,-0.01
121162,1614433,54.63035,-8.438575,0.,1,-99999,35.,-0.5,14.4,18.6,0.02,-0.01
121162,1614551,54.630372,-8.438575,0.,1,-99999,35.,-0.5,14.4,18.6,0.02,-0.01
121162,1614631,54.630403,-8.438635,0.,1,-99999,35.,-0.5,14.4,18.6,0.02,-0.01
121162,1615470,54.630373,-8.438595,0.,1,-99999,35.,-0.5,14.4,18.6,0.02,-0.01
121162,1615581,54.630398,-8.438637,0.,1,-99999,35.,-0.5,14.4,18.6,0.02,-0.01
121162,1616382,54.63037,-8.438558,0.1,1,-99999,35.,-0.5,14.4,18.6,0.02,-0.01
121162,1616524,54.630398,-8.438602,0.,1,-99999,35.,-0.5,14.4,18.6,0.02,-0.01
121162,1616624,54.630402,-8.438622,0.,1,-99999,35.,-0.5,14.4,18.6,0.02,-0.01
121162,1617462,54.630405,-8.438605,0.,1,-99999,35.,-0.5,14.4,18.6,0.02,-0.01
121162,1617582,54.630388,-8.438613,0.,1,-99999,35.,-0.5,14.4,18.6,0.02,-0.01
121162,1618135,54.63039,-8.438605,0.,1,-99999,35.,-0.5,14.4,18.6,0.02,-0.01
121162,1618399,54.630387,-8.438638,0.1,1,-99999,35.,-0.5,14.4,18.6,0.02,-0.01
121162,1618492,54.630323,-8.43854,0.,1,-99999,35.,-0.5,14.4,18.6,0.02,-0.01
121162,1619382,54.630362,-8.438582,0.1,1,-99999,35.,-0.5,14.4,18.7,0.02,-0.01
121162,1619401,54.630382,-8.43859,0.,1,-99999,35.,-0.5,14.4,18.7,0.02,-0.01
121162,1619582,54.63044,-8.438682,0.,1,-99999,35.,-0.5,14.4,18.7,0.02,-0.01
121162,1620313,54.630368,-8.438618,0.1,1,-99999,35.,-0.5,14.4,18.7,0.02,-0.01
121162,1620333,54.630375,-8.438595,0.1,1,-99999,35.,-0.5,14.4,18.7,0.02,-0.01
121162,1621043,54.630282,-8.43868,0.,1,-99999,35.,-0.5,14.4,18.7,0.02,-0.01
121162,1621221,54.630375,-8.438545,0.,1,-99999,35.,-0.5,14.4,18.7,0.02,-0.01
121162,1621292,54.630405,-8.438633,0.1,1,-99999,35.,-0.5,14.4,18.7,0.02,-0.01
121162,1622122,54.630573,-8.438777,0.,1,-99999,35.,-0.5,14.4,18.7,0.02,-0.01
121162,1622282,54.630597,-8.438767,0.,1,-99999,35.,-0.5,14.4,18.7,0.02,-0.01
121162,1622484,54.630662,-8.43875,0.,1,-99999,35.,-0.5,14.4,18.7,0.02,-0.01
121162,1623031,54.630338,-8.438425,0.,1,-99999,35.,-0.5,14.4,18.8,0.02,-0.01
121162,1623220,54.63076,-8.438942,0.,1,-99999,35.,-0.5,14.4,18.7,0.02,-0.01
121162,1623944,54.63044,-8.43859,0.,1,-99999,35.,-0.5,14.4,18.8,0.02,-0.01
121162,1623956,54.63041,-8.438577,0.,1,-99999,35.,-0.5,14.4,18.8,0.02,-0.01
121162,1624187,54.63045,-8.43861,0.,1,-99999,35.,-0.5,14.4,18.8,0.02,-0.01
121162,1624861,54.630413,-8.438595,0.,1,-99999,35.,-0.5,14.4,18.8,0.02,-0.01
121162,1625141,54.630477,-8.43863,0.1,1,-99999,35.,-0.5,14.4,18.8,0.02,-0.01
121162,1625424,54.630382,-8.438642,0.,1,-99999,35.,-0.5,14.4,18.8,0.02,-0.01
121162,1625781,54.630428,-8.438722,0.,1,-99999,35.,-0.5,14.4,18.8,0.02,-0.01
121162,1626081,54.630465,-8.438682,0.,1,-99999,35.,-0.5,14.4,18.8,0.02,-0.01
121162,1626691,54.630373,-8.438618,0.,1,-99999,35.,-0.5,14.4,18.8,0.02,-0.01
121162,1627040,54.630452,-8.438713,0.,1,-99999,35.,-0.5,14.4,18.8,0.02,-0.01
121162,1627601,54.630413,-8.43863,0.1,1,-99999,35.,-0.5,14.4,18.8,0.02,-0.01
121162,1627674,54.630425,-8.438727,0.,1,-99999,35.,-0.5,14.4,18.8,0.02,-0.01
121162,1628014,54.630417,-8.438627,0.,1,-99999,35.,-0.5,14.4,18.8,0.02,-0.01
121162,1628502,54.63045,-8.438692,0.1,1,-99999,35.,-0.5,14.4,18.8,0.02,-0.01
121162,1629080,54.630398,-8.438605,0.,1,-99999,35.,-0.5,14.4,18.900000000000002,0.02,-0.01
121162,1629184,54.630425,-8.438645,0.,1,-99999,35.,-0.5,14.4,18.900000000000002,0.02,-0.01
121162,1629411,54.630433,-8.438708,0.,1,-99999,35.,-0.5,14.4,18.900000000000002,0.02,-0.01
121162,1630062,54.630447,-8.438665,0.1,1,-99999,35.,-0.5,14.4,18.900000000000002,0.02,-0.01
121162,1630321,54.630462,-8.438683,0.,1,-99999,35.,-0.5,14.4,18.900000000000002,0.02,-0.01
121162,1630654,54.630385,-8.43865,0.,1,-99999,35.,-0.5,14.4,18.900000000000002,0.02,-0.01
121162,1631006,54.630452,-8.438683,0.1,1,-99999,35.,-0.5,14.4,18.900000000000002,0.02,-0.01
121162,1631231,54.630422,-8.438782,0.1,1,-99999,35.,-0.5,14.4,18.900000000000002,0.02,-0.01
121162,1631951,54.630465,-8.438687,0.1,1,-99999,35.,-0.5,14.4,18.900000000000002,0.02,-0.01
121162,1632142,54.630428,-8.438655,0.,1,-99999,35.,-0.5,14.4,18.900000000000002,0.02,-0.01
121162,1632163,54.630432,-8.438647,0.,1,-99999,35.,-0.5,14.4,18.900000000000002,0.02,-0.01
121162,1632901,54.630498,-8.438718,0.,1,-99999,35.,-0.5,14.4,18.900000000000002,0.02,-0.01
121162,1633050,54.630548,-8.438708,0.,1,-99999,35.,-0.5,14.4,18.900000000000002,0.02,-0.01
121162,1633612,54.630497,-8.438622,0.,1,-99999,35.,-0.5,14.4,19.,0.02,-0.01
121162,1633853,54.63047,-8.438622,0.,1,-99999,35.,-0.5,14.4,19.,0.02,-0.01
121162,1633963,54.630452,-8.438565,0.,1,-99999,35.,-0.5,14.4,19.,0.02,-0.01
121162,1634843,54.63038,-8.438617,0.,1,-99999,35.,-0.5,14.4,19.,0.02,-0.01
121162,1635081,54.630472,-8.43864,0.,1,-99999,35.,-0.5,14.4,19.,0.02,-0.01
121162,1635161,54.630428,-8.438622,0.,1,-99999,35.,-0.5,14.4,19.,0.02,-0.01
121162,1635793,54.630362,-8.438598,0.,1,-99999,35.,-0.5,14.4,19.,0.02,-0.01
121162,1636370,54.63042,-8.438553,0.,1,-99999,35.,-0.5,14.4,19.,0.02,-0.01
121162,1636533,54.630395,-8.43861,0.,1,-99999,35.,-0.5,14.4,19.,0.02,-0.01
121162,1636803,54.630428,-8.438593,0.,1,-99999,35.,-0.5,14.4,19.,0.02,-0.01
121162,1637281,54.630395,-8.438565,0.,1,-99999,35.,-0.5,14.4,19.,0.02,-0.01
121162,1637772,54.630398,-8.438557,0.,1,-99999,35.,-0.5,14.4,19.1,0.02,-0.01
121162,1637991,54.630415,-8.438587,0.,1,-99999,35.,-0.5,14.4,19.1,0.02,-0.01
121162,1638192,54.630387,-8.438565,0.,1,-99999,35.,-0.5,14.4,19.1,0.02,-0.01
121162,1638722,54.630468,-8.438612,0.,1,-99999,35.,-0.5,14.4,19.1,0.02,-0.01
121162,1639101,54.63044,-8.438562,0.,1,-99999,35.,-0.5,14.4,19.1,0.02,-0.01
121162,1639455,54.630482,-8.43867,0.,1,-99999,35.,-0.5,14.4,19.1,0.02,-0.01
121162,1639633,54.630347,-8.43855,0.,1,-99999,35.,-0.5,14.4,19.1,0.02,-0.01
121162,1640020,54.630387,-8.438597,0.,1,-99999,35.,-0.5,14.4,19.1,0.02,-0.01
121162,1640631,54.630702,-8.438672,0.1,1,-99999,35.,-0.49,14.4,19.1,0.02,-0.01
121162,1640921,54.63047,-8.43864,0.,1,-99999,35.,-0.49,14.4,19.1,0.02,-0.01
121162,1641596,54.63044,-8.43871,0.,1,-99999,35.,-0.49,14.4,19.1,0.02,-0.01
121162,1641692,54.630402,-8.438625,0.,1,-99999,35.,-0.49,14.4,19.1,0.02,-0.01
121162,1641841,54.630365,-8.438662,0.1,1,-99999,35.,-0.49,14.4,19.1,0.02,-0.01
121162,1642531,54.630417,-8.43863,0.,1,-99999,35.,-0.49,14.4,19.1,0.02,-0.01
121162,1642751,54.630472,-8.438775,0.,1,-99999,35.,-0.49,14.4,19.1,0.02,-0.01
121162,1643264,54.630382,-8.438542,0.,1,-99999,35.,-0.49,14.4,19.200000000000003,0.02,-0.01
121162,1643502,54.630398,-8.438653,0.,1,-99999,35.,-0.49,14.4,19.200000000000003,0.02,-0.01
121162,1643662,54.630415,-8.438642,0.,1,-99999,35.,-0.49,14.4,19.200000000000003,0.02,-0.01
121162,1644532,54.630395,-8.438587,0.,1,-99999,35.,-0.49,14.4,19.200000000000003,0.02,-0.01
121162,1644580,54.63041,-8.43864,0.,1,-99999,35.,-0.49,14.4,19.200000000000003,0.02,-0.01
121162,1644782,54.630432,-8.438607,0.,1,-99999,35.,-0.49,14.4,19.200000000000003,0.02,-0.01
121162,1645492,54.630437,-8.438642,0.,1,-99999,35.,-0.49,14.4,19.200000000000003,0.02,-0.01
121162,1645633,54.630398,-8.438587,0.,1,-99999,35.,-0.49,14.4,19.200000000000003,0.02,-0.01
121162,1646244,54.630382,-8.43862,0.,1,-99999,35.,-0.49,14.4,19.200000000000003,0.02,-0.01
121162,1646601,54.630375,-8.438567,0.,1,-99999,35.,-0.49,14.4,19.200000000000003,0.02,-0.01
121162,1647601,54.630398,-8.438655,0.,1,-99999,35.,-0.49,14.4,19.200000000000003,0.02,-0.01
121162,1647722,54.63042,-8.438618,0.,1,-99999,35.,-0.49,14.4,19.3,0.02,-0.01
121162,1647813,54.630392,-8.438567,0.,1,-99999,35.,-0.49,14.4,19.3,0.02,-0.01
121162,1648502,54.63038,-8.438623,0.,1,-99999,35.,-0.49,14.4,19.3,0.02,-0.01
121162,1648833,54.63041,-8.438642,0.,1,-99999,35.,-0.49,14.4,19.3,0.02,-0.01
121162,1649283,54.630397,-8.438582,0.,1,-99999,35.,-0.49,14.4,19.3,0.02,-0.01
121162,1649412,54.630368,-8.438572,0.,1,-99999,35.,-0.49,14.4,19.3,0.02,-0.01
121162,1649764,54.630403,-8.438618,0.,1,-99999,35.,-0.49,14.4,19.3,0.02,-0.01
121162,1650322,54.630403,-8.438575,0.1,1,-99999,35.,-0.49,14.4,19.3,0.02,-0.01
121162,1650743,54.630387,-8.438537,0.,1,-99999,35.,-0.49,14.4,19.3,0.02,-0.01
121162,1650780,54.630387,-8.438538,0.1,1,-99999,35.,-0.49,14.4,19.3,0.02,-0.01
121162,1651692,54.63035,-8.438583,0.,1,-99999,35.,-0.49,14.4,19.3,0.02,-0.01
121162,1652132,54.630462,-8.43864,0.1,1,-99999,35.,-0.49,14.4,19.3,0.02,-0.01
121162,1652254,54.630537,-8.438892,0.,1,-99999,35.,-0.49,14.4,19.3,0.02,-0.01
121162,1652652,54.630553,-8.438978,0.,1,-99999,35.,-0.49,14.4,19.3,0.02,-0.01
121162,1653582,54.630537,-8.438658,0.1,1,-99999,35.,-0.49,14.4,19.400000000000002,0.02,-0.01
121162,1653733,54.630402,-8.438605,0.,1,-99999,35.,-0.49,14.4,19.400000000000002,0.02,-0.01
121162,1653961,54.630432,-8.438573,0.1,1,-99999,35.,-0.49,14.4,19.400000000000002,0.02,-0.01
121162,1654532,54.630468,-8.438607,0.1,1,-99999,35.,-0.49,14.4,19.400000000000002,0.02,-0.01
121162,1654880,54.630402,-8.438558,0.1,1,-99999,35.,-0.49,14.4,19.400000000000002,0.02,-0.01
121162,1655194,54.630445,-8.438642,0.,1,-99999,35.,-0.49,14.4,19.400000000000002,0.02,-0.01
121162,1655491,54.630447,-8.438637,0.,1,-99999,35.,-0.49,14.4,19.400000000000002,0.02,-0.01
121162,1655791,54.630405,-8.438637,0.,1,-99999,35.,-0.49,14.4,19.400000000000002,0.02,-0.01
121162,1656406,54.630397,-8.438618,0.,1,-99999,35.,-0.49,14.4,19.400000000000002,0.02,-0.01
121162,1656652,54.630365,-8.438532,0.,1,-99999,35.,-0.49,14.4,19.5,0.02,-0.01
121162,1656709,54.630368,-8.438533,0.,1,-99999,35.,-0.49,14.4,19.5,0.02,-0.01
121162,1657312,54.63037,-8.438678,0.,1,-99999,35.,-0.49,14.4,19.400000000000002,0.02,-0.01
121162,1657611,54.630363,-8.438642,0.,1,-99999,35.,-0.49,14.4,19.5,0.02,-0.01
121162,1658155,54.630395,-8.438622,0.,1,-99999,35.,-0.49,14.4,19.5,0.02,-0.01
121162,1658218,54.63038,-8.438635,0.1,1,-99999,35.,-0.49,14.4,19.5,0.02,-0.01
121162,1658822,54.63037,-8.438607,0.,1,-99999,35.,-0.49,14.3,19.5,0.02,-0.01
121162,1659182,54.630392,-8.438623,0.,1,-99999,35.,-0.49,14.3,19.5,0.02,-0.01
121162,1659624,54.630407,-8.438635,0.,1,-99999,35.,-0.49,14.3,19.5,0.02,-0.01
121162,1659731,54.630398,-8.438647,0.1,1,-99999,35.,-0.49,14.3,19.5,0.02,-0.01
121162,1660140,54.630398,-8.438623,0.,1,-99999,35.,-0.49,14.3,19.5,0.02,-0.01
121162,1660639,54.630402,-8.438642,0.1,1,-99999,35.,-0.49,14.3,19.5,0.02,-0.01
121162,1661092,54.630398,-8.438708,0.,1,-99999,35.,-0.49,14.3,19.5,0.02,-0.01
121162,1661541,54.63053,-8.438942,0.,1,-99999,35.,-0.49,14.3,19.5,0.02,-0.01
121162,1661855,54.630427,-8.438655,0.,1,-99999,35.,-0.49,14.3,19.5,0.02,-0.01
121162,1662042,54.630565,-8.438912,0.,1,-99999,35.,-0.49,14.3,19.5,0.02,-0.01
121162,1662460,54.630472,-8.438672,0.,1,-99999,35.,-0.49,14.3,19.6,0.02,-0.01
121162,1662992,54.63039,-8.438707,0.,1,-99999,35.,-0.49,14.3,19.6,0.02,-0.01
121162,1663346,54.630432,-8.438595,0.,1,-99999,35.,-0.49,14.3,19.6,0.02,-0.01
121162,1663362,54.630433,-8.438612,0.,1,-99999,35.,-0.49,14.3,19.6,0.02,-0.01
121162,1663942,54.630283,-8.43838,0.1,1,-99999,35.,-0.49,14.3,19.6,0.02,-0.01
121162,1664280,54.630432,-8.438617,0.,1,-99999,35.,-0.49,14.3,19.6,0.02,-0.01
121162,1664912,54.630422,-8.438718,0.,1,-99999,35.,-0.49,14.3,19.6,0.02,-0.01
121162,1665181,54.630447,-8.438605,0.,1,-99999,35.,-0.49,14.3,19.6,0.02,-0.01
121162,1665574,54.630457,-8.43859,0.,1,-99999,35.,-0.49,14.3,19.6,0.02,-0.01
121162,1665991,54.63045,-8.438587,0.,1,-99999,35.,-0.49,14.3,19.6,0.02,-0.01
121162,1666382,54.63065,-8.438743,0.,1,-99999,35.,-0.49,14.3,19.6,0.02,-0.01
121162,1666921,54.630458,-8.438672,0.,1,-99999,35.,-0.49,14.3,19.700000000000003,0.02,-0.01
121162,1667033,54.630397,-8.438625,0.,1,-99999,35.,-0.49,14.3,19.700000000000003,0.02,-0.01
121162,1667302,54.630438,-8.438637,0.,1,-99999,35.,-0.49,14.3,19.700000000000003,0.02,-0.01
121162,1667880,54.630392,-8.438602,0.1,1,-99999,35.,-0.49,14.3,19.700000000000003,0.02,-0.01
121162,1668510,54.630405,-8.438593,0.,1,-99999,35.,-0.49,14.3,19.700000000000003,0.02,-0.01
121162,1668513,54.630405,-8.438592,0.,1,-99999,35.,-0.49,14.3,19.700000000000003,0.02,-0.01
121162,1668813,54.6304,-8.43856,0.,1,-99999,35.,-0.49,14.3,19.700000000000003,0.02,-0.01
121162,1669423,54.63041,-8.438643,0.,1,-99999,35.,-0.49,14.3,19.700000000000003,0.02,-0.01
121162,1669770,54.630362,-8.438542,0.1,1,-99999,35.,-0.49,14.3,19.700000000000003,0.02,-0.01
121162,1670006,54.63038,-8.4386,0.,1,-99999,35.,-0.49,14.3,19.700000000000003,0.02,-0.01
121162,1670331,54.630467,-8.43871,0.,1,-99999,35.,-0.49,14.3,19.700000000000003,0.02,-0.01
121162,1670712,54.630378,-8.438615,0.1,1,-99999,35.,-0.49,14.3,19.700000000000003,0.02,-0.01
121162,1671252,54.630395,-8.438557,0.,1,-99999,35.,-0.49,14.3,19.8,0.02,-0.01
121162,1671514,54.630397,-8.438532,0.,1,-99999,35.,-0.49,14.3,19.8,0.02,-0.01
121162,1671651,54.630372,-8.438568,0.1,1,-99999,35.,-0.49,14.3,19.8,0.02,-0.01
121162,1672160,54.630447,-8.43855,0.,1,-99999,35.,-0.49,14.3,19.8,0.02,-0.01
121162,1672581,54.63045,-8.438628,0.,1,-99999,35.,-0.49,14.3,19.8,0.02,-0.01
121162,1672963,54.630447,-8.438627,0.,1,-99999,35.,-0.49,14.3,19.8,0.02,-0.01
121162,1673071,54.630465,-8.438637,0.,1,-99999,35.,-0.49,14.3,19.8,0.02,-0.01
121162,1673482,54.63042,-8.438607,0.,1,-99999,35.,-0.49,14.3,19.8,0.02,-0.01
121162,1673992,54.630415,-8.438607,0.,1,-99999,35.,-0.49,14.3,19.8,0.02,-0.01
121162,1674421,54.630418,-8.438712,0.,1,-99999,35.,-0.49,14.3,19.8,0.02,-0.01
121162,1674464,54.63041,-8.438702,0.,1,-99999,35.,-0.49,14.3,19.8,0.02,-0.01
121162,1675191,54.630422,-8.43872,0.,1,-99999,35.,-0.49,14.3,19.8,0.02,-0.01
121162,1675371,54.630422,-8.438633,0.,1,-99999,35.,-0.49,14.3,19.8,0.02,-0.01
121162,1675973,54.63047,-8.438592,0.,1,-99999,35.,-0.49,14.3,19.900000000000002,0.02,-0.01
121162,1676101,54.630398,-8.43863,0.1,1,-99999,35.,-0.49,14.3,19.900000000000002,0.02,-0.01
121162,1676330,54.630402,-8.438727,0.,1,-99999,35.,-0.49,14.3,19.8,0.02,-0.01
121162,1677010,54.630417,-8.438558,0.,1,-99999,35.,-0.49,14.3,19.900000000000002,0.02,-0.01
121162,1677274,54.630402,-8.438595,0.,1,-99999,35.,-0.49,14.3,19.900000000000002,0.02,-0.01
121162,1677433,54.630382,-8.438567,0.,1,-99999,35.,-0.49,14.3,19.900000000000002,0.02,-0.01
121162,1677921,54.630507,-8.438677,0.1,1,-99999,35.,-0.49,14.3,19.900000000000002,0.02,-0.01
121162,1678232,54.630467,-8.438672,0.,1,-99999,35.,-0.49,14.3,19.900000000000002,0.02,-0.01
121162,1678914,54.630422,-8.438627,0.,1,-99999,35.,-0.49,14.3,19.900000000000002,0.02,-0.01
121162,1678961,54.630465,-8.438653,0.,1,-99999,35.,-0.49,14.3,19.900000000000002,0.02,-0.01
121162,1679172,54.630442,-8.438648,0.,1,-99999,35.,-0.49,14.3,19.900000000000002,0.02,-0.01
121162,1679872,54.630423,-8.438598,0.,1,-99999,35.,-0.49,14.3,19.900000000000002,0.02,-0.01
121162,1680133,54.6304,-8.438548,0.1,1,-99999,35.,-0.49,14.3,19.900000000000002,0.02,-0.01
121162,1680437,54.63041,-8.438627,0.,1,-99999,35.,-0.49,14.3,19.900000000000002,0.02,-0.01
121162,1680782,54.630398,-8.438622,0.1,1,-99999,35.,-0.49,14.3,20.,0.02,-0.01
121162,1681052,54.630403,-8.438615,0.1,1,-99999,35.,-0.49,14.3,20.,0.02,-0.01
121162,1681701,54.630435,-8.438637,0.1,1,-99999,35.,-0.49,14.3,20.,0.02,-0.01
121162,1681892,54.630412,-8.438595,0.,1,-99999,35.,-0.49,14.3,20.,0.02,-0.01
121162,1682040,54.630368,-8.438567,0.,1,-99999,35.,-0.49,14.3,20.,0.02,-0.01
121162,1682611,54.630437,-8.438683,0.,1,-99999,35.,-0.49,14.3,20.,0.02,-0.01
121162,1683000,54.630433,-8.438632,0.,1,-99999,35.,-0.49,14.3,20.,0.02,-0.01
121162,1683414,54.630427,-8.4386,0.,1,-99999,35.,-0.49,14.3,20.,0.02,-0.01
121162,1683521,54.630428,-8.438508,0.1,1,-99999,35.,-0.49,14.3,20.,0.02,-0.01
121162,1683901,54.630427,-8.438615,0.,1,-99999,35.,-0.49,14.3,20.,0.02,-0.01
121162,1684721,54.63041,-8.438605,0.,1,-99999,35.,-0.49,14.3,20.,0.02,-0.01
121162,1684874,54.630425,-8.438612,0.,1,-99999,35.,-0.49,14.3,20.,0.02,-0.01
121162,1684892,54.630422,-8.438623,0.,1,-99999,35.,-0.49,14.3,20.,0.02,-0.01
121162,1685630,54.63039,-8.43864,0.,1,-99999,35.,-0.49,14.3,20.1,0.02,-0.01
121162,1685843,54.630403,-8.43858,0.,1,-99999,35.,-0.49,14.3,20.1,0.02,-0.01
121162,1686540,54.630392,-8.438655,0.,1,-99999,35.,-0.49,14.3,20.1,0.02,-0.01
121162,1686762,54.630422,-8.438605,0.,1,-99999,35.,-0.49,14.3,20.1,0.02,-0.01
121162,1687124,54.630422,-8.438577,0.,1,-99999,35.,-0.49,14.3,20.1,0.02,-0.01
121162,1687451,54.630435,-8.438707,0.,1,-99999,35.,-0.49,14.3,20.1,0.02,-0.01
121162,1687733,54.630402,-8.438618,0.,1,-99999,35.,-0.49,14.3,20.1,0.02,-0.01
121162,1688583,54.630427,-8.438692,0.,1,-99999,35.,-0.49,14.3,20.1,0.02,-0.01
121162,1688651,54.630422,-8.438658,0.,1,-99999,35.,-0.49,14.3,20.1,0.02,-0.01
121162,1688703,54.630433,-8.438662,0.,1,-99999,35.,-0.49,14.3,20.1,0.02,-0.01
121162,1689681,54.630403,-8.438595,0.,1,-99999,35.,-0.49,14.3,20.1,0.02,-0.01
121162,1689851,54.63041,-8.438618,0.,1,-99999,35.,-0.49,14.3,20.1,0.02,-0.01
121162,1690095,54.63041,-8.43863,0.,1,-99999,35.,-0.49,14.3,20.1,0.02,-0.01
121162,1690631,54.630407,-8.438605,0.,1,-99999,35.,-0.49,14.3,20.200000000000003,0.02,-0.01
121162,1690752,54.63042,-8.438612,0.1,1,-99999,35.,-0.49,14.3,20.200000000000003,0.02,-0.01
121162,1691591,54.630425,-8.438647,0.1,1,-99999,35.,-0.49,14.3,20.200000000000003,0.02,-0.01
121162,1691614,54.63045,-8.438635,0.,1,-99999,35.,-0.49,14.3,20.200000000000003,0.02,-0.01
121162,1691664,54.630437,-8.438662,0.1,1,-99999,35.,-0.49,14.3,20.200000000000003,0.02,-0.01
121162,1692541,54.630395,-8.438647,0.,1,-99999,35.,-0.49,14.3,20.200000000000003,0.02,-0.01
121162,1692571,54.630392,-8.438658,0.,1,-99999,35.,-0.49,14.3,20.200000000000003,0.02,-0.01
121162,1693125,54.630455,-8.438695,0.,1,-99999,35.,-0.49,14.3,20.200000000000003,0.02,-0.01
121162,1693482,54.63044,-8.438635,0.1,1,-99999,35.,-0.49,14.3,20.200000000000003,0.02,-0.01
121162,1693501,54.630437,-8.43864,0.,1,-99999,35.,-0.49,14.3,20.200000000000003,0.02,-0.01
121162,1694393,54.630442,-8.438682,0.,1,-99999,35.,-0.49,14.3,20.200000000000003,0.02,-0.01
121162,1694452,54.630408,-8.43868,0.,1,-99999,35.,-0.49,14.3,20.200000000000003,0.02,-0.01
121162,1694607,54.630495,-8.43863,0.,1,-99999,35.,-0.49,14.3,20.200000000000003,0.02,-0.01
121162,1695301,54.630365,-8.438587,0.1,1,-99999,35.,-0.49,14.3,20.3,0.02,-0.01
121162,1695511,54.630422,-8.438605,0.,1,-99999,35.,-0.49,14.3,20.3,0.02,-0.01
121162,1696062,54.630715,-8.438602,0.,1,-99999,35.,-0.49,14.3,20.3,0.02,-0.01
121162,1696211,54.630582,-8.438617,0.,1,-99999,35.,-0.49,14.3,20.3,0.02,-0.01
121162,1696479,54.630495,-8.438607,0.1,1,-99999,35.,-0.49,14.3,20.3,0.02,-0.01
121162,1697131,54.630463,-8.438632,0.1,1,-99999,35.,-0.49,14.3,20.3,0.02,-0.01
121162,1697431,54.630465,-8.438635,0.,1,-99999,35.,-0.49,14.3,20.3,0.02,-0.01
121162,1697524,54.630442,-8.438617,0.,1,-99999,35.,-0.49,14.3,20.3,0.02,-0.01
121162,1698040,54.630433,-8.438658,0.,1,-99999,35.,-0.49,14.3,20.3,0.02,-0.01
121162,1698397,54.630413,-8.438655,0.,1,-99999,35.,-0.49,14.3,20.3,0.02,-0.01
121162,1698942,54.630387,-8.43859,0.,1,-99999,35.,-0.49,14.3,20.3,0.02,-0.01
121162,1699013,54.63039,-8.438577,0.,1,-99999,35.,-0.49,14.3,20.3,0.02,-0.01
121162,1699322,54.63038,-8.438642,0.,1,-99999,35.,-0.49,14.3,20.3,0.02,-0.01
121162,1700151,54.630428,-8.438595,0.,1,-99999,35.,-0.49,14.3,20.400000000000002,0.02,-0.01
121162,1700261,54.630422,-8.438617,0.,1,-99999,35.,-0.49,14.3,20.400000000000002,0.02,-0.01
121162,1700506,54.630395,-8.438582,0.,1,-99999,35.,-0.49,14.3,20.400000000000002,0.02,-0.01
121162,1701061,54.63039,-8.438608,0.,1,-99999,35.,-0.49,14.3,20.400000000000002,0.02,-0.01
121162,1701210,54.630403,-8.438623,0.,1,-99999,35.,-0.49,14.3,20.400000000000002,0.02,-0.01
121162,1701971,54.6304,-8.438635,0.,1,-99999,35.,-0.49,14.3,20.400000000000002,0.02,-0.01
121162,1701972,54.6304,-8.438635,0.,1,-99999,35.,-0.49,14.3,20.400000000000002,0.02,-0.01
121162,1702163,54.63039,-8.438607,0.,1,-99999,35.,-0.49,14.3,20.400000000000002,0.02,-0.01
121162,1702880,54.63042,-8.438602,0.,1,-99999,35.,-0.49,14.3,20.400000000000002,0.02,-0.01
121162,1703141,54.63041,-8.438595,0.,1,-99999,35.,-0.49,14.3,20.400000000000002,0.02,-0.01
121162,1703465,54.630455,-8.438637,0.,1,-99999,35.,-0.49,14.3,20.400000000000002,0.02,-0.01
121162,1703789,54.63044,-8.43862,0.1,1,-99999,35.,-0.49,14.3,20.400000000000002,0.02,-0.01
121162,1704090,54.630418,-8.438598,0.,1,-99999,35.,-0.49,14.3,20.400000000000002,0.02,-0.01
121162,1704982,54.63044,-8.438662,0.,1,-99999,35.,-0.49,14.3,20.5,0.02,-0.01
121162,1705041,54.630447,-8.438645,0.1,1,-99999,35.,-0.49,14.3,20.5,0.02,-0.01
121162,1705602,54.630395,-8.438597,0.1,1,-99999,35.,-0.49,14.3,20.5,0.02,-0.01
121162,1705984,54.630403,-8.43859,0.,1,-99999,35.,-0.49,14.3,20.5,0.02,-0.01
121162,1706453,54.630432,-8.438595,0.,1,-99999,35.,-0.49,14.3,20.5,0.02,-0.01
121162,1706511,54.630403,-8.438598,0.1,1,-99999,35.,-0.49,14.3,20.5,0.02,-0.01
121162,1706943,54.63044,-8.438602,0.,1,-99999,35.,-0.49,14.3,20.5,0.02,-0.01
121162,1707711,54.63044,-8.438647,0.1,1,-99999,35.,-0.49,14.3,20.5,0.03,-0.01
121162,1707880,54.630468,-8.438635,0.,1,-99999,35.,-0.49,14.3,20.5,0.03,-0.01
121162,1707954,54.630425,-8.438617,0.,1,-99999,35.,-0.49,14.3,20.5,0.03,-0.01
121162,1708621,54.630595,-8.438833,0.1,1,-99999,35.,-0.49,14.3,20.5,0.03,-0.01
121162,1708832,54.630548,-8.438758,0.,1,-99999,35.,-0.49,14.3,20.5,0.03,-0.01
121162,1709415,54.630512,-8.43875,0.,1,-99999,35.,-0.49,14.3,20.5,0.03,-0.01
121162,1709531,54.630407,-8.43867,0.,1,-99999,35.,-0.49,14.3,20.5,0.03,-0.01
121162,1709771,54.63044,-8.438672,0.,1,-99999,35.,-0.49,14.3,20.6,0.03,-0.01
121162,1710451,54.63037,-8.438588,0.,1,-99999,35.,-0.49,14.3,20.6,0.03,-0.01
121162,1710751,54.63041,-8.438617,0.,1,-99999,35.,-0.49,14.3,20.6,0.03,-0.01
121162,1710874,54.630432,-8.438665,0.,1,-99999,35.,-0.49,14.3,20.6,0.03,-0.01
121162,1711360,54.630462,-8.438628,0.1,1,-99999,35.,-0.49,14.3,20.6,0.03,-0.01
121162,1711692,54.630515,-8.438725,0.,1,-99999,35.,-0.49,14.3,20.6,0.03,-0.01
121162,1712385,54.630372,-8.438635,0.,1,-99999,35.,-0.49,14.3,20.6,0.03,-0.01
121162,1712560,54.63058,-8.438737,0.,1,-99999,35.,-0.49,14.3,20.6,0.03,-0.01
121162,1712643,54.630638,-8.438773,0.1,1,-99999,35.,-0.49,14.3,20.6,0.03,-0.01
121162,1713692,54.630398,-8.438578,0.,1,-99999,35.,-0.49,14.3,20.700000000000003,0.03,-0.01
121162,1713833,54.630417,-8.438605,0.,1,-99999,35.,-0.49,14.3,20.700000000000003,0.03,-0.01
121162,1714081,54.630417,-8.438688,0.1,1,-99999,35.,-0.49,14.3,20.6,0.03,-0.01
121162,1714651,54.630455,-8.438653,0.1,1,-99999,35.,-0.49,14.3,20.700000000000003,0.03,-0.01
121162,1714990,54.630432,-8.438635,0.,1,-99999,35.,-0.49,14.3,20.700000000000003,0.03,-0.01
121162,1715610,54.63041,-8.438665,0.,1,-99999,35.,-0.49,14.3,20.700000000000003,0.03,-0.01
121162,1715902,54.630403,-8.438628,0.,1,-99999,35.,-0.49,14.3,20.700000000000003,0.03,-0.01
121162,1716024,54.630365,-8.4386,0.,1,-99999,35.,-0.49,14.3,20.700000000000003,0.03,-0.01
121162,1716551,54.630393,-8.438615,0.1,1,-99999,35.,-0.49,14.3,20.700000000000003,0.03,-0.01
121162,1716814,54.630392,-8.438617,0.,1,-99999,35.,-0.49,14.3,20.700000000000003,0.03,-0.01
121162,1717485,54.630492,-8.438752,0.,1,-99999,35.,-0.49,14.3,20.700000000000003,0.03,-0.01
121162,1717547,54.630465,-8.438715,0.,1,-99999,35.,-0.49,14.3,20.700000000000003,0.03,-0.01
121162,1717731,54.63044,-8.438667,0.,1,-99999,35.,-0.49,14.3,20.700000000000003,0.03,-0.01
121162,1718491,54.630422,-8.438598,0.1,1,-99999,35.,-0.49,14.3,20.8,0.03,-0.01
121162,1718934,54.630477,-8.438732,0.,1,-99999,35.,-0.49,14.3,20.700000000000003,0.03,-0.01
121162,1718935,54.630477,-8.438732,0.,1,-99999,35.,-0.49,14.3,20.700000000000003,0.03,-0.01
121162,1719422,54.63057,-8.438725,0.,1,-99999,35.,-0.49,14.3,20.700000000000003,0.03,-0.01
121162,1719842,54.630413,-8.438572,0.,1,-99999,35.,-0.49,14.3,20.8,0.03,-0.01
121162,1720363,54.630445,-8.438623,0.1,1,-99999,35.,-0.49,14.3,20.8,0.03,-0.01
121162,1720403,54.630427,-8.438597,0.,1,-99999,35.,-0.49,14.3,20.8,0.03,-0.01
121162,1720750,54.630392,-8.438642,0.,1,-99999,35.,-0.49,14.3,20.8,0.03,-0.01
121162,1721282,54.630498,-8.438677,0.,1,-99999,35.,-0.49,14.3,20.8,0.03,-0.01
121162,1721950,54.630477,-8.438707,0.,1,-99999,35.,-0.49,14.3,20.8,0.03,-0.01
121162,1722230,54.6304,-8.438625,0.,1,-99999,35.,-0.49,14.3,20.8,0.03,-0.01
121162,1722623,54.6304,-8.438565,0.,1,-99999,35.,-0.49,14.3,20.8,0.03,-0.01
121162,1722862,54.630422,-8.43859,0.,1,-99999,35.,-0.49,14.3,20.8,0.03,-0.01
121162,1723171,54.630387,-8.438573,0.,1,-99999,35.,-0.49,14.3,20.900000000000002,0.03,-0.01
121162,1724070,54.630383,-8.438565,0.,1,-99999,35.,-0.49,14.3,20.900000000000002,0.03,-0.01
121162,1724073,54.630383,-8.438565,0.,1,-99999,35.,-0.49,14.3,20.900000000000002,0.03,-0.01
121162,1724982,54.630422,-8.438635,0.1,1,-99999,35.,-0.49,14.3,20.900000000000002,0.03,-0.01
121162,1725102,54.630412,-8.438642,0.,1,-99999,35.,-0.49,14.3,20.900000000000002,0.03,-0.01
121162,1725582,54.630432,-8.438617,0.,1,-99999,35.,-0.49,14.3,20.900000000000002,0.03,-0.01
121162,1726102,54.630323,-8.438515,0.1,1,-99999,35.,-0.49,14.3,20.900000000000002,0.03,-0.01
121162,1726182,54.630407,-8.43858,0.1,1,-99999,35.,-0.49,14.3,20.900000000000002,0.03,-0.01
121162,1727043,54.630382,-8.438622,0.,1,-99999,35.,-0.49,14.3,20.900000000000002,0.03,-0.01
121162,1727045,54.630382,-8.438622,0.,1,-99999,35.,-0.49,14.3,20.900000000000002,0.03,-0.01
121162,1727382,54.630505,-8.43863,0.1,1,-99999,35.,-0.49,14.3,20.900000000000002,0.03,-0.01
121162,1728004,54.630528,-8.438637,0.,1,-99999,35.,-0.49,14.3,20.900000000000002,0.03,-0.01
121162,1728291,54.63046,-8.438652,0.,1,-99999,35.,-0.49,14.3,20.900000000000002,0.03,-0.01
121162,1728506,54.630442,-8.438732,0.,1,-99999,35.,-0.49,14.3,20.900000000000002,0.03,-0.01
121162,1728961,54.630438,-8.438598,0.,1,-99999,35.,-0.49,14.3,21.,0.03,-0.01
121162,1729211,54.630395,-8.438588,0.,1,-99999,35.,-0.49,14.3,21.,0.03,-0.01
121162,1729923,54.630403,-8.438657,0.,1,-99999,35.,-0.49,14.3,21.,0.03,-0.01
121162,1729992,54.63041,-8.438622,0.,1,-99999,35.,-0.49,14.3,21.,0.03,-0.01
121162,1730120,54.63041,-8.438595,0.1,1,-99999,35.,-0.49,14.3,21.,0.03,-0.01
121162,1730871,54.630403,-8.438595,0.,1,-99999,35.,-0.49,14.3,21.,0.03,-0.01
121162,1731040,54.630417,-8.438625,0.1,1,-99999,35.,-0.49,14.3,21.,0.03,-0.01
121162,1731484,54.630402,-8.438582,0.,1,-99999,35.,-0.49,14.3,21.,0.03,-0.01
121162,1731831,54.630427,-8.438655,0.,1,-99999,35.,-0.49,14.3,21.,0.03,-0.01
121162,1731964,54.630417,-8.438618,0.,1,-99999,35.,-0.49,14.3,21.,0.03,-0.01
121162,1732781,54.630388,-8.438597,0.,1,-99999,35.,-0.49,14.3,21.1,0.03,-0.01
121162,1732872,54.630388,-8.438603,0.,1,-99999,35.,-0.49,14.3,21.1,0.03,-0.01
121162,1732943,54.630387,-8.438617,0.,1,-99999,35.,-0.49,14.3,21.1,0.03,-0.01
121162,1733111,54.63042,-8.438585,0.,1,-99999,35.,-0.49,14.3,21.1,0.03,-0.01
121162,1733741,54.630383,-8.438582,0.,1,-99999,35.,-0.49,14.3,21.1,0.03,-0.01
121162,1734072,54.630383,-8.438612,0.,1,-99999,35.,-0.49,14.3,21.1,0.03,-0.01
121162,1734402,54.630397,-8.438612,0.,1,-99999,35.,-0.49,14.3,21.1,0.03,-0.01
121162,1734811,54.630428,-8.438658,0.,1,-99999,35.,-0.49,14.3,21.1,0.03,-0.01
121162,1734992,54.630392,-8.438593,0.,1,-99999,35.,-0.49,14.3,21.1,0.03,-0.01
121162,1735760,54.63039,-8.438582,0.1,1,-99999,35.,-0.49,14.3,21.1,0.03,-0.01
121162,1735895,54.630382,-8.438565,0.,1,-99999,35.,-0.49,14.3,21.1,0.03,-0.01
121162,1735912,54.630375,-8.438562,0.,1,-99999,35.,-0.49,14.3,21.1,0.03,-0.01
121162,1736730,54.630405,-8.438535,0.1,1,-99999,35.,-0.49,14.3,21.1,0.03,-0.01
121162,1736820,54.630388,-8.438473,0.,1,-99999,35.,-0.49,14.3,21.200000000000003,0.03,-0.01
121162,1737403,54.630392,-8.438575,0.,1,-99999,35.,-0.49,14.3,21.200000000000003,0.03,-0.01
121162,1737692,54.630362,-8.438642,0.1,1,-99999,35.,-0.49,14.3,21.1,0.03,-0.01
121162,1737740,54.63035,-8.438602,0.,1,-99999,35.,-0.49,14.3,21.200000000000003,0.03,-0.01
121162,1738652,54.630438,-8.438635,0.,1,-99999,35.,-0.49,14.3,21.200000000000003,0.03,-0.01
121162,1738964,54.63041,-8.438627,0.,1,-99999,35.,-0.49,14.3,21.200000000000003,0.03,-0.01
121162,1739560,54.630447,-8.438655,0.,1,-99999,35.,-0.49,14.3,21.200000000000003,0.03,-0.01
121162,1739713,54.630392,-8.438603,0.,1,-99999,35.,-0.49,14.3,21.200000000000003,0.03,-0.01
121162,1740453,54.630432,-8.43862,0.,1,-99999,35.,-0.49,14.3,21.200000000000003,0.03,-0.01
121162,1740472,54.630413,-8.438615,0.,1,-99999,35.,-0.49,14.3,21.200000000000003,0.03,-0.01
121162,1740632,54.630375,-8.438593,0.1,1,-99999,35.,-0.49,14.3,21.200000000000003,0.03,-0.01
121162,1741381,54.630462,-8.438598,0.1,1,-99999,35.,-0.49,14.3,21.200000000000003,0.03,-0.01
121162,1741583,54.63044,-8.438642,0.1,1,-99999,35.,-0.49,14.3,21.200000000000003,0.03,-0.01
121162,1741922,54.630417,-8.438642,0.,1,-99999,35.,-0.49,14.3,21.200000000000003,0.03,-0.01
121162,1742580,54.630402,-8.438612,0.,1,-99999,35.,-0.49,14.3,21.3,0.03,-0.01
121162,1743372,54.63041,-8.438575,0.,1,-99999,35.,-0.49,14.3,21.3,0.03,-0.01
121162,1743482,54.630402,-8.438587,0.,1,-99999,35.,-0.49,14.3,21.3,0.03,-0.01
121162,1743492,54.630403,-8.4386,0.,1,-99999,35.,-0.49,14.3,21.3,0.03,-0.01
121162,1744422,54.630383,-8.438625,0.,1,-99999,35.,-0.49,14.3,21.3,0.03,-0.01
121162,1744424,54.630383,-8.438625,0.,1,-99999,35.,-0.49,14.3,21.3,0.03,-0.01
121162,1744844,54.630422,-8.438635,0.,1,-99999,35.,-0.49,14.3,21.3,0.03,-0.01
121162,1745332,54.630398,-8.43862,0.,1,-99999,35.,-0.49,14.3,21.3,0.03,-0.01
121162,1745382,54.630365,-8.438632,0.,1,-99999,35.,-0.49,14.3,21.3,0.03,-0.01
121162,1746241,54.63041,-8.438665,0.1,1,-99999,35.,-0.49,14.3,21.3,0.03,-0.01
121162,1746313,54.63037,-8.438625,0.,1,-99999,35.,-0.49,14.3,21.3,0.03,-0.01
121162,1746341,54.630365,-8.43862,0.1,1,-99999,35.,-0.49,14.3,21.3,0.03,-0.01
121162,1747144,54.630383,-8.438637,0.1,1,-99999,35.,-0.49,14.3,21.3,0.03,-0.01
121162,1747301,54.63045,-8.43865,0.,1,-99999,35.,-0.49,14.3,21.3,0.03,-0.01
121162,1747772,54.63041,-8.43868,0.,1,-99999,35.,-0.49,14.3,21.400000000000002,0.03,-0.01
121162,1748052,54.630402,-8.43866,0.,1,-99999,35.,-0.49,14.3,21.400000000000002,0.03,-0.01
121162,1748202,54.630428,-8.438638,0.,1,-99999,35.,-0.49,14.3,21.400000000000002,0.03,-0.01
121162,1748961,54.630392,-8.438637,0.,1,-99999,35.,-0.49,14.3,21.400000000000002,0.03,-0.01
121162,1749163,54.630407,-8.4388,0.,1,-99999,35.,-0.49,14.3,21.400000000000002,0.03,-0.01
121162,1749873,54.630443,-8.438688,0.,1,-99999,35.,-0.49,14.3,21.400000000000002,0.03,-0.01
121162,1750161,54.63037,-8.438538,0.1,1,-99999,35.,-0.49,14.3,21.400000000000002,0.03,-0.01
121162,1750695,54.630402,-8.438642,0.,1,-99999,35.,-0.49,14.3,21.400000000000002,0.03,-0.01
121162,1751082,54.630428,-8.438645,0.,1,-99999,35.,-0.49,14.3,21.400000000000002,0.03,-0.01
121162,1751101,54.63042,-8.438598,0.,1,-99999,35.,-0.49,14.3,21.400000000000002,0.03,-0.01
121162,1751993,54.630462,-8.438672,0.,1,-99999,35.,-0.49,14.3,21.400000000000002,0.03,-0.01
121162,1752052,54.63044,-8.438713,0.,1,-99999,35.,-0.49,14.3,21.400000000000002,0.03,-0.01
121162,1752235,54.630427,-8.438652,0.,1,-99999,35.,-0.48,14.3,21.5,0.03,-0.01
121162,1752901,54.630588,-8.438792,0.,1,-99999,35.,-0.48,14.3,21.400000000000002,0.03,-0.01
121162,1752981,54.63043,-8.438588,0.,1,-99999,35.,-0.48,14.3,21.5,0.03,-0.01
121162,1753744,54.630415,-8.438642,0.,1,-99999,35.,-0.48,14.3,21.5,0.03,-0.01
121162,1753931,54.630375,-8.438558,0.,1,-99999,35.,-0.48,14.3,21.5,0.03,-0.01
121162,1754113,54.630368,-8.438582,0.,1,-99999,35.,-0.48,14.3,21.5,0.03,-0.01
121162,1754852,54.630403,-8.43863,0.,1,-99999,35.,-0.48,14.3,21.5,0.03,-0.01
121162,1755021,54.63039,-8.438508,0.1,1,-99999,35.,-0.48,14.3,21.5,0.03,-0.01
121162,1755273,54.630397,-8.438605,0.,1,-99999,35.,-0.48,14.3,21.5,0.03,-0.01
121162,1755755,54.630368,-8.438615,0.,1,-99999,35.,-0.48,14.3,21.5,0.03,-0.01
121162,1756233,54.630405,-8.43864,0.,1,-99999,35.,-0.48,14.3,21.5,0.03,-0.01
121162,1756683,54.630387,-8.438603,0.,1,-99999,35.,-0.48,14.3,21.6,0.03,-0.01
121162,1757434,54.630455,-8.43859,0.1,1,-99999,35.,-0.48,14.3,21.6,0.03,-0.01
121162,1757505,54.630472,-8.43863,0.,1,-99999,35.,-0.48,14.3,21.6,0.03,-0.01
121162,1757630,54.630403,-8.438557,0.,1,-99999,35.,-0.48,14.3,21.6,0.03,-0.01
121162,1758339,54.630417,-8.438593,0.,1,-99999,35.,-0.48,14.3,21.6,0.03,-0.01
121162,1758590,54.630402,-8.438608,0.,1,-99999,35.,-0.48,14.3,21.6,0.03,-0.01
121162,1759243,54.630437,-8.438635,0.,1,-99999,35.,-0.48,14.3,21.6,0.03,-0.01
121162,1759533,54.630405,-8.43859,0.1,1,-99999,35.,-0.48,14.3,21.6,0.03,-0.01
121162,1759715,54.63045,-8.438672,0.,1,-99999,35.,-0.48,14.3,21.6,0.03,-0.01
121162,1760151,54.630438,-8.438803,0.,1,-99999,35.,-0.48,14.3,21.6,0.03,-0.01
121162,1760462,54.630402,-8.438643,0.,1,-99999,35.,-0.48,14.3,21.6,0.03,-0.01
121162,1761192,54.630397,-8.438745,0.,1,-99999,35.,-0.48,14.3,21.6,0.03,-0.01
121162,1761363,54.630432,-8.43871,0.,1,-99999,35.,-0.48,14.3,21.6,0.03,-0.01
121162,1761374,54.630437,-8.438708,0.,1,-99999,35.,-0.48,14.3,21.6,0.03,-0.01
121162,1762294,54.630417,-8.438653,0.,1,-99999,35.,-0.48,14.3,21.700000000000003,0.03,-0.01
121162,1762571,54.630422,-8.43864,0.,1,-99999,35.,-0.48,14.3,21.700000000000003,0.03,-0.01
121162,1762654,54.630417,-8.438647,0.,1,-99999,35.,-0.48,14.3,21.700000000000003,0.03,-0.01
121162,1763262,54.630392,-8.438565,0.,1,-99999,35.,-0.48,14.3,21.700000000000003,0.03,-0.01
121162,1763484,54.630432,-8.43855,0.,1,-99999,35.,-0.48,14.3,21.700000000000003,0.03,-0.01
121162,1764164,54.630432,-8.438587,0.,1,-99999,35.,-0.48,14.3,21.700000000000003,0.03,-0.01
121162,1764210,54.63047,-8.438642,0.,1,-99999,35.,-0.48,14.3,21.700000000000003,0.03,-0.01
121162,1764412,54.63041,-8.438585,0.,1,-99999,35.,-0.48,14.3,21.700000000000003,0.03,-0.01
121162,1765151,54.63042,-8.438617,0.,1,-99999,35.,-0.48,14.3,21.700000000000003,0.03,-0.01
121162,1765645,54.630455,-8.438667,0.,1,-99999,35.,-0.48,14.3,21.700000000000003,0.03,-0.01
121162,1766110,54.630437,-8.438567,0.1,1,-99999,35.,-0.48,14.3,21.8,0.03,-0.01
121162,1766252,54.630425,-8.438622,0.1,1,-99999,35.,-0.48,14.3,21.8,0.03,-0.01
121162,1767050,54.630398,-8.438587,0.1,1,-99999,35.,-0.48,14.3,21.8,0.03,-0.01
121162,1767172,54.63045,-8.438628,0.1,1,-99999,35.,-0.48,14.3,21.8,0.03,-0.01
121162,1767843,54.630457,-8.438612,0.,1,-99999,35.,-0.48,14.3,21.8,0.03,-0.01
121162,1767990,54.630427,-8.438628,0.1,1,-99999,35.,-0.48,14.3,21.8,0.03,-0.01
121162,1768372,54.63044,-8.438598,0.,1,-99999,35.,-0.48,14.3,21.8,0.03,-0.01
121162,1768940,54.630418,-8.438628,0.,1,-99999,35.,-0.48,14.3,21.8,0.03,-0.01
121162,1769289,54.630433,-8.438568,0.,1,-99999,35.,-0.48,14.3,21.8,0.03,-0.01
121162,1769364,54.630477,-8.438595,0.,1,-99999,35.,-0.48,14.3,21.8,0.03,-0.01
121162,1769931,54.630428,-8.438607,0.1,1,-99999,35.,-0.48,14.3,21.8,0.03,-0.01
121162,1770193,54.630457,-8.438613,0.,1,-99999,35.,-0.48,14.3,21.8,0.03,-0.01
121162,1770872,54.630457,-8.438603,0.,1,-99999,35.,-0.48,14.3,21.900000000000002,0.03,-0.01
121162,1770876,54.630457,-8.438602,0.,1,-99999,35.,-0.48,14.3,21.900000000000002,0.03,-0.01
121162,1771101,54.630425,-8.438605,0.1,1,-99999,35.,-0.48,14.3,21.900000000000002,0.03,-0.01
121162,1771774,54.630422,-8.438617,0.,1,-99999,35.,-0.48,14.3,21.900000000000002,0.03,-0.01
121162,1772301,54.630435,-8.438582,0.,1,-99999,35.,-0.48,14.3,21.900000000000002,0.03,-0.01
121162,1772387,54.630432,-8.438582,0.,1,-99999,35.,-0.48,14.3,21.900000000000002,0.03,-0.01
121162,1905351,54.63041,-8.438633,0.1,1,-99999,35.,-0.5,14.200000000000001,23.200000000000003,0.03,-0.01
121162,1952990,54.630395,-8.438642,0.,1,-99999,35.,-0.51,14.200000000000001,23.400000000000002,0.03,-0.01
121162,1952998,54.630395,-8.438642,0.,1,-99999,35.,-0.51,14.200000000000001,23.400000000000002,0.03,-0.01
121162,1953903,54.630433,-8.43864,0.,1,-99999,35.,-0.51,14.200000000000001,23.400000000000002,0.03,-0.01
121162,1953935,54.630368,-8.438623,0.,1,-99999,35.,-0.51,14.200000000000001,23.400000000000002,0.03,-0.01
121162,1954479,54.630472,-8.438587,0.,1,-99999,35.,-0.51,14.200000000000001,23.400000000000002,0.03,-0.01
121162,1954843,54.630495,-8.438593,0.,1,-99999,35.,-0.51,14.200000000000001,23.400000000000002,0.03,-0.01
121162,1955103,54.630477,-8.438582,0.1,1,-99999,35.,-0.51,14.200000000000001,23.400000000000002,0.03,-0.01
121162,1955771,54.630398,-8.438588,0.,1,-99999,35.,-0.51,14.200000000000001,23.400000000000002,0.03,-0.01
121162,1955931,54.630397,-8.438612,0.,1,-99999,35.,-0.51,14.200000000000001,23.400000000000002,0.03,-0.01
121162,1956012,54.63041,-8.43863,0.1,1,-99999,35.,-0.51,14.200000000000001,23.400000000000002,0.03,-0.01
121162,1956381,54.63039,-8.438658,0.,1,-99999,35.,-0.51,14.200000000000001,23.400000000000002,0.02,-0.01
121162,1956701,54.630433,-8.43865,0.,1,-99999,35.,-0.51,14.200000000000001,23.400000000000002,0.02,-0.01
121162,1956922,54.630428,-8.438693,0.,1,-99999,35.,-0.51,14.200000000000001,23.400000000000002,0.02,-0.01
121162,1957394,54.630412,-8.438635,0.,1,-99999,35.,-0.51,14.200000000000001,23.400000000000002,0.02,-0.01
121162,1957642,54.630417,-8.438672,0.1,1,-99999,35.,-0.51,14.200000000000001,23.400000000000002,0.02,-0.01
121162,1957831,54.630373,-8.43863,0.,1,-99999,35.,-0.51,14.200000000000001,23.400000000000002,0.02,-0.01
121162,1958603,54.630398,-8.438577,0.,1,-99999,35.,-0.51,14.200000000000001,23.5,0.02,-0.01
121162,1958743,54.630402,-8.43865,0.,1,-99999,35.,-0.51,14.200000000000001,23.400000000000002,0.02,-0.01
121162,1958844,54.630452,-8.438665,0.,1,-99999,35.,-0.51,14.200000000000001,23.400000000000002,0.02,-0.01
121162,1959563,54.630403,-8.438613,0.,1,-99999,35.,-0.51,14.200000000000001,23.5,0.02,-0.01
121162,1959943,54.630387,-8.438583,0.,1,-99999,35.,-0.51,14.200000000000001,23.5,0.02,-0.01
121162,1960355,54.630395,-8.43865,0.,1,-99999,35.,-0.51,14.200000000000001,23.5,0.02,-0.01
121162,1960504,54.630415,-8.438645,0.,1,-99999,35.,-0.51,14.200000000000001,23.5,0.02,-0.01
121162,1960863,54.63043,-8.4386,0.,1,-99999,35.,-0.51,14.200000000000001,23.5,0.02,-0.01
121162,1961501,54.630403,-8.438613,0.,1,-99999,35.,-0.51,14.200000000000001,23.5,0.02,-0.01
121162,1961773,54.630413,-8.438605,0.,1,-99999,35.,-0.51,14.200000000000001,23.5,0.02,-0.01
121162,1961813,54.630397,-8.438605,0.,1,-99999,35.,-0.51,14.200000000000001,23.5,0.02,-0.01
121162,1962453,54.630375,-8.438587,0.1,1,-99999,35.,-0.51,14.200000000000001,23.5,0.02,-0.01
121162,1962681,54.630392,-8.43857,0.,1,-99999,35.,-0.51,14.200000000000001,23.5,0.02,-0.01
121162,1963314,54.630387,-8.438632,0.,1,-99999,35.,-0.51,14.200000000000001,23.5,0.02,-0.01
121162,1963402,54.630357,-8.438642,0.,1,-99999,35.,-0.51,14.200000000000001,23.5,0.02,-0.01
121162,1963582,54.63041,-8.438688,0.,1,-99999,35.,-0.51,14.200000000000001,23.5,0.02,-0.01
121162,1964352,54.630362,-8.438598,0.,1,-99999,35.,-0.51,14.200000000000001,23.5,0.02,-0.01
121162,1964500,54.630395,-8.438625,0.,1,-99999,35.,-0.51,14.200000000000001,23.5,0.02,-0.01
121162,1964773,54.630432,-8.43858,0.,1,-99999,35.,-0.51,14.200000000000001,23.5,0.02,-0.01
121162,1965266,54.630357,-8.438587,0.,1,-99999,35.,-0.51,14.200000000000001,23.5,0.02,-0.01
121162,1965401,54.630357,-8.438593,0.,1,-99999,35.,-0.51,14.200000000000001,23.5,0.02,-0.01
121162,1966232,54.630403,-8.438673,0.1,1,-99999,35.,-0.51,14.200000000000001,23.5,0.02,-0.01
121162,1966311,54.630585,-8.438767,0.1,1,-99999,35.,-0.51,14.200000000000001,23.5,0.02,-0.01
121162,1967016,54.630572,-8.438717,0.,1,-99999,35.,-0.51,14.200000000000001,23.5,0.02,-0.01
121162,1967192,54.63055,-8.43862,0.,1,-99999,35.,-0.51,14.200000000000001,23.5,0.02,-0.01
121162,1967212,54.630537,-8.438647,0.1,1,-99999,35.,-0.51,14.200000000000001,23.5,0.02,-0.01
121162,1968113,54.630475,-8.438642,0.1,1,-99999,35.,-0.51,14.200000000000001,23.5,0.02,-0.01
121162,1968144,54.630442,-8.438612,0.1,1,-99999,35.,-0.51,14.200000000000001,23.5,0.02,-0.01
121162,1968497,54.630467,-8.438647,0.,1,-99999,35.,-0.51,14.200000000000001,23.5,0.02,-0.01
121162,1969021,54.6304,-8.438618,0.1,1,-99999,35.,-0.51,14.200000000000001,23.5,0.02,-0.01
121162,1969112,54.630368,-8.438555,0.,1,-99999,35.,-0.51,14.200000000000001,23.5,0.02,-0.01
121162,1969931,54.630428,-8.438625,0.1,1,-99999,35.,-0.51,14.200000000000001,23.5,0.02,-0.01
121162,1969987,54.630477,-8.438687,0.,1,-99999,35.,-0.51,14.200000000000001,23.5,0.02,-0.01
121162,1970046,54.630585,-8.438702,0.1,1,-99999,35.,-0.51,14.200000000000001,23.5,0.02,-0.01
121162,1970840,54.630345,-8.438635,0.1,1,-99999,35.,-0.51,14.200000000000001,23.5,0.02,-0.01
121162,1971013,54.630392,-8.438643,0.,1,-99999,35.,-0.51,14.200000000000001,23.5,0.02,-0.01
121162,1971492,54.630542,-8.43878,0.,1,-99999,35.,-0.51,14.200000000000001,23.5,0.02,-0.01
121162,1971752,54.630357,-8.438573,0.1,1,-99999,35.,-0.51,14.200000000000001,23.5,0.02,-0.01
121162,1971916,54.630405,-8.438575,0.,1,-99999,35.,-0.51,14.200000000000001,23.5,0.02,-0.01
121162,1972893,54.630452,-8.438668,0.,1,-99999,35.,-0.51,14.200000000000001,23.5,0.02,-0.01
121162,1972949,54.630438,-8.43868,0.,1,-99999,35.,-0.51,14.200000000000001,23.5,0.02,-0.01
121162,1972965,54.630432,-8.438675,0.,1,-99999,35.,-0.51,14.200000000000001,23.5,0.02,-0.01
121162,1973850,54.630373,-8.438638,0.,1,-99999,35.,-0.51,14.200000000000001,23.5,0.02,-0.01
121162,1974445,54.630452,-8.43859,0.,1,-99999,35.,-0.52,14.200000000000001,23.5,0.02,-0.01
121162,1974770,54.630417,-8.438618,0.,1,-99999,35.,-0.52,14.200000000000001,23.5,0.02,-0.01
121162,1974842,54.630455,-8.438662,0.1,1,-99999,35.,-0.52,14.200000000000001,23.5,0.02,-0.01
121162,1975672,54.630423,-8.438572,0.,1,-99999,35.,-0.52,14.200000000000001,23.5,0.02,-0.01
121162,1975895,54.630405,-8.438728,0.,1,-99999,35.,-0.52,14.200000000000001,23.5,0.02,-0.01
121162,1975951,54.630395,-8.438687,0.,1,-99999,35.,-0.52,14.200000000000001,23.5,0.02,-0.01
121162,1976574,54.630395,-8.438632,0.,1,-99999,35.,-0.52,14.200000000000001,23.5,0.02,-0.01
121162,1976829,54.630407,-8.438573,0.,1,-99999,35.,-0.52,14.200000000000001,23.5,0.02,-0.01
121162,1977434,54.630525,-8.438777,0.,1,-99999,35.,-0.52,14.200000000000001,23.5,0.02,-0.01
121162,1977490,54.630512,-8.43875,0.,1,-99999,35.,-0.52,14.200000000000001,23.5,0.02,-0.01
121162,1977811,54.630465,-8.438612,0.,1,-99999,35.,-0.52,14.200000000000001,23.5,0.02,-0.01
121162,1978404,54.630402,-8.438558,0.,1,-99999,35.,-0.52,14.200000000000001,23.6,0.02,-0.01
121162,1978752,54.630425,-8.438653,0.1,1,-99999,35.,-0.52,14.200000000000001,23.5,0.02,-0.01
121162,1978948,54.630422,-8.438597,0.,1,-99999,35.,-0.52,14.200000000000001,23.6,0.02,-0.01
121162,1979312,54.630425,-8.438647,0.,1,-99999,35.,-0.52,14.200000000000001,23.5,0.02,-0.01
121162,1979701,54.630447,-8.438653,0.,1,-99999,35.,-0.52,14.200000000000001,23.5,0.02,-0.01
121162,1980221,54.630552,-8.43872,0.,1,-99999,35.,-0.52,14.200000000000001,23.5,0.02,-0.01
121162,1980641,54.630398,-8.438595,0.,1,-99999,35.,-0.52,14.200000000000001,23.6,0.02,-0.01
121162,1981133,54.630402,-8.438545,0.,1,-99999,35.,-0.52,14.200000000000001,23.6,0.02,-0.01
121162,1981137,54.630402,-8.438545,0.,1,-99999,35.,-0.52,14.200000000000001,23.6,0.02,-0.01
121162,1981593,54.630408,-8.438592,0.,1,-99999,35.,-0.52,14.200000000000001,23.6,0.02,-0.01
121162,1982042,54.630343,-8.438508,0.,1,-99999,35.,-0.52,14.200000000000001,23.6,0.02,-0.01
121162,1982530,54.630423,-8.43858,0.,1,-99999,35.,-0.52,14.200000000000001,23.6,0.02,-0.01
121162,1982674,54.63041,-8.438605,0.,1,-99999,35.,-0.52,14.200000000000001,23.6,0.02,-0.01
121162,1982955,54.630422,-8.438632,0.,1,-99999,35.,-0.52,14.200000000000001,23.6,0.02,-0.01
121162,1983522,54.630412,-8.438595,0.,1,-99999,35.,-0.52,14.200000000000001,23.6,0.02,-0.01
121162,1983859,54.630373,-8.438472,0.1,1,-99999,35.,-0.52,14.200000000000001,23.6,0.02,-0.01
121162,1984124,54.630322,-8.438597,0.,1,-99999,35.,-0.52,14.200000000000001,23.6,0.02,-0.01
121162,1984452,54.63043,-8.438617,0.1,1,-99999,35.,-0.52,14.200000000000001,23.6,0.02,-0.01
121162,1984772,54.63044,-8.438568,0.,1,-99999,35.,-0.52,14.200000000000001,23.6,0.02,-0.01
121162,1985412,54.630302,-8.438693,0.1,1,-99999,35.,-0.52,14.200000000000001,23.6,0.02,-0.01
121162,1985588,54.630415,-8.438592,0.,1,-99999,35.,-0.52,14.200000000000001,23.6,0.02,-0.01
121162,1985680,54.630488,-8.43855,0.1,1,-99999,35.,-0.52,14.200000000000001,23.6,0.02,-0.01
121162,1986364,54.63044,-8.438617,0.,1,-99999,35.,-0.52,14.200000000000001,23.6,0.02,-0.01
121162,1986592,54.630468,-8.438683,0.,1,-99999,35.,-0.52,14.200000000000001,23.6,0.02,-0.01
121162,1987145,54.630442,-8.438657,0.,1,-99999,35.,-0.52,14.200000000000001,23.6,0.02,-0.01
121162,1987321,54.63044,-8.438658,0.,1,-99999,35.,-0.52,14.200000000000001,23.6,0.02,-0.01
121162,1987501,54.630447,-8.438587,0.,1,-99999,35.,-0.52,14.200000000000001,23.6,0.02,-0.01
121162,1988414,54.630422,-8.43854,0.,1,-99999,35.,-0.52,14.200000000000001,23.6,0.02,-0.01
121162,1988595,54.630427,-8.43865,0.,1,-99999,35.,-0.52,14.200000000000001,23.6,0.02,-0.01
121162,1988770,54.630378,-8.438663,0.,1,-99999,35.,-0.52,14.200000000000001,23.6,0.02,-0.01
121162,1989212,54.630408,-8.438595,0.,1,-99999,35.,-0.52,14.200000000000001,23.6,0.02,-0.01
121162,1989320,54.630433,-8.438685,0.,1,-99999,35.,-0.52,14.200000000000001,23.6,0.02,-0.01
121162,1990172,54.630408,-8.438608,0.,1,-99999,35.,-0.52,14.200000000000001,23.6,0.02,-0.01
121162,1990221,54.630412,-8.43857,0.,1,-99999,35.,-0.52,14.200000000000001,23.6,0.02,-0.01
121162,1991132,54.630417,-8.438598,0.,1,-99999,35.,-0.52,14.200000000000001,23.6,0.02,-0.01
121162,1991144,54.63041,-8.43859,0.,1,-99999,35.,-0.52,14.200000000000001,23.6,0.02,-0.01
121162,1992041,54.630413,-8.438613,0.1,1,-99999,35.,-0.52,14.200000000000001,23.6,0.02,-0.01
121162,1992073,54.63041,-8.438633,0.,1,-99999,35.,-0.52,14.200000000000001,23.6,0.02,-0.01
121162,1992326,54.630402,-8.43858,0.,1,-99999,35.,-0.52,14.200000000000001,23.6,0.02,-0.01
121162,1993021,54.630402,-8.438623,0.,1,-99999,35.,-0.52,14.200000000000001,23.6,0.02,-0.01
121162,1993253,54.630428,-8.43865,0.,1,-99999,35.,-0.52,14.200000000000001,23.6,0.02,-0.01
121162,1993785,54.63041,-8.43853,0.,1,-99999,35.,-0.52,14.200000000000001,23.6,0.02,-0.01
121162,1993961,54.630407,-8.438607,0.,1,-99999,35.,-0.52,14.200000000000001,23.6,0.02,-0.01
121162,1994461,54.63041,-8.438582,0.,1,-99999,35.,-0.52,14.200000000000001,23.6,0.02,-0.01
121162,1994912,54.630395,-8.438587,0.1,1,-99999,35.,-0.52,14.200000000000001,23.6,0.02,-0.01
121162,1995244,54.630417,-8.43858,0.,1,-99999,35.,-0.52,14.200000000000001,23.6,0.02,-0.01
121162,1995373,54.630398,-8.43855,0.,1,-99999,35.,-0.52,14.200000000000001,23.6,0.02,-0.01
121162,1995845,54.630378,-8.438575,0.,1,-99999,35.,-0.52,14.200000000000001,23.6,0.02,-0.01
121162,1996280,54.630392,-8.438587,0.,1,-99999,35.,-0.52,14.200000000000001,23.6,0.02,-0.01
121162,1996700,54.630367,-8.438567,0.,1,-99999,35.,-0.52,14.200000000000001,23.6,0.02,-0.01
121162,1996812,54.630387,-8.438668,0.1,1,-99999,35.,-0.52,14.200000000000001,23.6,0.02,-0.01
121162,1997200,54.630395,-8.438587,0.,1,-99999,35.,-0.52,14.200000000000001,23.6,0.02,-0.01
121162,1997752,54.630477,-8.43862,0.,1,-99999,35.,-0.52,14.200000000000001,23.6,0.02,-0.01
121162,1998112,54.630403,-8.438595,0.1,1,-99999,35.,-0.52,14.200000000000001,23.6,0.02,-0.01
121162,1998185,54.630552,-8.438622,0.,1,-99999,35.,-0.52,14.200000000000001,23.6,0.02,-0.01
121162,1998653,54.630493,-8.43864,0.1,1,-99999,35.,-0.52,14.200000000000001,23.6,0.02,-0.01
121162,1999015,54.630488,-8.438592,0.,1,-99999,35.,-0.52,14.200000000000001,23.700000000000003,0.02,-0.01
121162,1999611,54.630428,-8.43856,0.1,1,-99999,35.,-0.52,14.200000000000001,23.700000000000003,0.02,-0.01
121162,1999663,54.630437,-8.438595,0.,1,-99999,35.,-0.52,14.200000000000001,23.700000000000003,0.02,-0.01
121162,1999919,54.63048,-8.43863,0.,1,-99999,35.,-0.52,14.200000000000001,23.6,0.02,-0.01
121162,2000563,54.630362,-8.438623,0.,1,-99999,35.,-0.52,14.200000000000001,23.700000000000003,0.02,-0.01
121162,2000823,54.630402,-8.438508,0.,1,-99999,35.,-0.52,14.200000000000001,23.700000000000003,0.02,-0.01
121162,2001147,54.63041,-8.438597,0.,1,-99999,35.,-0.52,14.200000000000001,23.700000000000003,0.02,-0.01
121162,2001503,54.630452,-8.438617,0.,1,-99999,35.,-0.52,14.200000000000001,23.700000000000003,0.02,-0.01
121162,2001735,54.63041,-8.438603,0.,1,-99999,35.,-0.52,14.200000000000001,23.700000000000003,0.02,-0.01
121162,2002453,54.63041,-8.438673,0.,1,-99999,35.,-0.52,14.200000000000001,23.700000000000003,0.02,-0.01
121162,2002641,54.630398,-8.438698,0.,1,-99999,35.,-0.52,14.200000000000001,23.6,0.02,-0.01
121162,2002669,54.630392,-8.438695,0.,1,-99999,35.,-0.52,14.200000000000001,23.700000000000003,0.02,-0.01
121162,2003401,54.630417,-8.438643,0.,1,-99999,35.,-0.52,14.200000000000001,23.700000000000003,0.02,-0.01
121162,2003549,54.630398,-8.438575,0.,1,-99999,35.,-0.52,14.200000000000001,23.700000000000003,0.02,-0.01
121162,2004122,54.630412,-8.438622,0.,1,-99999,35.,-0.52,14.200000000000001,23.700000000000003,0.02,-0.01
121162,2004342,54.630403,-8.438653,0.,1,-99999,35.,-0.52,14.200000000000001,23.700000000000003,0.02,-0.01
121162,2004462,54.630367,-8.438668,0.,1,-99999,35.,-0.52,14.200000000000001,23.700000000000003,0.02,-0.01
121162,2005283,54.630368,-8.438595,0.,1,-99999,35.,-0.52,14.200000000000001,23.700000000000003,0.02,-0.01
121162,2005363,54.630413,-8.438583,0.1,1,-99999,35.,-0.52,14.200000000000001,23.700000000000003,0.02,-0.01
121162,2005583,54.630375,-8.438575,0.,1,-99999,35.,-0.52,14.200000000000001,23.700000000000003,0.02,-0.01
121162,2006261,54.63035,-8.438623,0.1,1,-99999,35.,-0.52,14.200000000000001,23.700000000000003,0.02,-0.01
121162,2006284,54.630362,-8.438598,0.,1,-99999,35.,-0.52,14.200000000000001,23.700000000000003,0.02,-0.01
121162,2007036,54.630367,-8.438572,0.,1,-99999,35.,-0.52,14.200000000000001,23.700000000000003,0.02,-0.01
121162,2007201,54.63041,-8.438635,0.1,1,-99999,35.,-0.52,14.200000000000001,23.700000000000003,0.02,-0.01
121162,2007213,54.630417,-8.438648,0.1,1,-99999,35.,-0.52,14.200000000000001,23.700000000000003,0.02,-0.01
121162,2008110,54.630398,-8.438618,0.,1,-99999,35.,-0.52,14.200000000000001,23.700000000000003,0.02,-0.01
121162,2008182,54.630387,-8.438653,0.,1,-99999,35.,-0.52,14.200000000000001,23.700000000000003,0.02,-0.01
121162,2008507,54.630377,-8.438497,0.,1,-99999,35.,-0.52,14.200000000000001,23.700000000000003,0.02,-0.01
121162,2009013,54.630425,-8.438587,0.1,1,-99999,35.,-0.52,14.200000000000001,23.700000000000003,0.02,-0.01
121162,2009141,54.63037,-8.438632,0.,1,-99999,35.,-0.52,14.200000000000001,23.700000000000003,0.02,-0.01
121162,2009921,54.63038,-8.43854,0.,1,-99999,35.,-0.52,14.200000000000001,23.700000000000003,0.02,-0.01
121162,2010081,54.630425,-8.438605,0.,1,-99999,35.,-0.52,14.200000000000001,23.700000000000003,0.02,-0.01
121162,2010714,54.63045,-8.438667,0.,1,-99999,35.,-0.52,14.200000000000001,23.700000000000003,0.02,-0.01
121162,2010833,54.630428,-8.438688,0.,1,-99999,35.,-0.52,14.200000000000001,23.700000000000003,0.02,-0.01
121162,2011029,54.630643,-8.438727,0.,1,-99999,35.,-0.52,14.200000000000001,23.700000000000003,0.02,-0.01
121162,2011741,54.630478,-8.438737,0.1,1,-99999,35.,-0.52,14.200000000000001,23.700000000000003,0.02,-0.01
121162,2011970,54.630392,-8.438635,0.,1,-99999,35.,-0.52,14.200000000000001,23.700000000000003,0.02,-0.01
121162,2012177,54.63039,-8.438617,0.,1,-99999,35.,-0.52,14.200000000000001,23.700000000000003,0.02,-0.01
121162,2012659,54.630447,-8.438728,0.,1,-99999,35.,-0.52,14.200000000000001,23.700000000000003,0.02,-0.01
121162,2013570,54.63041,-8.438552,0.,1,-99999,35.,-0.52,14.200000000000001,23.700000000000003,0.02,-0.01
121162,2013635,54.630405,-8.438547,0.,1,-99999,35.,-0.52,14.200000000000001,23.700000000000003,0.02,-0.01
121162,2013882,54.630387,-8.43863,0.,1,-99999,35.,-0.52,14.200000000000001,23.700000000000003,0.02,-0.01
121162,2014475,54.630398,-8.438628,0.1,1,-99999,35.,-0.52,14.200000000000001,23.700000000000003,0.02,-0.01
121162,2014832,54.63042,-8.438665,0.,1,-99999,35.,-0.52,14.200000000000001,23.700000000000003,0.02,-0.01
121162,2015080,54.63041,-8.438622,0.,1,-99999,35.,-0.52,14.200000000000001,23.700000000000003,0.02,-0.01
121162,2015381,54.63039,-8.438625,0.1,1,-99999,35.,-0.52,14.200000000000001,23.700000000000003,0.02,-0.01
121162,2015773,54.630435,-8.438617,0.,1,-99999,35.,-0.52,14.200000000000001,23.700000000000003,0.02,-0.01
121162,2016282,54.630405,-8.438552,0.,1,-99999,35.,-0.52,14.200000000000001,23.700000000000003,0.02,-0.01
121162,2016527,54.630422,-8.43863,0.,1,-99999,35.,-0.52,14.200000000000001,23.700000000000003,0.02,-0.01
121162,2016723,54.63044,-8.438572,0.,1,-99999,35.,-0.52,14.200000000000001,23.700000000000003,0.02,-0.01
121162,2017203,54.630435,-8.438605,0.,1,-99999,35.,-0.52,14.200000000000001,23.700000000000003,0.02,-0.01
121162,2017663,54.630475,-8.438647,0.1,1,-99999,35.,-0.52,14.200000000000001,23.700000000000003,0.02,-0.01
121162,2018008,54.630402,-8.438605,0.,1,-99999,35.,-0.52,14.200000000000001,23.700000000000003,0.02,-0.01
121162,2018123,54.630413,-8.438617,0.,1,-99999,35.,-0.52,14.200000000000001,23.700000000000003,0.02,-0.01
121162,2018616,54.630405,-8.438612,0.,1,-99999,35.,-0.52,14.200000000000001,23.700000000000003,0.02,-0.01
121162,2019032,54.630422,-8.438647,0.,1,-99999,35.,-0.52,14.200000000000001,23.700000000000003,0.02,-0.01
121162,2019464,54.63041,-8.438627,0.,1,-99999,35.,-0.53,14.200000000000001,23.700000000000003,0.02,-0.01
121162,2019584,54.630405,-8.438637,0.,1,-99999,35.,-0.53,14.200000000000001,23.700000000000003,0.02,-0.01
121162,2020232,54.630398,-8.438605,0.1,1,-99999,35.,-0.53,14.200000000000001,23.700000000000003,0.02,-0.01
121162,2020532,54.63042,-8.438632,0.1,1,-99999,35.,-0.53,14.200000000000001,23.700000000000003,0.02,-0.01
121162,2020976,54.630415,-8.438642,0.,1,-99999,35.,-0.53,14.200000000000001,23.700000000000003,0.02,-0.01
121162,2021140,54.63041,-8.43864,0.,1,-99999,35.,-0.53,14.200000000000001,23.700000000000003,0.02,-0.01
121162,2021484,54.630413,-8.438537,0.,1,-99999,35.,-0.53,14.200000000000001,23.8,0.02,-0.01
121162,2022052,54.630357,-8.438557,0.1,1,-99999,35.,-0.53,14.200000000000001,23.8,0.02,-0.01
121162,2022432,54.630552,-8.438707,0.,1,-99999,35.,-0.53,14.200000000000001,23.700000000000003,0.02,-0.01
121162,2022436,54.630552,-8.438707,0.,1,-99999,35.,-0.53,14.200000000000001,23.700000000000003,0.02,-0.01
121162,2022974,54.630403,-8.438587,0.,1,-99999,35.,-0.53,14.200000000000001,23.8,0.02,-0.01
121162,2023370,54.63044,-8.43861,0.,1,-99999,35.,-0.53,14.200000000000001,23.8,0.02,-0.01
121162,2024170,54.63045,-8.438642,0.,1,-99999,35.,-0.53,14.200000000000001,23.8,0.02,-0.01
121162,2024334,54.63041,-8.43852,0.,1,-99999,35.,-0.53,14.200000000000001,23.8,0.02,-0.01
121162,2024686,54.630395,-8.43854,0.,1,-99999,35.,-0.53,14.200000000000001,23.8,0.02,-0.01
121162,2025083,54.630418,-8.438635,0.,1,-99999,35.,-0.53,14.200000000000001,23.8,0.02,-0.01
121162,2025282,54.630448,-8.438633,0.,1,-99999,35.,-0.53,14.200000000000001,23.8,0.02,-0.01
121162,2025992,54.630383,-8.438557,0.1,1,-99999,35.,-0.53,14.200000000000001,23.8,0.02,-0.01
121162,2026148,54.630425,-8.438607,0.,1,-99999,35.,-0.53,14.200000000000001,23.8,0.02,-0.01
121162,2026240,54.630463,-8.438627,0.,1,-99999,35.,-0.53,14.200000000000001,23.8,0.02,-0.01
121162,2026902,54.630417,-8.438653,0.1,1,-99999,35.,-0.53,14.200000000000001,23.8,0.02,-0.01
121162,2027183,54.63041,-8.438632,0.,1,-99999,35.,-0.53,14.200000000000001,23.8,0.02,-0.01
121162,2027656,54.630457,-8.438647,0.,1,-99999,35.,-0.53,14.200000000000001,23.8,0.02,-0.01
121162,2027811,54.630398,-8.43863,0.1,1,-99999,35.,-0.53,14.200000000000001,23.8,0.02,-0.01
121162,2028164,54.63044,-8.438535,0.,1,-99999,35.,-0.53,14.200000000000001,23.8,0.02,-0.01
121162,2028724,54.630355,-8.438602,0.,1,-99999,35.,-0.53,14.200000000000001,23.8,0.02,-0.01
121162,2029184,54.63051,-8.438607,0.,1,-99999,35.,-0.53,14.200000000000001,23.8,0.02,-0.01
121162,2029642,54.630377,-8.43861,0.,1,-99999,35.,-0.53,14.200000000000001,23.8,0.02,-0.01
121162,2030074,54.630382,-8.43859,0.1,1,-99999,35.,-0.53,14.200000000000001,23.8,0.02,-0.01
121162,2030546,54.63041,-8.438567,0.,1,-99999,35.,-0.53,14.200000000000001,23.8,0.02,-0.01
121162,2030655,54.63038,-8.438615,0.,1,-99999,35.,-0.53,14.200000000000001,23.8,0.02,-0.01
121162,2031012,54.630405,-8.438567,0.,1,-99999,35.,-0.53,14.200000000000001,23.8,0.02,-0.01
121162,2031452,54.630428,-8.438575,0.,1,-99999,35.,-0.53,14.200000000000001,23.8,0.02,-0.01
121162,2031952,54.63038,-8.438533,0.,1,-99999,35.,-0.53,14.200000000000001,23.8,0.02,-0.01
121162,2032660,54.630447,-8.438647,0.,1,-99999,35.,-0.53,14.200000000000001,23.8,0.02,-0.01
121162,2032900,54.630423,-8.43864,0.,1,-99999,35.,-0.53,14.200000000000001,23.8,0.02,-0.01
121162,2033584,54.630465,-8.438668,0.,1,-99999,35.,-0.53,14.200000000000001,23.8,0.02,-0.01
121162,2033585,54.630465,-8.438667,0.,1,-99999,35.,-0.53,14.200000000000001,23.8,0.02,-0.01
121162,2033870,54.630407,-8.438627,0.,1,-99999,35.,-0.53,14.200000000000001,23.8,0.02,-0.01
121162,2034491,54.63042,-8.438623,0.,1,-99999,35.,-0.53,14.200000000000001,23.8,0.02,-0.01
121162,2034823,54.630395,-8.438623,0.,1,-99999,35.,-0.53,14.200000000000001,23.8,0.02,-0.01
121162,2035052,54.630387,-8.438585,0.,1,-99999,35.,-0.53,14.200000000000001,23.8,0.02,-0.01
121162,2035392,54.630403,-8.438583,0.,1,-99999,35.,-0.53,14.200000000000001,23.8,0.02,-0.01
121162,2035781,54.630422,-8.438602,0.,1,-99999,35.,-0.53,14.200000000000001,23.8,0.02,-0.01
121162,2036566,54.630362,-8.438677,0.,1,-99999,35.,-0.53,14.200000000000001,23.8,0.02,-0.01
121162,2036734,54.63039,-8.438637,0.,1,-99999,35.,-0.53,14.200000000000001,23.8,0.02,-0.01
121162,2037218,54.630347,-8.438593,0.,1,-99999,35.,-0.53,14.200000000000001,23.8,0.02,-0.01
121162,2037682,54.63043,-8.43865,0.1,1,-99999,35.,-0.53,14.200000000000001,23.8,0.02,-0.01
121162,2038122,54.630387,-8.438587,0.,1,-99999,35.,-0.53,14.200000000000001,23.8,0.02,-0.01
121162,2038146,54.630382,-8.438587,0.,1,-99999,35.,-0.53,14.200000000000001,23.8,0.02,-0.01
121162,2038631,54.630458,-8.438613,0.1,1,-99999,35.,-0.53,14.200000000000001,23.8,0.02,-0.01
121162,2039590,54.630402,-8.438595,0.,1,-99999,35.,-0.53,14.200000000000001,23.8,0.02,-0.01
121162,2039686,54.630417,-8.438612,0.,1,-99999,35.,-0.53,14.200000000000001,23.8,0.02,-0.01
121162,2040250,54.630432,-8.438578,0.1,1,-99999,35.,-0.53,14.200000000000001,23.8,0.02,-0.01
121162,2040542,54.63071,-8.438597,0.,1,-99999,35.,-0.53,14.200000000000001,23.8,0.02,-0.01
121162,2041274,54.630455,-8.438552,0.,1,-99999,35.,-0.53,14.200000000000001,23.900000000000002,0.02,-0.01
121162,2041450,54.630465,-8.438612,0.,1,-99999,35.,-0.53,14.200000000000001,23.8,0.02,-0.01
121162,2041482,54.630452,-8.438578,0.,1,-99999,35.,-0.53,14.200000000000001,23.900000000000002,0.02,-0.01
121162,2042371,54.630448,-8.438632,0.,1,-99999,35.,-0.53,14.200000000000001,23.900000000000002,0.02,-0.01
121162,2042463,54.630433,-8.438662,0.,1,-99999,35.,-0.53,14.200000000000001,23.8,0.02,-0.01
121162,2042923,54.630427,-8.4386,0.,1,-99999,35.,-0.53,14.200000000000001,23.900000000000002,0.02,-0.01
121162,2043416,54.630417,-8.438658,0.,1,-99999,35.,-0.53,14.200000000000001,23.900000000000002,0.02,-0.01
121162,2043572,54.630373,-8.438613,0.,1,-99999,35.,-0.53,14.200000000000001,23.900000000000002,0.02,-0.01
121162,2044376,54.630377,-8.438605,0.,1,-99999,35.,-0.53,14.200000000000001,23.900000000000002,0.02,-0.01
121162,2044433,54.630375,-8.438617,0.,1,-99999,35.,-0.53,14.200000000000001,23.900000000000002,0.02,-0.01
121162,2044484,54.630398,-8.438647,0.,1,-99999,35.,-0.53,14.200000000000001,23.900000000000002,0.02,-0.01
121162,2045328,54.630433,-8.438612,0.,1,-99999,35.,-0.53,14.200000000000001,23.900000000000002,0.02,-0.01
121162,2045392,54.630428,-8.438622,0.,1,-99999,35.,-0.53,14.200000000000001,23.900000000000002,0.02,-0.01
121162,2045884,54.630395,-8.438597,0.,1,-99999,35.,-0.53,14.200000000000001,23.900000000000002,0.02,-0.01
121162,2046272,54.630385,-8.43861,0.1,1,-99999,35.,-0.53,14.200000000000001,23.900000000000002,0.02,-0.01
121162,2046301,54.630403,-8.438617,0.1,1,-99999,35.,-0.53,14.200000000000001,23.900000000000002,0.02,-0.01
121162,2047253,54.630403,-8.43859,0.,1,-99999,35.,-0.53,14.200000000000001,23.900000000000002,0.02,-0.01
121162,2047402,54.630412,-8.43861,0.,1,-99999,35.,-0.53,14.200000000000001,23.900000000000002,0.02,-0.01
121162,2047501,54.630417,-8.438627,0.,1,-99999,35.,-0.53,14.200000000000001,23.900000000000002,0.02,-0.01
121162,2048154,54.630433,-8.438612,0.,1,-99999,35.,-0.53,14.200000000000001,23.900000000000002,0.02,-0.01
121162,2048422,54.630422,-8.438612,0.,1,-99999,35.,-0.53,14.200000000000001,23.900000000000002,0.02,-0.01
121162,2048874,54.630397,-8.438595,0.,1,-99999,35.,-0.53,14.200000000000001,23.900000000000002,0.02,-0.01
121162,2049102,54.630368,-8.438625,0.,1,-99999,35.,-0.53,14.200000000000001,23.900000000000002,0.02,-0.01
121162,2049323,54.630388,-8.438613,0.1,1,-99999,35.,-0.53,14.200000000000001,23.900000000000002,0.02,-0.01
121162,2050090,54.630425,-8.438635,0.,1,-99999,35.,-0.53,14.200000000000001,23.900000000000002,0.02,-0.01
121162,2050234,54.630368,-8.438568,0.,1,-99999,35.,-0.53,14.200000000000001,23.900000000000002,0.02,-0.01
121162,2050334,54.630427,-8.438612,0.,1,-99999,35.,-0.53,14.200000000000001,23.900000000000002,0.02,-0.01
121162,2051062,54.630387,-8.438643,0.1,1,-99999,35.,-0.53,14.200000000000001,23.900000000000002,0.02,-0.01
121162,2051142,54.630368,-8.438608,0.1,1,-99999,35.,-0.53,14.200000000000001,23.900000000000002,0.02,-0.01
121162,2051834,54.630362,-8.438617,0.,1,-99999,35.,-0.53,14.200000000000001,23.900000000000002,0.02,-0.01
121162,2052014,54.630435,-8.438622,0.,1,-99999,35.,-0.53,14.200000000000001,23.900000000000002,0.02,-0.01
121162,2052050,54.630492,-8.438702,0.1,1,-99999,35.,-0.53,14.200000000000001,23.900000000000002,0.02,-0.01
121162,2052971,54.63056,-8.43872,0.1,1,-99999,35.,-0.53,14.200000000000001,23.900000000000002,0.02,-0.01
121162,2052983,54.630495,-8.438652,0.1,1,-99999,35.,-0.53,14.200000000000001,23.900000000000002,0.02,-0.01
121162,2053292,54.630452,-8.438627,0.,1,-99999,35.,-0.53,14.200000000000001,23.900000000000002,0.02,-0.01
121162,2053872,54.630482,-8.438667,0.1,1,-99999,35.,-0.53,14.200000000000001,23.900000000000002,0.02,-0.01
121162,2053948,54.630502,-8.438688,0.,1,-99999,35.,-0.53,14.200000000000001,23.900000000000002,0.02,-0.01
121162,2054784,54.630387,-8.438598,0.,1,-99999,35.,-0.53,14.200000000000001,23.900000000000002,0.02,-0.01
121162,2054852,54.630412,-8.438625,0.,1,-99999,35.,-0.53,14.200000000000001,23.900000000000002,0.02,-0.01
121162,2054964,54.630395,-8.4386,0.,1,-99999,35.,-0.53,14.200000000000001,23.900000000000002,0.02,-0.01
121162,2055868,54.630477,-8.438675,0.1,1,-99999,35.,-0.53,14.200000000000001,23.900000000000002,0.02,-0.01
121162,2055984,54.630443,-8.438593,0.1,1,-99999,35.,-0.53,14.200000000000001,23.900000000000002,0.02,-0.01
121162,2056314,54.630402,-8.43861,0.,1,-99999,35.,-0.53,14.200000000000001,23.900000000000002,0.02,-0.01
121162,2056838,54.630765,-8.43885,0.1,1,-99999,35.,-0.53,14.200000000000001,23.900000000000002,0.02,-0.01
121162,2056890,54.630467,-8.438652,0.1,1,-99999,35.,-0.53,14.200000000000001,23.900000000000002,0.02,-0.01
121162,2057754,54.63041,-8.438683,0.1,1,-99999,35.,-0.53,14.200000000000001,23.900000000000002,0.02,-0.01
121162,2057795,54.63042,-8.438665,0.1,1,-99999,35.,-0.53,14.200000000000001,23.900000000000002,0.02,-0.01
121162,2057814,54.630457,-8.438707,0.,1,-99999,35.,-0.53,14.200000000000001,23.900000000000002,0.02,-0.01
121162,2058711,54.630397,-8.438635,0.,1,-99999,35.,-0.53,14.200000000000001,23.900000000000002,0.02,-0.01
121162,2059263,54.630407,-8.438597,0.,1,-99999,35.,-0.53,14.200000000000001,23.900000000000002,0.02,-0.01
121162,2059612,54.630402,-8.438603,0.,1,-99999,35.,-0.53,14.200000000000001,23.900000000000002,0.02,-0.01
121162,2059663,54.630398,-8.43858,0.,1,-99999,35.,-0.53,14.200000000000001,23.900000000000002,0.02,-0.01
121162,2060520,54.630417,-8.438617,0.,1,-99999,35.,-0.53,14.200000000000001,23.900000000000002,0.02,-0.01
121162,2060640,54.630417,-8.438563,0.1,1,-99999,35.,-0.53,14.200000000000001,23.900000000000002,0.02,-0.01
121162,2060732,54.63041,-8.438587,0.,1,-99999,35.,-0.53,14.200000000000001,23.900000000000002,0.02,-0.01
121162,2061432,54.63041,-8.438563,0.,1,-99999,35.,-0.53,14.200000000000001,24.,0.02,-0.01
121162,2061592,54.630428,-8.43861,0.,1,-99999,35.,-0.53,14.200000000000001,23.900000000000002,0.02,-0.01
121162,2062252,54.630447,-8.438657,0.,1,-99999,35.,-0.53,14.200000000000001,23.900000000000002,0.02,-0.01
121162,2062340,54.630413,-8.438623,0.,1,-99999,35.,-0.53,14.200000000000001,23.900000000000002,0.02,-0.01
121162,2062540,54.630405,-8.438635,0.1,1,-99999,35.,-0.53,14.200000000000001,23.900000000000002,0.02,-0.01
121162,2063245,54.630405,-8.438617,0.,1,-99999,35.,-0.53,14.200000000000001,24.,0.02,-0.01
121162,2063501,54.630465,-8.438712,0.,1,-99999,35.,-0.53,14.200000000000001,23.900000000000002,0.02,-0.01
121162,2063761,54.630567,-8.438665,0.,1,-99999,35.,-0.53,14.200000000000001,23.900000000000002,0.02,-0.01
121162,2064153,54.63054,-8.438648,0.,1,-99999,35.,-0.53,14.200000000000001,24.,0.02,-0.01
121162,2064603,54.630377,-8.438552,0.1,1,-99999,35.,-0.54,14.200000000000001,24.,0.02,-0.01
121162,2065072,54.6305,-8.438653,0.,1,-99999,35.,-0.54,14.200000000000001,24.,0.02,-0.01
121162,2065215,54.630432,-8.438587,0.,1,-99999,35.,-0.54,14.200000000000001,24.,0.02,-0.01
121162,2065543,54.630422,-8.438657,0.,1,-99999,35.,-0.54,14.200000000000001,24.,0.02,-0.01
121162,2066280,54.630567,-8.43872,0.1,1,-99999,35.,-0.54,14.200000000000001,24.,0.02,-0.01
121162,2066491,54.630383,-8.438583,0.,1,-99999,35.,-0.54,14.200000000000001,24.,0.02,-0.01
121162,2066684,54.630332,-8.438502,0.,1,-99999,35.,-0.54,14.200000000000001,24.,0.02,-0.01
121162,2067202,54.630435,-8.438562,0.,1,-99999,35.,-0.54,14.200000000000001,24.,0.02,-0.01
121162,2067433,54.630405,-8.438622,0.,1,-99999,35.,-0.54,14.200000000000001,24.,0.02,-0.01
121162,2068121,54.630433,-8.438665,0.,1,-99999,35.,-0.54,14.200000000000001,24.,0.02,-0.01
121162,2068145,54.630422,-8.438642,0.,1,-99999,35.,-0.54,14.200000000000001,24.,0.02,-0.01
121162,2068382,54.63041,-8.438595,0.,1,-99999,35.,-0.54,14.200000000000001,24.,0.02,-0.01
121162,2069329,54.630448,-8.43858,0.1,1,-99999,35.,-0.54,14.200000000000001,24.,0.02,-0.01
121162,2069593,54.63044,-8.438597,0.,1,-99999,35.,-0.54,14.200000000000001,24.,0.02,-0.01
121162,2070242,54.63038,-8.438592,0.1,1,-99999,35.,-0.54,14.200000000000001,24.,0.02,-0.01
121162,2070286,54.630362,-8.438522,0.,1,-99999,35.,-0.54,14.200000000000001,24.,0.02,-0.01
121162,2071067,54.630492,-8.438515,0.,1,-99999,35.,-0.54,14.200000000000001,24.,0.02,-0.01
121162,2071151,54.630415,-8.438492,0.1,1,-99999,35.,-0.54,14.200000000000001,24.,0.02,-0.01
121162,2071211,54.630538,-8.438563,0.1,1,-99999,35.,-0.54,14.200000000000001,24.,0.02,-0.01
121162,2072060,54.630398,-8.438493,0.,1,-99999,35.,-0.54,14.200000000000001,24.,0.02,-0.01
121162,2072221,54.630412,-8.438575,0.1,1,-99999,35.,-0.54,14.200000000000001,24.,0.02,-0.01
121162,2072534,54.63032,-8.438537,0.,1,-99999,35.,-0.54,14.200000000000001,24.,0.02,-0.01
121162,2072973,54.63044,-8.438662,0.,1,-99999,35.,-0.54,14.200000000000001,24.,0.02,-0.01
121162,2073162,54.63043,-8.438657,0.,1,-99999,35.,-0.54,14.200000000000001,24.,0.02,-0.01
121162,2073983,54.630442,-8.438565,0.,1,-99999,35.,-0.54,14.200000000000001,24.,0.02,-0.01
121162,2074122,54.630443,-8.438572,0.,1,-99999,35.,-0.54,14.200000000000001,24.,0.02,-0.01
121162,2074170,54.630445,-8.438612,0.,1,-99999,35.,-0.54,14.200000000000001,24.,0.02,-0.01
121162,2075070,54.63044,-8.438687,0.,1,-99999,35.,-0.54,14.200000000000001,24.,0.02,-0.01
121162,2075074,54.63044,-8.438687,0.,1,-99999,35.,-0.54,14.200000000000001,24.,0.02,-0.01
121162,2075543,54.63045,-8.438677,0.,1,-99999,35.,-0.54,14.200000000000001,24.,0.02,-0.01
121162,2075974,54.630377,-8.438633,0.,1,-99999,35.,-0.54,14.200000000000001,24.,0.02,-0.01
121162,2075982,54.63038,-8.438642,0.1,1,-99999,35.,-0.54,14.200000000000001,24.,0.02,-0.01
121162,2076962,54.630397,-8.438635,0.1,1,-99999,35.,-0.54,14.200000000000001,24.,0.02,-0.01
121162,2077066,54.630417,-8.438535,0.,1,-99999,35.,-0.54,14.200000000000001,24.,0.02,-0.01
121162,2077182,54.630395,-8.438582,0.,1,-99999,35.,-0.54,14.200000000000001,24.,0.02,-0.01
121162,2077900,54.63044,-8.438618,0.,1,-99999,35.,-0.54,14.200000000000001,24.,0.02,-0.01
121162,2078083,54.630447,-8.43864,0.,1,-99999,35.,-0.54,14.200000000000001,24.,0.02,-0.01
121162,2078627,54.630397,-8.438572,0.,1,-99999,35.,-0.54,14.200000000000001,24.,0.02,-0.01
121162,2078851,54.630403,-8.438563,0.,1,-99999,35.,-0.54,14.200000000000001,24.,0.02,-0.01
121162,2079283,54.630392,-8.438647,0.,1,-99999,35.,-0.54,14.200000000000001,24.,0.02,-0.01
121162,2079852,54.630433,-8.438573,0.,1,-99999,35.,-0.54,14.200000000000001,24.,0.02,-0.01
121162,2080135,54.630387,-8.438567,0.,1,-99999,35.,-0.54,14.200000000000001,24.,0.02,-0.01
121162,2080199,54.630398,-8.438593,0.,1,-99999,35.,-0.54,14.200000000000001,24.,0.02,-0.01
121162,2080811,54.63046,-8.438615,0.,1,-99999,35.,-0.54,14.200000000000001,24.,0.02,-0.01
121162,2081111,54.630412,-8.438587,0.1,1,-99999,35.,-0.54,14.200000000000001,24.,0.02,-0.01
121162,2081763,54.63039,-8.43855,0.1,1,-99999,35.,-0.54,14.200000000000001,24.1,0.02,-0.01
121162,2082312,54.630392,-8.43855,0.,1,-99999,35.,-0.54,14.200000000000001,24.1,0.02,-0.01
121162,2082720,54.630452,-8.43861,0.1,1,-99999,35.,-0.54,14.200000000000001,24.,0.02,-0.01
121162,2083103,54.630415,-8.438627,0.,1,-99999,35.,-0.54,14.200000000000001,24.,0.02,-0.01
121162,2083220,54.630577,-8.438965,0.,1,-99999,35.,-0.54,14.200000000000001,24.,0.02,-0.01
121162,2083672,54.630417,-8.438575,0.1,1,-99999,35.,-0.54,14.200000000000001,24.1,0.02,-0.01
121162,2084420,54.630397,-8.438563,0.,1,-99999,35.,-0.54,14.200000000000001,24.1,0.02,-0.01
121162,2084585,54.630447,-8.438547,0.,1,-99999,35.,-0.54,14.200000000000001,24.1,0.02,-0.01
121162,2084613,54.630452,-8.43854,0.,1,-99999,35.,-0.54,14.200000000000001,24.1,0.02,-0.01
121162,2085322,54.630458,-8.438635,0.,1,-99999,35.,-0.54,14.200000000000001,24.1,0.02,-0.01
121162,2085550,54.630395,-8.43858,0.,1,-99999,35.,-0.54,14.200000000000001,24.1,0.01,-0.01
121162,2086046,54.630442,-8.438652,0.,1,-99999,35.,-0.54,14.200000000000001,24.1,0.01,-0.01
121162,2086231,54.630425,-8.438642,0.,1,-99999,35.,-0.54,14.200000000000001,24.1,0.01,-0.01
121162,2086494,54.63041,-8.43859,0.1,1,-99999,35.,-0.54,14.200000000000001,24.1,0.01,-0.01
121162,2087143,54.630393,-8.438557,0.,1,-99999,35.,-0.54,14.200000000000001,24.1,0.01,-0.01
121162,2087443,54.630398,-8.438465,0.,1,-99999,35.,-0.54,14.200000000000001,24.1,0.01,-0.01
121162,2087508,54.630412,-8.438602,0.,1,-99999,35.,-0.54,14.200000000000001,24.1,0.01,-0.01
121162,2088052,54.630392,-8.438653,0.,1,-99999,35.,-0.54,14.200000000000001,24.1,0.01,-0.01
121162,2088356,54.630405,-8.438577,0.,1,-99999,35.,-0.54,14.200000000000001,24.1,0.01,-0.01
121162,2088965,54.630347,-8.43861,0.,1,-99999,35.,-0.54,14.200000000000001,24.1,0.01,-0.01
121162,2089324,54.630383,-8.438647,0.,1,-99999,35.,-0.54,14.200000000000001,24.1,0.01,-0.01
121162,2089872,54.630387,-8.438595,0.,1,-99999,35.,-0.54,14.200000000000001,24.1,0.01,-0.01
121162,2090272,54.630395,-8.438623,0.,1,-99999,35.,-0.54,14.200000000000001,24.1,0.01,-0.01
121162,2090424,54.630397,-8.438622,0.,1,-99999,35.,-0.54,14.200000000000001,24.1,0.01,-0.01
121162,2090792,54.630393,-8.43865,0.1,1,-99999,35.,-0.54,14.200000000000001,24.1,0.01,-0.01
121162,2091232,54.630387,-8.438577,0.1,1,-99999,35.,-0.54,14.200000000000001,24.1,0.01,-0.01
121162,2091693,54.630432,-8.438587,0.1,1,-99999,35.,-0.54,14.200000000000001,24.1,0.01,-0.01
121162,2091885,54.63042,-8.438595,0.,1,-99999,35.,-0.54,14.200000000000001,24.1,0.01,-0.01
121162,2092162,54.630387,-8.438545,0.,1,-99999,35.,-0.54,14.200000000000001,24.1,0.01,-0.01
121162,2092610,54.630373,-8.438568,0.,1,-99999,35.,-0.54,14.200000000000001,24.1,0.01,-0.01
121162,2093103,54.630362,-8.438472,0.,1,-99999,35.,-0.54,14.200000000000001,24.1,0.01,-0.01
121162,2093334,54.630405,-8.438535,0.,1,-99999,35.,-0.54,14.200000000000001,24.1,0.01,-0.01
121162,2093514,54.630417,-8.438605,0.,1,-99999,35.,-0.54,14.200000000000001,24.1,0.01,-0.01
121162,2094014,54.630388,-8.438623,0.,1,-99999,35.,-0.54,14.200000000000001,24.1,0.01,-0.01
121162,2094422,54.630377,-8.438643,0.,1,-99999,35.,-0.54,14.200000000000001,24.1,0.01,-0.01
121162,2094902,54.630382,-8.438557,0.,1,-99999,35.,-0.54,14.200000000000001,24.1,0.01,-0.01
121162,2094970,54.630452,-8.438715,0.,1,-99999,35.,-0.54,14.200000000000001,24.1,0.01,-0.01
121162,2095622,54.630413,-8.43861,0.,1,-99999,35.,-0.54,14.200000000000001,24.1,0.01,-0.01
121162,2095911,54.630477,-8.438653,0.,1,-99999,35.,-0.54,14.200000000000001,24.1,0.01,-0.01
121162,2096534,54.630435,-8.438642,0.,1,-99999,35.,-0.54,14.200000000000001,24.1,0.01,-0.01
121162,2096870,54.630493,-8.438713,0.,1,-99999,35.,-0.54,14.200000000000001,24.1,0.01,-0.01
121162,2097207,54.630452,-8.438657,0.,1,-99999,35.,-0.54,14.200000000000001,24.1,0.01,-0.01
121162,2097440,54.630422,-8.438622,0.,1,-99999,35.,-0.54,14.200000000000001,24.1,0.01,-0.01
121162,2097811,54.630387,-8.438672,0.,1,-99999,35.,-0.54,14.200000000000001,24.1,0.01,-0.01
121162,2098344,54.630403,-8.438623,0.,1,-99999,35.,-0.54,14.200000000000001,24.1,0.01,-0.01
121162,2098715,54.630362,-8.438575,0.,1,-99999,35.,-0.54,14.200000000000001,24.1,0.01,-0.01
121162,2098763,54.63035,-8.438617,0.,1,-99999,35.,-0.54,14.200000000000001,24.1,0.01,-0.01
121162,2099251,54.630383,-8.438628,0.,1,-99999,35.,-0.54,14.200000000000001,24.1,0.01,-0.01
121162,2099711,54.630393,-8.438533,0.,1,-99999,35.,-0.54,14.200000000000001,24.1,0.01,-0.01
121162,2100163,54.630392,-8.438593,0.,1,-99999,35.,-0.54,14.200000000000001,24.1,0.01,-0.01
121162,2100183,54.630397,-8.43862,0.,1,-99999,35.,-0.54,14.200000000000001,24.1,0.01,-0.01
121162,2100671,54.630367,-8.438557,0.,1,-99999,35.,-0.54,14.200000000000001,24.1,0.01,-0.01
121162,2101371,54.630365,-8.438628,0.,1,-99999,35.,-0.54,14.200000000000001,24.1,0.01,-0.01
121162,2101632,54.630437,-8.438658,0.,1,-99999,35.,-0.54,14.200000000000001,24.1,0.01,-0.01
121162,2101635,54.630437,-8.438657,0.,1,-99999,35.,-0.54,14.200000000000001,24.1,0.01,-0.01
121162,2102281,54.630423,-8.438588,0.,1,-99999,35.,-0.54,14.200000000000001,24.1,0.01,-0.01
121162,2102590,54.630422,-8.438658,0.,1,-99999,35.,-0.54,14.200000000000001,24.1,0.01,-0.01
121162,2103093,54.630395,-8.438595,0.,1,-99999,35.,-0.54,14.200000000000001,24.1,0.01,-0.01
121162,2103494,54.630452,-8.438605,0.,1,-99999,35.,-0.54,14.200000000000001,24.1,0.01,-0.01
121162,2103542,54.630452,-8.438623,0.1,1,-99999,35.,-0.54,14.200000000000001,24.1,0.01,-0.01
121162,2104414,54.630422,-8.438545,0.1,1,-99999,35.,-0.54,14.200000000000001,24.200000000000003,0.01,-0.01
121162,2104482,54.630418,-8.438582,0.,1,-99999,35.,-0.54,14.200000000000001,24.200000000000003,0.01,-0.01
121162,2104574,54.630447,-8.43868,0.,1,-99999,35.,-0.54,14.200000000000001,24.1,0.01,-0.01
121162,2105430,54.630382,-8.43861,0.,1,-99999,35.,-0.54,14.200000000000001,24.200000000000003,0.01,-0.01
121162,2105622,54.630375,-8.438617,0.,1,-99999,35.,-0.54,14.200000000000001,24.200000000000003,0.01,-0.01
121162,2106363,54.630422,-8.438553,0.1,1,-99999,35.,-0.54,14.200000000000001,24.200000000000003,0.01,-0.01
121162,2106824,54.630412,-8.438607,0.,1,-99999,35.,-0.54,14.200000000000001,24.200000000000003,0.01,-0.01
121162,2107323,54.630347,-8.438595,0.,1,-99999,35.,-0.54,14.200000000000001,24.200000000000003,0.01,-0.01
121162,2107454,54.630377,-8.438632,0.,1,-99999,35.,-0.54,14.200000000000001,24.200000000000003,0.01,-0.01
121162,2108242,54.630368,-8.438513,0.,1,-99999,35.,-0.54,14.200000000000001,24.200000000000003,0.01,-0.01
121162,2108302,54.630542,-8.438707,0.,1,-99999,35.,-0.54,14.200000000000001,24.200000000000003,0.01,-0.01
121162,2108362,54.630625,-8.438688,0.,1,-99999,35.,-0.54,14.200000000000001,24.200000000000003,0.01,-0.01
121162,2109251,54.630455,-8.438617,0.,1,-99999,35.,-0.54,14.200000000000001,24.200000000000003,0.01,-0.01
121162,2109283,54.630498,-8.438643,0.1,1,-99999,35.,-0.54,14.200000000000001,24.200000000000003,0.01,-0.01
121162,2109763,54.63042,-8.438617,0.,1,-99999,35.,-0.55,14.200000000000001,24.200000000000003,0.01,-0.01
121162,2110191,54.630402,-8.438617,0.,1,-99999,35.,-0.55,14.200000000000001,24.200000000000003,0.01,-0.01
121162,2110203,54.63041,-8.438615,0.,1,-99999,35.,-0.55,14.200000000000001,24.200000000000003,0.01,-0.01
121162,2111093,54.630437,-8.438607,0.1,1,-99999,35.,-0.55,14.200000000000001,24.200000000000003,0.01,-0.01
121162,2111133,54.63044,-8.438593,0.,1,-99999,35.,-0.55,14.200000000000001,24.200000000000003,0.01,-0.01
121162,2111273,54.630405,-8.438585,0.,1,-99999,35.,-0.55,14.200000000000001,24.200000000000003,0.01,-0.01
121162,2112001,54.630417,-8.438625,0.,1,-99999,35.,-0.55,14.200000000000001,24.200000000000003,0.01,-0.01
121162,2112081,54.630428,-8.438598,0.,1,-99999,35.,-0.55,14.200000000000001,24.200000000000003,0.01,-0.01
121162,2112736,54.63041,-8.438597,0.,1,-99999,35.,-0.55,14.200000000000001,24.200000000000003,0.01,-0.01
121162,2112913,54.630413,-8.43864,0.,1,-99999,35.,-0.55,14.200000000000001,24.200000000000003,0.01,-0.01
121162,2113045,54.630417,-8.438658,0.,1,-99999,35.,-0.55,14.200000000000001,24.200000000000003,0.01,-0.01
121162,2114017,54.630422,-8.43858,0.1,1,-99999,35.,-0.55,14.200000000000001,24.200000000000003,0.01,-0.01
121162,2114114,54.630412,-8.438617,0.,1,-99999,35.,-0.55,14.200000000000001,24.200000000000003,0.01,-0.01
121162,2114194,54.630402,-8.438607,0.,1,-99999,35.,-0.55,14.200000000000001,24.200000000000003,0.01,-0.01
121162,2115023,54.630397,-8.438657,0.,1,-99999,35.,-0.55,14.200000000000001,24.200000000000003,0.01,-0.01
121162,2115650,54.630425,-8.438605,0.,1,-99999,35.,-0.55,14.200000000000001,24.200000000000003,0.01,-0.01
121162,2115890,54.630428,-8.4386,0.,1,-99999,35.,-0.55,14.200000000000001,24.200000000000003,0.01,-0.01
121162,2115930,54.630398,-8.438595,0.,1,-99999,35.,-0.55,14.200000000000001,24.200000000000003,0.01,-0.01
121162,2116840,54.630457,-8.4385,0.,1,-99999,35.,-0.55,14.200000000000001,24.200000000000003,0.01,-0.01
121162,2116864,54.63041,-8.438562,0.,1,-99999,35.,-0.55,14.200000000000001,24.200000000000003,0.01,-0.01
121162,2117155,54.630395,-8.438577,0.,1,-99999,35.,-0.55,14.200000000000001,24.200000000000003,0.01,-0.01
121162,2117742,54.630413,-8.438588,0.1,1,-99999,35.,-0.55,14.200000000000001,24.200000000000003,0.01,-0.01
121162,2117802,54.630433,-8.438527,0.,1,-99999,35.,-0.55,14.200000000000001,24.200000000000003,0.01,-0.01
121162,2118653,54.630425,-8.438642,0.,1,-99999,35.,-0.55,14.200000000000001,24.200000000000003,0.01,-0.01
121162,2118718,54.630417,-8.43863,0.,1,-99999,35.,-0.55,14.200000000000001,24.200000000000003,0.01,-0.01
121162,2118754,54.630413,-8.438623,0.,1,-99999,35.,-0.55,14.200000000000001,24.200000000000003,0.01,-0.01
121162,2119570,54.630422,-8.438628,0.1,1,-99999,35.,-0.55,14.200000000000001,24.200000000000003,0.01,-0.01
121162,2120481,54.63041,-8.43861,0.,1,-99999,35.,-0.55,14.200000000000001,24.200000000000003,0.01,-0.01
121162,2120662,54.630413,-8.438623,0.,1,-99999,35.,-0.55,14.200000000000001,24.200000000000003,0.01,-0.01
121162,2120974,54.630397,-8.438592,0.,1,-99999,35.,-0.55,14.200000000000001,24.200000000000003,0.01,-0.01
121162,2121402,54.630403,-8.438603,0.,1,-99999,35.,-0.55,14.200000000000001,24.200000000000003,0.01,-0.01
121162,2121614,54.63038,-8.43858,0.,1,-99999,35.,-0.55,14.200000000000001,24.200000000000003,0.01,-0.01
121162,2122310,54.630397,-8.438623,0.1,1,-99999,35.,-0.55,14.200000000000001,24.200000000000003,0.01,-0.01
121162,2122438,54.630385,-8.438622,0.,1,-99999,35.,-0.55,14.200000000000001,24.200000000000003,0.01,-0.01
121162,2122571,54.630387,-8.438593,0.,1,-99999,35.,-0.55,14.200000000000001,24.200000000000003,0.01,-0.01
121162,2123224,54.63041,-8.438623,0.,1,-99999,35.,-0.55,14.200000000000001,24.200000000000003,0.01,-0.01
121162,2123672,54.630498,-8.438732,0.,1,-99999,35.,-0.55,14.200000000000001,24.200000000000003,0.01,-0.01
121162,2123905,54.63041,-8.438622,0.,1,-99999,35.,-0.55,14.200000000000001,24.200000000000003,0.01,-0.01
121162,2124153,54.630398,-8.438603,0.,1,-99999,35.,-0.55,14.200000000000001,24.200000000000003,0.01,-0.01
121162,2124601,54.630555,-8.438665,0.1,1,-99999,35.,-0.55,14.200000000000001,24.200000000000003,0.01,-0.01
121162,2125074,54.630483,-8.438617,0.,1,-99999,35.,-0.55,14.200000000000001,24.200000000000003,0.01,-0.01
121162,2125562,54.630468,-8.438613,0.,1,-99999,35.,-0.55,14.200000000000001,24.3,0.01,-0.01
121162,2125994,54.630398,-8.438615,0.,1,-99999,35.,-0.55,14.200000000000001,24.3,0.01,-0.01
121162,2126511,54.630513,-8.4386,0.1,1,-99999,35.,-0.55,14.200000000000001,24.3,0.01,-0.01
121162,2126846,54.630517,-8.438572,0.,1,-99999,35.,-0.55,14.100000000000001,24.3,0.01,-0.01
121162,2126902,54.63067,-8.438605,0.,1,-99999,35.,-0.55,14.100000000000001,24.3,0.01,-0.01
121162,2127435,54.63049,-8.438558,0.,1,-99999,35.,-0.55,14.100000000000001,24.3,0.01,-0.01
121162,2127810,54.630463,-8.438558,0.1,1,-99999,35.,-0.55,14.100000000000001,24.3,0.01,-0.01
121162,2128398,54.630397,-8.43859,0.,1,-99999,35.,-0.55,14.100000000000001,24.3,0.01,-0.01
121162,2128426,54.630417,-8.438582,0.,1,-99999,35.,-0.55,14.100000000000001,24.3,0.01,-0.01
121162,2128722,54.630408,-8.438642,0.,1,-99999,35.,-0.55,14.100000000000001,24.3,0.01,-0.01
121162,2129331,54.630447,-8.438637,0.,1,-99999,35.,-0.55,14.100000000000001,24.3,0.01,-0.01
121162,2129643,54.63041,-8.438658,0.,1,-99999,35.,-0.55,14.100000000000001,24.3,0.01,-0.01
121162,2129895,54.630395,-8.438607,0.,1,-99999,35.,-0.55,14.100000000000001,24.3,0.01,-0.01
121162,2130280,54.630368,-8.438628,0.,1,-99999,35.,-0.55,14.100000000000001,24.3,0.01,-0.01
121162,2131181,54.63038,-8.438625,0.,1,-99999,35.,-0.55,14.100000000000001,24.3,0.01,-0.01
121162,2131357,54.63042,-8.438617,0.,1,-99999,35.,-0.55,14.100000000000001,24.3,0.01,-0.01
121162,2131453,54.630427,-8.43861,0.,1,-99999,35.,-0.55,14.100000000000001,24.3,0.01,-0.01
121162,2132130,54.630415,-8.438638,0.,1,-99999,35.,-0.55,14.100000000000001,24.3,0.01,-0.01
121162,2132651,54.630405,-8.4386,0.,1,-99999,35.,-0.55,14.100000000000001,24.3,0.01,-0.01
121162,2132815,54.630422,-8.43862,0.,1,-99999,35.,-0.55,14.100000000000001,24.3,0.01,-0.01
121162,2133082,54.630405,-8.438582,0.,1,-99999,35.,-0.55,14.100000000000001,24.3,0.01,-0.01
121162,2134022,54.630403,-8.438613,0.,1,-99999,35.,-0.55,14.100000000000001,24.3,0.01,-0.01
121162,2134761,54.63038,-8.438608,0.,1,-99999,35.,-0.55,14.100000000000001,24.3,0.01,-0.01
121162,2134972,54.63041,-8.438623,0.,1,-99999,35.,-0.55,14.100000000000001,24.3,0.01,-0.01
121162,2135004,54.630417,-8.438605,0.,1,-99999,35.,-0.55,14.100000000000001,24.3,0.01,-0.01
121162,2135672,54.630413,-8.438577,0.,1,-99999,35.,-0.55,14.100000000000001,24.3,0.01,-0.01
121162,2135924,54.630398,-8.438628,0.1,1,-99999,35.,-0.55,14.100000000000001,24.3,0.01,-0.01
121162,2136464,54.630397,-8.438652,0.,1,-99999,35.,-0.55,14.100000000000001,24.3,0.01,-0.01
121162,2136580,54.63038,-8.438667,0.,1,-99999,35.,-0.55,14.100000000000001,24.3,0.01,-0.01
121162,2136861,54.630373,-8.438635,0.,1,-99999,35.,-0.55,14.100000000000001,24.3,0.01,-0.01
121162,2137484,54.630365,-8.438535,0.,1,-99999,35.,-0.55,14.100000000000001,24.3,0.01,-0.01
121162,2137805,54.630407,-8.438588,0.,1,-99999,35.,-0.55,14.100000000000001,24.3,0.01,-0.01
121162,2138681,54.630417,-8.438572,0.,1,-99999,35.,-0.55,14.100000000000001,24.3,0.01,-0.01
121162,2138757,54.630465,-8.43866,0.,1,-99999,35.,-0.55,14.100000000000001,24.3,0.01,-0.01
121162,2138781,54.630452,-8.43861,0.1,1,-99999,35.,-0.55,14.100000000000001,24.3,0.01,-0.01
121162,2139590,54.630558,-8.43877,0.,1,-99999,35.,-0.55,14.100000000000001,24.3,0.01,-0.01
121162,2139742,54.630388,-8.43855,0.1,1,-99999,35.,-0.55,14.100000000000001,24.3,0.01,-0.01
121162,2140266,54.630402,-8.43855,0.,1,-99999,35.,-0.55,14.100000000000001,24.3,0.01,-0.01
121162,2140502,54.63041,-8.438702,0.,1,-99999,35.,-0.55,14.100000000000001,24.3,0.01,-0.01
121162,2140702,54.630428,-8.438693,0.,1,-99999,35.,-0.55,14.100000000000001,24.3,0.01,-0.01
121162,2141652,54.630417,-8.438658,0.,1,-99999,35.,-0.55,14.100000000000001,24.3,0.01,-0.01
121162,2141703,54.630417,-8.43866,0.,1,-99999,35.,-0.55,14.100000000000001,24.3,0.01,-0.01
121162,2141823,54.630447,-8.438572,0.,1,-99999,35.,-0.55,14.100000000000001,24.3,0.01,-0.01
121162,2142612,54.630368,-8.438588,0.,1,-99999,35.,-0.55,14.100000000000001,24.3,0.01,-0.01
121162,2142624,54.630368,-8.438612,0.,1,-99999,35.,-0.55,14.100000000000001,24.3,0.01,-0.01
121162,2143284,54.630422,-8.438662,0.,1,-99999,35.,-0.55,14.100000000000001,24.3,0.01,-0.01
121162,2143532,54.630605,-8.438815,0.1,1,-99999,35.,-0.55,14.100000000000001,24.3,0.01,-0.01
121162,2143564,54.630467,-8.438718,0.1,1,-99999,35.,-0.55,14.100000000000001,24.3,0.01,-0.01
121162,2144512,54.630417,-8.438612,0.1,1,-99999,35.,-0.55,14.100000000000001,24.3,0.01,-0.01
121162,2144740,54.630392,-8.438635,0.1,1,-99999,35.,-0.55,14.100000000000001,24.3,0.01,-0.01
121162,2144744,54.630392,-8.438635,0.,1,-99999,35.,-0.55,14.100000000000001,24.3,0.01,-0.01
121162,2145496,54.630403,-8.438647,0.,1,-99999,35.,-0.55,14.100000000000001,24.3,0.01,-0.01
121162,2145644,54.63041,-8.438605,0.,1,-99999,35.,-0.55,14.100000000000001,24.3,0.01,-0.01
121162,2146192,54.630402,-8.438607,0.,1,-99999,35.,-0.55,14.100000000000001,24.400000000000002,0.01,-0.01
121162,2146412,54.630425,-8.438668,0.,1,-99999,35.,-0.55,14.100000000000001,24.3,0.01,-0.01
121162,2146552,54.630417,-8.438598,0.,1,-99999,35.,-0.55,14.100000000000001,24.400000000000002,0.01,-0.01
121162,2147461,54.630392,-8.438583,0.,1,-99999,35.,-0.55,14.100000000000001,24.400000000000002,0.01,-0.01
121162,2147716,54.630397,-8.438582,0.,1,-99999,35.,-0.55,14.100000000000001,24.400000000000002,0.01,-0.01
121162,2148304,54.630432,-8.438653,0.,1,-99999,35.,-0.55,14.100000000000001,24.400000000000002,0.01,-0.01
121162,2148384,54.630435,-8.438653,0.,1,-99999,35.,-0.55,14.100000000000001,24.400000000000002,0.01,-0.01
121162,2149196,54.630457,-8.43857,0.,1,-99999,35.,-0.55,14.100000000000001,24.400000000000002,0.01,-0.01
121162,2149253,54.630425,-8.438582,0.,1,-99999,35.,-0.55,14.100000000000001,24.400000000000002,0.01,-0.01
121162,2149292,54.630425,-8.438607,0.1,1,-99999,35.,-0.55,14.100000000000001,24.400000000000002,0.01,-0.01
121162,2150201,54.630435,-8.438625,0.,1,-99999,35.,-0.55,14.100000000000001,24.400000000000002,0.01,-0.01
121162,2150716,54.630412,-8.438542,0.,1,-99999,35.,-0.55,14.100000000000001,24.400000000000002,0.01,-0.01
121162,2151110,54.630427,-8.438673,0.,1,-99999,35.,-0.55,14.100000000000001,24.400000000000002,0.01,-0.01
121162,2151150,54.630473,-8.438685,0.,1,-99999,35.,-0.55,14.100000000000001,24.400000000000002,0.01,-0.01
121162,2152014,54.63041,-8.438587,0.1,1,-99999,35.,-0.55,14.100000000000001,24.400000000000002,0.01,-0.01
121162,2152110,54.630393,-8.438588,0.1,1,-99999,35.,-0.55,14.100000000000001,24.400000000000002,0.01,-0.01
121162,2152225,54.630457,-8.438672,0.,1,-99999,35.,-0.55,14.100000000000001,24.400000000000002,0.01,-0.01
121162,2153084,54.630443,-8.438598,0.1,1,-99999,35.,-0.55,14.100000000000001,24.400000000000002,0.01,-0.01
121162,2153224,54.630548,-8.438673,0.,1,-99999,35.,-0.55,14.100000000000001,24.400000000000002,0.01,-0.01
121162,2153744,54.630387,-8.438555,0.,1,-99999,35.,-0.55,14.100000000000001,24.400000000000002,0.01,-0.01
121162,2154032,54.630465,-8.438652,0.,1,-99999,35.,-0.55,14.100000000000001,24.400000000000002,0.01,-0.01
121162,2154424,54.630387,-8.438545,0.,1,-99999,35.,-0.55,14.100000000000001,24.400000000000002,0.01,-0.01
121162,2154993,54.630442,-8.438575,0.,1,-99999,35.,-0.56,14.100000000000001,24.400000000000002,0.01,-0.01
121162,2155217,54.630427,-8.43857,0.,1,-99999,35.,-0.56,14.100000000000001,24.400000000000002,0.01,-0.01
121162,2155329,54.630413,-8.438558,0.,1,-99999,35.,-0.56,14.100000000000001,24.400000000000002,0.01,-0.01
121162,2155941,54.63039,-8.438652,0.1,1,-99999,35.,-0.56,14.100000000000001,24.400000000000002,0.01,-0.01
121162,2156253,54.630363,-8.438568,0.,1,-99999,35.,-0.56,14.100000000000001,24.400000000000002,0.01,-0.01
121162,2156734,54.630402,-8.438567,0.,1,-99999,35.,-0.56,14.100000000000001,24.400000000000002,0.01,-0.01
121162,2156897,54.63043,-8.438533,0.1,1,-99999,35.,-0.56,14.100000000000001,24.400000000000002,0.01,-0.01
121162,2157463,54.630567,-8.438673,0.,1,-99999,35.,-0.56,14.100000000000001,24.400000000000002,0.01,-0.01
121162,2157851,54.63041,-8.43861,0.,1,-99999,35.,-0.56,14.100000000000001,24.400000000000002,0.01,-0.01
121162,2158196,54.630302,-8.438582,0.,1,-99999,35.,-0.56,14.100000000000001,24.400000000000002,0.01,-0.01
121162,2158371,54.630398,-8.438578,0.,1,-99999,35.,-0.56,14.100000000000001,24.400000000000002,0.01,-0.01
121162,2158803,54.63044,-8.438648,0.,1,-99999,35.,-0.56,14.100000000000001,24.400000000000002,0.01,-0.01
121162,2159283,54.630405,-8.438587,0.,1,-99999,35.,-0.56,14.100000000000001,24.400000000000002,0.01,-0.01
121162,2159704,54.630447,-8.438637,0.,1,-99999,35.,-0.56,14.100000000000001,24.400000000000002,0.01,-0.01
121162,2159763,54.630447,-8.438587,0.,1,-99999,35.,-0.56,14.100000000000001,24.400000000000002,0.01,-0.01
121162,2160491,54.630413,-8.438668,0.,1,-99999,35.,-0.56,14.100000000000001,24.400000000000002,0.01,-0.01
121162,2160704,54.630403,-8.438597,0.,1,-99999,35.,-0.56,14.100000000000001,24.400000000000002,0.01,-0.01
121162,2161623,54.630407,-8.438627,0.,1,-99999,35.,-0.56,14.100000000000001,24.400000000000002,0.01,-0.01
121162,2161703,54.63044,-8.438658,0.,1,-99999,35.,-0.56,14.100000000000001,24.400000000000002,0.01,-0.01
121162,2162572,54.630443,-8.438613,0.,1,-99999,35.,-0.56,14.100000000000001,24.400000000000002,0.01,-0.01
121162,2162612,54.630423,-8.438617,0.,1,-99999,35.,-0.56,14.100000000000001,24.400000000000002,0.01,-0.01
121162,2162637,54.63041,-8.438652,0.,1,-99999,35.,-0.56,14.100000000000001,24.400000000000002,0.01,-0.01
121162,2163521,54.63041,-8.438547,0.,1,-99999,35.,-0.56,14.100000000000001,24.400000000000002,0.01,-0.01
121162,2163525,54.63041,-8.438547,0.,1,-99999,35.,-0.56,14.100000000000001,24.400000000000002,0.01,-0.01
121162,2164085,54.630402,-8.438632,0.,1,-99999,35.,-0.56,14.100000000000001,24.400000000000002,0.01,-0.01
121162,2164433,54.630387,-8.438588,0.1,1,-99999,35.,-0.56,14.100000000000001,24.400000000000002,0.01,-0.01
121162,2164473,54.630392,-8.43863,0.,1,-99999,35.,-0.56,14.100000000000001,24.400000000000002,0.01,-0.01
121162,2165354,54.63039,-8.43859,0.,1,-99999,35.,-0.56,14.100000000000001,24.400000000000002,0.01,-0.01
121162,2165435,54.630382,-8.438593,0.,1,-99999,35.,-0.56,14.100000000000001,24.400000000000002,0.01,-0.01
121162,2165547,54.63041,-8.438602,0.,1,-99999,35.,-0.56,14.100000000000001,24.400000000000002,0.01,-0.01
121162,2166262,54.630397,-8.438593,0.1,1,-99999,35.,-0.56,14.100000000000001,24.5,0.01,-0.01
121162,2166390,54.630395,-8.43855,0.,1,-99999,35.,-0.56,14.100000000000001,24.5,0.01,-0.01
121162,2167002,54.630412,-8.438582,0.,1,-99999,35.,-0.56,14.100000000000001,24.5,0.01,-0.01
121162,2167170,54.63042,-8.4386,0.1,1,-99999,35.,-0.56,14.100000000000001,24.5,0.01,-0.01
121162,2167326,54.630402,-8.438577,0.,1,-99999,35.,-0.56,14.100000000000001,24.5,0.01,-0.01
121162,2168083,54.630393,-8.438562,0.,1,-99999,35.,-0.56,14.100000000000001,24.5,0.01,-0.01
121162,2168322,54.630458,-8.438517,0.,1,-99999,35.,-0.56,14.100000000000001,24.5,0.01,-0.01
121162,2168475,54.63038,-8.438602,0.,1,-99999,35.,-0.56,14.100000000000001,24.5,0.01,-0.01
121162,2168991,54.630502,-8.43861,0.1,1,-99999,35.,-0.56,14.100000000000001,24.5,0.01,-0.01
121162,2169243,54.630578,-8.438992,0.1,1,-99999,35.,-0.56,14.100000000000001,24.400000000000002,0.01,-0.01
121162,2169892,54.63044,-8.438695,0.,1,-99999,35.,-0.56,14.100000000000001,24.5,0.01,-0.01
121162,2169924,54.630472,-8.438705,0.,1,-99999,35.,-0.56,14.100000000000001,24.5,0.01,-0.01
121162,2170200,54.630452,-8.43861,0.,1,-99999,35.,-0.56,14.100000000000001,24.5,0.01,-0.01
121162,2170800,54.630465,-8.43859,0.1,1,-99999,35.,-0.56,14.100000000000001,24.5,0.01,-0.01
121162,2171144,54.630498,-8.438593,0.,1,-99999,35.,-0.56,14.100000000000001,24.5,0.01,-0.01
121162,2171712,54.630423,-8.438515,0.,1,-99999,35.,-0.56,14.100000000000001,24.5,0.01,-0.01
121162,2172093,54.630468,-8.438592,0.1,1,-99999,35.,-0.56,14.100000000000001,24.5,0.01,-0.01
121162,2172632,54.630402,-8.43863,0.,1,-99999,35.,-0.56,14.100000000000001,24.5,0.01,-0.01
121162,2172852,54.630397,-8.438617,0.,1,-99999,35.,-0.56,14.100000000000001,24.5,0.01,-0.01
121162,2173052,54.630477,-8.438627,0.,1,-99999,35.,-0.56,14.100000000000001,24.5,0.01,-0.01
121162,2173833,54.630398,-8.438608,0.,1,-99999,35.,-0.56,14.100000000000001,24.5,0.01,-0.01
121162,2174012,54.630403,-8.438605,0.,1,-99999,35.,-0.56,14.100000000000001,24.5,0.01,-0.01
121162,2174364,54.630392,-8.438617,0.,1,-99999,35.,-0.56,14.100000000000001,24.5,0.01,-0.01
121162,2174741,54.630412,-8.438705,0.,1,-99999,35.,-0.56,14.100000000000001,24.5,0.01,-0.01
121162,2174972,54.630428,-8.438702,0.,1,-99999,35.,-0.56,14.100000000000001,24.5,0.01,-0.01
121162,2175824,54.630395,-8.438617,0.,1,-99999,35.,-0.56,14.100000000000001,24.5,0.01,-0.01
121162,2175941,54.630395,-8.438602,0.,1,-99999,35.,-0.56,14.100000000000001,24.5,0.01,-0.01
121162,2175953,54.630403,-8.438593,0.,1,-99999,35.,-0.56,14.100000000000001,24.5,0.01,-0.01
121162,2176851,54.630392,-8.438623,0.,1,-99999,35.,-0.56,14.100000000000001,24.5,0.01,-0.01
121162,2176911,54.630357,-8.438622,0.,1,-99999,35.,-0.56,14.100000000000001,24.5,0.01,-0.01
121162,2177282,54.630372,-8.4386,0.,1,-99999,35.,-0.56,14.100000000000001,24.5,0.01,-0.01
121162,2177763,54.630393,-8.438617,0.1,1,-99999,35.,-0.56,14.100000000000001,24.5,0.01,-0.01
121162,2177850,54.630395,-8.43859,0.,1,-99999,35.,-0.56,14.100000000000001,24.5,0.01,-0.01
121162,2178671,54.630425,-8.438628,0.1,1,-99999,35.,-0.56,14.100000000000001,24.5,0.01,-0.01
121162,2178754,54.630412,-8.438647,0.,1,-99999,35.,-0.56,14.100000000000001,24.5,0.01,-0.01
121162,2178790,54.630483,-8.438688,0.,1,-99999,35.,-0.56,14.100000000000001,24.5,0.01,-0.01
121162,2179726,54.630412,-8.438647,0.,1,-99999,35.,-0.56,14.100000000000001,24.5,0.01,-0.01
121162,2179872,54.630403,-8.438637,0.,1,-99999,35.,-0.56,14.100000000000001,24.5,0.01,-0.01
121162,2180213,54.63041,-8.438595,0.,1,-99999,35.,-0.56,14.100000000000001,24.5,0.01,-0.01
121162,2180702,54.630407,-8.438648,0.,1,-99999,35.,-0.56,14.100000000000001,24.5,0.01,-0.01
121162,2180793,54.630387,-8.438583,0.1,1,-99999,35.,-0.56,14.100000000000001,24.5,0.01,-0.01
121162,2181641,54.630392,-8.438587,0.,1,-99999,35.,-0.56,14.100000000000001,24.5,0.01,-0.01
121162,2181685,54.63041,-8.438617,0.,1,-99999,35.,-0.56,14.100000000000001,24.5,0.01,-0.01
121162,2181713,54.630427,-8.438612,0.1,1,-99999,35.,-0.56,14.100000000000001,24.5,0.01,-0.01
121162,2182617,54.630452,-8.438662,0.,1,-99999,35.,-0.56,14.100000000000001,24.5,0.01,-0.01
121162,2182922,54.630405,-8.438572,0.,1,-99999,35.,-0.56,14.100000000000001,24.5,0.01,-0.01
121162,2183530,54.630675,-8.438763,0.,1,-99999,35.,-0.56,14.100000000000001,24.5,0.01,-0.01
121162,2183834,54.63048,-8.438665,0.,1,-99999,35.,-0.56,14.100000000000001,24.5,0.01,-0.01
121162,2183882,54.630422,-8.438587,0.,1,-99999,35.,-0.56,14.100000000000001,24.5,0.01,-0.01
121162,2184482,54.630455,-8.438697,0.,1,-99999,35.,-0.56,14.100000000000001,24.5,0.01,-0.01
121162,2184742,54.630407,-8.43859,0.,1,-99999,35.,-0.56,14.100000000000001,24.5,0.01,-0.01
121162,2185336,54.630392,-8.438612,0.,1,-99999,35.,-0.56,14.100000000000001,24.5,0.01,-0.01
121162,2185441,54.630383,-8.43861,0.,1,-99999,35.,-0.56,14.100000000000001,24.5,0.01,-0.01
121162,2185652,54.63041,-8.438582,0.,1,-99999,35.,-0.56,14.100000000000001,24.5,0.01,-0.01
121162,2186404,54.630387,-8.438628,0.,1,-99999,35.,-0.56,14.100000000000001,24.5,0.01,-0.01
121162,2186560,54.630368,-8.438593,0.,1,-99999,35.,-0.56,14.100000000000001,24.5,0.01,-0.01
121162,2186864,54.63041,-8.438595,0.,1,-99999,35.,-0.56,14.100000000000001,24.5,0.01,-0.01
121162,2187332,54.63038,-8.438642,0.,1,-99999,35.,-0.56,14.100000000000001,24.5,0.01,-0.01
121162,2187481,54.630387,-8.438612,0.,1,-99999,35.,-0.56,14.100000000000001,24.5,0.01,-0.01
121162,2188273,54.630425,-8.438617,0.,1,-99999,35.,-0.56,14.100000000000001,24.6,0.01,-0.01
121162,2188333,54.630402,-8.438602,0.,1,-99999,35.,-0.56,14.100000000000001,24.6,0.01,-0.01
121162,2188394,54.630393,-8.4386,0.,1,-99999,35.,-0.56,14.100000000000001,24.6,0.01,-0.01
121162,2189232,54.630398,-8.438643,0.1,1,-99999,35.,-0.56,14.100000000000001,24.6,0.01,-0.01
121162,2189312,54.630397,-8.43863,0.1,1,-99999,35.,-0.56,14.100000000000001,24.6,0.01,-0.01
121162,2189793,54.630537,-8.438762,0.,1,-99999,35.,-0.56,14.100000000000001,24.5,0.01,-0.01
121162,2190213,54.630422,-8.438703,0.,1,-99999,35.,-0.56,14.100000000000001,24.5,0.01,-0.01
121162,2190229,54.630415,-8.438643,0.,1,-99999,35.,-0.56,14.100000000000001,24.6,0.01,-0.01
121162,2191121,54.630432,-8.438677,0.,1,-99999,35.,-0.56,14.100000000000001,24.6,0.01,-0.01
121162,2191173,54.630447,-8.438675,0.1,1,-99999,35.,-0.56,14.100000000000001,24.6,0.01,-0.01
121162,2191307,54.630372,-8.43867,0.,1,-99999,35.,-0.56,14.100000000000001,24.6,0.01,-0.01
121162,2192030,54.630398,-8.438658,0.1,1,-99999,35.,-0.56,14.100000000000001,24.6,0.01,-0.01
121162,2192122,54.63041,-8.438645,0.,1,-99999,35.,-0.56,14.100000000000001,24.6,0.01,-0.01
121162,2192770,54.630387,-8.438605,0.,1,-99999,35.,-0.56,14.100000000000001,24.6,0.01,-0.01
121162,2192931,54.630387,-8.438647,0.,1,-99999,35.,-0.56,14.100000000000001,24.6,0.01,-0.01
121162,2193042,54.630417,-8.438667,0.,1,-99999,35.,-0.56,14.100000000000001,24.6,0.01,-0.01
121162,2193839,54.6304,-8.438575,0.,1,-99999,35.,-0.56,14.100000000000001,24.6,0.01,-0.01
121162,2193991,54.630458,-8.438628,0.1,1,-99999,35.,-0.56,14.100000000000001,24.6,0.01,-0.01
121162,2194284,54.630482,-8.438617,0.,1,-99999,35.,-0.56,14.100000000000001,24.6,0.01,-0.01
121162,2194741,54.630447,-8.438588,0.,1,-99999,35.,-0.56,14.100000000000001,24.6,0.01,-0.01
121162,2194941,54.630398,-8.438533,0.,1,-99999,35.,-0.56,14.100000000000001,24.6,0.01,-0.01
121162,2195650,54.63043,-8.438578,0.,1,-99999,35.,-0.56,14.100000000000001,24.6,0.01,-0.01
121162,2195805,54.630422,-8.438617,0.,1,-99999,35.,-0.56,14.100000000000001,24.6,0.01,-0.01
121162,2195881,54.630412,-8.438588,0.,1,-99999,35.,-0.56,14.100000000000001,24.6,0.01,-0.01
121162,2196822,54.630432,-8.438587,0.,1,-99999,35.,-0.56,14.100000000000001,24.6,0.01,-0.01
121162,2197494,54.630422,-8.438642,0.1,1,-99999,35.,-0.56,14.100000000000001,24.6,0.01,-0.01
121162,2197731,54.630422,-8.43863,0.,1,-99999,35.,-0.56,14.100000000000001,24.6,0.01,-0.01
121162,2197983,54.630407,-8.43858,0.,1,-99999,35.,-0.56,14.100000000000001,24.6,0.01,-0.01
121162,2198403,54.630393,-8.438627,0.,1,-99999,35.,-0.56,14.100000000000001,24.6,0.01,-0.01
121162,2198671,54.63044,-8.438635,0.1,1,-99999,35.,-0.56,14.100000000000001,24.6,0.01,-0.01
121162,2199431,54.630392,-8.438645,0.,1,-99999,35.,-0.56,14.100000000000001,24.6,0.01,-0.01
121162,2199611,54.630373,-8.43856,0.,1,-99999,35.,-0.56,14.100000000000001,24.6,0.01,-0.01
121162,2200522,54.630425,-8.438595,0.,1,-99999,35.,-0.5700000000000001,14.100000000000001,24.6,0.01,-0.01
121162,2200571,54.630427,-8.438605,0.,1,-99999,35.,-0.5700000000000001,14.100000000000001,24.6,0.01,-0.01
121162,2200955,54.630417,-8.43863,0.,1,-99999,35.,-0.5700000000000001,14.100000000000001,24.6,0.01,-0.01
121162,2201502,54.630448,-8.438612,0.1,1,-99999,35.,-0.5700000000000001,14.100000000000001,24.6,0.01,-0.01
121162,2201722,54.630417,-8.438605,0.1,1,-99999,35.,-0.5700000000000001,14.100000000000001,24.6,0.01,-0.01
121162,2202431,54.630402,-8.438667,0.,1,-99999,35.,-0.5700000000000001,14.100000000000001,24.6,0.01,-0.01
121162,2202475,54.630395,-8.438622,0.,1,-99999,35.,-0.5700000000000001,14.100000000000001,24.6,0.01,-0.01
121162,2202639,54.630398,-8.43858,0.,1,-99999,35.,-0.5700000000000001,14.100000000000001,24.6,0.01,-0.01
121162,2203381,54.630415,-8.43858,0.1,1,-99999,35.,-0.5700000000000001,14.100000000000001,24.6,0.01,-0.01
121162,2203542,54.630383,-8.438593,0.,1,-99999,35.,-0.5700000000000001,14.100000000000001,24.6,0.01,-0.01
121162,2203985,54.63042,-8.438672,0.,1,-99999,35.,-0.5700000000000001,14.100000000000001,24.6,0.01,-0.01
121162,2204313,54.630443,-8.438583,0.,1,-99999,35.,-0.5700000000000001,14.100000000000001,24.6,0.01,-0.01
121162,2204751,54.630437,-8.438667,0.,1,-99999,35.,-0.5700000000000001,14.100000000000001,24.6,0.01,-0.01
121162,2205242,54.630428,-8.438667,0.,1,-99999,35.,-0.5700000000000001,14.100000000000001,24.6,0.01,-0.01
121162,2205543,54.63044,-8.438635,0.,1,-99999,35.,-0.5700000000000001,14.100000000000001,24.6,0.01,-0.01
121162,2205962,54.630433,-8.438648,0.,1,-99999,35.,-0.5700000000000001,14.100000000000001,24.6,0.01,-0.01
121162,2206182,54.630465,-8.438652,0.,1,-99999,35.,-0.5700000000000001,14.100000000000001,24.6,0.01,-0.01
121162,2206871,54.63044,-8.438618,0.,1,-99999,35.,-0.5700000000000001,14.100000000000001,24.6,0.01,-0.01
121162,2207014,54.630405,-8.438602,0.,1,-99999,35.,-0.5700000000000001,14.100000000000001,24.6,0.01,-0.01
121162,2207134,54.6304,-8.438608,0.,1,-99999,35.,-0.5700000000000001,14.100000000000001,24.6,0.01,-0.01
121162,2207782,54.630428,-8.438653,0.,1,-99999,35.,-0.5700000000000001,14.100000000000001,24.6,0.01,-0.01
121162,2208082,54.630398,-8.438577,0.1,1,-99999,35.,-0.5700000000000001,14.100000000000001,24.700000000000003,0.01,-0.01
121162,2208534,54.630425,-8.438667,0.,1,-99999,35.,-0.5700000000000001,14.100000000000001,24.6,0.01,-0.01
121162,2208690,54.630363,-8.438618,0.1,1,-99999,35.,-0.5700000000000001,14.100000000000001,24.6,0.01,-0.01
121162,2209022,54.630392,-8.438673,0.,1,-99999,35.,-0.5700000000000001,14.100000000000001,24.6,0.01,-0.01
121162,2209602,54.630428,-8.438637,0.,1,-99999,35.,-0.5700000000000001,14.100000000000001,24.700000000000003,0.01,-0.01
121162,2209982,54.630457,-8.438712,0.,1,-99999,35.,-0.5700000000000001,14.100000000000001,24.6,0.01,-0.01
121162,2210114,54.63041,-8.438652,0.,1,-99999,35.,-0.5700000000000001,14.100000000000001,24.700000000000003,0.01,-0.01
121162,2210810,54.630402,-8.438642,0.,1,-99999,35.,-0.5700000000000001,14.100000000000001,24.700000000000003,0.01,-0.01
121162,2210922,54.630387,-8.438648,0.1,1,-99999,35.,-0.5700000000000001,14.100000000000001,24.700000000000003,0.01,-0.01
121162,2211730,54.630387,-8.438628,0.1,1,-99999,35.,-0.5700000000000001,14.100000000000001,24.700000000000003,0.01,-0.01
121162,2211874,54.630402,-8.438563,0.,1,-99999,35.,-0.5700000000000001,14.100000000000001,24.700000000000003,0.01,-0.01
121162,2212652,54.630372,-8.438593,0.,1,-99999,35.,-0.5700000000000001,14.100000000000001,24.700000000000003,0.01,-0.01
121162,2212833,54.630627,-8.43859,0.,1,-99999,35.,-0.5700000000000001,14.100000000000001,24.700000000000003,0.01,-0.01
121162,2213044,54.630597,-8.438602,0.,1,-99999,35.,-0.5700000000000001,14.100000000000001,24.700000000000003,0.01,-0.01
121162,2213560,54.630497,-8.438562,0.,1,-99999,35.,-0.5700000000000001,14.100000000000001,24.700000000000003,0.01,-0.01
121162,2213800,54.630487,-8.438545,0.,1,-99999,35.,-0.5700000000000001,14.100000000000001,24.700000000000003,0.01,-0.01
121162,2214464,54.630403,-8.438617,0.,1,-99999,35.,-0.5700000000000001,14.100000000000001,24.700000000000003,0.01,-0.01
121162,2214525,54.630422,-8.438672,0.,1,-99999,35.,-0.5700000000000001,14.100000000000001,24.700000000000003,0.01,-0.01
121162,2214740,54.630432,-8.438608,0.,1,-99999,35.,-0.5700000000000001,14.100000000000001,24.700000000000003,0.,-0.01
121162,2215372,54.630422,-8.438688,0.,1,-99999,35.,-0.5700000000000001,14.100000000000001,24.700000000000003,0.,-0.01
121162,2215700,54.630402,-8.43862,0.,1,-99999,35.,-0.5700000000000001,14.100000000000001,24.700000000000003,0.,-0.01
121162,2215976,54.630397,-8.438602,0.,1,-99999,35.,-0.5700000000000001,14.100000000000001,24.700000000000003,0.,-0.01
121162,2216273,54.630413,-8.438592,0.,1,-99999,35.,-0.5700000000000001,14.100000000000001,24.700000000000003,0.,-0.01
121162,2216622,54.630428,-8.438627,0.,1,-99999,35.,-0.5700000000000001,14.100000000000001,24.700000000000003,0.,-0.01
121162,2217191,54.630422,-8.438635,0.,1,-99999,35.,-0.5700000000000001,14.100000000000001,24.700000000000003,0.,-0.01
121162,2217506,54.630457,-8.438635,0.,1,-99999,35.,-0.5700000000000001,14.100000000000001,24.700000000000003,0.,-0.01
121162,2218102,54.630413,-8.438598,0.,1,-99999,35.,-0.5700000000000001,14.100000000000001,24.700000000000003,0.,-0.01
121162,2218474,54.630392,-8.43861,0.,1,-99999,35.,-0.5700000000000001,14.100000000000001,24.700000000000003,0.,-0.01
121162,2218514,54.630407,-8.438642,0.,1,-99999,35.,-0.5700000000000001,14.100000000000001,24.700000000000003,0.,-0.01
121162,2219310,54.630417,-8.438613,0.,1,-99999,35.,-0.5700000000000001,14.100000000000001,24.700000000000003,0.,-0.01
121162,2219538,54.63041,-8.438588,0.,1,-99999,35.,-0.5700000000000001,14.100000000000001,24.700000000000003,0.,-0.01
121162,2219578,54.630417,-8.438607,0.,1,-99999,35.,-0.5700000000000001,14.100000000000001,24.700000000000003,0.,-0.01
121162,2220223,54.630422,-8.43861,0.1,1,-99999,35.,-0.5700000000000001,14.100000000000001,24.700000000000003,0.,-0.01
121162,2220491,54.630378,-8.4386,0.,1,-99999,35.,-0.5700000000000001,14.100000000000001,24.700000000000003,0.,-0.01
121162,2220603,54.630402,-8.438627,0.,1,-99999,35.,-0.5700000000000001,14.100000000000001,24.700000000000003,0.,-0.01
121162,2221420,54.630403,-8.438648,0.,1,-99999,35.,-0.5700000000000001,14.100000000000001,24.700000000000003,0.,-0.01
121162,2221440,54.630427,-8.43865,0.1,1,-99999,35.,-0.5700000000000001,14.100000000000001,24.700000000000003,0.,-0.01
121162,2222332,54.63044,-8.438703,0.,1,-99999,35.,-0.5700000000000001,14.100000000000001,24.700000000000003,0.,-0.02
121162,2222392,54.63039,-8.438563,0.1,1,-99999,35.,-0.5700000000000001,14.100000000000001,24.700000000000003,0.,-0.02
121162,2223352,54.630368,-8.438648,0.1,1,-99999,35.,-0.5700000000000001,14.100000000000001,24.700000000000003,0.,-0.02
121162,2223540,54.630387,-8.43856,0.1,1,-99999,35.,-0.5700000000000001,14.100000000000001,24.700000000000003,0.,-0.02
121162,2224045,54.630337,-8.43867,0.,1,-99999,35.,-0.5700000000000001,14.100000000000001,24.700000000000003,0.,-0.02
121162,2224313,54.630387,-8.43863,0.,1,-99999,35.,-0.5700000000000001,14.100000000000001,24.700000000000003,0.,-0.02
121162,2224441,54.630373,-8.438583,0.1,1,-99999,35.,-0.5700000000000001,14.100000000000001,24.700000000000003,0.,-0.02
121162,2225273,54.630608,-8.438785,0.1,1,-99999,35.,-0.5700000000000001,14.100000000000001,24.700000000000003,0.,-0.02
121162,2225354,54.630652,-8.438763,0.,1,-99999,35.,-0.5700000000000001,14.100000000000001,24.700000000000003,0.,-0.02
121162,2225505,54.630617,-8.438767,0.,1,-99999,35.,-0.5700000000000001,14.100000000000001,24.700000000000003,0.,-0.02
121162,2226233,54.630457,-8.438677,0.1,1,-99999,35.,-0.5700000000000001,14.100000000000001,24.700000000000003,0.,-0.02
121162,2226261,54.630498,-8.438737,0.,1,-99999,35.,-0.5700000000000001,14.100000000000001,24.700000000000003,0.,-0.02
121162,2227014,54.630405,-8.43864,0.,1,-99999,35.,-0.5700000000000001,14.100000000000001,24.700000000000003,0.,-0.02
121162,2227153,54.63041,-8.438642,0.,1,-99999,35.,-0.5700000000000001,14.100000000000001,24.700000000000003,0.,-0.02
121162,2227461,54.630432,-8.438653,0.1,1,-99999,35.,-0.5700000000000001,14.100000000000001,24.700000000000003,0.,-0.02
121162,2228101,54.630487,-8.438658,0.1,1,-99999,35.,-0.5700000000000001,14.100000000000001,24.700000000000003,0.,-0.02
121162,2228372,54.630443,-8.438642,0.,1,-99999,35.,-0.5700000000000001,14.100000000000001,24.700000000000003,0.,-0.02
121162,2228536,54.630537,-8.438665,0.,1,-99999,35.,-0.5700000000000001,14.100000000000001,24.700000000000003,0.,-0.02
121162,2229041,54.630503,-8.438593,0.1,1,-99999,35.,-0.5700000000000001,14.100000000000001,24.8,0.,-0.02
121162,2229572,54.630567,-8.438788,0.1,1,-99999,35.,-0.5700000000000001,14.100000000000001,24.700000000000003,0.,-0.02
121162,2229996,54.63041,-8.43864,0.,1,-99999,35.,-0.5700000000000001,14.100000000000001,24.700000000000003,0.,-0.02
121162,2230001,54.63041,-8.43864,0.,1,-99999,35.,-0.5700000000000001,14.100000000000001,24.700000000000003,0.,-0.02
121162,2230482,54.630428,-8.4386,0.,1,-99999,35.,-0.5700000000000001,14.100000000000001,24.8,0.,-0.02
121162,2230941,54.630433,-8.438692,0.,1,-99999,35.,-0.5700000000000001,14.100000000000001,24.700000000000003,0.,-0.02
121162,2231401,54.630433,-8.438632,0.1,1,-99999,35.,-0.5700000000000001,14.100000000000001,24.8,0.,-0.02
121162,2231465,54.630422,-8.438672,0.,1,-99999,35.,-0.5700000000000001,14.100000000000001,24.8,0.,-0.02
121162,2231901,54.630385,-8.438612,0.,1,-99999,35.,-0.5700000000000001,14.100000000000001,24.8,0.,-0.02
121162,2232313,54.630403,-8.438688,0.,1,-99999,35.,-0.5700000000000001,14.100000000000001,24.8,0.,-0.02
121162,2232841,54.63045,-8.43865,0.,1,-99999,35.,-0.5700000000000001,14.100000000000001,24.8,0.,-0.02
121162,2232933,54.630405,-8.438627,0.,1,-99999,35.,-0.5700000000000001,14.100000000000001,24.8,0.,-0.02
121162,2233511,54.63039,-8.438613,0.1,1,-99999,35.,-0.5700000000000001,14.100000000000001,24.8,0.,-0.02
121162,2233802,54.630387,-8.438758,0.,1,-99999,35.,-0.5700000000000001,14.100000000000001,24.8,0.,-0.02
121162,2234423,54.630438,-8.438653,0.,1,-99999,35.,-0.5700000000000001,14.100000000000001,24.8,0.,-0.02
121162,2234771,54.630417,-8.438615,0.,1,-99999,35.,-0.5700000000000001,14.100000000000001,24.8,0.,-0.02
121162,2235331,54.63044,-8.438622,0.1,1,-99999,35.,-0.5700000000000001,14.100000000000001,24.8,0.,-0.02
121162,2235750,54.630488,-8.438658,0.,1,-99999,35.,-0.5700000000000001,14.100000000000001,24.8,0.,-0.02
121162,2235866,54.630525,-8.438665,0.,1,-99999,35.,-0.5700000000000001,14.100000000000001,24.8,0.,-0.02
121162,2236232,54.630462,-8.438667,0.,1,-99999,35.,-0.5700000000000001,14.100000000000001,24.8,0.,-0.02
121162,2236724,54.630343,-8.438575,0.,1,-99999,35.,-0.5700000000000001,14.100000000000001,24.8,0.,-0.02
121162,2237372,54.63045,-8.438595,0.,1,-99999,35.,-0.5700000000000001,14.100000000000001,24.8,0.,-0.02
121162,2237432,54.630518,-8.438638,0.,1,-99999,35.,-0.5700000000000001,14.100000000000001,24.8,0.,-0.02
121162,2237681,54.630482,-8.438567,0.,1,-99999,35.,-0.5700000000000001,14.100000000000001,24.8,0.,-0.02
121162,2238341,54.63053,-8.43869,0.,1,-99999,35.,-0.5700000000000001,14.100000000000001,24.8,0.,-0.02
121162,2238641,54.630443,-8.438632,0.,1,-99999,35.,-0.5700000000000001,14.100000000000001,24.8,0.,-0.02
121162,2238826,54.630452,-8.438652,0.,1,-99999,35.,-0.5700000000000001,14.100000000000001,24.8,0.,-0.02
121162,2239542,54.630407,-8.438568,0.,1,-99999,35.,-0.5700000000000001,14.100000000000001,24.8,0.,-0.02
121162,2239603,54.63039,-8.438615,0.,1,-99999,35.,-0.5700000000000001,14.100000000000001,24.8,0.,-0.02
121162,2240338,54.630417,-8.438642,0.,1,-99999,35.,-0.5700000000000001,14.100000000000001,24.8,0.,-0.02
121162,2240454,54.630417,-8.438683,0.,1,-99999,35.,-0.5700000000000001,14.100000000000001,24.8,0.,-0.02
121162,2240566,54.630383,-8.438625,0.,1,-99999,35.,-0.5700000000000001,14.100000000000001,24.8,0.,-0.02
121162,2241362,54.63039,-8.438588,0.,1,-99999,35.,-0.5700000000000001,14.100000000000001,24.8,0.,-0.02
121162,2241502,54.630402,-8.438567,0.,1,-99999,35.,-0.5700000000000001,14.100000000000001,24.8,0.,-0.02
121162,2241915,54.63044,-8.438607,0.,1,-99999,35.,-0.5700000000000001,14.100000000000001,24.8,0.,-0.02
121162,2242263,54.6305,-8.438605,0.,1,-99999,35.,-0.5700000000000001,14.100000000000001,24.8,0.,-0.02
121162,2242515,54.630483,-8.438675,0.,1,-99999,35.,-0.5700000000000001,14.100000000000001,24.8,0.,-0.02
121162,2243461,54.630425,-8.438597,0.1,1,-99999,35.,-0.5700000000000001,14.100000000000001,24.8,0.,-0.02
121162,2243465,54.630425,-8.438597,0.1,1,-99999,35.,-0.5700000000000001,14.100000000000001,24.8,0.,-0.02
121162,2244373,54.63039,-8.438462,0.1,1,-99999,35.,-0.5700000000000001,14.100000000000001,24.8,0.,-0.02
121162,2244413,54.630302,-8.438467,0.1,1,-99999,35.,-0.5700000000000001,14.100000000000001,24.8,0.,-0.02
121162,2244865,54.630455,-8.438657,0.,1,-99999,35.,-0.5700000000000001,14.100000000000001,24.8,0.,-0.02
121162,2245293,54.630405,-8.438632,0.,1,-99999,35.,-0.58,14.100000000000001,24.8,0.,-0.02
121162,2245353,54.630425,-8.43871,0.,1,-99999,35.,-0.58,14.100000000000001,24.8,0.,-0.02
121162,2246201,54.630448,-8.438587,0.,1,-99999,35.,-0.58,14.100000000000001,24.8,0.,-0.02
121162,2246293,54.630458,-8.438472,0.1,1,-99999,35.,-0.58,14.100000000000001,24.8,0.,-0.02
121162,2246325,54.630432,-8.438562,0.,1,-99999,35.,-0.58,14.100000000000001,24.8,0.,-0.02
121162,2247122,54.630387,-8.438658,0.,1,-99999,35.,-0.58,14.100000000000001,24.8,0.,-0.02
121162,2247242,54.630417,-8.438662,0.,1,-99999,35.,-0.58,14.100000000000001,24.8,0.,-0.02
121162,2247794,54.630402,-8.438642,0.,1,-99999,35.,-0.58,14.100000000000001,24.8,0.,-0.02
121162,2248042,54.630428,-8.438597,0.,1,-99999,35.,-0.58,14.100000000000001,24.8,0.,-0.02
121162,2248202,54.63041,-8.438618,0.,1,-99999,35.,-0.58,14.100000000000001,24.8,0.,-0.02
121162,2249178,54.63042,-8.438587,0.,1,-99999,35.,-0.58,14.100000000000001,24.8,0.,-0.02
121162,2249242,54.630438,-8.438653,0.,1,-99999,35.,-0.58,14.100000000000001,24.8,0.,-0.02
121162,2249254,54.630435,-8.438652,0.,1,-99999,35.,-0.58,14.100000000000001,24.8,0.,-0.02
121162,2250124,54.630387,-8.438628,0.1,1,-99999,35.,-0.58,14.100000000000001,24.8,0.,-0.02
121162,2250164,54.630358,-8.4386,0.,1,-99999,35.,-0.58,14.100000000000001,24.900000000000002,0.,-0.02
121162,2250720,54.630427,-8.438627,0.,1,-99999,35.,-0.58,14.100000000000001,24.8,0.,-0.02
121162,2251052,54.63038,-8.438575,0.,1,-99999,35.,-0.58,14.100000000000001,24.900000000000002,0.,-0.02
121162,2251084,54.63041,-8.438612,0.,1,-99999,35.,-0.58,14.100000000000001,24.900000000000002,0.,-0.02
121162,2252000,54.630397,-8.438598,0.,1,-99999,35.,-0.58,14.100000000000001,24.900000000000002,0.,-0.02
121162,2252012,54.630398,-8.438603,0.,1,-99999,35.,-0.58,14.100000000000001,24.900000000000002,0.,-0.02
121162,2252912,54.63044,-8.438642,0.1,1,-99999,35.,-0.58,14.100000000000001,24.900000000000002,0.,-0.02
121162,2253834,54.630368,-8.438542,0.,1,-99999,35.,-0.58,14.100000000000001,24.900000000000002,0.,-0.02
121162,2253905,54.630402,-8.438547,0.1,1,-99999,35.,-0.58,14.100000000000001,24.900000000000002,0.,-0.02
121162,2254742,54.630403,-8.438692,0.,1,-99999,35.,-0.58,14.100000000000001,24.900000000000002,0.,-0.02
121162,2254842,54.6304,-8.438683,0.,1,-99999,35.,-0.58,14.100000000000001,24.900000000000002,0.,-0.02
121162,2255125,54.630432,-8.438557,0.,1,-99999,35.,-0.58,14.100000000000001,24.900000000000002,0.,-0.02
121162,2255653,54.630387,-8.438573,0.,1,-99999,35.,-0.58,14.100000000000001,24.900000000000002,0.,-0.02
121162,2255781,54.630522,-8.43889,0.,1,-99999,35.,-0.58,14.100000000000001,24.8,0.,-0.02
121162,2256573,54.630573,-8.438625,0.1,1,-99999,35.,-0.58,14.100000000000001,24.900000000000002,0.,-0.02
121162,2256593,54.63058,-8.438642,0.,1,-99999,35.,-0.58,14.100000000000001,24.900000000000002,0.,-0.02
121162,2256693,54.630373,-8.438657,0.1,1,-99999,35.,-0.58,14.100000000000001,24.900000000000002,0.,-0.02
121162,2257482,54.630373,-8.438605,0.1,1,-99999,35.,-0.58,14.100000000000001,24.900000000000002,0.,-0.02
121162,2257662,54.630425,-8.438587,0.1,1,-99999,35.,-0.58,14.100000000000001,24.900000000000002,0.,-0.02
121162,2258094,54.630447,-8.438565,0.,1,-99999,35.,-0.58,14.100000000000001,24.900000000000002,0.,-0.02
121162,2258390,54.630448,-8.438633,0.1,1,-99999,35.,-0.58,14.100000000000001,24.900000000000002,0.,-0.02
121162,2258611,54.630413,-8.438625,0.,1,-99999,35.,-0.58,14.100000000000001,24.900000000000002,0.,-0.02
121162,2259310,54.630408,-8.43862,0.1,1,-99999,35.,-0.58,14.100000000000001,24.900000000000002,0.,-0.02
121162,2259566,54.630422,-8.438647,0.,1,-99999,35.,-0.58,14.100000000000001,24.900000000000002,0.,-0.02
121162,2260213,54.630405,-8.438617,0.,1,-99999,35.,-0.58,14.100000000000001,24.900000000000002,0.,-0.02
121162,2260553,54.630387,-8.43862,0.,1,-99999,35.,-0.58,14.100000000000001,24.900000000000002,0.,-0.02
121162,2261122,54.630398,-8.438685,0.1,1,-99999,35.,-0.58,14.100000000000001,24.900000000000002,0.,-0.02
121162,2261502,54.630368,-8.438613,0.,1,-99999,35.,-0.58,14.100000000000001,24.900000000000002,0.,-0.02
121162,2261762,54.630362,-8.438612,0.,1,-99999,35.,-0.58,14.100000000000001,24.900000000000002,0.,-0.02
121162,2262322,54.630427,-8.438665,0.,1,-99999,35.,-0.58,14.100000000000001,24.900000000000002,0.,-0.02
121162,2262442,54.63043,-8.438628,0.1,1,-99999,35.,-0.58,14.100000000000001,24.900000000000002,0.,-0.02
121162,2263243,54.630313,-8.438572,0.1,1,-99999,35.,-0.58,14.100000000000001,24.900000000000002,0.,-0.02
121162,2263258,54.630322,-8.438582,0.,1,-99999,35.,-0.58,14.100000000000001,24.900000000000002,0.,-0.02
121162,2263391,54.630428,-8.438612,0.,1,-99999,35.,-0.58,14.100000000000001,24.900000000000002,0.,-0.02
121162,2264150,54.630417,-8.438625,0.1,1,-99999,35.,-0.58,14.100000000000001,24.900000000000002,0.,-0.02
121162,2264314,54.630422,-8.438605,0.,1,-99999,35.,-0.58,14.100000000000001,24.900000000000002,0.,-0.02
121162,2264713,54.630367,-8.438532,0.,1,-99999,35.,-0.58,14.100000000000001,24.900000000000002,0.,-0.02
121162,2265053,54.630387,-8.438613,0.1,1,-99999,35.,-0.58,14.100000000000001,24.900000000000002,0.,-0.02
121162,2265269,54.630383,-8.438598,0.1,1,-99999,35.,-0.58,14.100000000000001,24.900000000000002,0.,-0.02
121162,2266174,54.630395,-8.43878,0.,1,-99999,35.,-0.58,14.100000000000001,24.900000000000002,0.,-0.02
121162,2266241,54.630408,-8.43866,0.,1,-99999,35.,-0.58,14.100000000000001,24.900000000000002,0.,-0.02
121162,2266253,54.630398,-8.438622,0.,1,-99999,35.,-0.58,14.100000000000001,24.900000000000002,0.,-0.02
121162,2267161,54.63039,-8.438577,0.1,1,-99999,35.,-0.58,14.100000000000001,24.900000000000002,0.,-0.02
121162,2267173,54.6304,-8.43859,0.,1,-99999,35.,-0.58,14.100000000000001,24.900000000000002,0.,-0.02
121162,2267625,54.63038,-8.438627,0.,1,-99999,35.,-0.58,14.100000000000001,24.900000000000002,0.,-0.02
121162,2268081,54.6305,-8.438815,0.1,1,-99999,35.,-0.58,14.100000000000001,24.900000000000002,0.,-0.02
121162,2268113,54.63044,-8.438692,0.,1,-99999,35.,-0.58,14.100000000000001,24.900000000000002,0.,-0.02
121162,2269052,54.630442,-8.43864,0.,1,-99999,35.,-0.58,14.100000000000001,24.900000000000002,0.,-0.02
121162,2269136,54.630472,-8.438727,0.,1,-99999,35.,-0.58,14.100000000000001,24.900000000000002,0.,-0.02
121162,2269280,54.630425,-8.43865,0.1,1,-99999,35.,-0.58,14.100000000000001,24.900000000000002,0.,-0.02
121162,2270012,54.630495,-8.438707,0.,1,-99999,35.,-0.58,14.100000000000001,24.900000000000002,0.,-0.02
121162,2270201,54.630467,-8.438637,0.,1,-99999,35.,-0.58,14.100000000000001,24.900000000000002,0.,-0.02
121162,2270652,54.630452,-8.438662,0.,1,-99999,35.,-0.58,14.100000000000001,24.900000000000002,0.,-0.02
121162,2270952,54.63041,-8.438628,0.,1,-99999,35.,-0.58,14.100000000000001,24.900000000000002,0.,-0.02
121162,2271401,54.630405,-8.438627,0.1,1,-99999,35.,-0.58,14.100000000000001,24.900000000000002,0.,-0.02
121162,2271933,54.630375,-8.438548,0.,1,-99999,35.,-0.58,14.100000000000001,25.,0.,-0.02
121162,2272098,54.630402,-8.43858,0.,1,-99999,35.,-0.58,14.100000000000001,25.,0.,-0.02
121162,2272314,54.630353,-8.438563,0.,1,-99999,35.,-0.58,14.100000000000001,25.,0.,-0.02
121162,2272882,54.63032,-8.438502,0.,1,-99999,35.,-0.58,14.100000000000001,25.,0.,-0.02
121162,2273224,54.630412,-8.438658,0.1,1,-99999,35.,-0.58,14.100000000000001,25.,0.,-0.02
121162,2273555,54.630377,-8.438612,0.,1,-99999,35.,-0.58,14.100000000000001,25.,0.,-0.02
121162,2273823,54.630373,-8.438595,0.1,1,-99999,35.,-0.58,14.100000000000001,25.,0.,-0.02
121162,2274131,54.630432,-8.438623,0.1,1,-99999,35.,-0.58,14.100000000000001,25.,0.,-0.02
121162,2274764,54.630468,-8.438675,0.1,1,-99999,35.,-0.58,14.100000000000001,25.,0.,-0.02
121162,2275041,54.630428,-8.438642,0.,1,-99999,35.,-0.58,14.100000000000001,25.,0.,-0.02
121162,2275056,54.630442,-8.438632,0.,1,-99999,35.,-0.58,14.100000000000001,25.,0.,-0.02
121162,2275716,54.630462,-8.438632,0.,1,-99999,35.,-0.58,14.100000000000001,25.,0.,-0.02
121162,2275957,54.630518,-8.438708,0.,1,-99999,35.,-0.58,14.100000000000001,25.,0.,-0.02
121162,2276576,54.630432,-8.438627,0.,1,-99999,35.,-0.58,14.100000000000001,25.,0.,-0.02
121162,2276673,54.63044,-8.438658,0.,1,-99999,35.,-0.58,14.100000000000001,25.,0.,-0.02
121162,2276861,54.630467,-8.438858,0.,1,-99999,35.,-0.58,14.100000000000001,24.900000000000002,0.,-0.02
121162,2277644,54.63038,-8.43869,0.,1,-99999,35.,-0.58,14.100000000000001,25.,0.,-0.02
121162,2277774,54.630375,-8.438635,0.,1,-99999,35.,-0.58,14.100000000000001,25.,0.,-0.02
121162,2278075,54.63041,-8.438617,0.,1,-99999,35.,-0.58,14.100000000000001,25.,0.,-0.02
121162,2278622,54.630388,-8.438637,0.,1,-99999,35.,-0.58,14.100000000000001,25.,0.,-0.02
121162,2278682,54.630387,-8.438665,0.,1,-99999,35.,-0.58,14.100000000000001,25.,0.,-0.02
121162,2279555,54.630437,-8.438647,0.,1,-99999,35.,-0.58,14.100000000000001,25.,0.,-0.02
121162,2279591,54.630402,-8.438695,0.,1,-99999,35.,-0.58,14.100000000000001,25.,0.,-0.02
121162,2280474,54.630388,-8.438528,0.1,1,-99999,35.,-0.58,14.100000000000001,25.,0.,-0.02
121162,2280502,54.630537,-8.438672,0.,1,-99999,35.,-0.58,14.100000000000001,25.,0.,-0.02
121162,2281014,54.630495,-8.438602,0.,1,-99999,35.,-0.58,14.100000000000001,25.,0.,-0.02
121162,2281411,54.630433,-8.438632,0.,1,-99999,35.,-0.58,14.100000000000001,25.,0.,-0.02
121162,2281460,54.630395,-8.438573,0.1,1,-99999,35.,-0.58,14.100000000000001,25.,0.,-0.02
121162,2282323,54.630435,-8.43861,0.,1,-99999,35.,-0.58,14.100000000000001,25.,0.,-0.02
121162,2282427,54.630413,-8.438618,0.,1,-99999,35.,-0.58,14.100000000000001,25.,0.,-0.02
121162,2282535,54.630455,-8.438657,0.,1,-99999,35.,-0.58,14.100000000000001,25.,0.,-0.02
121162,2283231,54.630398,-8.438587,0.1,1,-99999,35.,-0.58,14.100000000000001,25.,0.,-0.02
121162,2283391,54.630453,-8.438618,0.,1,-99999,35.,-0.58,14.100000000000001,25.,0.,-0.02
121162,2284004,54.630422,-8.438617,0.,1,-99999,35.,-0.58,14.100000000000001,25.,0.,-0.02
121162,2284141,54.63044,-8.438622,0.1,1,-99999,35.,-0.58,14.100000000000001,25.,0.,-0.02
121162,2284329,54.630398,-8.438608,0.,1,-99999,35.,-0.58,14.100000000000001,25.,0.,-0.02
121162,2285050,54.63041,-8.438598,0.,1,-99999,35.,-0.58,14.100000000000001,25.,0.,-0.02
121162,2285246,54.630423,-8.438613,0.1,1,-99999,35.,-0.58,14.100000000000001,25.,0.,-0.02
121162,2285487,54.63044,-8.438627,0.,1,-99999,35.,-0.58,14.100000000000001,25.,0.,-0.02
121162,2285960,54.630447,-8.438722,0.,1,-99999,35.,-0.58,14.100000000000001,25.,0.,-0.02
121162,2286153,54.630437,-8.438605,0.,1,-99999,35.,-0.58,14.100000000000001,25.,0.,-0.02
121162,2286862,54.630448,-8.438628,0.1,1,-99999,35.,-0.58,14.100000000000001,25.,0.,-0.02
121162,2286937,54.630462,-8.438645,0.,1,-99999,35.,-0.58,14.100000000000001,25.,0.,-0.02
121162,2287113,54.630423,-8.438643,0.,1,-99999,35.,-0.58,14.100000000000001,25.,0.,-0.02
121162,2287782,54.630457,-8.438623,0.,1,-99999,35.,-0.58,14.100000000000001,25.,0.,-0.02
121162,2288051,54.630447,-8.4386,0.1,1,-99999,35.,-0.58,14.100000000000001,25.,0.,-0.02
121162,2288403,54.630422,-8.438627,0.,1,-99999,35.,-0.58,14.100000000000001,25.,0.,-0.02
121162,2288699,54.630377,-8.438622,0.,1,-99999,35.,-0.58,14.100000000000001,25.,0.,-0.02
121162,2289003,54.630428,-8.438568,0.,1,-99999,35.,-0.58,14.100000000000001,25.,0.,-0.02
121162,2289612,54.630373,-8.438595,0.,1,-99999,35.,-0.58,14.100000000000001,25.,0.,-0.02
121162,2289851,54.630382,-8.43862,0.,1,-99999,35.,-0.58,14.100000000000001,25.,0.,-0.02
121162,2289915,54.630362,-8.438607,0.,1,-99999,35.,-0.58,14.100000000000001,25.,0.,-0.02
121162,2290523,54.630428,-8.438625,0.1,1,-99999,35.,-0.59,14.100000000000001,25.,0.,-0.02
121162,2290871,54.630422,-8.438638,0.,1,-99999,35.,-0.59,14.100000000000001,25.,0.,-0.02
121162,2291312,54.630447,-8.438665,0.,1,-99999,35.,-0.59,14.100000000000001,25.,0.,-0.02
121162,2291432,54.630445,-8.438655,0.,1,-99999,35.,-0.59,14.100000000000001,25.,0.,-0.02
121162,2291832,54.630433,-8.43861,0.,1,-99999,35.,-0.59,14.100000000000001,25.,0.,-0.02
121162,2292334,54.63049,-8.438697,0.,1,-99999,35.,-0.59,14.100000000000001,25.,0.,-0.02
121162,2292770,54.630473,-8.438683,0.,1,-99999,35.,-0.59,14.100000000000001,25.,0.,-0.02
121162,2292794,54.630442,-8.438647,0.,1,-99999,35.,-0.59,14.100000000000001,25.,0.,-0.02
121162,2293235,54.630417,-8.438598,0.,1,-99999,35.,-0.59,14.100000000000001,25.1,0.,-0.02
121162,2293710,54.63041,-8.438595,0.,1,-99999,35.,-0.59,14.100000000000001,25.1,0.,-0.02
121162,2294152,54.63042,-8.4386,0.,1,-99999,35.,-0.59,14.100000000000001,25.1,0.,-0.02
121162,2294245,54.630407,-8.438657,0.,1,-99999,35.,-0.59,14.100000000000001,25.1,0.,-0.02
121162,2294673,54.630417,-8.438607,0.,1,-99999,35.,-0.59,14.100000000000001,25.1,0.,-0.02
121162,2295053,54.630413,-8.438657,0.,1,-99999,35.,-0.59,14.100000000000001,25.1,0.,-0.02
121162,2295629,54.630398,-8.438625,0.,1,-99999,35.,-0.59,14.100000000000001,25.1,0.,-0.02
121162,2295769,54.63047,-8.438655,0.,1,-99999,35.,-0.59,14.100000000000001,25.1,0.,-0.02
121162,2295961,54.630555,-8.438882,0.,1,-99999,35.,-0.59,14.100000000000001,25.,0.,-0.02
121162,2296583,54.630447,-8.438617,0.,1,-99999,35.,-0.59,14.100000000000001,25.1,0.,-0.02
121162,2296881,54.630387,-8.438652,0.1,1,-99999,35.,-0.59,14.100000000000001,25.1,0.,-0.02
121162,2297228,54.630457,-8.43863,0.,1,-99999,35.,-0.59,14.100000000000001,25.1,0.,-0.02
121162,2297552,54.630403,-8.43865,0.,1,-99999,35.,-0.59,14.100000000000001,25.1,0.,-0.02
121162,2297790,54.630392,-8.438612,0.1,1,-99999,35.,-0.59,14.100000000000001,25.1,0.,-0.02
121162,2298483,54.630397,-8.438607,0.,1,-99999,35.,-0.59,14.100000000000001,25.1,0.,-0.02
121162,2298699,54.63043,-8.438582,0.,1,-99999,35.,-0.59,14.100000000000001,25.1,0.,-0.02
121162,2298807,54.630435,-8.43859,0.,1,-99999,35.,-0.59,14.100000000000001,25.1,0.,-0.02
121162,2299431,54.630573,-8.43861,0.1,1,-99999,35.,-0.59,14.100000000000001,25.1,0.,-0.02
121162,2299611,54.630522,-8.438568,0.,1,-99999,35.,-0.59,14.100000000000001,25.1,0.,-0.02
121162,2300371,54.630405,-8.438577,0.,1,-99999,35.,-0.59,14.100000000000001,25.1,0.,-0.02
121162,2300811,54.630443,-8.43866,0.,1,-99999,35.,-0.59,14.100000000000001,25.1,0.,-0.02
121162,2301332,54.630447,-8.438648,0.,1,-99999,35.,-0.59,14.100000000000001,25.1,0.,-0.02
121162,2301724,54.630443,-8.43869,0.,1,-99999,35.,-0.59,14.100000000000001,25.1,0.,-0.02
121162,2301824,54.630405,-8.438635,0.,1,-99999,35.,-0.59,14.100000000000001,25.1,0.,-0.02
121162,2302272,54.63038,-8.438605,0.,1,-99999,35.,-0.59,14.100000000000001,25.1,0.,-0.02
121162,2302632,54.630387,-8.438633,0.,1,-99999,35.,-0.59,14.100000000000001,25.1,0.,-0.02
121162,2303212,54.63042,-8.438653,0.,1,-99999,35.,-0.59,14.100000000000001,25.1,0.,-0.02
121162,2303284,54.630417,-8.43869,0.,1,-99999,35.,-0.59,14.100000000000001,25.1,0.,-0.02
121162,2303552,54.630462,-8.438665,0.,1,-99999,35.,-0.59,14.100000000000001,25.1,0.,-0.02
121162,2304161,54.630377,-8.438608,0.,1,-99999,35.,-0.59,14.100000000000001,25.1,0.,-0.02
121162,2304461,54.630428,-8.43861,0.,1,-99999,35.,-0.59,14.100000000000001,25.1,0.,-0.02
121162,2304737,54.630395,-8.438647,0.,1,-99999,35.,-0.59,14.100000000000001,25.1,0.,-0.02
121162,2305101,54.630417,-8.438638,0.,1,-99999,35.,-0.59,14.100000000000001,25.1,0.,-0.02
121162,2305669,54.630403,-8.438583,0.,1,-99999,35.,-0.59,14.100000000000001,25.1,0.,-0.02
121162,2306033,54.63041,-8.438587,0.,1,-99999,35.,-0.59,14.100000000000001,25.1,0.,-0.02
121162,2306241,54.630402,-8.438605,0.,1,-99999,35.,-0.59,14.100000000000001,25.1,0.,-0.02
121162,2306581,54.630403,-8.438625,0.,1,-99999,35.,-0.59,14.100000000000001,25.1,0.,-0.02
121162,2306982,54.63039,-8.438602,0.,1,-99999,35.,-0.59,14.100000000000001,25.1,0.,-0.02
121162,2307743,54.630392,-8.438647,0.,1,-99999,35.,-0.59,14.100000000000001,25.1,0.,-0.02
121162,2307791,54.630365,-8.438622,0.,1,-99999,35.,-0.59,14.100000000000001,25.1,0.,-0.02
121162,2307931,54.630368,-8.438587,0.,1,-99999,35.,-0.59,14.100000000000001,25.1,0.,-0.02
121162,2308700,54.630393,-8.438628,0.,1,-99999,35.,-0.59,14.100000000000001,25.1,0.,-0.02
121162,2308839,54.630412,-8.438627,0.,1,-99999,35.,-0.59,14.100000000000001,25.1,0.,-0.02
121162,2309215,54.63038,-8.438595,0.,1,-99999,35.,-0.59,14.100000000000001,25.1,0.,-0.02
121162,2309603,54.630362,-8.438587,0.,1,-99999,35.,-0.59,14.100000000000001,25.1,0.,-0.02
121162,2309783,54.630402,-8.438615,0.,1,-99999,35.,-0.59,14.100000000000001,25.1,0.,-0.02
121162,2310511,54.63039,-8.438607,0.1,1,-99999,35.,-0.59,14.100000000000001,25.1,0.,-0.02
121162,2310695,54.63041,-8.438595,0.,1,-99999,35.,-0.59,14.100000000000001,25.1,0.,-0.02
121162,2310731,54.630458,-8.43866,0.1,1,-99999,35.,-0.59,14.100000000000001,25.1,0.,-0.02
121162,2311421,54.63056,-8.438688,0.1,1,-99999,35.,-0.59,14.100000000000001,25.1,0.,-0.02
121162,2311682,54.6306,-8.438795,0.,1,-99999,35.,-0.59,14.100000000000001,25.1,0.,-0.02
121162,2312143,54.630527,-8.438755,0.,1,-99999,35.,-0.59,14.100000000000001,25.1,0.,-0.02
121162,2312332,54.630437,-8.438587,0.1,1,-99999,35.,-0.59,14.100000000000001,25.200000000000003,0.,-0.02
121162,2312635,54.63043,-8.438612,0.1,1,-99999,35.,-0.59,14.100000000000001,25.1,0.,-0.02
121162,2313252,54.630417,-8.438602,0.,1,-99999,35.,-0.59,14.100000000000001,25.200000000000003,0.,-0.02
121162,2313581,54.630417,-8.43859,0.,1,-99999,35.,-0.59,14.100000000000001,25.200000000000003,0.,-0.02
121162,2313705,54.630402,-8.438597,0.,1,-99999,35.,-0.59,14.100000000000001,25.200000000000003,0.,-0.02
121162,2314154,54.630505,-8.438672,0.,1,-99999,35.,-0.59,14.100000000000001,25.1,0.,-0.02
121162,2314523,54.630418,-8.438607,0.1,1,-99999,35.,-0.59,14.100000000000001,25.200000000000003,0.,-0.02
121162,2315070,54.630402,-8.438645,0.1,1,-99999,35.,-0.59,14.100000000000001,25.200000000000003,0.,-0.02
121162,2315174,54.63057,-8.438797,0.,1,-99999,35.,-0.59,14.100000000000001,25.1,0.,-0.02
121162,2315510,54.630398,-8.438647,0.1,1,-99999,35.,-0.59,14.100000000000001,25.200000000000003,0.,-0.02
121162,2316270,54.630447,-8.438683,0.1,1,-99999,35.,-0.59,14.100000000000001,25.200000000000003,0.,-0.02
121162,2316463,54.630347,-8.438557,0.1,1,-99999,35.,-0.59,14.100000000000001,25.200000000000003,0.,-0.02
121162,2316674,54.630422,-8.438562,0.,1,-99999,35.,-0.59,14.100000000000001,25.200000000000003,0.,-0.02
121162,2317171,54.630403,-8.43862,0.1,1,-99999,35.,-0.59,14.100000000000001,25.200000000000003,0.,-0.02
121162,2317410,54.630438,-8.438635,0.1,1,-99999,35.,-0.59,14.100000000000001,25.200000000000003,0.,-0.02
121162,2318154,54.630412,-8.438592,0.,1,-99999,35.,-0.59,14.100000000000001,25.200000000000003,0.,-0.02
121162,2318335,54.630407,-8.438585,0.,1,-99999,35.,-0.59,14.100000000000001,25.200000000000003,0.,-0.02
121162,2318371,54.63041,-8.438582,0.,1,-99999,35.,-0.59,14.100000000000001,25.200000000000003,0.,-0.02
121162,2319281,54.630428,-8.438595,0.,1,-99999,35.,-0.59,14.100000000000001,25.200000000000003,0.,-0.02
121162,2319301,54.630417,-8.438605,0.,1,-99999,35.,-0.59,14.100000000000001,25.200000000000003,0.,-0.02
121162,2319613,54.63042,-8.438635,0.,1,-99999,35.,-0.59,14.100000000000001,25.200000000000003,0.,-0.02
121162,2320202,54.630448,-8.438635,0.1,1,-99999,35.,-0.59,14.100000000000001,25.200000000000003,0.,-0.02
121162,2320251,54.63041,-8.438577,0.,1,-99999,35.,-0.59,14.100000000000001,25.200000000000003,0.,-0.02
121162,2321110,54.63044,-8.438618,0.1,1,-99999,35.,-0.59,14.100000000000001,25.200000000000003,0.,-0.02
121162,2321126,54.630427,-8.438605,0.,1,-99999,35.,-0.59,14.100000000000001,25.200000000000003,0.,-0.02
121162,2321203,54.630458,-8.438672,0.,1,-99999,35.,-0.59,14.100000000000001,25.200000000000003,0.,-0.02
121162,2322023,54.630468,-8.438655,0.,1,-99999,35.,-0.59,14.100000000000001,25.200000000000003,0.,-0.02
121162,2322183,54.630537,-8.438688,0.,1,-99999,35.,-0.59,14.100000000000001,25.200000000000003,0.,-0.02
121162,2322652,54.630585,-8.438645,0.,1,-99999,35.,-0.59,14.100000000000001,25.200000000000003,0.,-0.02
121162,2323123,54.630433,-8.438563,0.1,1,-99999,35.,-0.59,14.100000000000001,25.200000000000003,0.,-0.02
121162,2323223,54.630477,-8.438622,0.,1,-99999,35.,-0.59,14.100000000000001,25.200000000000003,0.,-0.02
121162,2324064,54.630447,-8.43865,0.,1,-99999,35.,-0.59,14.100000000000001,25.200000000000003,0.,-0.02
121162,2324141,54.630365,-8.438617,0.,1,-99999,35.,-0.59,14.100000000000001,25.200000000000003,0.,-0.02
121162,2324152,54.630385,-8.438622,0.,1,-99999,35.,-0.59,14.100000000000001,25.200000000000003,0.,-0.02
121162,2325013,54.630432,-8.438633,0.,1,-99999,35.,-0.59,14.100000000000001,25.200000000000003,0.,-0.02
121162,2325341,54.630388,-8.438557,0.,1,-99999,35.,-0.59,14.100000000000001,25.200000000000003,0.,-0.02
121162,2325953,54.630428,-8.438612,0.1,1,-99999,35.,-0.59,14.100000000000001,25.200000000000003,0.,-0.02
121162,2326253,54.630387,-8.438568,0.,1,-99999,35.,-0.59,14.100000000000001,25.200000000000003,0.,-0.02
121162,2326909,54.630395,-8.438575,0.,1,-99999,35.,-0.59,14.100000000000001,25.200000000000003,0.,-0.02
121162,2327111,54.630397,-8.438577,0.,1,-99999,35.,-0.59,14.100000000000001,25.200000000000003,0.,-0.02
121162,2327163,54.630398,-8.438582,0.,1,-99999,35.,-0.59,14.100000000000001,25.200000000000003,0.,-0.02
121162,2327851,54.630417,-8.43855,0.,1,-99999,35.,-0.59,14.100000000000001,25.200000000000003,0.,-0.02
121162,2328071,54.630398,-8.438635,0.,1,-99999,35.,-0.59,14.100000000000001,25.200000000000003,0.,-0.02
121162,2328615,54.63044,-8.438617,0.,1,-99999,35.,-0.59,14.100000000000001,25.200000000000003,0.,-0.02
121162,2328791,54.630355,-8.438545,0.1,1,-99999,35.,-0.59,14.100000000000001,25.200000000000003,0.,-0.02
121162,2328981,54.630362,-8.438567,0.1,1,-99999,35.,-0.59,14.100000000000001,25.200000000000003,0.,-0.02
121162,2329730,54.630383,-8.438642,0.1,1,-99999,35.,-0.59,14.100000000000001,25.200000000000003,0.,-0.02
121162,2329890,54.630685,-8.438767,0.,1,-99999,35.,-0.59,14.100000000000001,25.200000000000003,0.,-0.02
121162,2330104,54.630367,-8.438587,0.,1,-99999,35.,-0.59,14.100000000000001,25.200000000000003,0.,-0.02
121162,2330713,54.630372,-8.438645,0.1,1,-99999,35.,-0.59,14.100000000000001,25.200000000000003,0.,-0.02
121162,2330801,54.630372,-8.438615,0.,1,-99999,35.,-0.59,14.100000000000001,25.200000000000003,0.,-0.02
121162,2331566,54.63041,-8.438607,0.,1,-99999,35.,-0.59,14.100000000000001,25.200000000000003,0.,-0.02
121162,2331683,54.63037,-8.438618,0.,1,-99999,35.,-0.59,14.100000000000001,25.200000000000003,0.,-0.02
121162,2331703,54.63037,-8.438627,0.1,1,-99999,35.,-0.59,14.100000000000001,25.200000000000003,0.,-0.02
121162,2332612,54.630428,-8.43861,0.,1,-99999,35.,-0.59,14.100000000000001,25.200000000000003,0.,-0.02
121162,2332623,54.630428,-8.438623,0.,1,-99999,35.,-0.59,14.100000000000001,25.200000000000003,0.,-0.02
121162,2333067,54.63041,-8.438562,0.,1,-99999,35.,-0.59,14.100000000000001,25.3,0.,-0.02
121162,2333524,54.630447,-8.438593,0.1,1,-99999,35.,-0.59,14.100000000000001,25.3,0.,-0.02
121162,2333583,54.63044,-8.43861,0.,1,-99999,35.,-0.59,14.100000000000001,25.200000000000003,0.,-0.02
121162,2334443,54.63041,-8.438602,0.,1,-99999,35.,-0.59,14.100000000000001,25.3,0.,-0.02
121162,2334515,54.630402,-8.43857,0.,1,-99999,35.,-0.59,14.100000000000001,25.3,0.,-0.02
121162,2334523,54.630393,-8.438582,0.,1,-99999,35.,-0.59,14.100000000000001,25.3,0.,-0.02
121162,2335353,54.63042,-8.438647,0.,1,-99999,35.,-0.6,14.100000000000001,25.3,0.,-0.02
121162,2335462,54.630432,-8.438667,0.,1,-99999,35.,-0.6,14.100000000000001,25.3,0.,-0.02
121162,2335962,54.630405,-8.438592,0.,1,-99999,35.,-0.6,14.100000000000001,25.3,0.,-0.02
121162,2336254,54.630417,-8.4386,0.,1,-99999,35.,-0.6,14.100000000000001,25.3,0.,-0.02
121162,2336423,54.630433,-8.43864,0.,1,-99999,35.,-0.6,14.100000000000001,25.3,0.,-0.02
121162,2337162,54.630382,-8.43859,0.,1,-99999,35.,-0.6,14.100000000000001,25.3,0.,-0.02
121162,2337355,54.630392,-8.438563,0.,1,-99999,35.,-0.6,14.100000000000001,25.3,0.,-0.02
121162,2337414,54.630395,-8.438607,0.,1,-99999,35.,-0.6,14.100000000000001,25.3,0.,-0.02
121162,2338063,54.630385,-8.43857,0.,1,-99999,35.,-0.6,14.100000000000001,25.3,0.,-0.02
121162,2338343,54.630402,-8.438542,0.,1,-99999,35.,-0.6,14.100000000000001,25.3,0.,-0.02
121162,2338871,54.63041,-8.438617,0.,1,-99999,35.,-0.6,14.100000000000001,25.3,0.,-0.02
121162,2338971,54.630398,-8.438575,0.,1,-99999,35.,-0.6,14.100000000000001,25.3,0.,-0.02
121162,2339303,54.630433,-8.438583,0.,1,-99999,35.,-0.6,14.100000000000001,25.3,0.,-0.02
121162,2339872,54.630387,-8.438555,0.,1,-99999,35.,-0.6,14.100000000000001,25.3,0.,-0.02
121162,2340264,54.630388,-8.438582,0.1,1,-99999,35.,-0.6,14.100000000000001,25.3,0.,-0.02
121162,2340336,54.630362,-8.43858,0.,1,-99999,35.,-0.6,14.100000000000001,25.3,0.,-0.02
121162,2340782,54.63038,-8.438597,0.1,1,-99999,35.,-0.6,14.100000000000001,25.3,0.,-0.02
121162,2341222,54.630488,-8.438665,0.,1,-99999,35.,-0.6,14.100000000000001,25.3,0.,-0.02
121162,2341843,54.630477,-8.438677,0.,1,-99999,35.,-0.6,14.100000000000001,25.3,0.,-0.02
121162,2341983,54.630425,-8.438707,0.,1,-99999,35.,-0.6,14.100000000000001,25.3,0.,-0.02
121162,2342179,54.630432,-8.438633,0.,1,-99999,35.,-0.6,14.100000000000001,25.3,0.,-0.02
121162,2342892,54.63046,-8.43852,0.1,1,-99999,35.,-0.6,14.100000000000001,25.3,0.,-0.02
121162,2343124,54.630448,-8.438583,0.,1,-99999,35.,-0.6,14.100000000000001,25.3,0.,-0.02
121162,2343304,54.630497,-8.438617,0.,1,-99999,35.,-0.6,14.100000000000001,25.3,0.,-0.02
121162,2343812,54.630455,-8.438593,0.,1,-99999,35.,-0.6,14.100000000000001,25.3,0.,-0.02
121162,2344073,54.63042,-8.43857,0.,1,-99999,35.,-0.6,14.100000000000001,25.3,-0.01,-0.02
121162,2344720,54.630433,-8.438642,0.,1,-99999,35.,-0.6,14.100000000000001,25.3,-0.01,-0.02
121162,2344784,54.630417,-8.438647,0.,1,-99999,35.,-0.6,14.100000000000001,25.3,-0.01,-0.02
121162,2345140,54.630417,-8.43862,0.,1,-99999,35.,-0.6,14.100000000000001,25.3,-0.01,-0.02
121162,2345632,54.630373,-8.438562,0.,1,-99999,35.,-0.6,14.100000000000001,25.3,-0.01,-0.02
121162,2346084,54.630428,-8.438658,0.1,1,-99999,35.,-0.6,14.100000000000001,25.3,-0.01,-0.02
121162,2346296,54.630407,-8.438657,0.,1,-99999,35.,-0.6,14.100000000000001,25.3,-0.01,-0.02
121162,2346545,54.630373,-8.438623,0.,1,-99999,35.,-0.6,14.100000000000001,25.3,-0.01,-0.02
121162,2347029,54.630397,-8.438677,0.,1,-99999,35.,-0.6,14.100000000000001,25.3,-0.01,-0.02
121162,2347451,54.630373,-8.43861,0.,1,-99999,35.,-0.6,14.100000000000001,25.3,-0.01,-0.02
121162,2347756,54.630377,-8.438622,0.,1,-99999,35.,-0.6,14.100000000000001,25.3,-0.01,-0.02
121162,2347972,54.63038,-8.43864,0.,1,-99999,35.,-0.6,14.100000000000001,25.3,-0.01,-0.02
121162,2348361,54.630377,-8.438623,0.,1,-99999,35.,-0.6,14.100000000000001,25.3,-0.01,-0.02
121162,2348913,54.630378,-8.43863,0.,1,-99999,35.,-0.6,14.100000000000001,25.3,-0.01,-0.02
121162,2349285,54.630387,-8.438652,0.,1,-99999,35.,-0.6,14.100000000000001,25.3,-0.01,-0.02
121162,2349569,54.630403,-8.438633,0.1,1,-99999,35.,-0.6,14.100000000000001,25.3,-0.01,-0.02
121162,2349855,54.630375,-8.438653,0.,1,-99999,35.,-0.6,14.100000000000001,25.3,-0.01,-0.02
121162,2350471,54.630398,-8.4386,0.,1,-99999,35.,-0.6,14.100000000000001,25.3,-0.01,-0.02
121162,2350783,54.630385,-8.43866,0.1,1,-99999,35.,-0.6,14.100000000000001,25.3,-0.01,-0.02
121162,2350807,54.630377,-8.438665,0.,1,-99999,35.,-0.6,14.100000000000001,25.3,-0.01,-0.02
121162,2351683,54.630432,-8.438848,0.1,1,-99999,35.,-0.6,14.100000000000001,25.3,-0.01,-0.02
121162,2351732,54.63041,-8.438757,0.,1,-99999,35.,-0.6,14.100000000000001,25.3,-0.01,-0.02
121162,2352283,54.630402,-8.438912,0.,1,-99999,35.,-0.6,14.100000000000001,25.3,-0.01,-0.02
121162,2352651,54.630365,-8.438563,0.,1,-99999,35.,-0.6,14.100000000000001,25.3,-0.01,-0.02
121162,2352879,54.630375,-8.438692,0.1,1,-99999,35.,-0.6,14.100000000000001,25.3,-0.01,-0.02
121162,2353612,54.630392,-8.4386,0.1,1,-99999,35.,-0.6,14.100000000000001,25.3,-0.01,-0.02
121162,2353780,54.630343,-8.43862,0.1,1,-99999,35.,-0.6,14.100000000000001,25.3,-0.01,-0.02
121162,2353845,54.630385,-8.438587,0.,1,-99999,35.,-0.6,14.100000000000001,25.3,-0.01,-0.02
121162,2354561,54.630397,-8.438623,0.1,1,-99999,35.,-0.6,14.100000000000001,25.3,-0.01,-0.02
121162,2354690,54.630398,-8.438625,0.,1,-99999,35.,-0.6,14.100000000000001,25.3,-0.01,-0.02
121162,2355369,54.630455,-8.438577,0.,1,-99999,35.,-0.6,14.100000000000001,25.400000000000002,-0.01,-0.02
121162,2355522,54.630548,-8.438727,0.,1,-99999,35.,-0.6,14.100000000000001,25.3,-0.01,-0.02
121162,2356462,54.630432,-8.438648,0.,1,-99999,35.,-0.6,14.100000000000001,25.400000000000002,-0.01,-0.02
121162,2356531,54.630413,-8.438642,0.,1,-99999,35.,-0.6,14.100000000000001,25.400000000000002,-0.01,-0.02
121162,2356911,54.630417,-8.43863,0.,1,-99999,35.,-0.6,14.100000000000001,25.400000000000002,-0.01,-0.02
121162,2357403,54.630387,-8.438652,0.,1,-99999,35.,-0.6,14.100000000000001,25.400000000000002,-0.01,-0.02
121162,2357731,54.63035,-8.438605,0.,1,-99999,35.,-0.6,14.100000000000001,25.400000000000002,-0.01,-0.02
121162,2358343,54.630413,-8.438572,0.1,1,-99999,35.,-0.6,14.100000000000001,25.400000000000002,-0.01,-0.02
121162,2358383,54.630417,-8.43856,0.,1,-99999,35.,-0.6,14.100000000000001,25.400000000000002,-0.01,-0.02
121162,2358643,54.630412,-8.43862,0.,1,-99999,35.,-0.6,14.100000000000001,25.400000000000002,-0.01,-0.02
121162,2359303,54.630372,-8.438572,0.,1,-99999,35.,-0.6,14.100000000000001,25.400000000000002,-0.01,-0.02
121162,2359851,54.630383,-8.438613,0.,1,-99999,35.,-0.6,14.100000000000001,25.400000000000002,-0.01,-0.02
121162,2359855,54.630382,-8.438612,0.,1,-99999,35.,-0.6,14.100000000000001,25.400000000000002,-0.01,-0.02
121162,2360216,54.63045,-8.43865,0.,1,-99999,35.,-0.6,14.100000000000001,25.400000000000002,-0.01,-0.02
121162,2360762,54.630428,-8.438557,0.,1,-99999,35.,-0.6,14.100000000000001,25.400000000000002,-0.01,-0.02
121162,2361201,54.63043,-8.438635,0.,1,-99999,35.,-0.6,14.100000000000001,25.400000000000002,-0.01,-0.02
121162,2361381,54.630477,-8.438595,0.,1,-99999,35.,-0.6,14.100000000000001,25.400000000000002,-0.01,-0.02
121162,2361673,54.630385,-8.438602,0.,1,-99999,35.,-0.6,14.100000000000001,25.400000000000002,-0.01,-0.02
121162,2362141,54.630455,-8.438642,0.,1,-99999,35.,-0.6,14.100000000000001,25.400000000000002,-0.01,-0.02
121162,2362581,54.630398,-8.438543,0.,1,-99999,35.,-0.6,14.100000000000001,25.400000000000002,-0.01,-0.02
121162,2362833,54.630432,-8.438582,0.,1,-99999,35.,-0.6,14.100000000000001,25.400000000000002,-0.01,-0.02
121162,2363081,54.630417,-8.438627,0.,1,-99999,35.,-0.6,14.100000000000001,25.400000000000002,-0.01,-0.02
121162,2363494,54.630413,-8.438628,0.1,1,-99999,35.,-0.6,14.100000000000001,25.400000000000002,-0.01,-0.02
121162,2364020,54.630402,-8.438667,0.,1,-99999,35.,-0.6,14.100000000000001,25.400000000000002,-0.01,-0.02
121162,2364284,54.630387,-8.438835,0.,1,-99999,35.,-0.6,14.100000000000001,25.400000000000002,-0.01,-0.02
121162,2364405,54.630417,-8.438707,0.,1,-99999,35.,-0.6,14.100000000000001,25.400000000000002,-0.01,-0.02
121162,2364972,54.630373,-8.438597,0.,1,-99999,35.,-0.6,14.100000000000001,25.400000000000002,-0.01,-0.02
121162,2365312,54.630403,-8.438612,0.,1,-99999,35.,-0.6,14.100000000000001,25.400000000000002,-0.01,-0.02
121162,2365744,54.630397,-8.438617,0.,1,-99999,35.,-0.6,14.100000000000001,25.400000000000002,-0.01,-0.02
121162,2365921,54.630375,-8.438613,0.,1,-99999,35.,-0.6,14.100000000000001,25.400000000000002,-0.01,-0.02
121162,2366221,54.630455,-8.438605,0.,1,-99999,35.,-0.6,14.100000000000001,25.400000000000002,-0.01,-0.02
121162,2366863,54.630487,-8.438617,0.,1,-99999,35.,-0.6,14.100000000000001,25.400000000000002,-0.01,-0.02
121162,2367142,54.630667,-8.43877,0.1,1,-99999,35.,-0.6,14.100000000000001,25.400000000000002,-0.01,-0.02
121162,2367206,54.630475,-8.43863,0.,1,-99999,35.,-0.6,14.100000000000001,25.400000000000002,-0.01,-0.02
121162,2367871,54.630405,-8.438568,0.,1,-99999,35.,-0.6,14.100000000000001,25.400000000000002,-0.01,-0.02
121162,2368050,54.63045,-8.438642,0.,1,-99999,35.,-0.6,14.100000000000001,25.400000000000002,-0.01,-0.02
121162,2368655,54.630422,-8.438627,0.,1,-99999,35.,-0.6,14.100000000000001,25.400000000000002,-0.01,-0.02
121162,2368965,54.63044,-8.438593,0.1,1,-99999,35.,-0.6,14.100000000000001,25.400000000000002,-0.01,-0.02
121162,2369773,54.630422,-8.438612,0.,1,-99999,35.,-0.6,14.100000000000001,25.400000000000002,-0.01,-0.02
121162,2369873,54.63041,-8.438617,0.,1,-99999,35.,-0.6,14.100000000000001,25.400000000000002,-0.01,-0.02
121162,2370177,54.630397,-8.438595,0.,1,-99999,35.,-0.6,14.100000000000001,25.400000000000002,-0.01,-0.02
121162,2370709,54.630417,-8.438588,0.1,1,-99999,35.,-0.6,14.100000000000001,25.400000000000002,-0.01,-0.02
121162,2370781,54.630398,-8.438593,0.,1,-99999,35.,-0.6,14.100000000000001,25.400000000000002,-0.01,-0.02
121162,2371633,54.630397,-8.438637,0.,1,-99999,35.,-0.6,14.,25.400000000000002,-0.01,-0.02
121162,2371641,54.63041,-8.438632,0.,1,-99999,35.,-0.6,14.,25.400000000000002,-0.01,-0.02
121162,2371693,54.63042,-8.43863,0.,1,-99999,35.,-0.6,14.,25.400000000000002,-0.01,-0.02
121162,2372581,54.630437,-8.438607,0.,1,-99999,35.,-0.6,14.,25.400000000000002,-0.01,-0.02
121162,2372602,54.630455,-8.438602,0.,1,-99999,35.,-0.6,14.,25.400000000000002,-0.01,-0.02
121162,2373095,54.63043,-8.438607,0.,1,-99999,35.,-0.6,14.,25.400000000000002,-0.01,-0.02
121162,2373512,54.630413,-8.438595,0.,1,-99999,35.,-0.6,14.,25.400000000000002,-0.01,-0.02
121162,2373521,54.630413,-8.438588,0.,1,-99999,35.,-0.6,14.,25.400000000000002,-0.01,-0.02
121162,2374432,54.630402,-8.438623,0.,1,-99999,35.,-0.6,14.,25.400000000000002,-0.01,-0.02
121162,2374436,54.630402,-8.438623,0.,1,-99999,35.,-0.6,14.,25.400000000000002,-0.01,-0.02
121162,2374565,54.630397,-8.43861,0.,1,-99999,35.,-0.6,14.,25.400000000000002,-0.01,-0.02
121162,2375353,54.630362,-8.438652,0.,1,-99999,35.,-0.6,14.,25.400000000000002,-0.01,-0.02
121162,2375372,54.630397,-8.438585,0.,1,-99999,35.,-0.6,14.,25.5,-0.01,-0.02
121162,2376096,54.630402,-8.43858,0.,1,-99999,35.,-0.6,14.,25.5,-0.01,-0.02
121162,2376272,54.63044,-8.438563,0.1,1,-99999,35.,-0.6,14.,25.5,-0.01,-0.02
121162,2376276,54.63044,-8.438563,0.1,1,-99999,35.,-0.6,14.,25.5,-0.01,-0.02
121162,2377235,54.630437,-8.43862,0.,1,-99999,35.,-0.6,14.,25.5,-0.01,-0.02
121162,2377471,54.630417,-8.438638,0.1,1,-99999,35.,-0.6,14.,25.5,-0.01,-0.02
121162,2377656,54.630437,-8.43864,0.,1,-99999,35.,-0.6,14.,25.5,-0.01,-0.02
121162,2378184,54.630427,-8.438617,0.,1,-99999,35.,-0.6,14.,25.5,-0.01,-0.02
121162,2378384,54.63045,-8.438677,0.1,1,-99999,35.,-0.6,14.,25.5,-0.01,-0.02
121162,2379133,54.630388,-8.438625,0.,1,-99999,35.,-0.6,14.,25.5,-0.01,-0.02
121162,2379293,54.630405,-8.438593,0.,1,-99999,35.,-0.6,14.,25.5,-0.01,-0.02
121162,2379310,54.630405,-8.438607,0.,1,-99999,35.,-0.6,14.,25.5,-0.01,-0.02
121162,2380073,54.630398,-8.438612,0.,1,-99999,35.,-0.6,14.,25.5,-0.01,-0.02
121162,2380502,54.63043,-8.438677,0.,1,-99999,35.,-0.61,14.,25.5,-0.01,-0.02
121162,2380834,54.630395,-8.438587,0.,1,-99999,35.,-0.61,14.,25.5,-0.01,-0.02
121162,2381011,54.630353,-8.43858,0.,1,-99999,35.,-0.61,14.,25.5,-0.01,-0.02
121162,2381411,54.63038,-8.438612,0.1,1,-99999,35.,-0.61,14.,25.5,-0.01,-0.02
121162,2381939,54.630422,-8.438653,0.,1,-99999,35.,-0.61,14.,25.5,-0.01,-0.02
121162,2382321,54.630435,-8.438617,0.1,1,-99999,35.,-0.61,14.,25.5,-0.01,-0.02
121162,2382396,54.630402,-8.438617,0.,1,-99999,35.,-0.61,14.,25.5,-0.01,-0.02
121162,2382883,54.630448,-8.438625,0.1,1,-99999,35.,-0.61,14.,25.5,-0.01,-0.02
121162,2383231,54.630488,-8.438655,0.1,1,-99999,35.,-0.61,14.,25.5,-0.01,-0.02
121162,2383835,54.6304,-8.438635,0.1,1,-99999,35.,-0.61,14.,25.5,-0.01,-0.02
121162,2383903,54.630395,-8.438625,0.,1,-99999,35.,-0.61,14.,25.5,-0.01,-0.02
121162,2384143,54.630413,-8.438593,0.1,1,-99999,35.,-0.61,14.,25.5,-0.01,-0.02
121162,2384792,54.630403,-8.438608,0.,1,-99999,35.,-0.61,14.,25.5,-0.01,-0.02
121162,2385052,54.630413,-8.4386,0.1,1,-99999,35.,-0.61,14.,25.5,-0.01,-0.02
121162,2385548,54.63038,-8.438607,0.,1,-99999,35.,-0.61,14.,25.5,-0.01,-0.02
121162,2385720,54.630417,-8.438607,0.1,1,-99999,35.,-0.61,14.,25.5,-0.01,-0.02
121162,2385972,54.630513,-8.438618,0.1,1,-99999,35.,-0.61,14.,25.5,-0.01,-0.02
121162,2386890,54.63042,-8.438595,0.,1,-99999,35.,-0.61,14.,25.5,-0.01,-0.02
121162,2387622,54.63041,-8.438627,0.,1,-99999,35.,-0.61,14.,25.5,-0.01,-0.02
121162,2387791,54.6304,-8.438632,0.,1,-99999,35.,-0.61,14.,25.5,-0.01,-0.02
121162,2387795,54.6304,-8.438632,0.,1,-99999,35.,-0.61,14.,25.5,-0.01,-0.02
121162,2388563,54.630473,-8.438647,0.,1,-99999,35.,-0.61,14.,25.5,-0.01,-0.02
121162,2388700,54.630435,-8.438598,0.,1,-99999,35.,-0.61,14.,25.5,-0.01,-0.02
121162,2389259,54.630412,-8.438612,0.,1,-99999,35.,-0.61,14.,25.5,-0.01,-0.02
121162,2389552,54.630382,-8.438618,0.,1,-99999,35.,-0.61,14.,25.5,-0.01,-0.02
121162,2389613,54.63042,-8.438598,0.1,1,-99999,35.,-0.61,14.,25.5,-0.01,-0.02
121162,2390500,54.63039,-8.43857,0.,1,-99999,35.,-0.61,14.,25.5,-0.01,-0.02
121162,2390524,54.630383,-8.43857,0.,1,-99999,35.,-0.61,14.,25.5,-0.01,-0.02
121162,2390716,54.630397,-8.438645,0.,1,-99999,35.,-0.61,14.,25.5,-0.01,-0.02
121162,2391431,54.630398,-8.438587,0.,1,-99999,35.,-0.61,14.,25.5,-0.01,-0.02
121162,2391442,54.630392,-8.438585,0.1,1,-99999,35.,-0.61,14.,25.5,-0.01,-0.02
121162,2392234,54.630432,-8.438607,0.,1,-99999,35.,-0.61,14.,25.5,-0.01,-0.02
121162,2392339,54.630402,-8.438623,0.,1,-99999,35.,-0.61,14.,25.5,-0.01,-0.02
121162,2392391,54.630398,-8.438587,0.,1,-99999,35.,-0.61,14.,25.5,-0.01,-0.02
121162,2393251,54.63038,-8.43859,0.,1,-99999,35.,-0.61,14.,25.5,-0.01,-0.02
121162,2393331,54.630428,-8.438593,0.,1,-99999,35.,-0.61,14.,25.5,-0.01,-0.02
121162,2393711,54.6305,-8.438672,0.,1,-99999,35.,-0.61,14.,25.5,-0.01,-0.02
121162,2394272,54.630397,-8.438572,0.1,1,-99999,35.,-0.61,14.,25.5,-0.01,-0.02
121162,2394452,54.630425,-8.438623,0.,1,-99999,35.,-0.61,14.,25.5,-0.01,-0.02
121162,2395176,54.630402,-8.438547,0.,1,-99999,35.,-0.61,14.,25.6,-0.01,-0.02
121162,2395234,54.6304,-8.438568,0.,1,-99999,35.,-0.61,14.,25.5,-0.01,-0.02
121162,2395363,54.630388,-8.43861,0.,1,-99999,35.,-0.61,14.,25.5,-0.01,-0.02
121162,2396195,54.630428,-8.438623,0.1,1,-99999,35.,-0.61,14.,25.5,-0.01,-0.02
121162,2396562,54.630458,-8.438758,0.,1,-99999,35.,-0.61,14.,25.5,-0.01,-0.02
121162,2396686,54.630432,-8.438655,0.,1,-99999,35.,-0.61,14.,25.5,-0.01,-0.02
121162,2397174,54.630417,-8.438563,0.,1,-99999,35.,-0.61,14.,25.6,-0.01,-0.02
121162,2397482,54.630443,-8.438655,0.1,1,-99999,35.,-0.61,14.,25.5,-0.01,-0.02
121162,2398123,54.630595,-8.438812,0.1,1,-99999,35.,-0.61,14.,25.5,-0.01,-0.02
121162,2398147,54.630625,-8.438857,0.,1,-99999,35.,-0.61,14.,25.5,-0.01,-0.02
121162,2398383,54.630537,-8.438715,0.,1,-99999,35.,-0.61,14.,25.5,-0.01,-0.02
121162,2399063,54.630393,-8.438532,0.1,1,-99999,35.,-0.61,14.,25.6,-0.01,-0.02
121162,2399301,54.630438,-8.438677,0.1,1,-99999,35.,-0.61,14.,25.6,-0.01,-0.02
121162,2399605,54.630432,-8.438655,0.,1,-99999,35.,-0.61,14.,25.6,-0.01,-0.02
121162,2400032,54.630422,-8.438638,0.,1,-99999,35.,-0.61,14.,25.6,-0.01,-0.02
121162,2400212,54.630477,-8.438683,0.,1,-99999,35.,-0.61,14.,25.6,-0.01,-0.02
121162,2400992,54.630477,-8.438738,0.,1,-99999,35.,-0.61,14.,25.6,-0.01,-0.02
121162,2401112,54.630432,-8.438642,0.,1,-99999,35.,-0.61,14.,25.6,-0.01,-0.02
121162,2401412,54.630705,-8.43895,0.1,1,-99999,35.,-0.61,14.,25.5,-0.01,-0.02
121162,2401933,54.630503,-8.438757,0.1,1,-99999,35.,-0.61,14.,25.6,-0.01,-0.02
121162,2402313,54.630473,-8.438723,0.1,1,-99999,35.,-0.61,14.,25.6,-0.01,-0.02
121162,2402617,54.630412,-8.438655,0.,1,-99999,35.,-0.61,14.,25.6,-0.01,-0.02
121162,2402857,54.630428,-8.438587,0.,1,-99999,35.,-0.61,14.,25.6,-0.01,-0.02
121162,2403221,54.63038,-8.438598,0.,1,-99999,35.,-0.61,14.,25.6,-0.01,-0.02
121162,2403833,54.630427,-8.438703,0.1,1,-99999,35.,-0.61,14.,25.6,-0.01,-0.02
121162,2404077,54.63041,-8.4386,0.,1,-99999,35.,-0.61,14.,25.6,-0.01,-0.02
121162,2404133,54.630417,-8.438655,0.1,1,-99999,35.,-0.61,14.,25.6,-0.01,-0.02
121162,2404804,54.63044,-8.438647,0.1,1,-99999,35.,-0.61,14.,25.6,-0.01,-0.02
121162,2405041,54.630458,-8.438663,0.1,1,-99999,35.,-0.61,14.,25.6,-0.01,-0.02
121162,2405760,54.630407,-8.4386,0.1,1,-99999,35.,-0.61,14.,25.6,-0.01,-0.02
121162,2405964,54.63042,-8.438605,0.,1,-99999,35.,-0.61,14.,25.6,-0.01,-0.02
121162,2406312,54.630397,-8.438647,0.,1,-99999,35.,-0.61,14.,25.6,-0.01,-0.02
121162,2406713,54.630393,-8.438642,0.,1,-99999,35.,-0.61,14.,25.6,-0.01,-0.02
121162,2406882,54.630442,-8.438712,0.,1,-99999,35.,-0.61,14.,25.6,-0.01,-0.02
121162,2407662,54.630488,-8.438592,0.1,1,-99999,35.,-0.61,14.,25.6,-0.01,-0.02
121162,2407762,54.630467,-8.438655,0.,1,-99999,35.,-0.61,14.,25.6,-0.01,-0.02
121162,2407783,54.63044,-8.438602,0.,1,-99999,35.,-0.61,14.,25.6,-0.01,-0.02
121162,2408623,54.630398,-8.438635,0.,1,-99999,35.,-0.61,14.,25.6,-0.01,-0.02
121162,2408691,54.6305,-8.438653,0.,1,-99999,35.,-0.61,14.,25.6,-0.01,-0.02
121162,2409227,54.630422,-8.438562,0.,1,-99999,35.,-0.61,14.,25.6,-0.01,-0.02
121162,2409563,54.630473,-8.438638,0.1,1,-99999,35.,-0.61,14.,25.6,-0.01,-0.02
121162,2409603,54.630477,-8.438612,0.1,1,-99999,35.,-0.61,14.,25.6,-0.01,-0.02
121162,2410493,54.630368,-8.438497,0.,1,-99999,35.,-0.61,14.,25.6,-0.01,-0.02
121162,2410677,54.630415,-8.43858,0.,1,-99999,35.,-0.61,14.,25.6,-0.01,-0.02
121162,2410802,54.630407,-8.438593,0.1,1,-99999,35.,-0.61,14.,25.6,-0.01,-0.02
121162,2411458,54.630462,-8.43858,0.,1,-99999,35.,-0.61,14.,25.6,-0.01,-0.02
121162,2411710,54.630423,-8.43862,0.1,1,-99999,35.,-0.61,14.,25.6,-0.01,-0.02
121162,2412163,54.630442,-8.438567,0.,1,-99999,35.,-0.61,14.,25.6,-0.01,-0.02
121162,2412390,54.630545,-8.4386,0.,1,-99999,35.,-0.61,14.,25.6,-0.01,-0.02
121162,2412622,54.630368,-8.438607,0.,1,-99999,35.,-0.61,14.,25.6,-0.01,-0.02
121162,2413350,54.630422,-8.438612,0.,1,-99999,35.,-0.61,14.,25.6,-0.01,-0.02
121162,2413531,54.630447,-8.438568,0.,1,-99999,35.,-0.61,14.,25.6,-0.01,-0.02
121162,2413632,54.630435,-8.438562,0.,1,-99999,35.,-0.61,14.,25.6,-0.01,-0.02
121162,2414304,54.630432,-8.438563,0.1,1,-99999,35.,-0.61,14.,25.6,-0.01,-0.02
121162,2414440,54.630482,-8.438647,0.,1,-99999,35.,-0.61,14.,25.6,-0.01,-0.02
121162,2415096,54.630412,-8.43866,0.,1,-99999,35.,-0.61,14.,25.6,-0.01,-0.02
121162,2415264,54.63038,-8.438667,0.1,1,-99999,35.,-0.61,14.,25.6,-0.01,-0.02
121162,2415344,54.63048,-8.438678,0.,1,-99999,35.,-0.61,14.,25.6,-0.01,-0.02
121162,2416220,54.630368,-8.43862,0.1,1,-99999,35.,-0.61,14.,25.6,-0.01,-0.02
121162,2416252,54.630398,-8.438617,0.1,1,-99999,35.,-0.61,14.,25.6,-0.01,-0.02
121162,2416564,54.630347,-8.438582,0.,1,-99999,35.,-0.61,14.,25.6,-0.01,-0.02
121162,2417172,54.63041,-8.438637,0.,1,-99999,35.,-0.61,14.,25.6,-0.01,-0.02
121162,2417184,54.630405,-8.438672,0.1,1,-99999,35.,-0.61,14.,25.6,-0.01,-0.02
121162,2418016,54.630425,-8.438705,0.,1,-99999,35.,-0.61,14.,25.6,-0.01,-0.02
121162,2418132,54.630432,-8.438705,0.1,1,-99999,35.,-0.61,14.,25.6,-0.01,-0.02
121162,2418372,54.630433,-8.43859,0.,1,-99999,35.,-0.61,14.,25.700000000000003,-0.01,-0.02
121162,2419080,54.630412,-8.438602,0.1,1,-99999,35.,-0.61,14.,25.700000000000003,-0.01,-0.02
121162,2419280,54.630448,-8.438673,0.,1,-99999,35.,-0.61,14.,25.700000000000003,-0.01,-0.02
121162,2419486,54.630427,-8.438667,0.,1,-99999,35.,-0.61,14.,25.700000000000003,-0.01,-0.02
121162,2420043,54.63038,-8.438625,0.,1,-99999,35.,-0.61,14.,25.700000000000003,-0.01,-0.02
121162,2420191,54.630422,-8.438718,0.,1,-99999,35.,-0.61,14.,25.700000000000003,-0.01,-0.02
121162,2420947,54.630427,-8.43863,0.,1,-99999,35.,-0.61,14.,25.700000000000003,-0.01,-0.02
121162,2420987,54.630417,-8.438612,0.,1,-99999,35.,-0.61,14.,25.700000000000003,-0.01,-0.02
121162,2421392,54.63042,-8.438618,0.,1,-99999,35.,-0.61,14.,25.700000000000003,-0.01,-0.02
121162,2421953,54.63039,-8.438607,0.,1,-99999,35.,-0.61,14.,25.700000000000003,-0.01,-0.02
121162,2422301,54.630417,-8.438605,0.,1,-99999,35.,-0.61,14.,25.700000000000003,-0.01,-0.02
121162,2422413,54.630425,-8.438615,0.,1,-99999,35.,-0.61,14.,25.700000000000003,-0.01,-0.02
121162,2422902,54.630427,-8.43861,0.,1,-99999,35.,-0.61,14.,25.700000000000003,-0.01,-0.02
121162,2423508,54.6304,-8.438583,0.,1,-99999,35.,-0.61,14.,25.700000000000003,-0.01,-0.02
121162,2423825,54.63036,-8.438593,0.,1,-99999,35.,-0.61,14.,25.700000000000003,-0.01,-0.02
121162,2423888,54.630407,-8.438602,0.,1,-99999,35.,-0.61,14.,25.700000000000003,-0.01,-0.02
121162,2424413,54.63038,-8.43855,0.,1,-99999,35.,-0.61,14.,25.700000000000003,-0.01,-0.02
121162,2424802,54.630428,-8.438545,0.,1,-99999,35.,-0.61,14.,25.700000000000003,-0.01,-0.02
121162,2425340,54.630438,-8.438593,0.,1,-99999,35.,-0.61,14.,25.700000000000003,-0.01,-0.02
121162,2425352,54.630427,-8.438595,0.,1,-99999,35.,-0.61,14.,25.700000000000003,-0.01,-0.02
121162,2425744,54.630225,-8.438348,0.,1,-99999,35.,-0.61,14.,25.8,-0.01,-0.02
121162,2426261,54.630415,-8.438558,0.1,1,-99999,35.,-0.61,14.,25.700000000000003,-0.01,-0.02
121162,2426681,54.630417,-8.438535,0.1,1,-99999,35.,-0.61,14.,25.700000000000003,-0.01,-0.02
121162,2426825,54.630477,-8.43857,0.,1,-99999,35.,-0.61,14.,25.700000000000003,-0.01,-0.02
121162,2427169,54.630525,-8.438658,0.,1,-99999,35.,-0.61,14.,25.700000000000003,-0.01,-0.02
121162,2427622,54.63045,-8.438695,0.,1,-99999,35.,-0.61,14.,25.700000000000003,-0.01,-0.02
121162,2428083,54.630473,-8.438598,0.1,1,-99999,35.,-0.61,14.,25.700000000000003,-0.01,-0.02
121162,2428347,54.630402,-8.438632,0.,1,-99999,35.,-0.61,14.,25.700000000000003,-0.01,-0.02
121162,2428564,54.630453,-8.43862,0.,1,-99999,35.,-0.61,14.,25.8,-0.01,-0.02
121162,2428992,54.630428,-8.438647,0.1,1,-99999,35.,-0.61,14.,25.8,-0.01,-0.02
121162,2429504,54.630305,-8.438495,0.1,1,-99999,35.,-0.61,14.,25.8,-0.01,-0.02
121162,2429900,54.630503,-8.438572,0.1,1,-99999,35.,-0.61,14.,25.8,-0.01,-0.02
121162,2430443,54.630435,-8.438557,0.1,1,-99999,35.,-0.61,14.,25.8,-0.01,-0.02
121162,2430804,54.630442,-8.438678,0.,1,-99999,35.,-0.61,14.,25.8,-0.01,-0.02
121162,2430876,54.630445,-8.438617,0.,1,-99999,35.,-0.61,14.,25.8,-0.01,-0.02
121162,2431344,54.63044,-8.438562,0.1,1,-99999,35.,-0.61,14.,25.8,-0.01,-0.02
121162,2431712,54.63045,-8.438563,0.,1,-99999,35.,-0.61,14.,25.8,-0.01,-0.02
121162,2432332,54.630398,-8.438575,0.,1,-99999,35.,-0.61,14.,25.8,-0.01,-0.02
121162,2432376,54.630427,-8.43861,0.,1,-99999,35.,-0.61,14.,25.8,-0.01,-0.02
121162,2432620,54.6304,-8.438563,0.,1,-99999,35.,-0.61,14.,25.8,-0.01,-0.02
121162,2433272,54.630368,-8.438655,0.1,1,-99999,35.,-0.61,14.,25.8,-0.01,-0.02
121162,2433532,54.630442,-8.438675,0.1,1,-99999,35.,-0.61,14.,25.8,-0.01,-0.02
121162,2433853,54.630397,-8.43866,0.,1,-99999,35.,-0.61,14.,25.8,-0.01,-0.02
121162,2434201,54.630312,-8.438598,0.1,1,-99999,35.,-0.61,14.,25.8,-0.01,-0.02
121162,2434444,54.630425,-8.438642,0.,1,-99999,35.,-0.61,14.,25.8,-0.01,-0.02
121162,2435141,54.630388,-8.438668,0.,1,-99999,35.,-0.61,14.,25.8,-0.01,-0.02
121162,2435352,54.630327,-8.438635,0.,1,-99999,35.,-0.61,14.,25.8,-0.01,-0.02
121162,2435376,54.630357,-8.438647,0.,1,-99999,35.,-0.61,14.,25.8,-0.01,-0.02
121162,2436100,54.630447,-8.438668,0.,1,-99999,35.,-0.61,14.,25.8,-0.01,-0.02
121162,2436260,54.63044,-8.438595,0.,1,-99999,35.,-0.61,14.,25.8,-0.01,-0.02
121162,2436912,54.63045,-8.438677,0.,1,-99999,35.,-0.61,14.,25.8,-0.01,-0.02
121162,2437052,54.630398,-8.438675,0.1,1,-99999,35.,-0.61,14.,25.8,-0.01,-0.02
121162,2437172,54.630413,-8.438655,0.1,1,-99999,35.,-0.61,14.,25.8,-0.01,-0.02
121162,2437992,54.630418,-8.438645,0.1,1,-99999,35.,-0.61,14.,25.8,-0.01,-0.02
121162,2438084,54.630393,-8.438643,0.1,1,-99999,35.,-0.61,14.,25.8,-0.01,-0.02
121162,2438465,54.630382,-8.438635,0.,1,-99999,35.,-0.61,14.,25.8,-0.01,-0.02
121162,2438941,54.630368,-8.438587,0.,1,-99999,35.,-0.61,14.,25.900000000000002,-0.01,-0.02
121162,2438993,54.630388,-8.438588,0.,1,-99999,35.,-0.61,14.,25.900000000000002,-0.01,-0.02
121162,2439855,54.630398,-8.438665,0.,1,-99999,35.,-0.61,14.,25.900000000000002,-0.01,-0.02
121162,2439902,54.63038,-8.438642,0.,1,-99999,35.,-0.61,14.,25.900000000000002,-0.01,-0.02
121162,2439915,54.630387,-8.438617,0.,1,-99999,35.,-0.61,14.,25.900000000000002,-0.01,-0.02
121162,2440822,54.630363,-8.438533,0.1,1,-99999,35.,-0.61,14.,25.900000000000002,-0.01,-0.02
121162,2441111,54.630403,-8.438668,0.,1,-99999,35.,-0.61,14.,25.900000000000002,-0.01,-0.02
121162,2441442,54.63043,-8.43857,0.,1,-99999,35.,-0.61,14.,25.900000000000002,-0.01,-0.02
121162,2441822,54.630413,-8.438608,0.1,1,-99999,35.,-0.61,14.,25.900000000000002,-0.01,-0.02
121162,2442014,54.630465,-8.438703,0.,1,-99999,35.,-0.61,14.,25.900000000000002,-0.01,-0.02
121162,2442782,54.630387,-8.438642,0.,1,-99999,35.,-0.61,14.,25.900000000000002,-0.01,-0.02
121162,2442915,54.630375,-8.438587,0.,1,-99999,35.,-0.61,14.,25.900000000000002,-0.01,-0.02
121162,2442923,54.630388,-8.43872,0.,1,-99999,35.,-0.61,14.,25.900000000000002,-0.01,-0.02
121162,2443742,54.630348,-8.438698,0.1,1,-99999,35.,-0.61,14.,25.900000000000002,-0.01,-0.02
121162,2443831,54.630332,-8.438743,0.,1,-99999,35.,-0.61,14.,25.900000000000002,-0.01,-0.02
121162,2444702,54.630368,-8.438527,0.1,1,-99999,35.,-0.61,14.,25.900000000000002,-0.01,-0.02
121162,2444741,54.63035,-8.43858,0.1,1,-99999,35.,-0.61,14.,25.900000000000002,-0.01,-0.02
121162,2445651,54.63044,-8.438605,0.1,1,-99999,35.,-0.61,14.,25.900000000000002,-0.01,-0.02
121162,2445659,54.63044,-8.438605,0.1,1,-99999,35.,-0.61,14.,25.900000000000002,-0.01,-0.02
121162,2446560,54.63039,-8.438663,0.,1,-99999,35.,-0.61,14.,25.900000000000002,-0.01,-0.02
121162,2446592,54.630405,-8.438598,0.1,1,-99999,35.,-0.61,14.,25.900000000000002,-0.01,-0.02
121162,2446727,54.630427,-8.438642,0.,1,-99999,35.,-0.61,14.,25.900000000000002,-0.01,-0.02
121162,2447472,54.630392,-8.438577,0.1,1,-99999,35.,-0.61,14.,25.900000000000002,-0.01,-0.02
121162,2447544,54.630342,-8.438558,0.1,1,-99999,35.,-0.61,14.,25.900000000000002,-0.01,-0.02
121162,2448380,54.630412,-8.438625,0.,1,-99999,35.,-0.61,14.,25.900000000000002,-0.01,-0.02
121162,2448488,54.630385,-8.438642,0.1,1,-99999,35.,-0.61,14.,25.900000000000002,-0.01,-0.02
121162,2449064,54.630397,-8.438587,0.,1,-99999,35.,-0.61,14.,26.,-0.01,-0.02
121162,2449292,54.630403,-8.438605,0.,1,-99999,35.,-0.61,14.,26.,-0.01,-0.02
121162,2449421,54.630412,-8.438638,0.1,1,-99999,35.,-0.61,14.,26.,-0.01,-0.02
121162,2450203,54.630387,-8.438648,0.1,1,-99999,35.,-0.61,14.,26.,-0.01,-0.02
121162,2450351,54.63038,-8.438607,0.1,1,-99999,35.,-0.61,14.,26.,-0.01,-0.02
121162,2451303,54.630453,-8.438635,0.,1,-99999,35.,-0.61,14.,26.,-0.01,-0.02
121162,2451360,54.630465,-8.43868,0.,1,-99999,35.,-0.61,14.,26.,-0.01,-0.02
121162,2451411,54.630418,-8.438587,0.1,1,-99999,35.,-0.61,14.,26.,-0.01,-0.02
121162,2452254,54.63042,-8.438617,0.,1,-99999,35.,-0.61,14.,26.,-0.01,-0.02
121162,2452622,54.63041,-8.438602,0.,1,-99999,35.,-0.61,14.,26.,-0.01,-0.02
121162,2453206,54.630447,-8.438608,0.,1,-99999,35.,-0.61,14.,26.,-0.01,-0.02
121162,2453821,54.630405,-8.43858,0.,1,-99999,35.,-0.61,14.,26.,-0.01,-0.02
121162,2454140,54.630447,-8.438665,0.,1,-99999,35.,-0.61,14.,26.,-0.01,-0.02
121162,2454393,54.630425,-8.438552,0.,1,-99999,35.,-0.61,14.,26.,-0.01,-0.02
121162,2454753,54.630433,-8.438613,0.,1,-99999,35.,-0.61,14.,26.,-0.01,-0.02
121162,2455192,54.630415,-8.438593,0.1,1,-99999,35.,-0.61,14.,26.,-0.01,-0.02
121162,2455963,54.630412,-8.438648,0.1,1,-99999,35.,-0.61,14.,26.,-0.01,-0.02
121162,2456103,54.630403,-8.438608,0.,1,-99999,35.,-0.61,14.,26.,-0.01,-0.02
121162,2456871,54.630445,-8.438568,0.1,1,-99999,35.,-0.61,14.100000000000001,26.,-0.01,-0.02
121162,2457052,54.630398,-8.438535,0.1,1,-99999,35.,-0.61,14.100000000000001,26.,-0.01,-0.02
121162,2457793,54.630398,-8.438665,0.1,1,-99999,35.,-0.6,14.100000000000001,26.,-0.01,-0.02
121162,2457992,54.630402,-8.43863,0.,1,-99999,35.,-0.6,14.100000000000001,26.,-0.01,-0.02
121162,2458116,54.630387,-8.438627,0.,1,-99999,35.,-0.6,14.100000000000001,26.,-0.01,-0.02
121162,2458945,54.63042,-8.438545,0.1,1,-99999,35.,-0.6,14.100000000000001,26.1,-0.01,-0.02
121162,2459002,54.630417,-8.438598,0.,1,-99999,35.,-0.6,14.100000000000001,26.,-0.01,-0.02
121162,2459854,54.63042,-8.438593,0.,1,-99999,35.,-0.6,14.100000000000001,26.1,-0.01,-0.02
121162,2460214,54.63041,-8.438593,0.,1,-99999,35.,-0.6,14.100000000000001,26.1,-0.01,-0.02
121162,2460786,54.630388,-8.43858,0.,1,-99999,35.,-0.6,14.100000000000001,26.1,-0.01,-0.02
121162,2461130,54.6304,-8.438562,0.,1,-99999,35.,-0.6,14.100000000000001,26.1,-0.01,-0.02
121162,2461218,54.630397,-8.43859,0.,1,-99999,35.,-0.6,14.100000000000001,26.1,-0.01,-0.02
121162,2461807,54.63041,-8.438552,0.1,1,-99999,35.,-0.6,14.100000000000001,26.1,-0.01,-0.02
121162,2462051,54.630387,-8.438597,0.1,1,-99999,35.,-0.6,14.100000000000001,26.1,-0.01,-0.02
121162,2462819,54.630447,-8.438563,0.,1,-99999,35.,-0.6,14.100000000000001,26.1,-0.01,-0.02
121162,2462959,54.63041,-8.438595,0.,1,-99999,35.,-0.6,14.100000000000001,26.1,-0.01,-0.02
121162,2463783,54.630422,-8.438647,0.,1,-99999,35.,-0.6,14.100000000000001,26.1,-0.01,-0.02
121162,2463871,54.630425,-8.43866,0.,1,-99999,35.,-0.6,14.100000000000001,26.1,-0.01,-0.02
121162,2464156,54.630412,-8.438637,0.,1,-99999,35.,-0.6,14.100000000000001,26.1,-0.01,-0.02
121162,2464732,54.630428,-8.438627,0.,1,-99999,35.,-0.6,14.100000000000001,26.1,-0.01,-0.02
121162,2464792,54.630368,-8.438598,0.1,1,-99999,35.,-0.6,14.100000000000001,26.1,-0.01,-0.02
121162,2465681,54.630388,-8.438623,0.,1,-99999,35.,-0.6,14.100000000000001,26.1,-0.01,-0.02
121162,2465721,54.630402,-8.438595,0.1,1,-99999,35.,-0.6,14.100000000000001,26.1,-0.01,-0.02
121162,2466397,54.63041,-8.43861,0.,1,-99999,35.,-0.6,14.100000000000001,26.1,-0.01,-0.02
121162,2466605,54.630387,-8.438702,0.1,1,-99999,35.,-0.6,14.100000000000001,26.1,-0.01,-0.02
121162,2466632,54.630383,-8.438692,0.1,1,-99999,35.,-0.6,14.100000000000001,26.1,-0.01,-0.02
121162,2467540,54.630392,-8.438698,0.,1,-99999,35.,-0.6,14.100000000000001,26.1,-0.01,-0.02
121162,2467544,54.630392,-8.438698,0.,1,-99999,35.,-0.6,14.100000000000001,26.1,-0.01,-0.02
121162,2468524,54.630425,-8.438718,0.,1,-99999,35.,-0.6,14.100000000000001,26.1,-0.01,-0.02
121162,2468753,54.630402,-8.438602,0.,1,-99999,35.,-0.6,14.100000000000001,26.1,-0.01,-0.02
121162,2469432,54.630597,-8.438642,0.1,1,-99999,35.,-0.6,14.100000000000001,26.1,-0.01,-0.02
121162,2469501,54.630435,-8.438662,0.,1,-99999,35.,-0.6,14.100000000000001,26.1,-0.01,-0.02
121162,2469662,54.630425,-8.438722,0.1,1,-99999,35.,-0.6,14.100000000000001,26.1,-0.01,-0.02
121162,2470394,54.630382,-8.438595,0.,1,-99999,35.,-0.6,14.100000000000001,26.200000000000003,-0.01,-0.02
121162,2470570,54.630352,-8.438598,0.1,1,-99999,35.,-0.6,14.100000000000001,26.200000000000003,-0.01,-0.02
121162,2471334,54.63044,-8.438587,0.1,1,-99999,35.,-0.6,14.100000000000001,26.200000000000003,-0.01,-0.02
121162,2471490,54.630478,-8.43862,0.,1,-99999,35.,-0.6,14.100000000000001,26.200000000000003,-0.01,-0.02
121162,2471760,54.63041,-8.43866,0.,1,-99999,35.,-0.6,14.100000000000001,26.200000000000003,-0.01,-0.02
121162,2472291,54.630422,-8.43857,0.,1,-99999,35.,-0.6,14.100000000000001,26.200000000000003,-0.01,-0.02
121162,2472404,54.630518,-8.438562,0.,1,-99999,35.,-0.6,14.100000000000001,26.200000000000003,-0.01,-0.02
121162,2473232,54.630393,-8.438678,0.,1,-99999,35.,-0.6,14.100000000000001,26.200000000000003,-0.01,-0.02
121162,2473312,54.63038,-8.438652,0.,1,-99999,35.,-0.6,14.100000000000001,26.200000000000003,-0.01,-0.02
121162,2473321,54.630368,-8.438632,0.,1,-99999,35.,-0.6,14.100000000000001,26.200000000000003,-0.01,-0.02
121162,2474192,54.630398,-8.438603,0.,1,-99999,35.,-0.6,14.100000000000001,26.200000000000003,-0.01,-0.02
121162,2474200,54.630397,-8.438602,0.,1,-99999,35.,-0.6,14.100000000000001,26.200000000000003,-0.01,-0.02
121162,2474221,54.630403,-8.438607,0.,1,-99999,35.,-0.6,14.100000000000001,26.200000000000003,-0.01,-0.02
121162,2475141,54.630398,-8.438583,0.,1,-99999,35.,-0.6,14.100000000000001,26.200000000000003,-0.01,-0.02
121162,2475422,54.63038,-8.438643,0.,1,-99999,35.,-0.6,14.100000000000001,26.200000000000003,-0.01,-0.02
121162,2476093,54.63038,-8.438587,0.,1,-99999,35.,-0.6,14.100000000000001,26.200000000000003,-0.01,-0.02
121162,2476334,54.63038,-8.438607,0.1,1,-99999,35.,-0.6,14.100000000000001,26.200000000000003,-0.01,-0.02
121162,2477044,54.630357,-8.438597,0.,1,-99999,35.,-0.6,14.100000000000001,26.200000000000003,0.,-0.02
121162,2477252,54.630398,-8.438613,0.,1,-99999,35.,-0.6,14.100000000000001,26.200000000000003,0.,-0.02
121162,2477895,54.630342,-8.438597,0.,1,-99999,35.,-0.6,14.100000000000001,26.200000000000003,0.,-0.02
121162,2478023,54.630368,-8.43854,0.,1,-99999,35.,-0.6,14.100000000000001,26.200000000000003,0.,-0.02
121162,2478171,54.630343,-8.438607,0.,1,-99999,35.,-0.6,14.100000000000001,26.200000000000003,0.,-0.02
121162,2478964,54.630387,-8.43859,0.,1,-99999,35.,-0.6,14.100000000000001,26.200000000000003,0.,-0.02
121162,2479081,54.630392,-8.438632,0.,1,-99999,35.,-0.6,14.100000000000001,26.200000000000003,0.,-0.02
121162,2479364,54.63037,-8.438605,0.,1,-99999,35.,-0.6,14.100000000000001,26.200000000000003,0.,-0.02
121162,2479913,54.630365,-8.438628,0.1,1,-99999,35.,-0.6,14.100000000000001,26.200000000000003,0.,-0.02
121162,2479993,54.63035,-8.438595,0.,1,-99999,35.,-0.6,14.100000000000001,26.3,0.,-0.02
121162,2480824,54.630405,-8.438635,0.,1,-99999,35.,-0.6,14.100000000000001,26.3,0.,-0.02
121162,2480863,54.630413,-8.438608,0.,1,-99999,35.,-0.6,14.100000000000001,26.3,0.,-0.02
121162,2480904,54.630395,-8.438612,0.,1,-99999,35.,-0.6,14.100000000000001,26.3,0.,-0.02
121162,2481811,54.63038,-8.438637,0.1,1,-99999,35.,-0.6,14.100000000000001,26.3,0.,-0.02
121162,2482315,54.630417,-8.43858,0.,1,-99999,35.,-0.6,14.100000000000001,26.3,0.,-0.02
121162,2482720,54.630362,-8.438647,0.1,1,-99999,35.,-0.6,14.100000000000001,26.3,0.,-0.02
121162,2482771,54.630377,-8.438628,0.,1,-99999,35.,-0.6,14.100000000000001,26.3,0.,-0.02
121162,2483632,54.630393,-8.438677,0.1,1,-99999,35.,-0.6,14.100000000000001,26.3,0.,-0.02
121162,2483741,54.630487,-8.438672,0.,1,-99999,35.,-0.6,14.100000000000001,26.3,0.,-0.02
121162,2483836,54.630497,-8.438655,0.,1,-99999,35.,-0.6,14.100000000000001,26.3,0.,-0.02
121162,2484542,54.630497,-8.438658,0.1,1,-99999,35.,-0.6,14.100000000000001,26.3,0.,-0.02
121162,2484702,54.630582,-8.438757,0.1,1,-99999,35.,-0.6,14.100000000000001,26.3,0.,-0.02
121162,2485342,54.63047,-8.438682,0.,1,-99999,35.,-0.6,14.100000000000001,26.3,0.,-0.02
121162,2485462,54.63045,-8.43865,0.,1,-99999,35.,-0.6,14.100000000000001,26.3,0.,-0.02
121162,2485642,54.63041,-8.438638,0.,1,-99999,35.,-0.6,14.100000000000001,26.3,0.,-0.02
121162,2486370,54.630482,-8.438672,0.,1,-99999,35.,-0.6,14.100000000000001,26.3,0.,-0.02
121162,2486583,54.63044,-8.438672,0.1,1,-99999,35.,-0.6,14.100000000000001,26.3,0.,-0.02
121162,2486855,54.630467,-8.438692,0.,1,-99999,35.,-0.6,14.100000000000001,26.3,0.,-0.02
121162,2487281,54.630395,-8.438635,0.,1,-99999,35.,-0.6,14.100000000000001,26.3,0.,-0.01
121162,2487500,54.630632,-8.438845,0.1,1,-99999,35.,-0.6,14.100000000000001,26.3,0.,-0.01
121162,2488192,54.630508,-8.43875,0.,1,-99999,35.,-0.6,14.100000000000001,26.3,0.,-0.01
121162,2488332,54.630417,-8.438667,0.,1,-99999,35.,-0.6,14.100000000000001,26.3,0.,-0.01
121162,2488464,54.630422,-8.438688,0.1,1,-99999,35.,-0.6,14.100000000000001,26.3,0.,-0.01
121162,2489113,54.63046,-8.438608,0.1,1,-99999,35.,-0.6,14.100000000000001,26.3,0.,-0.01
121162,2489410,54.630423,-8.4386,0.,1,-99999,35.,-0.6,14.100000000000001,26.3,0.,-0.01
121162,2490023,54.630447,-8.438737,0.,1,-99999,35.,-0.6,14.100000000000001,26.3,0.,-0.01
121162,2490371,54.630467,-8.438658,0.,1,-99999,35.,-0.6,14.100000000000001,26.3,0.,-0.01
121162,2490552,54.63042,-8.438572,0.,1,-99999,35.,-0.6,14.100000000000001,26.400000000000002,0.,-0.01
121162,2490931,54.63044,-8.438647,0.,1,-99999,35.,-0.6,14.100000000000001,26.400000000000002,0.,-0.01
121162,2491320,54.630483,-8.438703,0.,1,-99999,35.,-0.6,14.100000000000001,26.400000000000002,0.,-0.01
121162,2491852,54.630432,-8.43863,0.,1,-99999,35.,-0.6,14.100000000000001,26.400000000000002,0.,-0.01
121162,2492016,54.630412,-8.43863,0.,1,-99999,35.,-0.6,14.100000000000001,26.400000000000002,0.,-0.01
121162,2492270,54.630395,-8.438605,0.,1,-99999,35.,-0.6,14.100000000000001,26.400000000000002,0.,-0.01
121162,2492762,54.630438,-8.438725,0.1,1,-99999,35.,-0.6,14.100000000000001,26.400000000000002,0.,-0.01
121162,2493250,54.630442,-8.438642,0.,1,-99999,35.,-0.6,14.100000000000001,26.400000000000002,0.,-0.01
121162,2493486,54.630397,-8.43863,0.,1,-99999,35.,-0.6,14.100000000000001,26.400000000000002,0.,-0.01
121162,2493674,54.63044,-8.438573,0.,1,-99999,35.,-0.6,14.100000000000001,26.400000000000002,0.,-0.01
121162,2494183,54.630477,-8.438503,0.,1,-99999,35.,-0.6,14.100000000000001,26.400000000000002,0.,-0.01
121162,2494591,54.630448,-8.438665,0.,1,-99999,35.,-0.6,14.100000000000001,26.400000000000002,0.,-0.01
121162,2494963,54.630497,-8.438682,0.,1,-99999,35.,-0.6,14.100000000000001,26.400000000000002,0.,-0.01
121162,2495087,54.630452,-8.438625,0.,1,-99999,35.,-0.6,14.100000000000001,26.400000000000002,0.,-0.01
121162,2495500,54.630462,-8.43858,0.,1,-99999,35.,-0.6,14.100000000000001,26.400000000000002,0.,-0.01
121162,2496073,54.630495,-8.438612,0.,1,-99999,35.,-0.6,14.100000000000001,26.400000000000002,0.,-0.01
121162,2496425,54.630365,-8.438675,0.,1,-99999,35.,-0.6,14.100000000000001,26.400000000000002,0.,-0.01
121162,2497012,54.63039,-8.438615,0.,1,-99999,35.,-0.6,14.100000000000001,26.400000000000002,0.,-0.01
121162,2497330,54.6305,-8.438698,0.,1,-99999,35.,-0.6,14.100000000000001,26.400000000000002,0.,-0.01
121162,2497875,54.630452,-8.43861,0.,1,-99999,35.,-0.6,14.100000000000001,26.400000000000002,0.,-0.01
121162,2497951,54.630375,-8.438568,0.,1,-99999,35.,-0.6,14.100000000000001,26.400000000000002,0.,-0.01
121162,2498232,54.63048,-8.43862,0.,1,-99999,35.,-0.6,14.100000000000001,26.400000000000002,0.,-0.01
121162,2498911,54.630387,-8.438605,0.,1,-99999,35.,-0.6,14.100000000000001,26.400000000000002,0.,-0.01
121162,2499139,54.630413,-8.438602,0.,1,-99999,35.,-0.6,14.100000000000001,26.400000000000002,0.,-0.01
121162,2499327,54.630365,-8.438515,0.,1,-99999,35.,-0.6,14.100000000000001,26.400000000000002,0.,-0.01
121162,2499852,54.630433,-8.43852,0.1,1,-99999,35.,-0.6,14.100000000000001,26.5,0.,-0.01
121162,2500052,54.630405,-8.438555,0.,1,-99999,35.,-0.6,14.100000000000001,26.5,0.,-0.01
121162,2500753,54.630398,-8.438597,0.1,1,-99999,35.,-0.6,14.100000000000001,26.5,0.,-0.01
121162,2500786,54.630397,-8.438597,0.,1,-99999,35.,-0.6,14.100000000000001,26.5,0.,-0.01
121162,2500961,54.630335,-8.438465,0.1,1,-99999,35.,-0.6,14.100000000000001,26.5,0.,-0.01
121162,2501714,54.630428,-8.438537,0.,1,-99999,35.,-0.6,14.100000000000001,26.5,0.,-0.01
121162,2501862,54.63042,-8.438637,0.1,1,-99999,35.,-0.6,14.100000000000001,26.5,0.,-0.01
121162,2502295,54.630452,-8.438727,0.,1,-99999,35.,-0.6,14.100000000000001,26.5,0.,-0.01
121162,2502671,54.63045,-8.438577,0.1,1,-99999,35.,-0.6,14.100000000000001,26.5,0.,-0.01
121162,2502783,54.63039,-8.43857,0.1,1,-99999,35.,-0.6,14.100000000000001,26.5,0.,-0.01
121162,2503612,54.630427,-8.43859,0.1,1,-99999,35.,-0.6,14.100000000000001,26.5,0.,-0.01
121162,2503693,54.630418,-8.438637,0.1,1,-99999,35.,-0.59,14.100000000000001,26.5,0.,-0.01
121162,2503756,54.630412,-8.438632,0.,1,-99999,35.,-0.59,14.100000000000001,26.5,0.,-0.01
121162,2504573,54.630473,-8.438538,0.,1,-99999,35.,-0.59,14.100000000000001,26.5,0.,-0.01
121162,2504600,54.630465,-8.438587,0.1,1,-99999,35.,-0.59,14.100000000000001,26.5,0.,-0.01
121162,2505204,54.63044,-8.43857,0.,1,-99999,35.,-0.59,14.100000000000001,26.5,0.,-0.01
121162,2505532,54.630465,-8.438707,0.,1,-99999,35.,-0.59,14.100000000000001,26.5,0.,-0.01
121162,2506412,54.630368,-8.438593,0.,1,-99999,35.,-0.59,14.100000000000001,26.5,0.,-0.01
121162,2506484,54.630387,-8.438605,0.,1,-99999,35.,-0.59,14.100000000000001,26.5,0.,-0.01
121162,2506736,54.630342,-8.438687,0.,1,-99999,35.,-0.59,14.100000000000001,26.5,0.,-0.01
121162,2507321,54.630408,-8.438597,0.,1,-99999,35.,-0.59,14.100000000000001,26.5,0.,-0.01
121162,2507417,54.630433,-8.438645,0.,1,-99999,35.,-0.59,14.100000000000001,26.5,0.,-0.01
121162,2508193,54.630407,-8.438605,0.,1,-99999,35.,-0.59,14.100000000000001,26.5,0.,-0.01
121162,2508254,54.630428,-8.438642,0.,1,-99999,35.,-0.59,14.100000000000001,26.5,0.,-0.01
121162,2508382,54.63039,-8.438605,0.,1,-99999,35.,-0.59,14.100000000000001,26.5,0.,-0.01
121162,2509342,54.630422,-8.438602,0.,1,-99999,35.,-0.59,14.100000000000001,26.5,0.,-0.01
121162,2509462,54.630402,-8.438607,0.,1,-99999,35.,-0.59,14.100000000000001,26.5,0.,-0.01
121162,2510291,54.630368,-8.438575,0.1,1,-99999,35.,-0.59,14.100000000000001,26.5,0.,-0.01
121162,2510375,54.630357,-8.438577,0.,1,-99999,35.,-0.59,14.100000000000001,26.5,0.,-0.01
121162,2511167,54.630397,-8.438612,0.,1,-99999,35.,-0.59,14.100000000000001,26.6,0.,-0.01
121162,2511235,54.630372,-8.438562,0.,1,-99999,35.,-0.59,14.100000000000001,26.6,0.,-0.01
121162,2511260,54.630387,-8.43861,0.,1,-99999,35.,-0.59,14.100000000000001,26.6,0.,-0.01
121162,2511283,54.630422,-8.438648,0.,1,-99999,35.,-0.59,14.100000000000001,26.6,0.,-0.01
121162,2512183,54.630458,-8.438563,0.1,1,-99999,35.,-0.59,14.100000000000001,26.6,0.,-0.01
121162,2512200,54.630437,-8.438562,0.,1,-99999,35.,-0.59,14.100000000000001,26.6,0.,-0.01
121162,2512625,54.630437,-8.43861,0.,1,-99999,35.,-0.59,14.100000000000001,26.6,0.,-0.01
121162,2513113,54.630357,-8.438592,0.,1,-99999,35.,-0.59,14.100000000000001,26.6,0.,-0.01
121162,2513133,54.630375,-8.438748,0.1,1,-99999,35.,-0.59,14.100000000000001,26.6,0.,-0.01
121162,2514073,54.630398,-8.438528,0.1,1,-99999,35.,-0.59,14.100000000000001,26.6,0.,-0.01
121162,2514094,54.630462,-8.43865,0.,1,-99999,35.,-0.59,14.100000000000001,26.6,0.,-0.01
121162,2514322,54.630408,-8.438645,0.1,1,-99999,35.,-0.59,14.100000000000001,26.6,0.,-0.01
121162,2515043,54.630543,-8.438657,0.,1,-99999,35.,-0.59,14.100000000000001,26.6,0.,-0.01
121162,2515232,54.630347,-8.438587,0.,1,-99999,35.,-0.59,14.100000000000001,26.6,0.,-0.01
121162,2515633,54.630497,-8.438585,0.,1,-99999,35.,-0.59,14.100000000000001,26.6,0.,-0.01
121162,2515981,54.630443,-8.438503,0.,1,-99999,35.,-0.59,14.100000000000001,26.6,0.,-0.01
121162,2516152,54.630555,-8.438693,0.1,1,-99999,35.,-0.59,14.100000000000001,26.6,0.,-0.01
121162,2516922,54.630442,-8.438605,0.,1,-99999,35.,-0.59,14.100000000000001,26.6,0.,-0.01
121162,2517062,54.630445,-8.438617,0.,1,-99999,35.,-0.59,14.100000000000001,26.6,0.,-0.01
121162,2517114,54.63039,-8.438592,0.,1,-99999,35.,-0.59,14.100000000000001,26.6,0.,-0.01
121162,2517871,54.630417,-8.43845,0.,1,-99999,35.,-0.59,14.100000000000001,26.6,0.,-0.01
121162,2517971,54.630422,-8.438572,0.1,1,-99999,35.,-0.59,14.100000000000001,26.6,0.,-0.01
121162,2518624,54.630427,-8.43862,0.,1,-99999,35.,-0.59,14.100000000000001,26.6,0.,-0.01
121162,2518812,54.630403,-8.438692,0.,1,-99999,35.,-0.59,14.100000000000001,26.6,0.,-0.01
121162,2518872,54.630403,-8.438648,0.,1,-99999,35.,-0.59,14.100000000000001,26.6,0.,-0.01
121162,2519741,54.630383,-8.438647,0.,1,-99999,35.,-0.59,14.100000000000001,26.6,0.,-0.01
121162,2519792,54.630383,-8.438632,0.1,1,-99999,35.,-0.59,14.100000000000001,26.6,0.,-0.01
121162,2520082,54.630377,-8.438602,0.,1,-99999,35.,-0.59,14.100000000000001,26.6,0.,-0.01
121162,2520681,54.630403,-8.438658,0.,1,-99999,35.,-0.59,14.100000000000001,26.6,0.,-0.01
121162,2520701,54.630392,-8.438658,0.,1,-99999,35.,-0.59,14.100000000000001,26.6,0.,-0.01
121162,2521531,54.630427,-8.438682,0.,1,-99999,35.,-0.59,14.100000000000001,26.6,0.,-0.01
121162,2521612,54.630427,-8.438625,0.,1,-99999,35.,-0.59,14.100000000000001,26.700000000000003,0.,-0.01
121162,2521623,54.630427,-8.43863,0.,1,-99999,35.,-0.59,14.100000000000001,26.700000000000003,0.,-0.01
121162,2522551,54.630393,-8.438632,0.1,1,-99999,35.,-0.59,14.100000000000001,26.700000000000003,0.,-0.01
121162,2522823,54.630372,-8.438632,0.1,1,-99999,35.,-0.59,14.100000000000001,26.700000000000003,0.,-0.01
121162,2523031,54.630332,-8.438612,0.,1,-99999,35.,-0.59,14.100000000000001,26.700000000000003,0.,-0.01
121162,2523491,54.630432,-8.43862,0.1,1,-99999,35.,-0.59,14.100000000000001,26.700000000000003,0.,-0.01
121162,2523732,54.630417,-8.438607,0.,1,-99999,35.,-0.59,14.100000000000001,26.700000000000003,0.,-0.01
121162,2524430,54.630405,-8.438618,0.,1,-99999,35.,-0.59,14.100000000000001,26.700000000000003,0.,-0.01
121162,2524505,54.630415,-8.438657,0.,1,-99999,35.,-0.59,14.100000000000001,26.700000000000003,0.,-0.01
121162,2524641,54.630387,-8.438725,0.,1,-99999,35.,-0.59,14.100000000000001,26.700000000000003,0.,-0.01
121162,2525373,54.630387,-8.438598,0.,1,-99999,35.,-0.59,14.100000000000001,26.700000000000003,0.,-0.01
121162,2525561,54.630325,-8.438548,0.,1,-99999,35.,-0.59,14.100000000000001,26.700000000000003,0.,-0.01
121162,2526325,54.630355,-8.438625,0.,1,-99999,35.,-0.59,14.100000000000001,26.700000000000003,0.,-0.01
121162,2526473,54.63045,-8.43862,0.1,1,-99999,35.,-0.59,14.100000000000001,26.700000000000003,0.,-0.01
121162,2526717,54.63037,-8.438547,0.,1,-99999,35.,-0.59,14.100000000000001,26.700000000000003,0.,-0.01
121162,2527273,54.63041,-8.438563,0.,1,-99999,35.,-0.59,14.100000000000001,26.700000000000003,0.,-0.01
121162,2527382,54.630473,-8.438587,0.1,1,-99999,35.,-0.59,14.100000000000001,26.700000000000003,0.,-0.01
121162,2528193,54.630547,-8.438785,0.,1,-99999,35.,-0.59,14.100000000000001,26.700000000000003,0.,-0.01
121162,2528221,54.630507,-8.438783,0.,1,-99999,35.,-0.59,14.100000000000001,26.700000000000003,0.,-0.01
121162,2528291,54.630495,-8.438657,0.,1,-99999,35.,-0.59,14.100000000000001,26.700000000000003,0.,-0.01
121162,2529182,54.630428,-8.43863,0.,1,-99999,35.,-0.59,14.100000000000001,26.700000000000003,0.,-0.01
121162,2529214,54.630462,-8.438733,0.,1,-99999,35.,-0.59,14.100000000000001,26.700000000000003,0.,-0.01
121162,2529702,54.630417,-8.438707,0.,1,-99999,35.,-0.59,14.100000000000001,26.700000000000003,0.,-0.01
121162,2530132,54.630407,-8.438577,0.,1,-99999,35.,-0.59,14.100000000000001,26.700000000000003,0.,-0.01
121162,2530152,54.63038,-8.438587,0.1,1,-99999,35.,-0.59,14.100000000000001,26.700000000000003,0.,-0.01
121162,2531104,54.63039,-8.438682,0.,1,-99999,35.,-0.59,14.100000000000001,26.700000000000003,0.,-0.01
121162,2531224,54.630392,-8.438627,0.,1,-99999,35.,-0.59,14.100000000000001,26.700000000000003,0.,-0.01
121162,2531332,54.630338,-8.438588,0.1,1,-99999,35.,-0.59,14.100000000000001,26.8,0.,-0.01
121162,2532042,54.63038,-8.438587,0.1,1,-99999,35.,-0.59,14.100000000000001,26.8,0.,-0.01
121162,2532242,54.630427,-8.438627,0.1,1,-99999,35.,-0.59,14.100000000000001,26.8,0.,-0.01
121162,2532694,54.63039,-8.43861,0.,1,-99999,35.,-0.59,14.100000000000001,26.8,0.,-0.01
121162,2532991,54.630433,-8.438582,0.,1,-99999,35.,-0.59,14.100000000000001,26.8,0.,-0.01
121162,2533150,54.6304,-8.438617,0.,1,-99999,35.,-0.59,14.100000000000001,26.8,0.,-0.01
121162,2533943,54.63038,-8.438617,0.,1,-99999,35.,-0.59,14.100000000000001,26.8,0.,-0.01
121162,2534063,54.630447,-8.438635,0.1,1,-99999,35.,-0.59,14.100000000000001,26.8,0.,-0.01
121162,2534171,54.63044,-8.438597,0.,1,-99999,35.,-0.59,14.100000000000001,26.8,0.,-0.01
121162,2534884,54.63041,-8.438617,0.1,1,-99999,35.,-0.59,14.100000000000001,26.8,0.,-0.01
121162,2534984,54.630393,-8.438588,0.,1,-99999,35.,-0.59,14.100000000000001,26.8,0.,-0.01
121162,2535634,54.630422,-8.438627,0.,1,-99999,35.,-0.59,14.100000000000001,26.8,0.,-0.01
121162,2535833,54.630428,-8.43869,0.,1,-99999,35.,-0.59,14.100000000000001,26.8,0.,-0.01
121162,2535902,54.630417,-8.43866,0.,1,-99999,35.,-0.59,14.100000000000001,26.8,0.,-0.01
121162,2536781,54.630378,-8.43866,0.,1,-99999,35.,-0.59,14.100000000000001,26.8,0.,-0.01
121162,2537093,54.630437,-8.438587,0.,1,-99999,35.,-0.59,14.100000000000001,26.8,0.,-0.01
121162,2537113,54.630405,-8.438615,0.,1,-99999,35.,-0.59,14.100000000000001,26.8,0.,-0.01
121162,2537771,54.63038,-8.43868,0.,1,-99999,35.,-0.59,14.100000000000001,26.8,0.,-0.01
121162,2538022,54.630382,-8.438648,0.,1,-99999,35.,-0.59,14.100000000000001,26.8,0.,-0.01
121162,2538566,54.630477,-8.438647,0.,1,-99999,35.,-0.59,14.100000000000001,26.8,0.,-0.01
121162,2538703,54.63044,-8.438623,0.,1,-99999,35.,-0.59,14.100000000000001,26.8,0.,-0.01
121162,2539222,54.6305,-8.438623,0.1,1,-99999,35.,-0.59,14.100000000000001,26.8,0.,-0.01
121162,2539526,54.630457,-8.438687,0.,1,-99999,35.,-0.59,14.100000000000001,26.8,0.,-0.01
121162,2539662,54.630448,-8.438647,0.,1,-99999,35.,-0.59,14.100000000000001,26.8,0.,-0.01
121162,2540131,54.630465,-8.43862,0.1,1,-99999,35.,-0.59,14.100000000000001,26.8,0.,-0.01
121162,2540624,54.630412,-8.43863,0.,1,-99999,35.,-0.59,14.100000000000001,26.8,0.,-0.01
121162,2540984,54.630427,-8.438617,0.,1,-99999,35.,-0.59,14.100000000000001,26.8,0.,-0.01
121162,2541040,54.630437,-8.43863,0.,1,-99999,35.,-0.59,14.100000000000001,26.8,0.,-0.01
121162,2541581,54.630443,-8.438618,0.1,1,-99999,35.,-0.59,14.100000000000001,26.8,0.,-0.01
121162,2541953,54.63044,-8.438618,0.1,1,-99999,35.,-0.59,14.100000000000001,26.900000000000002,0.,-0.01
121162,2542533,54.630413,-8.438595,0.1,1,-99999,35.,-0.59,14.100000000000001,26.900000000000002,0.,-0.01
121162,2542861,54.63039,-8.438595,0.1,1,-99999,35.,-0.59,14.100000000000001,26.900000000000002,0.,-0.01
121162,2543177,54.630427,-8.438605,0.,1,-99999,35.,-0.59,14.100000000000001,26.900000000000002,0.,-0.01
121162,2543473,54.630395,-8.438583,0.1,1,-99999,35.,-0.59,14.100000000000001,26.900000000000002,0.,-0.01
121162,2543782,54.630412,-8.438677,0.1,1,-99999,35.,-0.59,14.100000000000001,26.900000000000002,0.,-0.01
121162,2544453,54.630393,-8.438758,0.,1,-99999,35.,-0.59,14.100000000000001,26.900000000000002,0.,-0.01
121162,2544685,54.630407,-8.438647,0.,1,-99999,35.,-0.59,14.100000000000001,26.900000000000002,0.,-0.01
121162,2544982,54.630453,-8.438583,0.1,1,-99999,35.,-0.59,14.100000000000001,26.900000000000002,0.,-0.01
121162,2545393,54.630413,-8.438647,0.,1,-99999,35.,-0.59,14.100000000000001,26.900000000000002,0.,-0.01
121162,2545893,54.630402,-8.438645,0.,1,-99999,35.,-0.59,14.100000000000001,26.900000000000002,0.,-0.01
121162,2546145,54.630505,-8.438612,0.,1,-99999,35.,-0.59,14.100000000000001,26.900000000000002,0.,-0.01
121162,2546333,54.630447,-8.438582,0.,1,-99999,35.,-0.59,14.100000000000001,26.900000000000002,0.,-0.01
121162,2546801,54.63039,-8.43861,0.1,1,-99999,35.,-0.59,14.100000000000001,26.900000000000002,0.,-0.01
121162,2547273,54.630368,-8.438602,0.,1,-99999,35.,-0.59,14.100000000000001,26.900000000000002,0.,-0.01
121162,2547722,54.630425,-8.438587,0.,1,-99999,35.,-0.59,14.100000000000001,26.900000000000002,0.,-0.01
121162,2548222,54.630398,-8.438572,0.,1,-99999,35.,-0.59,14.100000000000001,26.900000000000002,0.,-0.01
121162,2548325,54.630437,-8.438612,0.,1,-99999,35.,-0.59,14.100000000000001,26.900000000000002,0.,-0.01
121162,2548933,54.630495,-8.438607,0.,1,-99999,35.,-0.59,14.100000000000001,26.900000000000002,0.,-0.01
121162,2549181,54.630457,-8.438648,0.,1,-99999,35.,-0.59,14.100000000000001,26.900000000000002,0.,-0.01
121162,2549841,54.630482,-8.438693,0.,1,-99999,35.,-0.58,14.100000000000001,26.900000000000002,0.,-0.01
121162,2550113,54.630425,-8.438685,0.,1,-99999,35.,-0.58,14.100000000000001,26.900000000000002,0.,-0.01
121162,2550622,54.63046,-8.438652,0.,1,-99999,35.,-0.58,14.100000000000001,26.900000000000002,0.,-0.01
121162,2550750,54.63044,-8.438678,0.,1,-99999,35.,-0.58,14.100000000000001,26.900000000000002,0.,-0.01
121162,2551052,54.630447,-8.438628,0.1,1,-99999,35.,-0.58,14.100000000000001,26.900000000000002,0.,-0.01
121162,2551660,54.63039,-8.438687,0.,1,-99999,35.,-0.58,14.100000000000001,26.900000000000002,0.,-0.01
121162,2551956,54.630405,-8.438595,0.,1,-99999,35.,-0.58,14.100000000000001,26.900000000000002,0.,-0.01
121162,2552148,54.630417,-8.438595,0.,1,-99999,35.,-0.58,14.100000000000001,27.,0.,-0.01
121162,2552581,54.630428,-8.43855,0.,1,-99999,35.,-0.58,14.100000000000001,27.,0.,-0.01
121162,2552901,54.63038,-8.438683,0.,1,-99999,35.,-0.58,14.100000000000001,27.,0.,-0.01
121162,2553492,54.630398,-8.438658,0.,1,-99999,35.,-0.58,14.100000000000001,27.,0.,-0.01
121162,2553616,54.630392,-8.43873,0.,1,-99999,35.,-0.58,14.100000000000001,27.,0.,-0.01
121162,2553844,54.630418,-8.438617,0.1,1,-99999,35.,-0.58,14.100000000000001,27.,0.,-0.01
121162,2554393,54.63044,-8.43866,0.1,1,-99999,35.,-0.58,14.100000000000001,27.,0.,-0.01
121162,2554782,54.630388,-8.438693,0.,1,-99999,35.,-0.58,14.100000000000001,27.,0.,-0.01
121162,2555175,54.630402,-8.438597,0.,1,-99999,35.,-0.58,14.100000000000001,27.,0.,-0.01
121162,2555294,54.630543,-8.438673,0.,1,-99999,35.,-0.58,14.100000000000001,27.,0.,-0.01
121162,2555730,54.63047,-8.438598,0.1,1,-99999,35.,-0.58,14.100000000000001,27.,0.,-0.01
121162,2556202,54.63044,-8.438598,0.,1,-99999,35.,-0.58,14.100000000000001,27.,0.,-0.01
121162,2556682,54.63036,-8.438618,0.,1,-99999,35.,-0.58,14.100000000000001,27.,0.,-0.01
121162,2556806,54.630377,-8.438622,0.,1,-99999,35.,-0.58,14.100000000000001,27.,0.,-0.01
121162,2557406,54.630425,-8.438633,0.,1,-99999,35.,-0.58,14.100000000000001,27.,0.,-0.01
121162,2557642,54.630458,-8.438595,0.,1,-99999,35.,-0.58,14.100000000000001,27.,0.,-0.01
121162,2558317,54.630555,-8.438537,0.,1,-99999,35.,-0.58,14.100000000000001,27.,0.,-0.01
121162,2558593,54.630422,-8.438558,0.,1,-99999,35.,-0.58,14.100000000000001,27.,0.,-0.01
121162,2559221,54.630423,-8.438672,0.,1,-99999,35.,-0.58,14.100000000000001,27.,0.,-0.01
121162,2559581,54.630432,-8.43864,0.,1,-99999,35.,-0.58,14.100000000000001,27.,0.,-0.01
121162,2560122,54.630422,-8.438625,0.,1,-99999,35.,-0.58,14.100000000000001,27.,0.,-0.01
121162,2560533,54.63041,-8.438605,0.,1,-99999,35.,-0.58,14.100000000000001,27.,0.,-0.01
121162,2560689,54.630397,-8.438602,0.,1,-99999,35.,-0.58,14.100000000000001,27.,0.,-0.01
121162,2561031,54.630377,-8.438645,0.,1,-99999,35.,-0.58,14.100000000000001,27.,0.,-0.01
121162,2561462,54.630452,-8.438613,0.,1,-99999,35.,-0.58,14.100000000000001,27.,0.,-0.01
121162,2561942,54.630447,-8.438625,0.,1,-99999,35.,-0.58,14.100000000000001,27.,0.,-0.01
121162,2562154,54.630402,-8.438557,0.,1,-99999,35.,-0.58,14.100000000000001,27.1,0.,-0.01
121162,2562414,54.630377,-8.4386,0.,1,-99999,35.,-0.58,14.100000000000001,27.1,0.,-0.01
121162,2562854,54.630427,-8.438637,0.,1,-99999,35.,-0.58,14.100000000000001,27.1,0.,-0.01
121162,2563351,54.630428,-8.438617,0.,1,-99999,35.,-0.58,14.100000000000001,27.1,0.,-0.01
121162,2563772,54.63039,-8.438602,0.1,1,-99999,35.,-0.58,14.100000000000001,27.1,0.,-0.01
121162,2564271,54.630412,-8.438597,0.1,1,-99999,35.,-0.58,14.100000000000001,27.1,0.,-0.01
121162,2564684,54.630405,-8.438607,0.,1,-99999,35.,-0.58,14.100000000000001,27.1,0.,-0.01
121162,2565224,54.630413,-8.43857,0.,1,-99999,35.,-0.58,14.100000000000001,27.1,0.,-0.01
121162,2565824,54.630382,-8.438612,0.,1,-99999,35.,-0.58,14.100000000000001,27.1,0.,-0.01
121162,2565892,54.63041,-8.438635,0.,1,-99999,35.,-0.58,14.100000000000001,27.1,0.,-0.01
121162,2566170,54.630357,-8.438593,0.,1,-99999,35.,-0.58,14.100000000000001,27.1,0.,-0.01
121162,2566809,54.630412,-8.43863,0.,1,-99999,35.,-0.58,14.100000000000001,27.1,0.,-0.01
121162,2567083,54.630398,-8.438658,0.,1,-99999,35.,-0.58,14.100000000000001,27.1,0.,-0.01
121162,2567711,54.630417,-8.438677,0.,1,-99999,35.,-0.58,14.100000000000001,27.1,0.,-0.01
121162,2568011,54.63032,-8.438698,0.1,1,-99999,35.,-0.58,14.100000000000001,27.1,0.,-0.01
121162,2568615,54.630343,-8.438662,0.,1,-99999,35.,-0.58,14.100000000000001,27.1,0.,-0.01
121162,2568827,54.630372,-8.438567,0.,1,-99999,35.,-0.58,14.100000000000001,27.1,0.,-0.01
121162,2568964,54.630398,-8.43857,0.,1,-99999,35.,-0.58,14.100000000000001,27.1,0.,-0.01
121162,2569531,54.630412,-8.438538,0.,1,-99999,35.,-0.58,14.100000000000001,27.1,0.,-0.01
121162,2569912,54.630417,-8.438588,0.1,1,-99999,35.,-0.58,14.100000000000001,27.1,0.,-0.01
121162,2570451,54.630548,-8.438783,0.1,1,-99999,35.,-0.58,14.100000000000001,27.1,0.,-0.01
121162,2570851,54.6305,-8.438698,0.1,1,-99999,35.,-0.58,14.100000000000001,27.1,0.,-0.01
121162,2571036,54.630447,-8.438667,0.,1,-99999,35.,-0.58,14.100000000000001,27.1,0.,-0.01
121162,2571663,54.630383,-8.438528,0.1,1,-99999,35.,-0.58,14.100000000000001,27.1,0.,-0.01
121162,2571811,54.630365,-8.438597,0.,1,-99999,35.,-0.58,14.100000000000001,27.1,0.,-0.01
121162,2572556,54.630542,-8.438717,0.,1,-99999,35.,-0.58,14.100000000000001,27.1,0.,-0.01
121162,2572581,54.630527,-8.438715,0.,1,-99999,35.,-0.58,14.100000000000001,27.1,0.,-0.01
121162,2572752,54.63056,-8.438687,0.1,1,-99999,35.,-0.58,14.100000000000001,27.1,0.,-0.01
121162,2573492,54.630435,-8.438722,0.1,1,-99999,35.,-0.58,14.100000000000001,27.1,0.,-0.01
121162,2573704,54.630727,-8.438872,0.1,1,-99999,35.,-0.58,14.100000000000001,27.1,0.,-0.01
121162,2574064,54.630427,-8.438672,0.,1,-99999,35.,-0.58,14.100000000000001,27.200000000000003,0.,-0.01
121162,2574413,54.630382,-8.438662,0.1,1,-99999,35.,-0.58,14.100000000000001,27.200000000000003,0.,-0.01
121162,2574684,54.630392,-8.4387,0.1,1,-99999,35.,-0.58,14.100000000000001,27.200000000000003,0.,-0.01
121162,2575546,54.630395,-8.4386,0.,1,-99999,35.,-0.58,14.100000000000001,27.200000000000003,0.,-0.01
121162,2575622,54.630417,-8.4386,0.,1,-99999,35.,-0.58,14.100000000000001,27.200000000000003,0.,-0.01
121162,2575631,54.630398,-8.438598,0.1,1,-99999,35.,-0.58,14.100000000000001,27.200000000000003,0.,-0.01
121162,2576531,54.630438,-8.438617,0.,1,-99999,35.,-0.58,14.100000000000001,27.200000000000003,0.,-0.01
121162,2576562,54.63044,-8.43862,0.,1,-99999,35.,-0.58,14.100000000000001,27.200000000000003,0.,-0.01
121162,2577451,54.630432,-8.43867,0.,1,-99999,35.,-0.58,14.100000000000001,27.200000000000003,0.,-0.01
121162,2577522,54.630492,-8.438665,0.,1,-99999,35.,-0.58,14.100000000000001,27.200000000000003,0.,-0.01
121162,2577722,54.63047,-8.438627,0.,1,-99999,35.,-0.58,14.100000000000001,27.200000000000003,0.,-0.01
121162,2578358,54.630417,-8.438645,0.,1,-99999,35.,-0.58,14.100000000000001,27.200000000000003,0.01,-0.01
121162,2578474,54.630362,-8.438613,0.,1,-99999,35.,-0.58,14.100000000000001,27.200000000000003,0.01,-0.01
121162,2579411,54.630428,-8.438617,0.,1,-99999,35.,-0.58,14.100000000000001,27.200000000000003,0.01,-0.01
121162,2580182,54.63044,-8.43854,0.,1,-99999,35.,-0.58,14.100000000000001,27.200000000000003,0.01,-0.01
121162,2580373,54.630482,-8.438647,0.,1,-99999,35.,-0.58,14.100000000000001,27.200000000000003,0.01,-0.01
121162,2581090,54.630472,-8.438698,0.,1,-99999,35.,-0.58,14.100000000000001,27.200000000000003,0.01,-0.01
121162,2581350,54.630447,-8.438618,0.,1,-99999,35.,-0.58,14.100000000000001,27.200000000000003,0.01,-0.01
121162,2582011,54.630433,-8.438647,0.1,1,-99999,35.,-0.58,14.100000000000001,27.200000000000003,0.01,-0.01
121162,2582146,54.630547,-8.438632,0.,1,-99999,35.,-0.58,14.100000000000001,27.200000000000003,0.01,-0.01
121162,2582294,54.63047,-8.438668,0.,1,-99999,35.,-0.58,14.100000000000001,27.200000000000003,0.01,-0.01
121162,2582922,54.630458,-8.438638,0.1,1,-99999,35.,-0.58,14.100000000000001,27.200000000000003,0.01,-0.01
121162,2583247,54.630417,-8.438705,0.,1,-99999,35.,-0.58,14.100000000000001,27.200000000000003,0.01,-0.01
121162,2583610,54.630312,-8.438497,0.,1,-99999,35.,-0.58,14.100000000000001,27.3,0.01,-0.01
121162,2583831,54.630422,-8.438618,0.,1,-99999,35.,-0.58,14.100000000000001,27.3,0.01,-0.01
121162,2584174,54.630518,-8.438687,0.,1,-99999,35.,-0.58,14.100000000000001,27.3,0.01,-0.01
121162,2584742,54.630525,-8.438703,0.,1,-99999,35.,-0.58,14.100000000000001,27.3,0.01,-0.01
121162,2585114,54.630402,-8.438552,0.,1,-99999,35.,-0.58,14.100000000000001,27.3,0.01,-0.01
121162,2585131,54.630405,-8.438545,0.,1,-99999,35.,-0.58,14.100000000000001,27.3,0.01,-0.01
121162,2585662,54.630428,-8.438653,0.,1,-99999,35.,-0.58,14.100000000000001,27.3,0.01,-0.01
121162,2586102,54.63038,-8.438568,0.,1,-99999,35.,-0.58,14.100000000000001,27.3,0.01,-0.01
121162,2586571,54.63041,-8.438638,0.,1,-99999,35.,-0.58,14.100000000000001,27.3,0.01,-0.01
121162,2587070,54.630458,-8.438708,0.1,1,-99999,35.,-0.58,14.100000000000001,27.3,0.01,-0.01
121162,2587302,54.630337,-8.438527,0.,1,-99999,35.,-0.58,14.100000000000001,27.3,0.01,-0.01
121162,2587482,54.630397,-8.438588,0.1,1,-99999,35.,-0.58,14.100000000000001,27.3,0.01,-0.01
121162,2588011,54.63044,-8.438607,0.1,1,-99999,35.,-0.58,14.100000000000001,27.3,0.01,-0.01
121162,2588390,54.63049,-8.438593,0.,1,-99999,35.,-0.58,14.100000000000001,27.3,0.01,-0.01
121162,2588866,54.630432,-8.438592,0.,1,-99999,35.,-0.58,14.100000000000001,27.3,0.01,-0.01
121162,2588974,54.630447,-8.438583,0.1,1,-99999,35.,-0.58,14.100000000000001,27.3,0.01,-0.01
121162,2589304,54.630417,-8.438665,0.,1,-99999,35.,-0.58,14.100000000000001,27.3,0.01,-0.01
121162,2589934,54.630417,-8.43863,0.,1,-99999,35.,-0.58,14.100000000000001,27.3,0.01,-0.01
121162,2590318,54.630417,-8.43863,0.,1,-99999,35.,-0.58,14.100000000000001,27.3,0.01,-0.01
121162,2590502,54.630452,-8.438682,0.,1,-99999,35.,-0.58,14.100000000000001,27.3,0.01,-0.01
121162,2590883,54.63038,-8.438602,0.,1,-99999,35.,-0.58,14.100000000000001,27.3,0.01,-0.01
121162,2591411,54.630358,-8.438587,0.,1,-99999,35.,-0.58,14.100000000000001,27.3,0.01,-0.01
121162,2591782,54.630405,-8.438672,0.,1,-99999,35.,-0.58,14.100000000000001,27.3,0.01,-0.01
121162,2591834,54.630423,-8.438662,0.,1,-99999,35.,-0.58,14.100000000000001,27.3,0.01,-0.01
121162,2592330,54.63045,-8.438732,0.,1,-99999,35.,-0.58,14.100000000000001,27.3,0.01,-0.01
121162,2592782,54.630395,-8.438647,0.,1,-99999,35.,-0.58,14.100000000000001,27.3,0.01,-0.01
121162,2593240,54.630433,-8.438555,0.1,1,-99999,35.,-0.58,14.100000000000001,27.400000000000002,0.01,-0.01
121162,2593276,54.630427,-8.438577,0.,1,-99999,35.,-0.58,14.100000000000001,27.400000000000002,0.01,-0.01
121162,2593732,54.63045,-8.438655,0.,1,-99999,35.,-0.58,14.100000000000001,27.3,0.01,-0.01
121162,2594141,54.63041,-8.438605,0.,1,-99999,35.,-0.58,14.100000000000001,27.400000000000002,0.01,-0.01
121162,2594680,54.630438,-8.438628,0.,1,-99999,35.,-0.58,14.100000000000001,27.400000000000002,0.01,-0.01
121162,2594804,54.630427,-8.43863,0.,1,-99999,35.,-0.58,14.100000000000001,27.400000000000002,0.01,-0.01
121162,2595340,54.630403,-8.438625,0.,1,-99999,35.,-0.58,14.100000000000001,27.400000000000002,0.01,-0.01
121162,2595632,54.630395,-8.438552,0.,1,-99999,35.,-0.5700000000000001,14.100000000000001,27.400000000000002,0.01,-0.01
121162,2596260,54.630398,-8.438643,0.,1,-99999,35.,-0.5700000000000001,14.100000000000001,27.400000000000002,0.01,-0.01
121162,2596264,54.630397,-8.438642,0.,1,-99999,35.,-0.5700000000000001,14.100000000000001,27.400000000000002,0.01,-0.01
121162,2596592,54.63041,-8.438587,0.,1,-99999,35.,-0.5700000000000001,14.100000000000001,27.400000000000002,0.01,-0.01
121162,2597161,54.630388,-8.438557,0.,1,-99999,35.,-0.5700000000000001,14.100000000000001,27.400000000000002,0.01,-0.01
121162,2597541,54.630428,-8.438597,0.,1,-99999,35.,-0.5700000000000001,14.100000000000001,27.400000000000002,0.01,-0.01
121162,2597763,54.630297,-8.438435,0.,1,-99999,35.,-0.5700000000000001,14.100000000000001,27.400000000000002,0.01,-0.01
121162,2598062,54.630327,-8.438505,0.,1,-99999,35.,-0.5700000000000001,14.100000000000001,27.400000000000002,0.01,-0.01
121162,2598491,54.630432,-8.438592,0.1,1,-99999,35.,-0.5700000000000001,14.100000000000001,27.400000000000002,0.01,-0.01
121162,2598963,54.630458,-8.438608,0.1,1,-99999,35.,-0.5700000000000001,14.100000000000001,27.400000000000002,0.01,-0.01
121162,2599223,54.630447,-8.438622,0.,1,-99999,35.,-0.5700000000000001,14.100000000000001,27.400000000000002,0.01,-0.01
121162,2599403,54.630428,-8.438563,0.1,1,-99999,35.,-0.5700000000000001,14.100000000000001,27.400000000000002,0.01,-0.01
121162,2599872,54.630455,-8.438707,0.,1,-99999,35.,-0.5700000000000001,14.100000000000001,27.400000000000002,0.01,-0.01
121162,2600371,54.630437,-8.438593,0.1,1,-99999,35.,-0.5700000000000001,14.100000000000001,27.400000000000002,0.01,-0.01
121162,2600675,54.630452,-8.438727,0.,1,-99999,35.,-0.5700000000000001,14.100000000000001,27.400000000000002,0.01,-0.01
121162,2600783,54.630445,-8.438612,0.,1,-99999,35.,-0.5700000000000001,14.100000000000001,27.400000000000002,0.01,-0.01
121162,2601321,54.63039,-8.438588,0.1,1,-99999,35.,-0.5700000000000001,14.100000000000001,27.400000000000002,0.01,-0.01
121162,2601690,54.630455,-8.438613,0.1,1,-99999,35.,-0.5700000000000001,14.100000000000001,27.400000000000002,0.01,-0.01
121162,2602134,54.630495,-8.43868,0.,1,-99999,35.,-0.5700000000000001,14.100000000000001,27.400000000000002,0.01,-0.01
121162,2602242,54.630482,-8.438617,0.1,1,-99999,35.,-0.5700000000000001,14.100000000000001,27.400000000000002,0.01,-0.01
121162,2602606,54.630387,-8.43864,0.,1,-99999,35.,-0.5700000000000001,14.100000000000001,27.400000000000002,0.01,-0.01
121162,2603194,54.63039,-8.438647,0.,1,-99999,35.,-0.5700000000000001,14.100000000000001,27.400000000000002,0.01,-0.01
121162,2603522,54.630402,-8.438545,0.,1,-99999,35.,-0.5700000000000001,14.100000000000001,27.5,0.01,-0.01
121162,2603626,54.630392,-8.438497,0.,1,-99999,35.,-0.5700000000000001,14.100000000000001,27.5,0.01,-0.01
121162,2604106,54.630375,-8.438477,0.,1,-99999,35.,-0.5700000000000001,14.100000000000001,27.5,0.01,-0.01
121162,2604431,54.63038,-8.438583,0.,1,-99999,35.,-0.5700000000000001,14.100000000000001,27.5,0.01,-0.01
121162,2605071,54.630367,-8.438677,0.,1,-99999,35.,-0.5700000000000001,14.100000000000001,27.5,0.01,-0.01
121162,2605087,54.630372,-8.438692,0.,1,-99999,35.,-0.5700000000000001,14.100000000000001,27.5,0.01,-0.01
121162,2605332,54.630405,-8.43867,0.,1,-99999,35.,-0.5700000000000001,14.100000000000001,27.5,0.01,-0.01
121162,2606023,54.630372,-8.438605,0.,1,-99999,35.,-0.5700000000000001,14.100000000000001,27.5,0.01,-0.01
121162,2606531,54.63038,-8.438608,0.1,1,-99999,35.,-0.5700000000000001,14.100000000000001,27.5,0.01,-0.01
121162,2606595,54.630367,-8.438592,0.,1,-99999,35.,-0.5700000000000001,14.100000000000001,27.5,0.01,-0.01
121162,2606972,54.630432,-8.438642,0.,1,-99999,35.,-0.5700000000000001,14.100000000000001,27.5,0.01,-0.01
121162,2607731,54.630398,-8.438613,0.1,1,-99999,35.,-0.5700000000000001,14.100000000000001,27.5,0.01,-0.01
121162,2607923,54.630407,-8.438623,0.1,1,-99999,35.,-0.5700000000000001,14.100000000000001,27.5,0.01,-0.01
121162,2608091,54.6305,-8.438657,0.,1,-99999,35.,-0.5700000000000001,14.100000000000001,27.5,0.01,-0.01
121162,2608641,54.630423,-8.438658,0.,1,-99999,35.,-0.5700000000000001,14.100000000000001,27.5,0.01,-0.01
121162,2608884,54.630477,-8.438703,0.,1,-99999,35.,-0.5700000000000001,14.100000000000001,27.5,0.01,-0.01
121162,2609552,54.63053,-8.438695,0.,1,-99999,35.,-0.5700000000000001,14.100000000000001,27.5,0.01,-0.01
121162,2609556,54.63053,-8.438695,0.,1,-99999,35.,-0.5700000000000001,14.100000000000001,27.5,0.01,-0.01
121162,2609812,54.630457,-8.438627,0.,1,-99999,35.,-0.5700000000000001,14.100000000000001,27.5,0.01,-0.01
121162,2610460,54.630422,-8.438685,0.1,1,-99999,35.,-0.5700000000000001,14.100000000000001,27.5,0.01,-0.01
121162,2610773,54.63035,-8.438572,0.,1,-99999,35.,-0.5700000000000001,14.100000000000001,27.5,0.01,-0.01
121162,2611065,54.63041,-8.438537,0.,1,-99999,35.,-0.5700000000000001,14.100000000000001,27.5,0.01,-0.01
121162,2611369,54.63044,-8.438718,0.,1,-99999,35.,-0.5700000000000001,14.100000000000001,27.5,0.01,-0.01
121162,2611710,54.630335,-8.438563,0.,1,-99999,35.,-0.5700000000000001,14.100000000000001,27.5,0.01,-0.01
121162,2612271,54.630425,-8.438613,0.,1,-99999,35.,-0.5700000000000001,14.100000000000001,27.5,0.01,-0.01
121162,2612535,54.630417,-8.438602,0.,1,-99999,35.,-0.5700000000000001,14.100000000000001,27.5,0.01,-0.01
121162,2612660,54.630475,-8.438688,0.,1,-99999,35.,-0.5700000000000001,14.100000000000001,27.5,0.01,-0.01
121162,2613180,54.630455,-8.438607,0.,1,-99999,35.,-0.5700000000000001,14.100000000000001,27.5,0.01,-0.01
121162,2613581,54.63044,-8.438615,0.,1,-99999,35.,-0.5700000000000001,14.100000000000001,27.5,0.01,-0.01
121162,2613997,54.630427,-8.438617,0.,1,-99999,35.,-0.5700000000000001,14.100000000000001,27.5,0.01,-0.01
121162,2614081,54.630468,-8.43863,0.,1,-99999,35.,-0.5700000000000001,14.100000000000001,27.5,0.01,-0.01
121162,2614533,54.630525,-8.438728,0.,1,-99999,35.,-0.5700000000000001,14.100000000000001,27.5,0.01,-0.01
121162,2614993,54.630428,-8.438585,0.,1,-99999,35.,-0.5700000000000001,14.100000000000001,27.6,0.01,-0.01
121162,2615456,54.630368,-8.438547,0.,1,-99999,35.,-0.5700000000000001,14.100000000000001,27.6,0.01,-0.01
121162,2615901,54.630422,-8.438662,0.,1,-99999,35.,-0.5700000000000001,14.100000000000001,27.6,0.01,-0.01
121162,2616245,54.630392,-8.438575,0.,1,-99999,35.,-0.5700000000000001,14.100000000000001,27.6,0.01,-0.01
121162,2616421,54.630402,-8.438595,0.,1,-99999,35.,-0.5700000000000001,14.100000000000001,27.6,0.01,-0.01
121162,2616803,54.630398,-8.438543,0.,1,-99999,35.,-0.5700000000000001,14.100000000000001,27.6,0.01,-0.01
121162,2617363,54.630405,-8.438582,0.,1,-99999,35.,-0.5700000000000001,14.100000000000001,27.6,0.01,-0.01
121162,2617704,54.63039,-8.438602,0.,1,-99999,35.,-0.5700000000000001,14.100000000000001,27.6,0.01,-0.01
121162,2618011,54.63045,-8.438608,0.,1,-99999,35.,-0.5700000000000001,14.100000000000001,27.6,0.01,-0.01
121162,2618267,54.630353,-8.438577,0.,1,-99999,35.,-0.5700000000000001,14.100000000000001,27.6,0.01,-0.01
121162,2619185,54.630455,-8.438625,0.,1,-99999,35.,-0.5700000000000001,14.100000000000001,27.6,0.01,-0.01
121162,2619213,54.630433,-8.438575,0.,1,-99999,35.,-0.5700000000000001,14.100000000000001,27.6,0.01,-0.01
121162,2619849,54.630357,-8.43859,0.,1,-99999,35.,-0.5700000000000001,14.100000000000001,27.6,0.01,-0.01
121162,2620153,54.630475,-8.438635,0.1,1,-99999,35.,-0.5700000000000001,14.100000000000001,27.6,0.01,-0.01
121162,2620761,54.630447,-8.438633,0.,1,-99999,35.,-0.5700000000000001,14.100000000000001,27.6,0.01,-0.01
121162,2621101,54.630403,-8.438628,0.,1,-99999,35.,-0.5700000000000001,14.100000000000001,27.6,0.01,-0.01
121162,2621385,54.630457,-8.438695,0.,1,-99999,35.,-0.5700000000000001,14.100000000000001,27.6,0.01,-0.01
121162,2621681,54.630425,-8.438698,0.,1,-99999,35.,-0.5700000000000001,14.100000000000001,27.6,0.01,-0.01
121162,2622054,54.630403,-8.438643,0.,1,-99999,35.,-0.5700000000000001,14.100000000000001,27.6,0.01,-0.01
121162,2622882,54.63038,-8.438588,0.,1,-99999,35.,-0.5700000000000001,14.100000000000001,27.6,0.01,-0.01
121162,2622886,54.63038,-8.438587,0.,1,-99999,35.,-0.5700000000000001,14.100000000000001,27.6,0.01,-0.01
121162,2623002,54.63041,-8.438608,0.,1,-99999,35.,-0.5700000000000001,14.100000000000001,27.6,0.01,-0.01
121162,2623790,54.63038,-8.438628,0.,1,-99999,35.,-0.5700000000000001,14.100000000000001,27.6,0.01,-0.01
121162,2623950,54.63039,-8.438668,0.,1,-99999,35.,-0.5700000000000001,14.100000000000001,27.6,0.01,-0.01
121162,2624366,54.63046,-8.438667,0.,1,-99999,35.,-0.5700000000000001,14.100000000000001,27.6,0.01,-0.01
121162,2624882,54.630428,-8.438643,0.1,1,-99999,35.,-0.5700000000000001,14.100000000000001,27.700000000000003,0.01,-0.01
121162,2624990,54.63045,-8.43863,0.,1,-99999,35.,-0.5700000000000001,14.100000000000001,27.700000000000003,0.01,-0.01
121162,2625844,54.630445,-8.438635,0.,1,-99999,35.,-0.5700000000000001,14.100000000000001,27.700000000000003,0.01,-0.01
121162,2625880,54.630487,-8.438658,0.,1,-99999,35.,-0.5700000000000001,14.100000000000001,27.700000000000003,0.01,-0.01
121162,2625904,54.630485,-8.438682,0.,1,-99999,35.,-0.5700000000000001,14.100000000000001,27.700000000000003,0.01,-0.01
121162,2626832,54.630402,-8.438605,0.,1,-99999,35.,-0.5700000000000001,14.100000000000001,27.700000000000003,0.01,-0.01
121162,2627104,54.630448,-8.43866,0.1,1,-99999,35.,-0.5700000000000001,14.100000000000001,27.700000000000003,0.01,-0.01
121162,2627356,54.630397,-8.438607,0.,1,-99999,35.,-0.5700000000000001,14.100000000000001,27.700000000000003,0.01,-0.01
121162,2627782,54.630437,-8.438583,0.1,1,-99999,35.,-0.5700000000000001,14.100000000000001,27.700000000000003,0.01,-0.01
121162,2628023,54.630458,-8.43862,0.1,1,-99999,35.,-0.5700000000000001,14.100000000000001,27.700000000000003,0.01,-0.01
121162,2628742,54.630372,-8.438552,0.1,1,-99999,35.,-0.5700000000000001,14.100000000000001,27.700000000000003,0.01,-0.01
121162,2628846,54.63042,-8.438567,0.,1,-99999,35.,-0.5700000000000001,14.100000000000001,27.700000000000003,0.01,-0.01
121162,2628930,54.630398,-8.438575,0.,1,-99999,35.,-0.5700000000000001,14.100000000000001,27.700000000000003,0.01,-0.01
121162,2629691,54.63037,-8.438563,0.,1,-99999,35.,-0.5700000000000001,14.100000000000001,27.700000000000003,0.01,-0.01
121162,2629831,54.630447,-8.438613,0.,1,-99999,35.,-0.5700000000000001,14.100000000000001,27.700000000000003,0.01,-0.01
121162,2630643,54.630435,-8.438648,0.,1,-99999,35.,-0.5700000000000001,14.100000000000001,27.700000000000003,0.01,-0.01
121162,2630751,54.630425,-8.438628,0.1,1,-99999,35.,-0.5700000000000001,14.100000000000001,27.700000000000003,0.01,-0.01
121162,2631083,54.630427,-8.438612,0.,1,-99999,35.,-0.5700000000000001,14.100000000000001,27.700000000000003,0.01,-0.01
121162,2631582,54.630417,-8.438628,0.,1,-99999,35.,-0.5700000000000001,14.100000000000001,27.700000000000003,0.01,-0.01
121162,2631662,54.630413,-8.438627,0.,1,-99999,35.,-0.5700000000000001,14.100000000000001,27.700000000000003,0.01,-0.01
121162,2632552,54.630437,-8.438578,0.,1,-99999,35.,-0.5700000000000001,14.100000000000001,27.700000000000003,0.01,-0.01
121162,2632572,54.630428,-8.43858,0.,1,-99999,35.,-0.5700000000000001,14.100000000000001,27.700000000000003,0.01,-0.01
121162,2633481,54.63039,-8.438578,0.,1,-99999,35.,-0.5700000000000001,14.100000000000001,27.700000000000003,0.01,-0.01
121162,2633501,54.630417,-8.438592,0.,1,-99999,35.,-0.5700000000000001,14.100000000000001,27.700000000000003,0.01,-0.01
121162,2634402,54.630428,-8.438605,0.,1,-99999,35.,-0.5700000000000001,14.100000000000001,27.700000000000003,0.01,-0.01
121162,2634406,54.630428,-8.438605,0.,1,-99999,35.,-0.5700000000000001,14.100000000000001,27.700000000000003,0.01,-0.01
121162,2634762,54.630482,-8.438487,0.,1,-99999,35.,-0.5700000000000001,14.100000000000001,27.8,0.01,-0.01
121162,2635311,54.63042,-8.438628,0.,1,-99999,35.,-0.5700000000000001,14.100000000000001,27.8,0.01,0.
121162,2635382,54.630458,-8.438612,0.,1,-99999,35.,-0.5700000000000001,14.100000000000001,27.8,0.01,0.
121162,2636342,54.630467,-8.438665,0.,1,-99999,35.,-0.5700000000000001,14.100000000000001,27.8,0.01,0.
121162,2636510,54.630417,-8.438647,0.,1,-99999,35.,-0.5700000000000001,14.100000000000001,27.8,0.01,0.
121162,2636964,54.630397,-8.43861,0.,1,-99999,35.,-0.5700000000000001,14.100000000000001,27.8,0.01,0.
121162,2637293,54.630387,-8.438617,0.,1,-99999,35.,-0.5700000000000001,14.100000000000001,27.8,0.01,0.
121162,2637422,54.630385,-8.438628,0.,1,-99999,35.,-0.5700000000000001,14.100000000000001,27.8,0.01,0.
121162,2638233,54.63038,-8.438607,0.,1,-99999,35.,-0.5700000000000001,14.100000000000001,27.8,0.01,0.
121162,2638329,54.630433,-8.438605,0.1,1,-99999,35.,-0.5700000000000001,14.100000000000001,27.8,0.01,0.
121162,2639181,54.630393,-8.438603,0.1,1,-99999,35.,-0.5700000000000001,14.100000000000001,27.8,0.01,0.
121162,2639250,54.630413,-8.438672,0.1,1,-99999,35.,-0.5700000000000001,14.100000000000001,27.8,0.01,0.
121162,2640095,54.630398,-8.43864,0.,1,-99999,35.,-0.5700000000000001,14.100000000000001,27.8,0.01,0.
121162,2640151,54.630417,-8.438612,0.,1,-99999,35.,-0.5700000000000001,14.100000000000001,27.8,0.01,0.
121162,2641023,54.630423,-8.43864,0.1,1,-99999,35.,-0.5700000000000001,14.100000000000001,27.8,0.01,0.
121162,2641063,54.630412,-8.438627,0.,1,-99999,35.,-0.5700000000000001,14.100000000000001,27.8,0.01,0.
121162,2641964,54.630418,-8.438705,0.1,1,-99999,35.,-0.56,14.100000000000001,27.8,0.01,0.
121162,2641972,54.630433,-8.438707,0.1,1,-99999,35.,-0.56,14.100000000000001,27.8,0.01,0.
121162,2642104,54.630435,-8.438537,0.,1,-99999,35.,-0.56,14.100000000000001,27.8,0.01,0.
121162,2642881,54.630435,-8.438637,0.,1,-99999,35.,-0.56,14.100000000000001,27.8,0.01,0.
121162,2642921,54.630432,-8.43861,0.1,1,-99999,35.,-0.56,14.100000000000001,27.8,0.01,0.
121162,2643782,54.630445,-8.438587,0.,1,-99999,35.,-0.56,14.100000000000001,27.8,0.01,0.
121162,2643870,54.630447,-8.438587,0.,1,-99999,35.,-0.56,14.100000000000001,27.8,0.01,0.
121162,2644294,54.630405,-8.43854,0.,1,-99999,35.,-0.56,14.100000000000001,27.8,0.01,0.
121162,2644719,54.630433,-8.438568,0.,1,-99999,35.,-0.56,14.100000000000001,27.900000000000002,0.01,0.
121162,2644811,54.630412,-8.438503,0.1,1,-99999,35.,-0.56,14.100000000000001,27.900000000000002,0.01,0.
121162,2645621,54.630447,-8.438695,0.,1,-99999,35.,-0.56,14.100000000000001,27.8,0.01,0.
121162,2645753,54.630415,-8.438677,0.1,1,-99999,35.,-0.56,14.100000000000001,27.900000000000002,0.01,0.
121162,2645781,54.630427,-8.438692,0.,1,-99999,35.,-0.56,14.100000000000001,27.900000000000002,0.01,0.
121162,2646711,54.630405,-8.438598,0.,1,-99999,35.,-0.56,14.100000000000001,27.900000000000002,0.01,0.
121162,2647236,54.63038,-8.438632,0.,1,-99999,35.,-0.56,14.100000000000001,27.900000000000002,0.01,0.
121162,2647436,54.630403,-8.438627,0.,1,-99999,35.,-0.56,14.100000000000001,27.900000000000002,0.01,0.
121162,2647792,54.630403,-8.43864,0.,1,-99999,35.,-0.56,14.100000000000001,27.900000000000002,0.01,0.
121162,2648744,54.630382,-8.438575,0.,1,-99999,35.,-0.56,14.100000000000001,27.900000000000002,0.01,0.
121162,2648752,54.630388,-8.438563,0.,1,-99999,35.,-0.56,14.100000000000001,27.900000000000002,0.01,0.
121162,2649252,54.630392,-8.438602,0.,1,-99999,35.,-0.56,14.100000000000001,27.900000000000002,0.01,0.
121162,2649700,54.630392,-8.438565,0.,1,-99999,35.,-0.56,14.100000000000001,27.900000000000002,0.01,0.
121162,2650173,54.630375,-8.438597,0.,1,-99999,35.,-0.56,14.100000000000001,27.900000000000002,0.01,0.
121162,2650205,54.630445,-8.438585,0.,1,-99999,35.,-0.56,14.200000000000001,27.900000000000002,0.01,0.
121162,2650633,54.630383,-8.438593,0.1,1,-99999,35.,-0.56,14.200000000000001,27.900000000000002,0.01,0.
121162,2651081,54.63041,-8.438617,0.,1,-99999,35.,-0.56,14.200000000000001,27.900000000000002,0.01,0.
121162,2651581,54.63038,-8.438595,0.,1,-99999,35.,-0.56,14.200000000000001,27.900000000000002,0.01,0.
121162,2651746,54.630362,-8.43857,0.,1,-99999,35.,-0.56,14.200000000000001,27.900000000000002,0.01,0.
121162,2651982,54.630368,-8.438623,0.,1,-99999,35.,-0.56,14.200000000000001,27.900000000000002,0.01,0.
121162,2652542,54.630413,-8.438598,0.1,1,-99999,35.,-0.56,14.200000000000001,27.900000000000002,0.01,0.
121162,2652894,54.630383,-8.43855,0.,1,-99999,35.,-0.56,14.200000000000001,27.900000000000002,0.01,0.
121162,2653235,54.630457,-8.438602,0.,1,-99999,35.,-0.56,14.200000000000001,27.900000000000002,0.01,0.
121162,2653491,54.630385,-8.438597,0.,1,-99999,35.,-0.56,14.200000000000001,27.900000000000002,0.01,0.
121162,2653804,54.63041,-8.438552,0.,1,-99999,35.,-0.56,14.200000000000001,27.900000000000002,0.01,0.
121162,2654423,54.630407,-8.438697,0.1,1,-99999,35.,-0.56,14.200000000000001,27.900000000000002,0.01,0.
121162,2654684,54.630457,-8.438627,0.,1,-99999,35.,-0.56,14.200000000000001,27.900000000000002,0.01,0.
121162,2654712,54.630392,-8.438623,0.,1,-99999,35.,-0.56,14.200000000000001,27.900000000000002,0.01,0.
121162,2655411,54.630483,-8.438695,0.1,1,-99999,35.,-0.56,14.200000000000001,27.900000000000002,0.01,0.
121162,2655623,54.63045,-8.43858,0.,1,-99999,35.,-0.56,14.200000000000001,28.,0.01,0.
121162,2656203,54.630477,-8.438665,0.,1,-99999,35.,-0.56,14.200000000000001,28.,0.01,0.
121162,2656364,54.630477,-8.438628,0.1,1,-99999,35.,-0.56,14.200000000000001,28.,0.01,0.
121162,2656531,54.630465,-8.43862,0.1,1,-99999,35.,-0.56,14.200000000000001,28.,0.01,0.
121162,2657312,54.630405,-8.438652,0.1,1,-99999,35.,-0.56,14.200000000000001,28.,0.01,0.
121162,2657432,54.630477,-8.438683,0.,1,-99999,35.,-0.56,14.200000000000001,28.,0.01,0.
121162,2657724,54.63039,-8.438612,0.,1,-99999,35.,-0.56,14.200000000000001,28.,0.01,0.
121162,2658260,54.630407,-8.438623,0.1,1,-99999,35.,-0.56,14.200000000000001,28.,0.01,0.
121162,2658352,54.63039,-8.438633,0.,1,-99999,35.,-0.56,14.200000000000001,28.,0.01,0.
121162,2659202,54.630458,-8.438632,0.,1,-99999,35.,-0.56,14.200000000000001,28.,0.01,0.
121162,2659282,54.63044,-8.438643,0.,1,-99999,35.,-0.56,14.200000000000001,28.,0.01,0.
121162,2659922,54.63048,-8.438737,0.,1,-99999,35.,-0.56,14.200000000000001,28.,0.01,0.
121162,2660151,54.630428,-8.438683,0.1,1,-99999,35.,-0.56,14.200000000000001,28.,0.01,0.
121162,2660192,54.630428,-8.438622,0.1,1,-99999,35.,-0.56,14.200000000000001,28.,0.01,0.
121162,2661092,54.630378,-8.43859,0.,1,-99999,35.,-0.56,14.200000000000001,28.,0.01,0.
121162,2661100,54.630392,-8.438582,0.,1,-99999,35.,-0.56,14.200000000000001,28.,0.01,0.
121162,2661436,54.630422,-8.438642,0.,1,-99999,35.,-0.56,14.200000000000001,28.,0.01,0.
121162,2662013,54.630477,-8.438672,0.,1,-99999,35.,-0.56,14.200000000000001,28.,0.01,0.
121162,2662041,54.630455,-8.438687,0.,1,-99999,35.,-0.56,14.200000000000001,28.,0.01,0.
121162,2662915,54.630405,-8.438595,0.,1,-99999,35.,-0.56,14.200000000000001,28.,0.01,0.
121162,2663031,54.630438,-8.438637,0.,1,-99999,35.,-0.56,14.200000000000001,28.,0.01,0.
121162,2663635,54.630465,-8.438642,0.,1,-99999,35.,-0.56,14.200000000000001,28.,0.01,0.
121162,2663831,54.6305,-8.438647,0.1,1,-99999,35.,-0.56,14.200000000000001,28.,0.01,0.
121162,2663979,54.630392,-8.438673,0.1,1,-99999,35.,-0.56,14.200000000000001,28.,0.01,0.
121162,2664740,54.630367,-8.438618,0.,1,-99999,35.,-0.56,14.200000000000001,28.,0.01,0.
121162,2664924,54.630473,-8.438653,0.,1,-99999,35.,-0.56,14.200000000000001,28.,0.01,0.
121162,2665091,54.63044,-8.438732,0.,1,-99999,35.,-0.56,14.200000000000001,28.,0.01,0.
121162,2665660,54.630458,-8.438708,0.,1,-99999,35.,-0.56,14.200000000000001,28.,0.01,0.
121162,2665873,54.630465,-8.438732,0.,1,-99999,35.,-0.56,14.200000000000001,28.,0.01,0.
121162,2666545,54.630467,-8.438672,0.,1,-99999,35.,-0.56,14.200000000000001,28.1,0.01,0.
121162,2666561,54.63045,-8.438678,0.,1,-99999,35.,-0.56,14.200000000000001,28.1,0.01,0.
121162,2666821,54.630502,-8.438757,0.,1,-99999,35.,-0.56,14.200000000000001,28.1,0.01,0.
121162,2667473,54.63045,-8.438615,0.,1,-99999,35.,-0.56,14.200000000000001,28.1,0.01,0.
121162,2667761,54.630447,-8.438628,0.1,1,-99999,35.,-0.56,14.200000000000001,28.1,0.01,0.
121162,2668017,54.630422,-8.438652,0.,1,-99999,35.,-0.56,14.200000000000001,28.1,0.01,0.
121162,2668382,54.630498,-8.438668,0.,1,-99999,35.,-0.56,14.200000000000001,28.1,0.01,0.
121162,2668722,54.630432,-8.43865,0.,1,-99999,35.,-0.56,14.200000000000001,28.1,0.01,0.
121162,2669294,54.63041,-8.438598,0.,1,-99999,35.,-0.56,14.200000000000001,28.1,0.01,0.
121162,2669474,54.630467,-8.438652,0.,1,-99999,35.,-0.56,14.200000000000001,28.1,0.01,0.
121162,2669671,54.63044,-8.438652,0.,1,-99999,35.,-0.56,14.200000000000001,28.1,0.01,0.
121162,2670202,54.630447,-8.438618,0.,1,-99999,35.,-0.56,14.200000000000001,28.1,0.01,0.
121162,2670643,54.630423,-8.438623,0.,1,-99999,35.,-0.56,14.200000000000001,28.1,0.01,0.
121162,2671103,54.630373,-8.438602,0.,1,-99999,35.,-0.56,14.200000000000001,28.1,0.01,0.
121162,2671603,54.630403,-8.43851,0.1,1,-99999,35.,-0.56,14.200000000000001,28.1,0.01,0.
121162,2671672,54.630432,-8.438627,0.,1,-99999,35.,-0.56,14.200000000000001,28.1,0.01,0.
121162,2672011,54.630432,-8.43863,0.1,1,-99999,35.,-0.56,14.200000000000001,28.1,0.01,0.
121162,2672515,54.630365,-8.438752,0.,1,-99999,35.,-0.56,14.200000000000001,28.1,0.01,0.
121162,2672940,54.630428,-8.438608,0.,1,-99999,35.,-0.56,14.200000000000001,28.1,0.01,0.
121162,2673184,54.630447,-8.438502,0.,1,-99999,35.,-0.56,14.200000000000001,28.1,0.01,0.
121162,2673512,54.630387,-8.438478,0.,1,-99999,35.,-0.56,14.200000000000001,28.1,0.01,0.
121162,2673852,54.630477,-8.43864,0.1,1,-99999,35.,-0.56,14.200000000000001,28.1,0.01,0.
121162,2674464,54.630462,-8.438528,0.1,1,-99999,35.,-0.56,14.200000000000001,28.1,0.01,0.
121162,2674644,54.630397,-8.438647,0.,1,-99999,35.,-0.56,14.200000000000001,28.1,0.01,0.
121162,2675424,54.630383,-8.438567,0.1,1,-99999,35.,-0.56,14.200000000000001,28.1,0.01,0.
121162,2676165,54.630435,-8.438652,0.,1,-99999,35.,-0.56,14.200000000000001,28.1,0.01,0.
121162,2676370,54.63043,-8.438647,0.,1,-99999,35.,-0.56,14.200000000000001,28.200000000000003,0.01,0.
121162,2676873,54.63044,-8.438592,0.,1,-99999,35.,-0.56,14.200000000000001,28.200000000000003,0.01,0.
121162,2677322,54.630492,-8.4387,0.,1,-99999,35.,-0.56,14.200000000000001,28.200000000000003,0.01,0.
121162,2677654,54.630397,-8.438625,0.,1,-99999,35.,-0.56,14.200000000000001,28.200000000000003,0.01,0.
121162,2678080,54.630383,-8.438767,0.1,1,-99999,35.,-0.56,14.200000000000001,28.200000000000003,0.01,0.
121162,2678273,54.630458,-8.4388,0.,1,-99999,35.,-0.56,14.200000000000001,28.200000000000003,0.02,0.
121162,2679000,54.630413,-8.438617,0.,1,-99999,35.,-0.56,14.200000000000001,28.200000000000003,0.02,0.
121162,2679240,54.630435,-8.438543,0.,1,-99999,35.,-0.56,14.200000000000001,28.200000000000003,0.02,0.
121162,2679852,54.630427,-8.438635,0.,1,-99999,35.,-0.56,14.200000000000001,28.200000000000003,0.02,0.
121162,2679912,54.630443,-8.438562,0.,1,-99999,35.,-0.56,14.200000000000001,28.200000000000003,0.02,0.
121162,2680192,54.630425,-8.438648,0.,1,-99999,35.,-0.56,14.200000000000001,28.200000000000003,0.02,0.
121162,2680822,54.630427,-8.438605,0.,1,-99999,35.,-0.56,14.200000000000001,28.200000000000003,0.02,0.
121162,2681154,54.630403,-8.438647,0.,1,-99999,35.,-0.56,14.200000000000001,28.200000000000003,0.02,0.
121162,2681314,54.630427,-8.438632,0.,1,-99999,35.,-0.56,14.200000000000001,28.200000000000003,0.02,0.
121162,2681730,54.63043,-8.43864,0.,1,-99999,35.,-0.56,14.200000000000001,28.200000000000003,0.02,0.
121162,2682091,54.630403,-8.438695,0.,1,-99999,35.,-0.56,14.200000000000001,28.200000000000003,0.02,0.
121162,2682642,54.630398,-8.438608,0.,1,-99999,35.,-0.56,14.200000000000001,28.200000000000003,0.02,0.
121162,2682823,54.630392,-8.438617,0.,1,-99999,35.,-0.56,14.200000000000001,28.200000000000003,0.02,0.
121162,2683052,54.630425,-8.43862,0.,1,-99999,35.,-0.56,14.200000000000001,28.200000000000003,0.02,0.
121162,2683201,54.630393,-8.438583,0.,1,-99999,35.,-0.56,14.200000000000001,28.200000000000003,0.02,0.
121162,2683544,54.630398,-8.43857,0.,1,-99999,35.,-0.56,14.200000000000001,28.200000000000003,0.02,0.
121162,2683976,54.63032,-8.438568,0.1,1,-99999,35.,-0.56,14.200000000000001,28.200000000000003,0.02,0.
121162,2684344,54.630357,-8.438567,0.,1,-99999,35.,-0.56,14.200000000000001,28.200000000000003,0.02,0.
121162,2684464,54.630358,-8.438528,0.1,1,-99999,35.,-0.56,14.200000000000001,28.200000000000003,0.02,0.
121162,2684944,54.630377,-8.438678,0.,1,-99999,35.,-0.56,14.200000000000001,28.200000000000003,0.02,0.
121162,2685372,54.630485,-8.438683,0.,1,-99999,35.,-0.56,14.200000000000001,28.200000000000003,0.02,0.
121162,2685796,54.6304,-8.438642,0.,1,-99999,35.,-0.56,14.200000000000001,28.200000000000003,0.02,0.
121162,2685892,54.630487,-8.438672,0.,1,-99999,35.,-0.56,14.200000000000001,28.200000000000003,0.02,0.
121162,2686584,54.630488,-8.438685,0.1,1,-99999,35.,-0.56,14.200000000000001,28.200000000000003,0.02,0.
121162,2686852,54.630465,-8.438662,0.,1,-99999,35.,-0.56,14.200000000000001,28.3,0.02,0.
121162,2687265,54.630405,-8.43858,0.,1,-99999,35.,-0.56,14.200000000000001,28.3,0.02,0.
121162,2687504,54.63039,-8.438642,0.1,1,-99999,35.,-0.56,14.200000000000001,28.3,0.02,0.
121162,2687764,54.630487,-8.43862,0.,1,-99999,35.,-0.55,14.200000000000001,28.3,0.02,0.
121162,2688411,54.630477,-8.438583,0.,1,-99999,35.,-0.55,14.200000000000001,28.3,0.02,0.
121162,2688742,54.630468,-8.438575,0.,1,-99999,35.,-0.55,14.200000000000001,28.3,0.02,0.
121162,2689323,54.630432,-8.43862,0.,1,-99999,35.,-0.55,14.200000000000001,28.3,0.02,0.
121162,2689692,54.630383,-8.438575,0.,1,-99999,35.,-0.55,14.200000000000001,28.3,0.02,0.
121162,2690203,54.630387,-8.438465,0.,1,-99999,35.,-0.55,14.200000000000001,28.3,0.02,0.
121162,2690231,54.630368,-8.438475,0.1,1,-99999,35.,-0.55,14.200000000000001,28.3,0.02,0.
121162,2690639,54.630388,-8.438552,0.,1,-99999,35.,-0.55,14.200000000000001,28.3,0.02,0.
121162,2691144,54.630398,-8.4386,0.,1,-99999,35.,-0.55,14.200000000000001,28.3,0.02,0.
121162,2691603,54.630397,-8.438672,0.1,1,-99999,35.,-0.55,14.200000000000001,28.3,0.02,0.
121162,2691715,54.630435,-8.438717,0.,1,-99999,35.,-0.55,14.200000000000001,28.3,0.02,0.
121162,2692063,54.630403,-8.438612,0.1,1,-99999,35.,-0.55,14.200000000000001,28.3,0.02,0.
121162,2692563,54.630417,-8.438605,0.1,1,-99999,35.,-0.55,14.200000000000001,28.3,0.02,0.
121162,2693171,54.630387,-8.43859,0.,1,-99999,35.,-0.55,14.200000000000001,28.3,0.02,0.
121162,2693263,54.630373,-8.43866,0.,1,-99999,35.,-0.55,14.200000000000001,28.3,0.02,0.
121162,2693511,54.630393,-8.438667,0.,1,-99999,35.,-0.55,14.200000000000001,28.3,0.02,0.
121162,2694452,54.630387,-8.438563,0.,1,-99999,35.,-0.55,14.200000000000001,28.3,0.02,0.
121162,2694471,54.630383,-8.438568,0.1,1,-99999,35.,-0.55,14.200000000000001,28.3,0.02,0.
121162,2694647,54.630387,-8.438565,0.,1,-99999,35.,-0.55,14.200000000000001,28.3,0.02,0.
121162,2695383,54.63039,-8.438618,0.1,1,-99999,35.,-0.55,14.200000000000001,28.3,0.02,0.
121162,2695411,54.630395,-8.43868,0.1,1,-99999,35.,-0.55,14.200000000000001,28.3,0.02,0.
121162,2696104,54.630462,-8.438707,0.,1,-99999,35.,-0.55,14.200000000000001,28.3,0.02,0.
121162,2696371,54.630432,-8.438627,0.,1,-99999,35.,-0.55,14.200000000000001,28.3,0.02,0.
121162,2696581,54.630422,-8.438665,0.1,1,-99999,35.,-0.55,14.200000000000001,28.3,0.02,0.
121162,2697333,54.630422,-8.438792,0.1,1,-99999,35.,-0.55,14.200000000000001,28.3,0.02,0.
121162,2697492,54.63042,-8.438732,0.,1,-99999,35.,-0.55,14.200000000000001,28.400000000000002,0.02,0.
121162,2697616,54.63042,-8.438702,0.,1,-99999,35.,-0.55,14.200000000000001,28.400000000000002,0.02,0.
121162,2698273,54.630395,-8.438652,0.1,1,-99999,35.,-0.55,14.200000000000001,28.400000000000002,0.02,0.
121162,2698393,54.63039,-8.438602,0.1,1,-99999,35.,-0.55,14.200000000000001,28.400000000000002,0.02,0.
121162,2699147,54.630427,-8.43869,0.,1,-99999,35.,-0.55,14.200000000000001,28.400000000000002,0.02,0.
121162,2699223,54.63043,-8.438605,0.,1,-99999,35.,-0.55,14.200000000000001,28.400000000000002,0.02,0.
121162,2699592,54.630435,-8.438605,0.,1,-99999,35.,-0.55,14.200000000000001,28.400000000000002,0.02,0.
121162,2700182,54.630457,-8.438662,0.,1,-99999,35.,-0.55,14.200000000000001,28.400000000000002,0.02,0.
121162,2700501,54.630547,-8.438725,0.,1,-99999,35.,-0.55,14.200000000000001,28.400000000000002,0.02,0.
121162,2701131,54.630437,-8.43866,0.,1,-99999,35.,-0.55,14.200000000000001,28.400000000000002,0.02,0.
121162,2701383,54.630432,-8.438685,0.,1,-99999,35.,-0.55,14.200000000000001,28.400000000000002,0.02,0.
121162,2701411,54.63045,-8.43867,0.,1,-99999,35.,-0.55,14.200000000000001,28.400000000000002,0.02,0.
121162,2702101,54.630417,-8.438667,0.1,1,-99999,35.,-0.55,14.200000000000001,28.400000000000002,0.02,0.
121162,2702321,54.63038,-8.438632,0.,1,-99999,35.,-0.55,14.200000000000001,28.400000000000002,0.02,0.
121162,2703061,54.630422,-8.43861,0.1,1,-99999,35.,-0.55,14.200000000000001,28.400000000000002,0.02,0.
121162,2703521,54.630387,-8.438628,0.,1,-99999,35.,-0.55,14.200000000000001,28.400000000000002,0.02,0.
121162,2703673,54.630397,-8.43861,0.,1,-99999,35.,-0.55,14.200000000000001,28.400000000000002,0.02,0.
121162,2704021,54.63041,-8.438613,0.,1,-99999,35.,-0.55,14.200000000000001,28.400000000000002,0.02,0.
121162,2704974,54.63043,-8.438602,0.,1,-99999,35.,-0.55,14.200000000000001,28.400000000000002,0.02,0.
121162,2705334,54.630425,-8.438623,0.1,1,-99999,35.,-0.55,14.200000000000001,28.400000000000002,0.02,0.
121162,2705884,54.630435,-8.438642,0.,1,-99999,35.,-0.55,14.200000000000001,28.400000000000002,0.02,0.
121162,2705932,54.630442,-8.4386,0.1,1,-99999,35.,-0.55,14.200000000000001,28.400000000000002,0.02,0.
121162,2706244,54.630428,-8.438638,0.1,1,-99999,35.,-0.55,14.200000000000001,28.400000000000002,0.02,0.
121162,2706853,54.630452,-8.438637,0.,1,-99999,35.,-0.55,14.200000000000001,28.400000000000002,0.02,0.
121162,2707476,54.630452,-8.438685,0.,1,-99999,35.,-0.55,14.200000000000001,28.5,0.02,0.
121162,2707800,54.630398,-8.438615,0.1,1,-99999,35.,-0.55,14.200000000000001,28.5,0.02,0.
121162,2708073,54.630465,-8.438623,0.,1,-99999,35.,-0.55,14.200000000000001,28.5,0.02,0.
121162,2708754,54.630413,-8.438628,0.,1,-99999,35.,-0.55,14.200000000000001,28.5,0.02,0.
121162,2708982,54.630382,-8.438632,0.,1,-99999,35.,-0.55,14.200000000000001,28.5,0.02,0.
121162,2709711,54.630415,-8.438623,0.,1,-99999,35.,-0.55,14.200000000000001,28.5,0.02,0.
121162,2709902,54.630392,-8.43861,0.,1,-99999,35.,-0.55,14.200000000000001,28.5,0.02,0.
121162,2710392,54.630402,-8.43866,0.,1,-99999,35.,-0.55,14.200000000000001,28.5,0.02,0.
121162,2710633,54.630417,-8.43861,0.,1,-99999,35.,-0.55,14.200000000000001,28.5,0.02,0.
121162,2710822,54.630458,-8.438623,0.,1,-99999,35.,-0.55,14.200000000000001,28.5,0.02,0.
121162,2711614,54.630445,-8.438522,0.,1,-99999,35.,-0.55,14.200000000000001,28.5,0.02,0.
121162,2711734,54.63047,-8.43861,0.1,1,-99999,35.,-0.55,14.200000000000001,28.5,0.02,0.
121162,2711874,54.630402,-8.438617,0.,1,-99999,35.,-0.55,14.200000000000001,28.5,0.02,0.
121162,2712574,54.630415,-8.4386,0.,1,-99999,35.,-0.55,14.200000000000001,28.5,0.02,0.
121162,2712642,54.630447,-8.43862,0.1,1,-99999,35.,-0.55,14.200000000000001,28.5,0.02,0.
121162,2713382,54.63041,-8.438575,0.,1,-99999,35.,-0.55,14.200000000000001,28.5,0.02,0.
121162,2713510,54.630428,-8.438612,0.,1,-99999,35.,-0.55,14.200000000000001,28.5,0.02,0.
121162,2713562,54.63041,-8.438623,0.,1,-99999,35.,-0.55,14.200000000000001,28.5,0.02,0.
121162,2714462,54.630402,-8.438607,0.,1,-99999,35.,-0.55,14.200000000000001,28.5,0.02,0.
121162,2714770,54.630403,-8.438605,0.,1,-99999,35.,-0.55,14.200000000000001,28.5,0.02,0.
121162,2714902,54.630402,-8.438565,0.,1,-99999,35.,-0.55,14.200000000000001,28.5,0.02,0.
121162,2715403,54.630428,-8.438638,0.1,1,-99999,35.,-0.55,14.200000000000001,28.5,0.02,0.
121162,2715672,54.630417,-8.438625,0.,1,-99999,35.,-0.55,14.200000000000001,28.5,0.02,0.
121162,2716353,54.630422,-8.438607,0.,1,-99999,35.,-0.55,14.200000000000001,28.5,0.02,0.
121162,2716364,54.630422,-8.438605,0.,1,-99999,35.,-0.55,14.200000000000001,28.5,0.02,0.
121162,2716592,54.630427,-8.438642,0.,1,-99999,35.,-0.55,14.200000000000001,28.5,0.02,0.
121162,2717312,54.630445,-8.438557,0.1,1,-99999,35.,-0.55,14.200000000000001,28.6,0.02,0.
121162,2717793,54.63043,-8.438642,0.,1,-99999,35.,-0.55,14.200000000000001,28.6,0.02,0.
121162,2717836,54.630427,-8.438632,0.,1,-99999,35.,-0.55,14.200000000000001,28.6,0.02,0.
121162,2718261,54.630405,-8.438588,0.,1,-99999,35.,-0.55,14.200000000000001,28.6,0.02,0.
121162,2718713,54.630422,-8.438633,0.1,1,-99999,35.,-0.55,14.200000000000001,28.6,0.02,0.
121162,2719214,54.630395,-8.438585,0.,1,-99999,35.,-0.55,14.200000000000001,28.6,0.02,0.
121162,2719341,54.630397,-8.43859,0.,1,-99999,35.,-0.55,14.200000000000001,28.6,0.02,0.
121162,2719621,54.63038,-8.438588,0.,1,-99999,35.,-0.55,14.200000000000001,28.6,0.02,0.
121162,2720162,54.630407,-8.438607,0.,1,-99999,35.,-0.55,14.200000000000001,28.6,0.02,0.
121162,2720522,54.63041,-8.438597,0.,1,-99999,35.,-0.55,14.200000000000001,28.6,0.02,0.
121162,2720794,54.630447,-8.438612,0.,1,-99999,35.,-0.55,14.200000000000001,28.6,0.02,0.
121162,2721123,54.63043,-8.438588,0.,1,-99999,35.,-0.55,14.200000000000001,28.6,0.02,0.
121162,2721434,54.630455,-8.438602,0.1,1,-99999,35.,-0.55,14.200000000000001,28.6,0.02,0.
121162,2722072,54.630448,-8.438618,0.,1,-99999,35.,-0.55,14.200000000000001,28.6,0.02,0.
121162,2722263,54.630457,-8.438647,0.,1,-99999,35.,-0.55,14.200000000000001,28.6,0.02,0.
121162,2722631,54.630423,-8.438623,0.,1,-99999,35.,-0.55,14.200000000000001,28.6,0.02,0.
121162,2723011,54.63045,-8.438665,0.,1,-99999,35.,-0.55,14.200000000000001,28.6,0.02,0.
121162,2723540,54.630403,-8.438613,0.,1,-99999,35.,-0.55,14.200000000000001,28.6,0.02,0.
121162,2723784,54.63042,-8.438597,0.,1,-99999,35.,-0.55,14.200000000000001,28.6,0.02,0.
121162,2723972,54.630388,-8.43863,0.,1,-99999,35.,-0.55,14.200000000000001,28.6,0.02,0.
121162,2724449,54.63041,-8.438573,0.1,1,-99999,35.,-0.55,14.200000000000001,28.6,0.02,0.
121162,2724930,54.630387,-8.438583,0.,1,-99999,35.,-0.55,14.200000000000001,28.6,0.02,0.
121162,2725234,54.630402,-8.438587,0.,1,-99999,35.,-0.55,14.200000000000001,28.6,0.02,0.
121162,2725351,54.630397,-8.438585,0.1,1,-99999,35.,-0.55,14.200000000000001,28.6,0.02,0.
121162,2725882,54.630368,-8.43868,0.,1,-99999,35.,-0.55,14.200000000000001,28.6,0.02,0.
121162,2726270,54.630397,-8.438605,0.,1,-99999,35.,-0.55,14.200000000000001,28.6,0.02,0.
121162,2726758,54.630437,-8.438672,0.,1,-99999,35.,-0.55,14.200000000000001,28.6,0.02,0.
121162,2726831,54.630442,-8.438662,0.,1,-99999,35.,-0.55,14.200000000000001,28.6,0.02,0.
121162,2727474,54.63044,-8.438612,0.,1,-99999,35.,-0.55,14.200000000000001,28.6,0.02,0.
121162,2727782,54.630502,-8.438623,0.,1,-99999,35.,-0.55,14.200000000000001,28.700000000000003,0.02,0.
121162,2728273,54.630477,-8.438662,0.,1,-99999,35.,-0.55,14.200000000000001,28.700000000000003,0.02,0.
121162,2728393,54.630413,-8.438617,0.,1,-99999,35.,-0.55,14.200000000000001,28.700000000000003,0.02,0.
121162,2728751,54.630357,-8.438607,0.1,1,-99999,35.,-0.55,14.200000000000001,28.700000000000003,0.02,0.
121162,2729301,54.630397,-8.43864,0.1,1,-99999,35.,-0.55,14.200000000000001,28.700000000000003,0.02,0.
121162,2729721,54.630447,-8.438598,0.,1,-99999,35.,-0.55,14.200000000000001,28.700000000000003,0.02,0.
121162,2729736,54.630437,-8.438595,0.,1,-99999,35.,-0.55,14.200000000000001,28.700000000000003,0.02,0.
121162,2730221,54.63039,-8.438612,0.1,1,-99999,35.,-0.55,14.200000000000001,28.700000000000003,0.02,0.
121162,2730689,54.630452,-8.438625,0.,1,-99999,35.,-0.55,14.200000000000001,28.700000000000003,0.02,0.
121162,2731133,54.630405,-8.438575,0.,1,-99999,35.,-0.55,14.200000000000001,28.700000000000003,0.02,0.
121162,2731193,54.630412,-8.438557,0.,1,-99999,35.,-0.55,14.200000000000001,28.700000000000003,0.02,0.
121162,2731634,54.630422,-8.438672,0.,1,-99999,35.,-0.55,14.200000000000001,28.700000000000003,0.02,0.
121162,2732342,54.630452,-8.438662,0.,1,-99999,35.,-0.55,14.200000000000001,28.700000000000003,0.02,0.
121162,2732582,54.630452,-8.438625,0.,1,-99999,35.,-0.55,14.200000000000001,28.700000000000003,0.02,0.
121162,2732727,54.630397,-8.438622,0.,1,-99999,35.,-0.55,14.200000000000001,28.700000000000003,0.02,0.
121162,2733262,54.630387,-8.43862,0.,1,-99999,35.,-0.55,14.200000000000001,28.700000000000003,0.02,0.
121162,2733531,54.630373,-8.438588,0.,1,-99999,35.,-0.54,14.200000000000001,28.700000000000003,0.02,0.
121162,2734171,54.63041,-8.438647,0.,1,-99999,35.,-0.54,14.200000000000001,28.700000000000003,0.02,0.
121162,2734239,54.630417,-8.43862,0.,1,-99999,35.,-0.54,14.200000000000001,28.700000000000003,0.02,0.
121162,2734472,54.630378,-8.438575,0.,1,-99999,35.,-0.54,14.200000000000001,28.700000000000003,0.02,0.
121162,2735075,54.630398,-8.438587,0.,1,-99999,35.,-0.54,14.200000000000001,28.700000000000003,0.02,0.
121162,2735423,54.630367,-8.43855,0.,1,-99999,35.,-0.54,14.200000000000001,28.700000000000003,0.02,0.
121162,2735991,54.630387,-8.438585,0.1,1,-99999,35.,-0.54,14.200000000000001,28.700000000000003,0.02,0.
121162,2736372,54.630395,-8.438595,0.1,1,-99999,35.,-0.54,14.200000000000001,28.700000000000003,0.02,0.
121162,2736475,54.630395,-8.438587,0.,1,-99999,35.,-0.54,14.200000000000001,28.700000000000003,0.02,0.
121162,2736892,54.630392,-8.438623,0.1,1,-99999,35.,-0.54,14.200000000000001,28.700000000000003,0.02,0.
121162,2737332,54.630373,-8.438583,0.1,1,-99999,35.,-0.54,14.200000000000001,28.700000000000003,0.02,0.
121162,2737800,54.630317,-8.438658,0.,1,-99999,35.,-0.54,14.200000000000001,28.700000000000003,0.02,0.
121162,2737987,54.630347,-8.438602,0.,1,-99999,35.,-0.54,14.200000000000001,28.8,0.02,0.
121162,2738292,54.63036,-8.438607,0.1,1,-99999,35.,-0.54,14.200000000000001,28.8,0.02,0.
121162,2738722,54.630358,-8.438603,0.1,1,-99999,35.,-0.54,14.200000000000001,28.8,0.02,0.
121162,2739243,54.63042,-8.438613,0.1,1,-99999,35.,-0.54,14.200000000000001,28.8,0.02,0.
121162,2739455,54.630367,-8.438627,0.,1,-99999,35.,-0.54,14.200000000000001,28.8,0.02,0.
121162,2739643,54.630343,-8.438623,0.1,1,-99999,35.,-0.54,14.200000000000001,28.8,0.02,0.
121162,2740215,54.630457,-8.438627,0.1,1,-99999,35.,-0.54,14.200000000000001,28.8,0.02,0.
121162,2740551,54.630417,-8.438628,0.1,1,-99999,35.,-0.54,14.200000000000001,28.8,0.02,0.
121162,2741171,54.630398,-8.438647,0.1,1,-99999,35.,-0.54,14.200000000000001,28.8,0.02,0.
121162,2741472,54.630447,-8.438587,0.,1,-99999,35.,-0.54,14.200000000000001,28.8,0.02,0.
121162,2741655,54.630482,-8.438707,0.,1,-99999,35.,-0.54,14.200000000000001,28.8,0.02,0.
121162,2742131,54.630365,-8.43858,0.1,1,-99999,35.,-0.54,14.200000000000001,28.8,0.02,0.
121162,2742383,54.630422,-8.438683,0.,1,-99999,35.,-0.54,14.200000000000001,28.8,0.02,0.
121162,2743065,54.630603,-8.438852,0.1,1,-99999,35.,-0.54,14.200000000000001,28.8,0.02,0.
121162,2743125,54.630585,-8.43881,0.,1,-99999,35.,-0.54,14.200000000000001,28.8,0.02,0.
121162,2743310,54.630527,-8.438683,0.,1,-99999,35.,-0.54,14.200000000000001,28.8,0.02,0.
121162,2743982,54.630528,-8.438702,0.,1,-99999,35.,-0.54,14.200000000000001,28.8,0.02,0.
121162,2744222,54.630458,-8.438605,0.,1,-99999,35.,-0.54,14.200000000000001,28.8,0.02,0.
121162,2744946,54.630403,-8.43859,0.1,1,-99999,35.,-0.54,14.200000000000001,28.8,0.02,0.
121162,2745130,54.630377,-8.438605,0.1,1,-99999,35.,-0.54,14.200000000000001,28.8,0.02,0.
121162,2745346,54.630457,-8.438642,0.,1,-99999,35.,-0.54,14.200000000000001,28.8,0.02,0.
121162,2745886,54.630357,-8.438525,0.,1,-99999,35.,-0.54,14.200000000000001,28.8,0.02,0.
121162,2746042,54.630465,-8.438698,0.,1,-99999,35.,-0.54,14.200000000000001,28.8,0.02,0.
121162,2746834,54.63041,-8.438588,0.1,1,-99999,35.,-0.54,14.200000000000001,28.8,0.02,0.
121162,2746943,54.630428,-8.438668,0.1,1,-99999,35.,-0.54,14.200000000000001,28.8,0.02,0.
121162,2747767,54.63041,-8.43864,0.,1,-99999,35.,-0.54,14.200000000000001,28.8,0.02,0.
121162,2747850,54.630422,-8.438612,0.1,1,-99999,35.,-0.54,14.200000000000001,28.8,0.02,0.
121162,2748014,54.630482,-8.438477,0.6,1,-99999,35.,-0.54,14.200000000000001,28.900000000000002,0.02,0.
121162,2748679,54.62857,-8.437503,3.6,1,-99999,35.,-0.54,14.200000000000001,28.900000000000002,0.02,0.
121162,2748763,54.626023,-8.438117,6.3,0,-99999,35.,-0.54,14.200000000000001,28.900000000000002,0.02,0.
121162,2748935,54.620607,-8.441152,8.9,1,-99999,35.,-0.54,14.200000000000001,28.700000000000003,0.02,0.
121162,2749603,54.595993,-8.473358,11.5,2,-99999,35.,-0.54,14.200000000000001,26.900000000000002,0.03,0.
121162,2749883,54.589667,-8.49648,11.6,3,-99999,35.,-0.54,14.200000000000001,26.,0.03,0.
121162,2749963,54.588202,-8.503293,11.3,0,-99999,35.,-0.54,14.200000000000001,25.8,0.04,0.
121162,2758631,54.485537,-9.202857,12.1,-14,0.6798000000000001,35.300000000000004,-0.5700000000000001,13.9,37.1,0.13,0.01
121162,2760080,54.464702,-9.336118,12.,-10,0.751,35.300000000000004,-0.5700000000000001,13.9,37.7,0.13,0.01
121162,2761215,54.450595,-9.442465,12.4,-13,0.7864,35.300000000000004,-0.5700000000000001,13.9,38.,0.12,0.
121162,2762152,54.439215,-9.530592,12.1,-14,0.8086,35.300000000000004,-0.5700000000000001,13.9,42.800000000000004,0.12,-0.01
121162,2771772,54.212105,-10.348102,12.3,-22,0.8843000000000001,35.300000000000004,-0.58,13.700000000000001,60.800000000000004,0.09,-0.05
121162,2772680,54.183168,-10.420747,12.3,-25,0.784,35.300000000000004,-0.59,13.600000000000001,67.60000000000001,0.09,-0.07
121162,2773852,54.144048,-10.511272,12.3,-29,0.7363000000000001,35.300000000000004,-0.59,13.5,77.60000000000001,0.08,-0.06
121162,3001070,48.336842,-21.445332,5.5,-1048,-99999,35.6,-0.54,15.9,51.,0.22,-0.07
121162,4204673,51.565942,-10.078362,13.1,-1,13.4182,35.300000000000004,-0.39,13.8,15.8,0.11,0.1
121162,4205033,51.57442,-10.045372,13.6,-5,7.6184,35.300000000000004,-0.39,13.9,14.5,0.1,0.1
121162,4205037,51.57442,-10.045372,13.5,-5,7.6184,35.300000000000004,-0.39,13.9,14.5,0.1,0.1
121162,4205594,51.587648,-9.99376,13.2,-6,10.189300000000001,35.300000000000004,-0.39,14.,12.600000000000001,0.08,0.09
121162,4206522,51.619018,-9.923683,12.1,0,9.2933,-99999.,-99999.,-99999.,-99999.,-99999.,-99999.
121162,4207513,51.648985,-9.905977,1.7,-5,9.7162,-99999.,-99999.,-99999.,-99999.,-99999.,-99999.
121162,4208465,51.649332,-9.904817,0.,-5,9.7287,-99999.,-99999.,-99999.,-99999.,-99999.,-99999.
121162,4209405,51.649323,-9.90479,0.,-5,9.7284,-99999.,-99999.,-99999.,-99999.,-99999.,-99999.
121162,4210346,51.649347,-9.904802,0.1,-5,9.7293,-99999.,-99999.,-99999.,-99999.,-99999.,-99999.
121162,4211304,51.649348,-9.904855,0.,-5,9.7293,-99999.,-99999.,-99999.,-99999.,-99999.,-99999.
121162,4212264,51.649323,-9.904822,0.1,-5,9.7284,-99999.,-99999.,-99999.,-99999.,-99999.,-99999.
121162,4213185,51.64936,-9.904852,0.,-5,9.729700000000001,-99999.,-99999.,-99999.,-99999.,-99999.,-99999.
121162,4214117,51.649323,-9.904853,0.,-5,9.7284,-99999.,-99999.,-99999.,-99999.,-99999.,-99999.
121162,4215065,51.649363,-9.904838,0.,-5,9.729800000000001,-99999.,-99999.,-99999.,-99999.,-99999.,-99999.
121162,4216015,51.649385,-9.904787,0.,-5,9.7306,-99999.,-99999.,-99999.,-99999.,-99999.,-99999.
121162,4216963,51.649355,-9.904835,0.1,-5,9.7296,-99999.,-99999.,-99999.,-99999.,-99999.,-99999.
121162,4217924,51.649358,-9.904828,0.,-5,9.729700000000001,-99999.,-99999.,-99999.,-99999.,-99999.,-99999.
121162,4218885,51.649365,-9.904793,0.,-5,9.7299,-99999.,-99999.,-99999.,-99999.,-99999.,-99999.
121162,4219814,51.64937,-9.904805,0.,-5,9.7301,-99999.,-99999.,-99999.,-99999.,-99999.,-99999.
121162,4220815,51.649372,-9.904835,0.,-5,9.7302,-99999.,-99999.,-99999.,-99999.,-99999.,-99999.
121162,4221763,51.649335,-9.904803,0.1,-5,9.7288,-99999.,-99999.,-99999.,-99999.,-99999.,-99999.
121162,4222713,51.649335,-9.90483,0.1,-5,9.7288,-99999.,-99999.,-99999.,-99999.,-99999.,-99999.
121162,4223673,51.649332,-9.904852,0.1,-5,9.7287,-99999.,-99999.,-99999.,-99999.,-99999.,-99999.
121162,4224615,51.649317,-9.904782,0.1,-5,9.728200000000001,-99999.,-99999.,-99999.,-99999.,-99999.,-99999.
121162,4225552,51.649342,-9.904823,0.1,-5,9.7291,-99999.,-99999.,-99999.,-99999.,-99999.,-99999.
121162,4226472,51.649323,-9.90481,0.,-5,9.7284,-99999.,-99999.,-99999.,-99999.,-99999.,-99999.
121162,4227435,51.649342,-9.904858,0.,-5,9.7291,-99999.,-99999.,-99999.,-99999.,-99999.,-99999.
121162,4228435,51.649335,-9.904823,0.,-5,9.7288,-99999.,-99999.,-99999.,-99999.,-99999.,-99999.
121162,4229374,51.649355,-9.904862,0.,-5,9.7296,-99999.,-99999.,-99999.,-99999.,-99999.,-99999.
121162,4230326,51.649327,-9.90483,0.,-5,9.7285,-99999.,-99999.,-99999.,-99999.,-99999.,-99999.
121162,4231264,51.649353,-9.904877,0.,-5,9.7295,-99999.,-99999.,-99999.,-99999.,-99999.,-99999.
121162,4232214,51.649337,-9.904847,0.,-5,9.728900000000001,-99999.,-99999.,-99999.,-99999.,-99999.,-99999.
121162,4233153,51.649288,-9.904842,0.,-5,9.7271,-99999.,-99999.,-99999.,-99999.,-99999.,-99999.
121162,4234084,51.649317,-9.904862,0.1,-5,9.728200000000001,-99999.,-99999.,-99999.,-99999.,-99999.,-99999.
121162,4234986,51.649287,-9.904787,0.1,-5,9.7271,-99999.,-99999.,-99999.,-99999.,-99999.,-99999.
121162,4235924,51.649335,-9.904832,0.,-5,9.7288,-99999.,-99999.,-99999.,-99999.,-99999.,-99999.
121162,4236854,51.64931,-9.904825,0.1,-5,9.7279,-99999.,-99999.,-99999.,-99999.,-99999.,-99999.
121162,4237803,51.649328,-9.904828,0.,-5,9.7286,-99999.,-99999.,-99999.,-99999.,-99999.,-99999.
121162,4238755,51.649352,-9.90484,0.,-5,9.7294,-99999.,-99999.,-99999.,-99999.,-99999.,-99999.
121162,4238832,51.649368,-9.904825,0.1,-5,9.73,-99999.,-99999.,-99999.,-99999.,-99999.,-99999.
121162,4239716,51.649395,-9.90481,0.1,-5,9.731,-99999.,-99999.,-99999.,-99999.,-99999.,-99999.
121162,4240665,51.649395,-9.9048,0.1,-5,9.731,-99999.,-99999.,-99999.,-99999.,-99999.,-99999.
121162,4241618,51.649323,-9.904782,0.,-5,9.7284,-99999.,-99999.,-99999.,-99999.,-99999.,-99999.
121162,4242602,51.64934,-9.904862,0.1,-5,9.729000000000001,-99999.,-99999.,-99999.,-99999.,-99999.,-99999.
121162,4243543,51.649275,-9.904767,0.1,-5,9.726700000000001,-99999.,-99999.,-99999.,-99999.,-99999.,-99999.
121162,4244485,51.649287,-9.904812,0.,-5,9.7271,-99999.,-99999.,-99999.,-99999.,-99999.,-99999.
121162,4245434,51.6493,-9.904812,0.,-5,9.7276,-99999.,-99999.,-99999.,-99999.,-99999.,-99999.
121162,4246386,51.649308,-9.904847,0.,-5,9.7279,-99999.,-99999.,-99999.,-99999.,-99999.,-99999.
121162,4247334,51.649322,-9.904822,0.,-5,9.7284,-99999.,-99999.,-99999.,-99999.,-99999.,-99999.
121162,4248295,51.649317,-9.904813,0.,-5,9.728200000000001,-99999.,-99999.,-99999.,-99999.,-99999.,-99999.
121162,4249255,51.64927,-9.904745,0.,-5,9.7265,-99999.,-99999.,-99999.,-99999.,-99999.,-99999.
121162,4250212,51.649325,-9.904812,0.,-5,9.7285,-99999.,-99999.,-99999.,-99999.,-99999.,-99999.
121162,4251152,51.646468,-9.90801,3.7,-5,9.6255,-99999.,-99999.,-99999.,-99999.,-99999.,-99999.
121162,4252064,51.621698,-9.922208,10.5,0,9.2528,-99999.,-99999.,-99999.,-99999.,-99999.,-99999.
121162,4252965,51.58983,-9.981317,12.3,-5,9.9289,35.300000000000004,-0.38,14.100000000000001,12.3,0.07,0.09
121162,4253877,51.569405,-10.055142,11.6,-3,9.297600000000001,35.300000000000004,-0.39,13.9,15.100000000000001,0.1,0.1
121162,4254813,51.552008,-10.132637,11.9,-6,6.138800000000001,35.300000000000004,-0.39,13.8,25.400000000000002,0.12,0.11
121162,4352424,51.545817,-10.195182,12.3,-16,4.8501,35.300000000000004,-0.41000000000000003,13.8,18.2,0.11,0.13
121162,4353365,51.5594,-10.110872,12.7,-9,9.8103,35.300000000000004,-0.4,13.8,20.200000000000003,0.12,0.1
121162,4354295,51.574783,-10.028537,12.2,-6,10.5785,35.300000000000004,-0.4,14.,14.100000000000001,0.1,0.08
121162,4355274,51.593167,-9.948173,10.7,-3,10.030000000000001,35.300000000000004,-0.39,14.3,11.100000000000001,0.06,0.08
121162,4356202,51.618377,-9.924632,7.8,-1,9.3213,-99999.,-99999.,-99999.,-99999.,-99999.,-99999.
121162,4357114,51.644168,-9.908367,5.5,-5,9.5427,-99999.,-99999.,-99999.,-99999.,-99999.,-99999.
121162,4358116,51.649683,-9.904597,0.5,-5,9.7414,-99999.,-99999.,-99999.,-99999.,-99999.,-99999.
121162,4359052,51.649583,-9.904443,0.1,-5,9.7378,-99999.,-99999.,-99999.,-99999.,-99999.,-99999.
121162,4360005,51.649643,-9.904425,0.,-5,9.7399,-99999.,-99999.,-99999.,-99999.,-99999.,-99999.
121162,4360953,51.649643,-9.904365,0.,-5,9.7399,-99999.,-99999.,-99999.,-99999.,-99999.,-99999.
121162,4361913,51.64963,-9.904415,0.1,-5,9.7395,-99999.,-99999.,-99999.,-99999.,-99999.,-99999.
121162,4362874,51.649648,-9.904408,0.1,-5,9.7401,-99999.,-99999.,-99999.,-99999.,-99999.,-99999.
121162,4363823,51.649672,-9.904335,0.1,-5,9.741,-99999.,-99999.,-99999.,-99999.,-99999.,-99999.
121162,4364764,51.649667,-9.9044,0.,-5,9.7408,-99999.,-99999.,-99999.,-99999.,-99999.,-99999.
121162,4365713,51.649645,-9.90439,0.1,-5,9.74,-99999.,-99999.,-99999.,-99999.,-99999.,-99999.
121162,4366665,51.649655,-9.904347,0.1,-5,9.740400000000001,-99999.,-99999.,-99999.,-99999.,-99999.,-99999.
121162,4367623,51.649645,-9.904323,0.,-5,9.74,-99999.,-99999.,-99999.,-99999.,-99999.,-99999.
121162,4368552,51.649623,-9.904383,0.,-5,9.7392,-99999.,-99999.,-99999.,-99999.,-99999.,-99999.
121162,4369513,51.649652,-9.90441,0.,-5,9.740300000000001,-99999.,-99999.,-99999.,-99999.,-99999.,-99999.
121162,4370474,51.64963,-9.904428,0.,-5,9.7395,-99999.,-99999.,-99999.,-99999.,-99999.,-99999.
121162,4371433,51.649627,-9.904432,0.,-5,9.7394,-99999.,-99999.,-99999.,-99999.,-99999.,-99999.
121162,4372415,51.649653,-9.904442,0.,-5,9.740300000000001,-99999.,-99999.,-99999.,-99999.,-99999.,-99999.
121162,4373375,51.649672,-9.904358,0.,-5,9.741,-99999.,-99999.,-99999.,-99999.,-99999.,-99999.
121162,4374325,51.64968,-9.90439,0.,-5,9.7413,-99999.,-99999.,-99999.,-99999.,-99999.,-99999.
121162,4375233,51.649667,-9.904392,0.,-5,9.7408,-99999.,-99999.,-99999.,-99999.,-99999.,-99999.
121162,4376194,51.649672,-9.904307,0.1,-5,9.741,-99999.,-99999.,-99999.,-99999.,-99999.,-99999.
121162,4377154,51.649625,-9.904373,0.,-5,9.7393,-99999.,-99999.,-99999.,-99999.,-99999.,-99999.
121162,4378104,51.649665,-9.904395,0.1,-5,9.7407,-99999.,-99999.,-99999.,-99999.,-99999.,-99999.
121162,4379045,51.649657,-9.904385,0.,-5,9.740400000000001,-99999.,-99999.,-99999.,-99999.,-99999.,-99999.
121162,4379992,51.649533,-9.90452,0.1,-5,9.736,-99999.,-99999.,-99999.,-99999.,-99999.,-99999.
121162,4380944,51.649642,-9.904423,0.1,-5,9.7399,-99999.,-99999.,-99999.,-99999.,-99999.,-99999.
121162,4381894,51.6496,-9.904515,0.,-5,9.7384,-99999.,-99999.,-99999.,-99999.,-99999.,-99999.
121162,4382854,51.649558,-9.904625,0.1,-5,9.7369,-99999.,-99999.,-99999.,-99999.,-99999.,-99999.
121162,4383812,51.649532,-9.904558,0.1,-5,9.7359,-99999.,-99999.,-99999.,-99999.,-99999.,-99999.
121162,4384764,51.649683,-9.90444,0.1,-5,9.7414,-99999.,-99999.,-99999.,-99999.,-99999.,-99999.
121162,4385704,51.649637,-9.904425,0.,-5,9.739700000000001,-99999.,-99999.,-99999.,-99999.,-99999.,-99999.
121162,4386644,51.649605,-9.904418,0.1,-5,9.7386,-99999.,-99999.,-99999.,-99999.,-99999.,-99999.
121162,4387596,51.649605,-9.904383,0.,-5,9.7386,-99999.,-99999.,-99999.,-99999.,-99999.,-99999.
121162,4388553,51.649652,-9.904477,0.,-5,9.740300000000001,-99999.,-99999.,-99999.,-99999.,-99999.,-99999.
121162,4389485,51.649637,-9.904528,0.,-5,9.739700000000001,-99999.,-99999.,-99999.,-99999.,-99999.,-99999.
121162,4390453,51.649612,-9.904468,0.,-5,9.738800000000001,-99999.,-99999.,-99999.,-99999.,-99999.,-99999.
121162,4391366,51.649653,-9.904417,0.,-5,9.740300000000001,-99999.,-99999.,-99999.,-99999.,-99999.,-99999.
121162,4392305,51.64963,-9.904498,0.,-5,9.7395,-99999.,-99999.,-99999.,-99999.,-99999.,-99999.
121162,4393246,51.649653,-9.904562,0.1,-5,9.740300000000001,-99999.,-99999.,-99999.,-99999.,-99999.,-99999.
121162,4394204,51.649638,-9.904428,0.1,-5,9.7398,-99999.,-99999.,-99999.,-99999.,-99999.,-99999.
121162,4395145,51.649672,-9.904408,0.1,-5,9.741,-99999.,-99999.,-99999.,-99999.,-99999.,-99999.
121162,4396085,51.649662,-9.904397,0.,-5,9.7406,-99999.,-99999.,-99999.,-99999.,-99999.,-99999.
121162,4397034,51.649597,-9.904447,0.,-5,9.7383,-99999.,-99999.,-99999.,-99999.,-99999.,-99999.
121162,4397974,51.649593,-9.904437,0.1,-5,9.738100000000001,-99999.,-99999.,-99999.,-99999.,-99999.,-99999.
121162,4398942,51.64963,-9.90447,0.,-5,9.7395,-99999.,-99999.,-99999.,-99999.,-99999.,-99999.
121162,4399896,51.649633,-9.904493,0.,-5,9.739600000000001,-99999.,-99999.,-99999.,-99999.,-99999.,-99999.
121162,4401075,51.649643,-9.904507,0.,-5,9.7399,-99999.,-99999.,-99999.,-99999.,-99999.,-99999.
121162,4402023,51.649655,-9.904458,0.,-5,9.740400000000001,-99999.,-99999.,-99999.,-99999.,-99999.,-99999.
121162,4402964,51.649637,-9.904477,0.,-5,9.739700000000001,-99999.,-99999.,-99999.,-99999.,-99999.,-99999.
121162,4403914,51.649672,-9.904432,0.1,-5,9.741,-99999.,-99999.,-99999.,-99999.,-99999.,-99999.
121162,4404884,51.64964,-9.904458,0.,-5,9.7398,-99999.,-99999.,-99999.,-99999.,-99999.,-99999.
121162,4405844,51.649695,-9.904453,0.,-5,9.741800000000001,-99999.,-99999.,-99999.,-99999.,-99999.,-99999.
121162,4406824,51.64967,-9.904417,0.,-5,9.7409,-99999.,-99999.,-99999.,-99999.,-99999.,-99999.
121162,4407774,51.649728,-9.904422,0.,-5,9.743,-99999.,-99999.,-99999.,-99999.,-99999.,-99999.
121162,4408723,51.64963,-9.904442,0.1,-5,9.7395,-99999.,-99999.,-99999.,-99999.,-99999.,-99999.
121162,4409675,51.649667,-9.904448,0.,-5,9.7408,-99999.,-99999.,-99999.,-99999.,-99999.,-99999.
121162,4410624,51.649708,-9.904353,0.,-5,9.7423,-99999.,-99999.,-99999.,-99999.,-99999.,-99999.
121162,4411562,51.649665,-9.904428,0.1,-5,9.7407,-99999.,-99999.,-99999.,-99999.,-99999.,-99999.
121162,4412492,51.649477,-9.904552,0.1,-5,9.734,-99999.,-99999.,-99999.,-99999.,-99999.,-99999.
121162,4413446,51.64957,-9.904518,0.1,-5,9.737300000000001,-99999.,-99999.,-99999.,-99999.,-99999.,-99999.
121162,4414397,51.649633,-9.90439,0.1,-5,9.739600000000001,-99999.,-99999.,-99999.,-99999.,-99999.,-99999.
121162,4415346,51.649665,-9.904388,0.1,-5,9.7407,-99999.,-99999.,-99999.,-99999.,-99999.,-99999.
121162,4416296,51.649612,-9.904515,0.1,-5,9.738800000000001,-99999.,-99999.,-99999.,-99999.,-99999.,-99999.
121162,4417244,51.649615,-9.904503,0.,-5,9.738900000000001,-99999.,-99999.,-99999.,-99999.,-99999.,-99999.
121162,4418193,51.649635,-9.904415,0.1,-5,9.739600000000001,-99999.,-99999.,-99999.,-99999.,-99999.,-99999.
121162,4419145,51.649658,-9.904395,0.,-5,9.7405,-99999.,-99999.,-99999.,-99999.,-99999.,-99999.
121162,4420053,51.649677,-9.904418,0.,-5,9.741200000000001,-99999.,-99999.,-99999.,-99999.,-99999.,-99999.
121162,4421006,51.649653,-9.904413,0.1,-5,9.740300000000001,-99999.,-99999.,-99999.,-99999.,-99999.,-99999.
121162,4422005,51.649648,-9.904382,0.,-5,9.7401,-99999.,-99999.,-99999.,-99999.,-99999.,-99999.
121162,4422953,51.6497,-9.904432,0.,-5,9.742,-99999.,-99999.,-99999.,-99999.,-99999.,-99999.
121162,4423913,51.649605,-9.904478,0.,-5,9.7386,-99999.,-99999.,-99999.,-99999.,-99999.,-99999.
121162,4424854,51.64966,-9.904382,0.1,-5,9.7405,-99999.,-99999.,-99999.,-99999.,-99999.,-99999.
121162,4425813,51.649672,-9.904407,0.,-5,9.741,-99999.,-99999.,-99999.,-99999.,-99999.,-99999.
121162,4426765,51.649715,-9.904443,0.1,-5,9.7425,-99999.,-99999.,-99999.,-99999.,-99999.,-99999.
121162,4427693,51.649588,-9.904473,0.,-5,9.738000000000001,-99999.,-99999.,-99999.,-99999.,-99999.,-99999.
121162,4428614,51.64966,-9.90439,0.,-5,9.7405,-99999.,-99999.,-99999.,-99999.,-99999.,-99999.
121162,4429545,51.649713,-9.904458,0.1,-5,9.7425,-99999.,-99999.,-99999.,-99999.,-99999.,-99999.
121162,4430501,51.64969,-9.904398,0.,-5,9.7416,-99999.,-99999.,-99999.,-99999.,-99999.,-99999.
121162,4432385,51.649643,-9.904453,0.,-5,9.7399,-99999.,-99999.,-99999.,-99999.,-99999.,-99999.
121162,4433326,51.649612,-9.904437,0.,-5,9.738800000000001,-99999.,-99999.,-99999.,-99999.,-99999.,-99999.
121162,4434283,51.649582,-9.904468,0.,-5,9.7377,-99999.,-99999.,-99999.,-99999.,-99999.,-99999.
121162,4435243,51.649615,-9.904427,0.,-5,9.738900000000001,-99999.,-99999.,-99999.,-99999.,-99999.,-99999.
121162,4436196,51.649627,-9.904503,0.1,-5,9.7394,-99999.,-99999.,-99999.,-99999.,-99999.,-99999.
121162,4437152,51.649593,-9.904487,0.1,-5,9.738100000000001,-99999.,-99999.,-99999.,-99999.,-99999.,-99999.
121162,4438112,51.649627,-9.90442,0.1,-5,9.7394,-99999.,-99999.,-99999.,-99999.,-99999.,-99999.
121162,4439013,51.649665,-9.904432,0.,-5,9.7407,-99999.,-99999.,-99999.,-99999.,-99999.,-99999.
121162,4439974,51.649633,-9.904432,0.,-5,9.739600000000001,-99999.,-99999.,-99999.,-99999.,-99999.,-99999.
121162,4440914,51.649593,-9.904397,0.1,-5,9.738100000000001,-99999.,-99999.,-99999.,-99999.,-99999.,-99999.
121162,4441894,51.649675,-9.904418,0.1,-5,9.741100000000001,-99999.,-99999.,-99999.,-99999.,-99999.,-99999.
121162,4442855,51.64966,-9.904368,0.,-5,9.7405,-99999.,-99999.,-99999.,-99999.,-99999.,-99999.
121162,4443795,51.64966,-9.904413,0.,-5,9.7405,-99999.,-99999.,-99999.,-99999.,-99999.,-99999.
121162,4444755,51.649575,-9.904493,0.1,-5,9.7375,-99999.,-99999.,-99999.,-99999.,-99999.,-99999.
121162,4445684,51.64953,-9.904548,0.,-5,9.7359,-99999.,-99999.,-99999.,-99999.,-99999.,-99999.
121162,4446636,51.64961,-9.90441,0.1,-5,9.7387,-99999.,-99999.,-99999.,-99999.,-99999.,-99999.
121162,4447584,51.6496,-9.904475,0.,-5,9.7384,-99999.,-99999.,-99999.,-99999.,-99999.,-99999.
121162,4448534,51.649582,-9.904438,0.,-5,9.7377,-99999.,-99999.,-99999.,-99999.,-99999.,-99999.
121162,4449463,51.649678,-9.904427,0.,-5,9.741200000000001,-99999.,-99999.,-99999.,-99999.,-99999.,-99999.
121162,4450423,51.64966,-9.904395,0.1,-5,9.7405,-99999.,-99999.,-99999.,-99999.,-99999.,-99999.
121162,4451353,51.649622,-9.904477,0.,-5,9.7392,-99999.,-99999.,-99999.,-99999.,-99999.,-99999.
121162,4452305,51.6496,-9.904475,0.,-5,9.7384,-99999.,-99999.,-99999.,-99999.,-99999.,-99999.
121162,4453233,51.649607,-9.90445,0.,-5,9.7386,-99999.,-99999.,-99999.,-99999.,-99999.,-99999.
121162,4454245,51.649625,-9.904443,0.,-5,9.7393,-99999.,-99999.,-99999.,-99999.,-99999.,-99999.
121162,4455182,51.649642,-9.90445,0.,-5,9.7399,-99999.,-99999.,-99999.,-99999.,-99999.,-99999.
121162,4456134,51.649635,-9.90448,0.,-5,9.739600000000001,-99999.,-99999.,-99999.,-99999.,-99999.,-99999.
121162,4457142,51.649662,-9.904408,0.1,-5,9.7406,-99999.,-99999.,-99999.,-99999.,-99999.,-99999.
121162,4458086,51.649627,-9.904487,0.1,-5,9.7394,-99999.,-99999.,-99999.,-99999.,-99999.,-99999.
121162,4459035,51.649675,-9.904425,0.1,-5,9.741100000000001,-99999.,-99999.,-99999.,-99999.,-99999.,-99999.
121162,4459992,51.649612,-9.904582,0.1,-5,9.738800000000001,-99999.,-99999.,-99999.,-99999.,-99999.,-99999.
121162,4460954,51.649657,-9.90441,0.,-5,9.740400000000001,-99999.,-99999.,-99999.,-99999.,-99999.,-99999.
121162,4461891,51.649657,-9.904445,0.,-5,9.740400000000001,-99999.,-99999.,-99999.,-99999.,-99999.,-99999.
121162,4462834,51.649627,-9.904425,0.,-5,9.7394,-99999.,-99999.,-99999.,-99999.,-99999.,-99999.
121162,4463804,51.649595,-9.904402,0.,-5,9.7382,-99999.,-99999.,-99999.,-99999.,-99999.,-99999.
121162,4464753,51.649607,-9.90442,0.,-5,9.7386,-99999.,-99999.,-99999.,-99999.,-99999.,-99999.
121162,4465692,51.6496,-9.90451,0.,-5,9.7384,-99999.,-99999.,-99999.,-99999.,-99999.,-99999.
121162,4466644,51.649522,-9.904618,0.1,-5,9.7356,-99999.,-99999.,-99999.,-99999.,-99999.,-99999.
121162,4467586,51.649653,-9.904452,0.1,-5,9.740300000000001,-99999.,-99999.,-99999.,-99999.,-99999.,-99999.
121162,4468523,51.649628,-9.904398,0.,-5,9.7394,-99999.,-99999.,-99999.,-99999.,-99999.,-99999.
121162,4469483,51.649622,-9.904447,0.1,-5,9.7392,-99999.,-99999.,-99999.,-99999.,-99999.,-99999.
121162,4470434,51.649652,-9.904413,0.1,-5,9.740300000000001,-99999.,-99999.,-99999.,-99999.,-99999.,-99999.
121162,4471426,51.649663,-9.90445,0.,-5,9.7407,-99999.,-99999.,-99999.,-99999.,-99999.,-99999.
121162,4472398,51.649593,-9.904473,0.1,-5,9.738100000000001,-99999.,-99999.,-99999.,-99999.,-99999.,-99999.
121162,4473323,51.649607,-9.904435,0.1,-5,9.7386,-99999.,-99999.,-99999.,-99999.,-99999.,-99999.
121162,4474275,51.649685,-9.904405,0.,-5,9.7414,-99999.,-99999.,-99999.,-99999.,-99999.,-99999.
121162,4475224,51.649618,-9.904488,0.,-5,9.739,-99999.,-99999.,-99999.,-99999.,-99999.,-99999.
121162,4476174,51.649617,-9.904547,0.,-5,9.739,-99999.,-99999.,-99999.,-99999.,-99999.,-99999.
121162,4477115,51.649623,-9.904432,0.,-5,9.7392,-99999.,-99999.,-99999.,-99999.,-99999.,-99999.
121162,4478056,51.649653,-9.904493,0.,-5,9.740300000000001,-99999.,-99999.,-99999.,-99999.,-99999.,-99999.
121162,4479063,51.64966,-9.904402,0.,-5,9.7405,-99999.,-99999.,-99999.,-99999.,-99999.,-99999.
121162,4480013,51.649665,-9.904448,0.,-5,9.7407,-99999.,-99999.,-99999.,-99999.,-99999.,-99999.
121162,4480956,51.649648,-9.904383,0.,-5,9.7401,-99999.,-99999.,-99999.,-99999.,-99999.,-99999.
121162,4481922,51.64976,-9.904395,0.1,-5,9.744100000000001,-99999.,-99999.,-99999.,-99999.,-99999.,-99999.
121162,4482866,51.649492,-9.904423,0.1,-5,9.7345,-99999.,-99999.,-99999.,-99999.,-99999.,-99999.
121162,4483803,51.649627,-9.904462,0.1,-5,9.7394,-99999.,-99999.,-99999.,-99999.,-99999.,-99999.
121162,4484724,51.649652,-9.904398,0.,-5,9.740300000000001,-99999.,-99999.,-99999.,-99999.,-99999.,-99999.
121162,4485665,51.649663,-9.904388,0.1,-5,9.7407,-99999.,-99999.,-99999.,-99999.,-99999.,-99999.
121162,4486685,51.649642,-9.904487,0.,-5,9.7399,-99999.,-99999.,-99999.,-99999.,-99999.,-99999.
121162,4487687,51.649682,-9.904452,0.,-5,9.7413,-99999.,-99999.,-99999.,-99999.,-99999.,-99999.
121162,4488631,51.649708,-9.904472,0.,-5,9.7423,-99999.,-99999.,-99999.,-99999.,-99999.,-99999.
121162,4489571,51.649693,-9.904433,0.1,-5,9.7417,-99999.,-99999.,-99999.,-99999.,-99999.,-99999.
121162,4490503,51.649643,-9.904462,0.,-5,9.7399,-99999.,-99999.,-99999.,-99999.,-99999.,-99999.
121162,4491455,51.649682,-9.904305,0.,-5,9.7413,-99999.,-99999.,-99999.,-99999.,-99999.,-99999.
121162,4492409,51.649697,-9.904415,0.,-5,9.741900000000001,-99999.,-99999.,-99999.,-99999.,-99999.,-99999.
121162,4493345,51.649665,-9.904387,0.,-5,9.7407,-99999.,-99999.,-99999.,-99999.,-99999.,-99999.
121162,4494293,51.64959,-9.904478,0.1,-5,9.738000000000001,-99999.,-99999.,-99999.,-99999.,-99999.,-99999.
121162,4495255,51.649683,-9.904448,0.,-5,9.7414,-99999.,-99999.,-99999.,-99999.,-99999.,-99999.
121162,4496203,51.649698,-9.90442,0.,-5,9.741900000000001,-99999.,-99999.,-99999.,-99999.,-99999.,-99999.
121162,4497145,51.64965,-9.904443,0.,-5,9.7402,-99999.,-99999.,-99999.,-99999.,-99999.,-99999.
121162,4498102,51.649623,-9.904457,0.,-5,9.7392,-99999.,-99999.,-99999.,-99999.,-99999.,-99999.
121162,4499045,51.649542,-9.904632,0.,-5,9.7363,-99999.,-99999.,-99999.,-99999.,-99999.,-99999.
121162,4499994,51.649588,-9.904477,0.1,-5,9.738000000000001,-99999.,-99999.,-99999.,-99999.,-99999.,-99999.
121162,4500955,51.649625,-9.904452,0.,-5,9.7393,-99999.,-99999.,-99999.,-99999.,-99999.,-99999.
121162,4501914,51.649683,-9.904447,0.,-5,9.7414,-99999.,-99999.,-99999.,-99999.,-99999.,-99999.
121162,4502824,51.649643,-9.904485,0.,-5,9.7399,-99999.,-99999.,-99999.,-99999.,-99999.,-99999.
121162,4503752,51.649632,-9.904477,0.,-5,9.7395,-99999.,-99999.,-99999.,-99999.,-99999.,-99999.
121162,4504696,51.649622,-9.904425,0.,-5,9.7392,-99999.,-99999.,-99999.,-99999.,-99999.,-99999.
121162,4505652,51.649675,-9.904395,0.,-5,9.741100000000001,-99999.,-99999.,-99999.,-99999.,-99999.,-99999.
121162,4506594,51.649702,-9.904388,0.,-5,9.7421,-99999.,-99999.,-99999.,-99999.,-99999.,-99999.
121162,4507533,51.649677,-9.904428,0.,-5,9.741200000000001,-99999.,-99999.,-99999.,-99999.,-99999.,-99999.
121162,4508454,51.649742,-9.904385,0.,-5,9.743500000000001,-99999.,-99999.,-99999.,-99999.,-99999.,-99999.
121162,4509403,51.649695,-9.904388,0.,-5,9.741800000000001,-99999.,-99999.,-99999.,-99999.,-99999.,-99999.
121162,4510324,51.649588,-9.904532,0.,-5,9.738000000000001,-99999.,-99999.,-99999.,-99999.,-99999.,-99999.
121162,4511276,51.649653,-9.904428,0.,-5,9.740300000000001,-99999.,-99999.,-99999.,-99999.,-99999.,-99999.
121162,4512225,51.649615,-9.904528,0.1,-5,9.738900000000001,-99999.,-99999.,-99999.,-99999.,-99999.,-99999.
121162,4513182,51.649645,-9.904467,0.1,-5,9.74,-99999.,-99999.,-99999.,-99999.,-99999.,-99999.
121162,4514134,51.649615,-9.904377,0.,-5,9.738900000000001,-99999.,-99999.,-99999.,-99999.,-99999.,-99999.
121162,4515086,51.649607,-9.904403,0.1,-5,9.7386,-99999.,-99999.,-99999.,-99999.,-99999.,-99999.
121162,4516003,51.649642,-9.90438,0.1,-5,9.7399,-99999.,-99999.,-99999.,-99999.,-99999.,-99999.
121162,4516943,51.649627,-9.90438,0.1,-5,9.7394,-99999.,-99999.,-99999.,-99999.,-99999.,-99999.
121162,4518842,51.64963,-9.904425,0.1,-5,9.7395,-99999.,-99999.,-99999.,-99999.,-99999.,-99999.
121162,4519803,51.649662,-9.90442,0.,-5,9.7406,-99999.,-99999.,-99999.,-99999.,-99999.,-99999.
121162,4520754,51.649607,-9.904463,0.,-5,9.7386,-99999.,-99999.,-99999.,-99999.,-99999.,-99999.
121162,4521702,51.649603,-9.904492,0.1,-5,9.7385,-99999.,-99999.,-99999.,-99999.,-99999.,-99999.
121162,4522662,51.649655,-9.904427,0.1,-5,9.740400000000001,-99999.,-99999.,-99999.,-99999.,-99999.,-99999.
121162,4523563,51.649635,-9.904402,0.,-5,9.739600000000001,-99999.,-99999.,-99999.,-99999.,-99999.,-99999.
121162,4524516,51.649598,-9.904438,0.1,-5,9.7383,-99999.,-99999.,-99999.,-99999.,-99999.,-99999.
121162,4525417,51.649652,-9.904322,0.,-5,9.740300000000001,-99999.,-99999.,-99999.,-99999.,-99999.,-99999.
121162,4526324,51.649635,-9.90441,0.,-5,9.739600000000001,-99999.,-99999.,-99999.,-99999.,-99999.,-99999.
121162,4527282,51.649632,-9.904445,0.,-5,9.7395,-99999.,-99999.,-99999.,-99999.,-99999.,-99999.
121162,4528222,51.649665,-9.904408,0.,-5,9.7407,-99999.,-99999.,-99999.,-99999.,-99999.,-99999.
121162,4529142,51.649657,-9.904398,0.,-5,9.740400000000001,-99999.,-99999.,-99999.,-99999.,-99999.,-99999.
121162,4530074,51.649642,-9.904468,0.,-5,9.7399,-99999.,-99999.,-99999.,-99999.,-99999.,-99999.
121162,4531024,51.649635,-9.904395,0.,-5,9.739600000000001,-99999.,-99999.,-99999.,-99999.,-99999.,-99999.
121162,4531985,51.649642,-9.90443,0.1,-5,9.7399,-99999.,-99999.,-99999.,-99999.,-99999.,-99999.
121162,4532923,51.649665,-9.904398,0.,-5,9.7407,-99999.,-99999.,-99999.,-99999.,-99999.,-99999.
121162,4533871,51.64963,-9.904445,0.1,-5,9.7395,-99999.,-99999.,-99999.,-99999.,-99999.,-99999.
121162,4534787,51.649627,-9.90441,0.1,-5,9.7394,-99999.,-99999.,-99999.,-99999.,-99999.,-99999.
121162,4535745,51.6497,-9.904383,0.,-5,9.742,-99999.,-99999.,-99999.,-99999.,-99999.,-99999.
121162,4536693,51.64966,-9.904422,0.,-5,9.7405,-99999.,-99999.,-99999.,-99999.,-99999.,-99999.
121162,4537635,51.649662,-9.904462,0.1,-5,9.7406,-99999.,-99999.,-99999.,-99999.,-99999.,-99999.
121162,4538596,51.6496,-9.904455,0.,-5,9.7384,-99999.,-99999.,-99999.,-99999.,-99999.,-99999.
121162,4539544,51.649523,-9.90457,0.,-5,9.7356,-99999.,-99999.,-99999.,-99999.,-99999.,-99999.
121162,4540493,51.649612,-9.90447,0.,-5,9.738800000000001,-99999.,-99999.,-99999.,-99999.,-99999.,-99999.
121162,4541433,51.649622,-9.90445,0.,-5,9.7392,-99999.,-99999.,-99999.,-99999.,-99999.,-99999.
121162,4542373,51.64964,-9.904397,0.1,-5,9.7398,-99999.,-99999.,-99999.,-99999.,-99999.,-99999.
121162,4543326,51.649618,-9.90453,0.1,-5,9.739,-99999.,-99999.,-99999.,-99999.,-99999.,-99999.
121162,4544274,51.64957,-9.904563,0.,-5,9.737300000000001,-99999.,-99999.,-99999.,-99999.,-99999.,-99999.
121162,4545231,51.64962,-9.904447,0.1,-5,9.7391,-99999.,-99999.,-99999.,-99999.,-99999.,-99999.
121162,4546191,51.649657,-9.904425,0.,-5,9.740400000000001,-99999.,-99999.,-99999.,-99999.,-99999.,-99999.
121162,4547127,51.64963,-9.904385,0.1,-5,9.7395,-99999.,-99999.,-99999.,-99999.,-99999.,-99999.
121162,4548072,51.649675,-9.904388,0.,-5,9.741100000000001,-99999.,-99999.,-99999.,-99999.,-99999.,-99999.
121162,4549024,51.649612,-9.904407,0.,-5,9.738800000000001,-99999.,-99999.,-99999.,-99999.,-99999.,-99999.
121162,4549976,51.649633,-9.904408,0.1,-5,9.739600000000001,-99999.,-99999.,-99999.,-99999.,-99999.,-99999.
121162,4550946,51.649615,-9.90447,0.1,-5,9.738900000000001,-99999.,-99999.,-99999.,-99999.,-99999.,-99999.
121162,4551893,51.649633,-9.904432,0.,-5,9.739600000000001,-99999.,-99999.,-99999.,-99999.,-99999.,-99999.
121162,4552823,51.649615,-9.904483,0.1,-5,9.738900000000001,-99999.,-99999.,-99999.,-99999.,-99999.,-99999.
121162,4553756,51.649573,-9.904527,0.1,-5,9.737400000000001,-99999.,-99999.,-99999.,-99999.,-99999.,-99999.
121162,4554715,51.649622,-9.904428,0.,-5,9.7392,-99999.,-99999.,-99999.,-99999.,-99999.,-99999.
121162,4555623,51.64958,-9.904505,0.,-5,9.7377,-99999.,-99999.,-99999.,-99999.,-99999.,-99999.
121162,4556575,51.649593,-9.904417,0.1,-5,9.738100000000001,-99999.,-99999.,-99999.,-99999.,-99999.,-99999.
121162,4557524,51.649607,-9.904373,0.,-5,9.7386,-99999.,-99999.,-99999.,-99999.,-99999.,-99999.
121162,4558485,51.649685,-9.904382,0.,-5,9.7414,-99999.,-99999.,-99999.,-99999.,-99999.,-99999.
121162,4559444,51.64963,-9.904367,0.1,-5,9.7395,-99999.,-99999.,-99999.,-99999.,-99999.,-99999.
121162,4560383,51.64963,-9.904417,0.,-5,9.7395,-99999.,-99999.,-99999.,-99999.,-99999.,-99999.
121162,4561324,51.6496,-9.904485,0.,-5,9.7384,-99999.,-99999.,-99999.,-99999.,-99999.,-99999.
121162,4562265,51.649563,-9.904575,0.,-5,9.7371,-99999.,-99999.,-99999.,-99999.,-99999.,-99999.
121162,4563193,51.649665,-9.904405,0.,-5,9.7407,-99999.,-99999.,-99999.,-99999.,-99999.,-99999.
121162,4564173,51.64966,-9.904502,0.,-5,9.7405,-99999.,-99999.,-99999.,-99999.,-99999.,-99999.
121162,4565082,51.649593,-9.904465,0.,-5,9.738100000000001,-99999.,-99999.,-99999.,-99999.,-99999.,-99999.
121162,4566034,51.649697,-9.904387,0.,-5,9.741900000000001,-99999.,-99999.,-99999.,-99999.,-99999.,-99999.
121162,4566985,51.649682,-9.90437,0.,-5,9.7413,-99999.,-99999.,-99999.,-99999.,-99999.,-99999.
121162,4567934,51.64972,-9.904403,0.,-5,9.742700000000001,-99999.,-99999.,-99999.,-99999.,-99999.,-99999.
121162,4568836,51.649667,-9.904415,0.,-5,9.7408,-99999.,-99999.,-99999.,-99999.,-99999.,-99999.
121162,4569775,51.649727,-9.904355,0.,-5,9.743,-99999.,-99999.,-99999.,-99999.,-99999.,-99999.
121162,4570734,51.649582,-9.90445,0.1,-5,9.7377,-99999.,-99999.,-99999.,-99999.,-99999.,-99999.
121162,4571678,51.649672,-9.904328,0.,-5,9.741,-99999.,-99999.,-99999.,-99999.,-99999.,-99999.
121162,4572586,51.649573,-9.904533,0.,-5,9.737400000000001,-99999.,-99999.,-99999.,-99999.,-99999.,-99999.
121162,4573567,51.64964,-9.90449,0.,-5,9.7398,-99999.,-99999.,-99999.,-99999.,-99999.,-99999.
121162,4574562,51.649658,-9.904427,0.,-5,9.7405,-99999.,-99999.,-99999.,-99999.,-99999.,-99999.
121162,4575487,51.649708,-9.90444,0.,-5,9.7423,-99999.,-99999.,-99999.,-99999.,-99999.,-99999.
121162,4576443,51.64963,-9.904527,0.,-5,9.7395,-99999.,-99999.,-99999.,-99999.,-99999.,-99999.
121162,4577385,51.649582,-9.904395,0.,-5,9.7377,-99999.,-99999.,-99999.,-99999.,-99999.,-99999.
121162,4578311,51.649713,-9.904395,0.,-5,9.7425,-99999.,-99999.,-99999.,-99999.,-99999.,-99999.
121162,4579271,51.649633,-9.90435,0.,-5,9.739600000000001,-99999.,-99999.,-99999.,-99999.,-99999.,-99999.
121162,4580206,51.649632,-9.904418,0.,-5,9.7395,-99999.,-99999.,-99999.,-99999.,-99999.,-99999.
121162,4581162,51.649635,-9.904448,0.1,-5,9.739600000000001,-99999.,-99999.,-99999.,-99999.,-99999.,-99999.
121162,4582156,51.649635,-9.904407,0.1,-5,9.739600000000001,-99999.,-99999.,-99999.,-99999.,-99999.,-99999.
121162,4583113,51.649552,-9.904563,0.,-5,9.7367,-99999.,-99999.,-99999.,-99999.,-99999.,-99999.
121162,4584064,51.649657,-9.90443,0.1,-5,9.740400000000001,-99999.,-99999.,-99999.,-99999.,-99999.,-99999.
121162,4585023,51.649503,-9.904578,0.1,-5,9.7349,-99999.,-99999.,-99999.,-99999.,-99999.,-99999.
121162,4585997,51.649672,-9.90444,0.1,-5,9.741,-99999.,-99999.,-99999.,-99999.,-99999.,-99999.
121162,4586934,51.649697,-9.904437,0.,-5,9.741900000000001,-99999.,-99999.,-99999.,-99999.,-99999.,-99999.
121162,4587875,51.649667,-9.904437,0.,-5,9.7408,-99999.,-99999.,-99999.,-99999.,-99999.,-99999.
121162,4588844,51.649627,-9.904383,0.,-5,9.7394,-99999.,-99999.,-99999.,-99999.,-99999.,-99999.
121162,4589804,51.649607,-9.904493,0.1,-5,9.7386,-99999.,-99999.,-99999.,-99999.,-99999.,-99999.
121162,4590742,51.649672,-9.904397,0.,-5,9.741,-99999.,-99999.,-99999.,-99999.,-99999.,-99999.
121162,4591693,51.649697,-9.904408,0.,-5,9.741900000000001,-99999.,-99999.,-99999.,-99999.,-99999.,-99999.
121162,4592655,51.649712,-9.904468,0.,-5,9.7424,-99999.,-99999.,-99999.,-99999.,-99999.,-99999.
121162,4593615,51.649637,-9.904415,0.,-5,9.739700000000001,-99999.,-99999.,-99999.,-99999.,-99999.,-99999.
121162,4594564,51.649673,-9.904415,0.,-5,9.741,-99999.,-99999.,-99999.,-99999.,-99999.,-99999.
121162,4595524,51.649635,-9.904432,0.,-5,9.739600000000001,-99999.,-99999.,-99999.,-99999.,-99999.,-99999.
121162,4596684,51.649668,-9.904347,0.,-5,9.7408,-99999.,-99999.,-99999.,-99999.,-99999.,-99999.
121162,4597633,51.649622,-9.904498,0.,-5,9.7392,-99999.,-99999.,-99999.,-99999.,-99999.,-99999.
121162,4598573,51.649615,-9.904475,0.,-5,9.738900000000001,-99999.,-99999.,-99999.,-99999.,-99999.,-99999.
121162,4599533,51.649678,-9.904433,0.,-5,9.741200000000001,-99999.,-99999.,-99999.,-99999.,-99999.,-99999.
121162,4600493,51.64966,-9.904367,0.,-5,9.7405,-99999.,-99999.,-99999.,-99999.,-99999.,-99999.
121162,4601453,51.649655,-9.904435,0.,-5,9.740400000000001,-99999.,-99999.,-99999.,-99999.,-99999.,-99999.
121162,4602395,51.64961,-9.904402,0.,-5,9.7387,-99999.,-99999.,-99999.,-99999.,-99999.,-99999.
121162,4603344,51.649627,-9.904395,0.,-5,9.7394,-99999.,-99999.,-99999.,-99999.,-99999.,-99999.
121162,4604294,51.649585,-9.9045,0.1,-5,9.7378,-99999.,-99999.,-99999.,-99999.,-99999.,-99999.
121162,4605241,51.649653,-9.904438,0.,-5,9.740300000000001,-99999.,-99999.,-99999.,-99999.,-99999.,-99999.
121162,4606185,51.64963,-9.904445,0.,-5,9.7395,-99999.,-99999.,-99999.,-99999.,-99999.,-99999.
121162,4607143,51.64967,-9.904375,0.,-5,9.7409,-99999.,-99999.,-99999.,-99999.,-99999.,-99999.
121162,4608095,51.649653,-9.904447,0.,-5,9.740300000000001,-99999.,-99999.,-99999.,-99999.,-99999.,-99999.
121162,4609043,51.649712,-9.904445,0.1,-5,9.7424,-99999.,-99999.,-99999.,-99999.,-99999.,-99999.
121162,4609963,51.649678,-9.904447,0.,-5,9.741200000000001,-99999.,-99999.,-99999.,-99999.,-99999.,-99999.
121162,4610895,51.649592,-9.904372,0.1,-5,9.738100000000001,-99999.,-99999.,-99999.,-99999.,-99999.,-99999.
121162,4611796,51.649685,-9.904425,0.,-5,9.7414,-99999.,-99999.,-99999.,-99999.,-99999.,-99999.
121162,4612745,51.649648,-9.904378,0.,-5,9.7401,-99999.,-99999.,-99999.,-99999.,-99999.,-99999.
121162,4613683,51.649657,-9.904395,0.,-5,9.740400000000001,-99999.,-99999.,-99999.,-99999.,-99999.,-99999.
121162,4614643,51.649645,-9.904448,0.,-5,9.74,-99999.,-99999.,-99999.,-99999.,-99999.,-99999.
121162,4615592,51.649607,-9.904468,0.,-5,9.7386,-99999.,-99999.,-99999.,-99999.,-99999.,-99999.
121162,4616544,51.649687,-9.904367,0.,-5,9.7415,-99999.,-99999.,-99999.,-99999.,-99999.,-99999.
121162,4617486,51.64966,-9.904413,0.,-5,9.7405,-99999.,-99999.,-99999.,-99999.,-99999.,-99999.
121162,4618435,51.649653,-9.904433,0.,-5,9.740300000000001,-99999.,-99999.,-99999.,-99999.,-99999.,-99999.
121162,4619395,51.649692,-9.904403,0.,-5,9.7417,-99999.,-99999.,-99999.,-99999.,-99999.,-99999.
121162,4620334,51.64966,-9.904415,0.,-5,9.7405,-99999.,-99999.,-99999.,-99999.,-99999.,-99999.
121162,4621275,51.649657,-9.904467,0.1,-5,9.740400000000001,-99999.,-99999.,-99999.,-99999.,-99999.,-99999.
121162,4622223,51.649622,-9.904413,0.,-5,9.7392,-99999.,-99999.,-99999.,-99999.,-99999.,-99999.
121162,4623163,51.649663,-9.90442,0.1,-5,9.7407,-99999.,-99999.,-99999.,-99999.,-99999.,-99999.
121162,4624125,51.64966,-9.904435,0.1,-5,9.7405,-99999.,-99999.,-99999.,-99999.,-99999.,-99999.
121162,4625054,51.649613,-9.904437,0.,-5,9.738900000000001,-99999.,-99999.,-99999.,-99999.,-99999.,-99999.
121162,4626005,51.649602,-9.904445,0.,-5,9.7385,-99999.,-99999.,-99999.,-99999.,-99999.,-99999.
121162,4626922,51.649612,-9.904468,0.,-5,9.738800000000001,-99999.,-99999.,-99999.,-99999.,-99999.,-99999.
121162,4627864,51.649637,-9.904422,0.,-5,9.739700000000001,-99999.,-99999.,-99999.,-99999.,-99999.,-99999.
121162,4628812,51.64963,-9.90448,0.,-5,9.7395,-99999.,-99999.,-99999.,-99999.,-99999.,-99999.
121162,4629776,51.649612,-9.904498,0.,-5,9.738800000000001,-99999.,-99999.,-99999.,-99999.,-99999.,-99999.
121162,4631675,51.649652,-9.904432,0.1,-5,9.740300000000001,-99999.,-99999.,-99999.,-99999.,-99999.,-99999.
121162,4632632,51.649615,-9.904478,0.,-5,9.738900000000001,-99999.,-99999.,-99999.,-99999.,-99999.,-99999.
121162,4633584,51.649642,-9.904435,0.,-5,9.7399,-99999.,-99999.,-99999.,-99999.,-99999.,-99999.
121162,4634532,51.649623,-9.90443,0.,-5,9.7392,-99999.,-99999.,-99999.,-99999.,-99999.,-99999.
121162,4635484,51.649648,-9.904413,0.1,-5,9.7401,-99999.,-99999.,-99999.,-99999.,-99999.,-99999.
121162,4636422,51.649593,-9.90446,0.1,-5,9.738100000000001,-99999.,-99999.,-99999.,-99999.,-99999.,-99999.
121162,4637372,51.649645,-9.90442,0.1,-5,9.74,-99999.,-99999.,-99999.,-99999.,-99999.,-99999.
121162,4638345,51.649603,-9.904517,0.1,-5,9.7385,-99999.,-99999.,-99999.,-99999.,-99999.,-99999.
121162,4639303,51.649652,-9.904403,0.1,-5,9.740300000000001,-99999.,-99999.,-99999.,-99999.,-99999.,-99999.
121162,4640236,51.649622,-9.904468,0.,-5,9.7392,-99999.,-99999.,-99999.,-99999.,-99999.,-99999.
121162,4641214,51.649612,-9.904482,0.,-5,9.738800000000001,-99999.,-99999.,-99999.,-99999.,-99999.,-99999.
121162,4642165,51.649667,-9.904395,0.,-5,9.7408,-99999.,-99999.,-99999.,-99999.,-99999.,-99999.
121162,4643100,51.64955,-9.904522,0.1,-5,9.736600000000001,-99999.,-99999.,-99999.,-99999.,-99999.,-99999.
121162,4644008,51.649653,-9.904432,0.,-5,9.740300000000001,-99999.,-99999.,-99999.,-99999.,-99999.,-99999.
121162,4644925,51.649555,-9.90448,0.1,-5,9.7368,-99999.,-99999.,-99999.,-99999.,-99999.,-99999.
121162,4645842,51.649633,-9.904347,0.,-5,9.739600000000001,-99999.,-99999.,-99999.,-99999.,-99999.,-99999.
121162,4646789,51.649585,-9.904468,0.,-5,9.7378,-99999.,-99999.,-99999.,-99999.,-99999.,-99999.
121162,4647752,51.649622,-9.904432,0.,-5,9.7392,-99999.,-99999.,-99999.,-99999.,-99999.,-99999.
121162,4648716,51.649595,-9.904497,0.,-5,9.7382,-99999.,-99999.,-99999.,-99999.,-99999.,-99999.
121162,4649646,51.64966,-9.90441,0.,-5,9.7405,-99999.,-99999.,-99999.,-99999.,-99999.,-99999.
121162,4650594,51.649657,-9.904462,0.1,-5,9.740400000000001,-99999.,-99999.,-99999.,-99999.,-99999.,-99999.
121162,4651515,51.64966,-9.904387,0.,-5,9.7405,-99999.,-99999.,-99999.,-99999.,-99999.,-99999.
121162,4652452,51.649643,-9.904407,0.1,-5,9.7399,-99999.,-99999.,-99999.,-99999.,-99999.,-99999.
121162,4653396,51.649643,-9.904398,0.,-5,9.7399,-99999.,-99999.,-99999.,-99999.,-99999.,-99999.
121162,4654313,51.649672,-9.904402,0.,-5,9.741,-99999.,-99999.,-99999.,-99999.,-99999.,-99999.
121162,4655244,51.649637,-9.904407,0.1,-5,9.739700000000001,-99999.,-99999.,-99999.,-99999.,-99999.,-99999.
121162,4656216,51.649602,-9.9044,0.,-5,9.7385,-99999.,-99999.,-99999.,-99999.,-99999.,-99999.
121162,4657153,51.649575,-9.904415,0.1,-5,9.7375,-99999.,-99999.,-99999.,-99999.,-99999.,-99999.
121162,4658105,51.649625,-9.904438,0.,-5,9.7393,-99999.,-99999.,-99999.,-99999.,-99999.,-99999.
121162,4659054,51.649605,-9.90446,0.1,-5,9.7386,-99999.,-99999.,-99999.,-99999.,-99999.,-99999.
121162,4660014,51.64966,-9.904435,0.,-5,9.7405,-99999.,-99999.,-99999.,-99999.,-99999.,-99999.
121162,4660965,51.649588,-9.904592,0.,-5,9.738000000000001,-99999.,-99999.,-99999.,-99999.,-99999.,-99999.
121162,4662843,51.649678,-9.904788,0.2,-5,9.741200000000001,-99999.,-99999.,-99999.,-99999.,-99999.,-99999.
121162,4663825,51.645007,-9.908147,2.6,-5,9.5729,-99999.,-99999.,-99999.,-99999.,-99999.,-99999.
121162,4664755,51.622498,-9.921787,8.3,0,9.2413,-99999.,-99999.,-99999.,-99999.,-99999.,-99999.
121162,4665663,51.589968,-9.971338,11.8,-4,9.7332,35.300000000000004,-0.43,14.4,11.9,0.08,0.04
121162,6352153,51.483295,-10.182652,9.4,-24,1.0086,35.300000000000004,-0.41000000000000003,14.8,42.900000000000006,-0.18,0.14
121162,6352157,51.483295,-10.182652,9.4,-24,1.0086,35.300000000000004,-0.41000000000000003,14.8,42.900000000000006,-0.18,0.14
121162,6353092,51.508397,-10.13038,9.6,-5,0.9654,35.300000000000004,-0.4,14.9,28.1,-0.2,0.1
121162,6353176,51.510502,-10.125812,9.4,-5,0.9588000000000001,35.300000000000004,-0.4,14.9,26.700000000000003,-0.2,0.1
121162,6353352,51.515225,-10.115693,9.5,-7,0.9745,35.300000000000004,-0.4,14.9,23.5,-0.21,0.09
121162,6354033,51.533117,-10.076212,9.6,-1,0.9489000000000001,35.300000000000004,-0.39,15.,15.4,-0.22,0.08
121162,6354085,51.534417,-10.073277,9.6,-1,0.9437000000000001,35.300000000000004,-0.39,15.,15.3,-0.22,0.08
121162,6354553,51.54679,-10.045087,10.,-4,0.9400000000000001,35.300000000000004,-0.39,15.,14.4,-0.21,0.08
121162,6354945,51.55682,-10.021265,9.8,-7,1.0388,35.300000000000004,-0.39,15.,13.700000000000001,-0.2,0.07
121162,6355900,51.582123,-9.96565,9.8,-3,0.9754,35.300000000000004,-0.39,15.,11.9,-0.17,0.07
121162,6356902,51.618183,-9.92407,8.7,0,1.9254,-99999.,-99999.,-99999.,-99999.,-99999.,-99999.
121162,6357913,51.64839,-9.907303,2.9,-5,-99999,-99999.,-99999.,-99999.,-99999.,-99999.,-99999.
121162,6358877,51.649265,-9.904863,0.,-5,-99999,-99999.,-99999.,-99999.,-99999.,-99999.,-99999.
121162,6359835,51.649268,-9.904902,0.1,-5,-99999,-99999.,-99999.,-99999.,-99999.,-99999.,-99999.
121162,6360789,51.649302,-9.904885,0.,-5,-99999,-99999.,-99999.,-99999.,-99999.,-99999.,-99999.
121162,6361716,51.649338,-9.90491,0.1,-5,-99999,-99999.,-99999.,-99999.,-99999.,-99999.,-99999.
121162,6362664,51.649338,-9.90494,0.,-5,-99999,-99999.,-99999.,-99999.,-99999.,-99999.,-99999.
121162,6363602,51.64932,-9.904998,0.1,-5,-99999,-99999.,-99999.,-99999.,-99999.,-99999.,-99999.
121162,6364514,51.64938,-9.90503,0.1,-5,-99999,-99999.,-99999.,-99999.,-99999.,-99999.,-99999.
121162,6365455,51.649313,-9.904927,0.,-5,-99999,-99999.,-99999.,-99999.,-99999.,-99999.,-99999.
121162,6366393,51.649302,-9.904923,0.1,-5,-99999,-99999.,-99999.,-99999.,-99999.,-99999.,-99999.
121162,6367333,51.649352,-9.904967,0.1,-5,-99999,-99999.,-99999.,-99999.,-99999.,-99999.,-99999.
121162,6368273,51.649312,-9.904938,0.1,-5,-99999,-99999.,-99999.,-99999.,-99999.,-99999.,-99999.
121162,6369225,51.649285,-9.904947,0.,-5,-99999,-99999.,-99999.,-99999.,-99999.,-99999.,-99999.
121162,6370161,51.649332,-9.90495,0.,-5,-99999,-99999.,-99999.,-99999.,-99999.,-99999.,-99999.
121162,6371064,51.649387,-9.904873,0.,-5,-99999,-99999.,-99999.,-99999.,-99999.,-99999.,-99999.
121162,6371992,51.649323,-9.904908,0.,-5,-99999,-99999.,-99999.,-99999.,-99999.,-99999.,-99999.
121162,6372925,51.649317,-9.904903,0.,-5,-99999,-99999.,-99999.,-99999.,-99999.,-99999.,-99999.
121162,6373953,51.649312,-9.90495,0.1,-5,-99999,-99999.,-99999.,-99999.,-99999.,-99999.,-99999.
121162,6374877,51.649313,-9.904957,0.1,-5,-99999,-99999.,-99999.,-99999.,-99999.,-99999.,-99999.
121162,6375805,51.649323,-9.904915,0.,-5,-99999,-99999.,-99999.,-99999.,-99999.,-99999.,-99999.
121162,6377703,51.64923,-9.904828,0.1,-5,-99999,-99999.,-99999.,-99999.,-99999.,-99999.,-99999.
121162,6378695,51.649193,-9.905283,0.1,-5,-99999,-99999.,-99999.,-99999.,-99999.,-99999.,-99999.
121162,6379633,51.649107,-9.905413,0.1,-5,-99999,-99999.,-99999.,-99999.,-99999.,-99999.,-99999.
121162,6380585,51.649173,-9.905323,0.,-5,-99999,-99999.,-99999.,-99999.,-99999.,-99999.,-99999.
121162,6381533,51.649227,-9.905275,0.,-5,-99999,-99999.,-99999.,-99999.,-99999.,-99999.,-99999.
121162,6382486,51.649247,-9.905335,0.1,-5,-99999,-99999.,-99999.,-99999.,-99999.,-99999.,-99999.
121162,6383431,51.649247,-9.90535,0.,-5,-99999,-99999.,-99999.,-99999.,-99999.,-99999.,-99999.
121162,6384383,51.649272,-9.905303,0.,-5,-99999,-99999.,-99999.,-99999.,-99999.,-99999.,-99999.
121162,6385479,51.649248,-9.905287,0.,-5,-99999,-99999.,-99999.,-99999.,-99999.,-99999.,-99999.
121162,6386404,51.649235,-9.90528,0.,-5,-99999,-99999.,-99999.,-99999.,-99999.,-99999.,-99999.
121162,6387345,51.649237,-9.905257,0.,-5,-99999,-99999.,-99999.,-99999.,-99999.,-99999.,-99999.
121162,6388305,51.649283,-9.905265,0.1,-5,-99999,-99999.,-99999.,-99999.,-99999.,-99999.,-99999.
121162,6389243,51.649247,-9.905268,0.1,-5,-99999,-99999.,-99999.,-99999.,-99999.,-99999.,-99999.
121162,6390193,51.649217,-9.905375,0.,-5,-99999,-99999.,-99999.,-99999.,-99999.,-99999.,-99999.
121162,6391134,51.649308,-9.905438,0.1,-5,-99999,-99999.,-99999.,-99999.,-99999.,-99999.,-99999.
121162,6392093,51.649278,-9.905272,0.1,-5,-99999,-99999.,-99999.,-99999.,-99999.,-99999.,-99999.
121162,6393142,51.649338,-9.905238,0.,-5,-99999,-99999.,-99999.,-99999.,-99999.,-99999.,-99999.
121162,6394074,51.649133,-9.905445,0.1,-5,-99999,-99999.,-99999.,-99999.,-99999.,-99999.,-99999.
121162,6395034,51.649215,-9.905287,0.1,-5,-99999,-99999.,-99999.,-99999.,-99999.,-99999.,-99999.
121162,6395994,51.649282,-9.905337,0.,-5,-99999,-99999.,-99999.,-99999.,-99999.,-99999.,-99999.
121162,6396922,51.649278,-9.905467,0.,-5,-99999,-99999.,-99999.,-99999.,-99999.,-99999.,-99999.
121162,6397875,51.6492,-9.905455,0.,-5,-99999,-99999.,-99999.,-99999.,-99999.,-99999.,-99999.
121162,6398824,51.64923,-9.905257,0.,-5,-99999,-99999.,-99999.,-99999.,-99999.,-99999.,-99999.
121162,6399756,51.64921,-9.905305,0.,-5,-99999,-99999.,-99999.,-99999.,-99999.,-99999.,-99999.
121162,6400703,51.649267,-9.90535,0.,-5,-99999,-99999.,-99999.,-99999.,-99999.,-99999.,-99999.
121162,6401653,51.649268,-9.905247,0.1,-5,-99999,-99999.,-99999.,-99999.,-99999.,-99999.,-99999.
121162,6402605,51.649217,-9.90534,0.,-5,-99999,-99999.,-99999.,-99999.,-99999.,-99999.,-99999.
121162,6403534,51.64929,-9.905187,0.,-5,-99999,-99999.,-99999.,-99999.,-99999.,-99999.,-99999.
121162,6404494,51.64932,-9.905278,0.1,-5,-99999,-99999.,-99999.,-99999.,-99999.,-99999.,-99999.
121162,6405435,51.649248,-9.90528,0.,-5,-99999,-99999.,-99999.,-99999.,-99999.,-99999.,-99999.
121162,6406382,51.649277,-9.905293,0.,-5,-99999,-99999.,-99999.,-99999.,-99999.,-99999.,-99999.
121162,6407334,51.649225,-9.90531,0.,-5,-99999,-99999.,-99999.,-99999.,-99999.,-99999.,-99999.
121162,6408324,51.649253,-9.905395,0.1,-5,-99999,-99999.,-99999.,-99999.,-99999.,-99999.,-99999.
121162,6409293,51.649195,-9.905293,0.1,-5,-99999,-99999.,-99999.,-99999.,-99999.,-99999.,-99999.
121162,6410225,51.649308,-9.90528,0.,-5,-99999,-99999.,-99999.,-99999.,-99999.,-99999.,-99999.
121162,6411174,51.649263,-9.905347,0.1,-5,-99999,-99999.,-99999.,-99999.,-99999.,-99999.,-99999.
121162,6412142,51.649243,-9.905275,0.,-5,-99999,-99999.,-99999.,-99999.,-99999.,-99999.,-99999.
121162,6413094,51.64926,-9.905287,0.1,-5,-99999,-99999.,-99999.,-99999.,-99999.,-99999.,-99999.
121162,6414042,51.649253,-9.905317,0.,-5,-99999,-99999.,-99999.,-99999.,-99999.,-99999.,-99999.
121162,6415039,51.649138,-9.906352,1.1,-5,-99999,-99999.,-99999.,-99999.,-99999.,-99999.,-99999.
121162,6415943,51.635667,-9.912758,6.4,-5,-99999,-99999.,-99999.,-99999.,-99999.,-99999.,-99999.
121162,6416876,51.60533,-9.938023,8.2,-1,1.9949000000000001,-99999.,-99999.,-99999.,-99999.,-99999.,-99999.
121162,6417312,51.593132,-9.958092,8.9,-3,2.061,35.2,-0.4,15.,11.600000000000001,-0.15,0.06
121162,6417316,51.593132,-9.958092,8.9,-3,2.061,35.2,-0.4,15.,11.600000000000001,-0.15,0.06
121162,6417832,51.584042,-9.988707,9.1,-6,1.8758000000000001,35.300000000000004,-0.4,15.,12.600000000000001,-0.17,0.06
121162,6418332,51.575675,-10.02014,9.,-7,1.0304,35.300000000000004,-0.4,14.9,13.600000000000001,-0.19,0.06
121162,6418616,51.573212,-10.03837,8.9,-5,1.1328,35.300000000000004,-0.4,14.9,14.100000000000001,-0.19,0.06
121162,6418764,51.5718,-10.047995,8.7,-4,0.9912000000000001,35.300000000000004,-0.4,14.9,14.4,-0.2,0.06
121162,6419724,51.56241,-10.108453,8.9,-10,1.1012,35.300000000000004,-0.41000000000000003,14.9,20.6,-0.2,0.07
121162,6420173,51.560195,-10.1378,9.1,-5,1.0894000000000001,35.300000000000004,-0.41000000000000003,14.8,25.900000000000002,-0.2,0.08
121162,6420177,51.560195,-10.1378,9.,-5,1.0894000000000001,35.300000000000004,-0.41000000000000003,14.8,25.900000000000002,-0.2,0.08
121162,6420655,51.557168,-10.169442,9.1,-21,1.0625,35.300000000000004,-0.42,14.8,32.4,-0.18,0.09
121162,6421572,51.552105,-10.231228,9.2,-12,1.052,35.300000000000004,-0.42,14.700000000000001,42.1,-0.13,0.12
121162,6422505,51.555618,-10.293388,9.2,-22,0.9475,35.300000000000004,-0.43,14.600000000000001,47.7,-0.14,0.15
121162,6423835,51.561062,-10.385932,9.4,-25,1.1072,35.300000000000004,-0.44,14.5,50.400000000000006,-0.14,0.16
121162,7113294,51.578103,-10.043083,12.6,-5,0.9778,35.300000000000004,-0.49,14.600000000000001,11.,0.06,-0.02
121162,7114233,51.596822,-9.96377,11.7,-3,1.6468,35.2,-0.49,14.600000000000001,10.700000000000001,0.06,-0.03
121162,7115174,51.633038,-9.914488,10.,-4,-99999,-99999.,-99999.,-99999.,-99999.,-99999.,-99999.
121162,7116075,51.649168,-9.905305,0.1,-5,-99999,-99999.,-99999.,-99999.,-99999.,-99999.,-99999.
121162,7117024,51.649145,-9.905305,0.,-5,-99999,-99999.,-99999.,-99999.,-99999.,-99999.,-99999.
121162,7117954,51.649142,-9.905258,0.1,-5,-99999,-99999.,-99999.,-99999.,-99999.,-99999.,-99999.
121162,7118855,51.649132,-9.905263,0.1,-5,-99999,-99999.,-99999.,-99999.,-99999.,-99999.,-99999.
121162,7119802,51.649153,-9.905298,0.1,-5,-99999,-99999.,-99999.,-99999.,-99999.,-99999.,-99999.
121162,7120755,51.649123,-9.905282,0.1,-5,-99999,-99999.,-99999.,-99999.,-99999.,-99999.,-99999.
121162,7121675,51.649142,-9.905268,0.1,-5,-99999,-99999.,-99999.,-99999.,-99999.,-99999.,-99999.
121162,7122615,51.649175,-9.905263,0.,-5,-99999,-99999.,-99999.,-99999.,-99999.,-99999.,-99999.
121162,7123564,51.649178,-9.905268,0.1,-5,-99999,-99999.,-99999.,-99999.,-99999.,-99999.,-99999.
121162,7124503,51.649148,-9.905263,0.1,-5,-99999,-99999.,-99999.,-99999.,-99999.,-99999.,-99999.
121162,7125443,51.64916,-9.905245,0.1,-5,-99999,-99999.,-99999.,-99999.,-99999.,-99999.,-99999.
121162,7126392,51.649148,-9.905318,0.,-5,-99999,-99999.,-99999.,-99999.,-99999.,-99999.,-99999.
121162,7127352,51.649155,-9.905293,0.,-5,-99999,-99999.,-99999.,-99999.,-99999.,-99999.,-99999.
121162,7128354,51.649152,-9.905272,0.,-5,-99999,-99999.,-99999.,-99999.,-99999.,-99999.,-99999.
121162,7129316,51.649125,-9.905273,0.,-5,-99999,-99999.,-99999.,-99999.,-99999.,-99999.,-99999.
121162,7130253,51.649122,-9.90528,0.,-5,-99999,-99999.,-99999.,-99999.,-99999.,-99999.,-99999.
121162,7131213,51.64918,-9.905268,0.1,-5,-99999,-99999.,-99999.,-99999.,-99999.,-99999.,-99999.
121162,7132153,51.649145,-9.90528,0.,-5,-99999,-99999.,-99999.,-99999.,-99999.,-99999.,-99999.
121162,7133106,51.649137,-9.90522,0.1,-5,-99999,-99999.,-99999.,-99999.,-99999.,-99999.,-99999.
121162,7134046,51.649137,-9.905257,0.1,-5,-99999,-99999.,-99999.,-99999.,-99999.,-99999.,-99999.
121162,7134994,51.649115,-9.905225,0.1,-5,-99999,-99999.,-99999.,-99999.,-99999.,-99999.,-99999.
121162,7135974,51.64914,-9.90528,0.1,-5,-99999,-99999.,-99999.,-99999.,-99999.,-99999.,-99999.
121162,7136916,51.649125,-9.905265,0.1,-5,-99999,-99999.,-99999.,-99999.,-99999.,-99999.,-99999.
121162,7137873,51.649168,-9.905263,0.1,-5,-99999,-99999.,-99999.,-99999.,-99999.,-99999.,-99999.
121162,7138837,51.649153,-9.90528,0.,-5,-99999,-99999.,-99999.,-99999.,-99999.,-99999.,-99999.
121162,7139793,51.649167,-9.905245,0.1,-5,-99999,-99999.,-99999.,-99999.,-99999.,-99999.,-99999.
121162,7140725,51.649155,-9.905257,0.,-5,-99999,-99999.,-99999.,-99999.,-99999.,-99999.,-99999.
121162,7141683,51.64918,-9.90528,0.,-5,-99999,-99999.,-99999.,-99999.,-99999.,-99999.,-99999.
121162,7142643,51.64917,-9.905293,0.,-5,-99999,-99999.,-99999.,-99999.,-99999.,-99999.,-99999.
121162,7143572,51.649147,-9.905325,0.1,-5,-99999,-99999.,-99999.,-99999.,-99999.,-99999.,-99999.
121162,7144533,51.649128,-9.905253,0.,-5,-99999,-99999.,-99999.,-99999.,-99999.,-99999.,-99999.
121162,7145482,51.649143,-9.905268,0.,-5,-99999,-99999.,-99999.,-99999.,-99999.,-99999.,-99999.
121162,7146443,51.649175,-9.905228,0.1,-5,-99999,-99999.,-99999.,-99999.,-99999.,-99999.,-99999.
121162,7147403,51.649148,-9.905268,0.,-5,-99999,-99999.,-99999.,-99999.,-99999.,-99999.,-99999.
121162,7148355,51.649148,-9.905262,0.,-5,-99999,-99999.,-99999.,-99999.,-99999.,-99999.,-99999.
121162,7149315,51.649178,-9.905302,0.1,-5,-99999,-99999.,-99999.,-99999.,-99999.,-99999.,-99999.
121162,7150255,51.646988,-9.907942,2.8,-5,-99999,-99999.,-99999.,-99999.,-99999.,-99999.,-99999.
121162,7151176,51.622068,-9.922112,7.1,0,1.9043,-99999.,-99999.,-99999.,-99999.,-99999.,-99999.
121162,7151660,51.602822,-9.940475,10.4,-2,2.0085,-99999.,-99999.,-99999.,-99999.,-99999.,-99999.
121162,7151664,51.602822,-9.940475,10.3,-2,2.0085,-99999.,-99999.,-99999.,-99999.,-99999.,-99999.
121162,7152092,51.59179,-9.968135,10.2,-4,1.737,35.300000000000004,-0.49,14.600000000000001,10.600000000000001,0.07,-0.04
121162,7153014,51.5794,-10.036638,10.3,-6,1.1243,35.300000000000004,-0.49,14.600000000000001,10.700000000000001,0.08,-0.02
121162,7153293,51.576467,-10.057427,10.3,-3,1.0407,35.300000000000004,-0.49,14.600000000000001,10.8,0.08,-0.02
121162,7153814,51.571457,-10.095742,9.9,-12,1.0586,35.300000000000004,-0.49,14.600000000000001,14.8,0.07,-0.01
121162,7153933,51.570398,-10.10465,10.4,-11,1.0917000000000001,35.300000000000004,-0.49,14.600000000000001,17.,0.07,-0.01
121162,7154854,51.562227,-10.170527,9.9,-21,1.0535,35.300000000000004,-0.5,14.600000000000001,33.2,0.05,-0.03
121162,7155113,51.560023,-10.189233,10.,-19,1.0967,35.300000000000004,-0.5,14.600000000000001,36.2,0.04,-0.05
121162,7155185,51.559507,-10.194062,9.,-18,1.1075000000000002,35.300000000000004,-0.5,14.600000000000001,36.800000000000004,0.04,-0.06
121162,7155766,51.555437,-10.235122,9.7,-12,1.0622,35.300000000000004,-0.5,14.5,40.6,0.04,-0.09
121162,7156681,51.563965,-10.296423,9.1,-22,0.9655,35.300000000000004,-0.5,14.5,45.400000000000006,0.05,-0.09
121162,7156985,51.569488,-10.314933,9.6,-22,1.0239,35.300000000000004,-0.49,14.5,46.5,0.06,-0.09
121162,7157594,51.587297,-10.346905,9.2,-21,1.0953000000000002,35.300000000000004,-0.5,14.5,46.400000000000006,0.07,-0.07
121162,7158566,51.616338,-10.39835,9.9,-17,1.1463,35.300000000000004,-0.5,14.5,46.5,0.07,-0.05
121162,7159494,51.646767,-10.44634,9.5,-24,1.1911,35.300000000000004,-0.5,14.600000000000001,44.900000000000006,0.06,-0.04
121162,7160434,51.679152,-10.491728,10.1,-14,1.2421,35.300000000000004,-0.5,14.5,44.7,0.04,-0.03
121162,7161414,51.713473,-10.53938,9.8,-26,1.2632,35.300000000000004,-0.5,14.5,61.5,0.04,-0.06
121162,7162342,51.748252,-10.580462,10.1,-27,1.3803,35.300000000000004,-0.5,14.5,71.,0.02,-0.07
121162,7163571,51.80273,-10.615113,9.9,-26,1.493,35.300000000000004,-0.5,14.5,68.9,0.05,-0.07
121162,7164523,51.844673,-10.641288,10.4,-22,1.6352,35.300000000000004,-0.5,14.5,73.9,0.08,-0.07
121162,7165483,51.886233,-10.668902,10.,-27,1.9781000000000002,35.300000000000004,-0.5,14.5,55.6,0.09,-0.08
121162,7166385,51.925157,-10.692855,10.,-24,1.9042000000000001,35.2,-0.51,14.5,49.1,0.1,-0.09
121162,7167334,51.966705,-10.716268,10.,-26,1.9504000000000001,35.2,-0.51,14.4,48.6,0.09,-0.11
121162,7170893,52.12584,-10.74346,10.1,-25,1.6520000000000001,35.2,-0.51,14.200000000000001,73.4,0.01,-0.07
121162,7171796,52.168888,-10.731972,10.5,-26,1.6103,35.2,-0.51,14.200000000000001,77.4,0.01,-0.06
121162,7172732,52.214368,-10.722662,10.5,-26,1.5169000000000001,35.2,-0.51,14.200000000000001,79.30000000000001,0.03,-0.06
121162,7196493,53.376948,-10.435377,10.7,-26,1.3398,35.2,-0.52,14.200000000000001,58.5,0.11,-0.1
121162,7197573,53.430248,-10.423672,10.8,-26,1.4009,35.2,-0.52,14.200000000000001,57.1,0.11,-0.12
121162,7198494,53.476698,-10.414443,10.9,-26,1.2495,35.2,-0.53,14.100000000000001,64.60000000000001,0.11,-0.13
121162,7199438,53.52388,-10.405717,10.8,-25,1.1299000000000001,35.2,-0.53,14.100000000000001,75.8,0.11,-0.14
121162,7200362,53.570102,-10.396473,10.8,-25,1.2578,35.2,-0.53,14.,67.8,0.08,-0.12
121162,7201282,53.615713,-10.388972,10.7,-24,1.4167,35.2,-0.54,14.,65.60000000000001,0.06,-0.09
121162,7202246,53.663257,-10.380227,10.7,-25,1.461,35.2,-0.54,13.9,72.8,0.08,-0.05
121162,7203155,53.70804,-10.371185,10.8,-23,1.6338000000000001,35.2,-0.54,13.9,64.10000000000001,0.08,-0.03
121162,7204103,53.754595,-10.362567,10.5,-18,1.3865,35.2,-0.54,13.9,48.300000000000004,0.08,-0.01
121162,7205024,53.799133,-10.35615,10.6,-21,1.4135,35.2,-0.54,13.9,47.900000000000006,0.07,-0.01
121162,7205953,53.844127,-10.345955,10.5,-16,1.4758,35.2,-0.54,13.9,48.6,0.08,-0.01
121162,7206873,53.888437,-10.335255,10.2,-19,1.4367,35.2,-0.54,13.9,45.,0.08,-0.01
121162,7207783,53.932042,-10.324628,10.5,-3,1.2382,35.2,-0.54,13.9,40.,0.07,-0.01
121162,7208704,53.976002,-10.312017,10.4,-9,1.1933,35.2,-0.54,13.9,36.4,0.04,-0.01
121162,7209623,54.020593,-10.29533,10.7,-5,1.5167000000000002,35.2,-0.54,14.,35.7,0.02,-0.02
121162,7210564,54.066615,-10.278238,10.9,-10,1.9896,35.2,-0.54,14.,35.300000000000004,0.01,-0.03
121162,7211485,54.110828,-10.257727,10.7,-7,1.9004,35.2,-0.54,14.,41.,0.01,-0.04
121162,7212402,54.154742,-10.235148,10.9,-8,1.3653,-99999.,-99999.,-99999.,-99999.,-99999.,-99999.
121162,7213323,54.197267,-10.205915,10.9,-8,1.1575,35.2,-0.54,13.9,36.4,0.07,0.01
121162,7214244,54.23884,-10.170173,11.,-9,1.1651,35.2,-0.54,13.9,28.3,0.05,0.02
121162,7215165,54.277638,-10.124547,11.2,-9,1.3821,35.2,-0.55,13.9,36.5,0.02,0.03
121162,7216095,54.308588,-10.064158,11.2,-7,1.1579000000000002,35.2,-0.55,13.9,39.300000000000004,0.,0.02
121162,7217052,54.331878,-9.989612,11.,-1,1.2883,35.300000000000004,-0.55,13.8,33.1,0.,0.
121162,7217990,54.350365,-9.915968,11.2,-18,2.1028000000000002,35.2,-0.55,13.8,37.7,0.,0.
121162,7218943,54.367603,-9.833003,11.1,-18,1.9914,35.2,-0.55,13.9,42.800000000000004,0.,0.01
121162,7219923,54.38289,-9.750298,11.2,-1,2.5575,35.2,-0.54,13.9,44.900000000000006,0.01,0.03
121162,7220874,54.3972,-9.667957,11.2,-1,2.1452,35.2,-0.54,13.9,48.5,0.01,0.03
121162,7221775,54.40986,-9.590982,10.9,-2,2.2811,35.2,-0.54,13.9,34.6,0.03,0.02
121162,7222683,54.422733,-9.514008,11.1,-12,2.1642,35.2,-0.54,13.9,26.700000000000003,0.03,0.02
121162,7223603,54.436648,-9.436985,11.2,-12,2.4993000000000003,35.2,-0.54,13.9,28.8,0.04,0.01
121162,7224532,54.44944,-9.365432,11.6,-13,3.0228,35.2,-0.54,14.,40.400000000000006,0.04,0.01
121162,7227023,54.484623,-9.14629,11.7,-17,1.8899000000000001,35.2,-0.54,14.,24.1,0.05,0.01
121162,7227943,54.498245,-9.06504,11.9,-17,2.0171,35.2,-0.54,14.,14.8,0.06,0.
121162,7229333,54.518048,-8.94034,11.1,-18,2.2884,35.2,-0.54,14.,32.4,0.08,-0.01
121162,7232341,54.562308,-8.673642,11.4,-4,1.7346000000000001,35.1,-0.54,14.100000000000001,36.2,0.09,0.01
121162,7234353,54.590225,-8.4964,11.5,3,1.3606,34.800000000000004,-0.53,14.200000000000001,23.200000000000003,0.08,0.01
121162,7235262,54.618265,-8.442522,8.4,1,-99999,34.7,-0.53,14.200000000000001,16.6,0.06,0.01
121162,7235282,54.618988,-8.441997,8.4,1,-99999,34.7,-0.53,14.200000000000001,16.5,0.06,0.01
121162,7235342,54.621125,-8.44036,8.3,0,-99999,34.7,-0.53,14.200000000000001,16.2,0.06,0.01
121162,7236171,54.628767,-8.437753,0.,1,-99999,34.7,-0.53,14.200000000000001,15.8,0.05,0.01
121162,7236264,54.628782,-8.437747,0.,1,-99999,34.7,-0.53,14.200000000000001,15.8,0.05,0.01
121162,7236291,54.628777,-8.43775,0.,1,-99999,34.7,-0.53,14.200000000000001,15.8,0.05,0.01
121162,7237251,54.628767,-8.437768,0.,1,-99999,34.7,-0.53,14.200000000000001,15.8,0.05,0.01
121162,7237355,54.628765,-8.437775,0.,1,-99999,34.7,-0.53,14.200000000000001,15.8,0.05,0.01
121162,7237379,54.628773,-8.4378,0.,1,-99999,34.7,-0.53,14.200000000000001,15.8,0.05,0.01
121162,7238167,54.62886,-8.43775,0.,1,-99999,34.7,-0.53,14.200000000000001,15.8,0.05,0.01
121162,7238284,54.628742,-8.437802,0.1,1,-99999,34.7,-0.53,14.200000000000001,15.8,0.05,0.01
121162,7238415,54.628755,-8.437772,0.,1,-99999,34.7,-0.53,14.200000000000001,15.8,0.05,0.01
121162,7239123,54.628758,-8.437783,0.,1,-99999,34.7,-0.53,14.200000000000001,15.8,0.05,0.01
121162,7239203,54.628767,-8.437758,0.1,1,-99999,34.7,-0.53,14.200000000000001,15.8,0.05,0.01
121162,7239504,54.628777,-8.437752,0.,1,-99999,34.7,-0.53,14.200000000000001,15.8,0.05,0.01
121162,7240040,54.628757,-8.437767,0.1,1,-99999,34.7,-0.53,14.200000000000001,15.8,0.05,0.01
121162,7240401,54.628745,-8.437783,0.1,1,-99999,34.7,-0.53,14.200000000000001,15.8,0.05,0.01
121162,7240604,54.6288,-8.437747,0.,1,-99999,34.7,-0.53,14.200000000000001,15.8,0.05,0.01
121162,7240984,54.62882,-8.437715,0.,1,-99999,34.7,-0.53,14.200000000000001,15.8,0.05,0.01
121162,7241312,54.628867,-8.437683,0.1,1,-99999,34.7,-0.53,14.200000000000001,15.8,0.05,0.01
121162,7241932,54.628793,-8.437698,0.,1,-99999,34.7,-0.53,14.200000000000001,15.8,0.05,0.01
121162,7242124,54.628772,-8.437747,0.,1,-99999,34.7,-0.53,14.200000000000001,15.8,0.05,0.01
121162,7242232,54.628777,-8.437717,0.,1,-99999,34.7,-0.53,14.200000000000001,15.8,0.05,0.01
121162,7242870,54.628792,-8.437775,0.,1,-99999,34.7,-0.53,14.200000000000001,15.8,0.05,0.01
121162,7243033,54.628795,-8.43773,0.,1,-99999,34.7,-0.53,14.200000000000001,15.8,0.05,0.01
121162,7243821,54.628778,-8.437782,0.,1,-99999,34.7,-0.53,14.200000000000001,15.8,0.06,0.01
121162,7244042,54.628778,-8.437748,0.,1,-99999,34.7,-0.53,14.200000000000001,15.8,0.06,0.01
121162,7244173,54.628787,-8.437742,0.,1,-99999,34.7,-0.53,14.200000000000001,15.8,0.06,0.01
121162,7244761,54.628782,-8.437757,0.,1,-99999,34.7,-0.53,14.200000000000001,15.8,0.06,0.01
121162,7245253,54.628777,-8.437723,0.,1,-99999,34.7,-0.53,14.200000000000001,15.8,0.06,0.01
121162,7245286,54.628785,-8.437717,0.,1,-99999,34.7,-0.53,14.200000000000001,15.700000000000001,0.06,0.01
121162,7245703,54.628803,-8.437705,0.1,1,-99999,34.7,-0.53,14.200000000000001,15.700000000000001,0.06,0.01
121162,7246371,54.628792,-8.437762,0.,1,-99999,34.7,-0.53,14.200000000000001,15.700000000000001,0.06,0.01
121162,7246633,54.628785,-8.43773,0.,1,-99999,34.7,-0.53,14.200000000000001,15.700000000000001,0.06,0.01
121162,7247070,54.628805,-8.437737,0.1,1,-99999,34.7,-0.53,14.200000000000001,15.700000000000001,0.06,0.01
121162,7247549,54.628803,-8.437807,0.,1,-99999,34.7,-0.53,14.200000000000001,15.700000000000001,0.06,0.01
121162,7247645,54.628792,-8.437735,0.,1,-99999,34.7,-0.53,14.200000000000001,15.700000000000001,0.06,0.01
121162,7248273,54.628782,-8.437778,0.,1,-99999,34.7,-0.53,14.200000000000001,15.700000000000001,0.06,0.01
121162,7248457,54.628772,-8.437782,0.,1,-99999,34.7,-0.53,14.200000000000001,15.700000000000001,0.06,0.01
121162,7248693,54.628795,-8.437762,0.,1,-99999,34.7,-0.53,14.200000000000001,15.700000000000001,0.06,0.01
121162,7249183,54.628803,-8.437735,0.1,1,-99999,34.7,-0.53,14.200000000000001,15.700000000000001,0.06,0.01
121162,7249383,54.628782,-8.437733,0.1,1,-99999,34.7,-0.53,14.200000000000001,15.700000000000001,0.06,0.01
121162,7250143,54.628797,-8.437757,0.,1,-99999,34.7,-0.53,14.200000000000001,15.700000000000001,0.06,0.01
121162,7250320,54.628757,-8.437735,0.1,1,-99999,34.7,-0.53,14.200000000000001,15.700000000000001,0.06,0.01
121162,7250391,54.628767,-8.437727,0.1,1,-99999,34.7,-0.53,14.200000000000001,15.700000000000001,0.06,0.01
121162,7251247,54.628837,-8.437735,0.,1,-99999,34.7,-0.53,14.200000000000001,15.700000000000001,0.06,0.01
121162,7251271,54.62882,-8.437732,0.1,1,-99999,34.7,-0.53,14.200000000000001,15.700000000000001,0.06,0.01
121162,7251303,54.628808,-8.437728,0.,1,-99999,34.7,-0.53,14.200000000000001,15.700000000000001,0.06,0.01
121162,7252211,54.628782,-8.437755,0.,1,-99999,34.7,-0.53,14.200000000000001,15.700000000000001,0.06,0.01
121162,7252219,54.628793,-8.43774,0.1,1,-99999,34.7,-0.53,14.200000000000001,15.700000000000001,0.06,0.01
121162,7252335,54.628782,-8.437792,0.,1,-99999,34.7,-0.53,14.200000000000001,15.700000000000001,0.06,0.01
121162,7253121,54.628778,-8.437712,0.,1,-99999,34.7,-0.53,14.200000000000001,15.700000000000001,0.06,0.01
121162,7253161,54.628793,-8.437732,0.1,1,-99999,34.7,-0.53,14.200000000000001,15.700000000000001,0.06,0.01
121162,7253364,54.628785,-8.437792,0.,1,-99999,34.7,-0.53,14.200000000000001,15.700000000000001,0.06,0.01
121162,7254041,54.628827,-8.43773,0.,1,-99999,34.7,-0.53,14.200000000000001,15.700000000000001,0.06,0.01
121162,7254093,54.628823,-8.43772,0.1,1,-99999,34.7,-0.53,14.200000000000001,15.700000000000001,0.06,0.01
121162,7254286,54.628822,-8.437727,0.,1,-99999,34.7,-0.53,14.200000000000001,15.700000000000001,0.06,0.01
121162,7254950,54.628818,-8.437755,0.1,1,-99999,34.7,-0.53,14.200000000000001,15.700000000000001,0.06,0.01
121162,7255042,54.62881,-8.437755,0.1,1,-99999,34.7,-0.53,14.200000000000001,15.700000000000001,0.06,0.01
121162,7255194,54.628802,-8.437752,0.,1,-99999,34.7,-0.53,14.200000000000001,15.700000000000001,0.06,0.01
121162,7255854,54.6288,-8.437748,0.,1,-99999,34.7,-0.53,14.200000000000001,15.700000000000001,0.06,0.01
121162,7256002,54.62878,-8.437765,0.,1,-99999,34.7,-0.53,14.200000000000001,15.700000000000001,0.06,0.01
121162,7256286,54.628815,-8.437747,0.,1,-99999,34.7,-0.53,14.200000000000001,15.700000000000001,0.06,0.01
121162,7256763,54.628788,-8.437768,0.1,1,-99999,34.7,-0.53,14.200000000000001,15.700000000000001,0.06,0.01
121162,7256964,54.628772,-8.437772,0.,1,-99999,34.7,-0.53,14.200000000000001,15.700000000000001,0.06,0.01
121162,7257323,54.628767,-8.43778,0.,1,-99999,34.7,-0.53,14.200000000000001,15.700000000000001,0.06,0.01
121162,7257923,54.628808,-8.437818,0.,1,-99999,34.7,-0.53,14.200000000000001,15.700000000000001,0.06,0.01
121162,7257971,54.628802,-8.437807,0.1,1,-99999,34.7,-0.53,14.200000000000001,15.700000000000001,0.06,0.01
121162,7258283,54.628807,-8.437782,0.,1,-99999,34.7,-0.53,14.200000000000001,15.700000000000001,0.06,0.01
121162,7258871,54.6288,-8.437765,0.1,1,-99999,34.7,-0.53,14.200000000000001,15.700000000000001,0.06,0.01
121162,7259172,54.62879,-8.437737,0.1,1,-99999,34.7,-0.53,14.200000000000001,15.700000000000001,0.06,0.01
121162,7259375,54.628797,-8.437812,0.,1,-99999,34.7,-0.53,14.200000000000001,15.700000000000001,0.06,0.01
121162,7259819,54.628793,-8.437732,0.,1,-99999,34.7,-0.53,14.200000000000001,15.700000000000001,0.06,0.01
121162,7260091,54.628778,-8.437728,0.,1,-99999,34.7,-0.53,14.200000000000001,15.700000000000001,0.06,0.01
121162,7260763,54.62878,-8.437747,0.,1,-99999,34.7,-0.53,14.200000000000001,15.700000000000001,0.06,0.01
121162,7261004,54.62879,-8.437762,0.1,1,-99999,34.7,-0.53,14.200000000000001,15.700000000000001,0.06,0.01
121162,7261072,54.628782,-8.437772,0.,1,-99999,34.7,-0.53,14.200000000000001,15.700000000000001,0.06,0.01
121162,7261691,54.628802,-8.437765,0.,1,-99999,34.7,-0.52,14.200000000000001,15.700000000000001,0.06,0.01
121162,7261923,54.628778,-8.437813,0.,1,-99999,34.7,-0.52,14.200000000000001,15.700000000000001,0.06,0.01
121162,7261983,54.62877,-8.437807,0.,1,-99999,34.7,-0.52,14.200000000000001,15.700000000000001,0.06,0.01
121162,7262644,54.628802,-8.437742,0.1,1,-99999,34.7,-0.52,14.200000000000001,15.700000000000001,0.06,0.01
121162,7262825,54.628795,-8.437763,0.1,1,-99999,34.7,-0.52,14.200000000000001,15.700000000000001,0.06,0.01
121162,7263304,54.628785,-8.437735,0.,1,-99999,34.7,-0.52,14.200000000000001,15.700000000000001,0.06,0.01
121162,7263601,54.628772,-8.43777,0.1,1,-99999,34.7,-0.52,14.200000000000001,15.700000000000001,0.06,0.01
121162,7263732,54.62879,-8.437742,0.1,1,-99999,34.7,-0.52,14.200000000000001,15.700000000000001,0.06,0.01
121162,7264552,54.628785,-8.437793,0.,1,-99999,34.7,-0.52,14.200000000000001,15.700000000000001,0.06,0.01
121162,7264596,54.628777,-8.437797,0.,1,-99999,34.7,-0.52,14.200000000000001,15.700000000000001,0.06,0.01
121162,7264640,54.628778,-8.437773,0.,1,-99999,34.7,-0.52,14.200000000000001,15.700000000000001,0.06,0.01
121162,7265492,54.628785,-8.437735,0.,1,-99999,34.7,-0.52,14.200000000000001,15.700000000000001,0.06,0.01
121162,7265552,54.62878,-8.437757,0.1,1,-99999,34.7,-0.52,14.200000000000001,15.700000000000001,0.06,0.01
121162,7265776,54.628785,-8.437735,0.,1,-99999,34.7,-0.52,14.200000000000001,15.700000000000001,0.06,0.01
121162,7266452,54.628778,-8.437743,0.1,1,-99999,34.7,-0.52,14.200000000000001,15.700000000000001,0.06,0.01
121162,7266469,54.628778,-8.437743,0.1,1,-99999,34.7,-0.52,14.200000000000001,15.700000000000001,0.06,0.01
121162,7266692,54.628815,-8.437767,0.,1,-99999,34.7,-0.52,14.200000000000001,15.700000000000001,0.06,0.01
121162,7267380,54.62879,-8.437735,0.1,1,-99999,34.7,-0.52,14.200000000000001,15.700000000000001,0.05,0.01
121162,7267412,54.628792,-8.437718,0.,1,-99999,34.7,-0.52,14.200000000000001,15.700000000000001,0.05,0.01
121162,7267604,54.62879,-8.437755,0.,1,-99999,34.7,-0.52,14.200000000000001,15.700000000000001,0.05,0.01
121162,7268281,54.628808,-8.437712,0.,1,-99999,34.7,-0.52,14.200000000000001,15.700000000000001,0.05,0.01
121162,7268577,54.628795,-8.437687,0.,1,-99999,34.7,-0.52,14.200000000000001,15.700000000000001,0.05,0.01
121162,7269262,54.62876,-8.4377,0.1,1,-99999,34.7,-0.52,14.200000000000001,15.700000000000001,0.05,0.01
121162,7269481,54.628797,-8.437663,0.1,1,-99999,34.7,-0.52,14.200000000000001,15.700000000000001,0.05,0.01
121162,7269621,54.628792,-8.437705,0.,1,-99999,34.7,-0.52,14.200000000000001,15.700000000000001,0.05,0.01
121162,7270272,54.628803,-8.437735,0.1,1,-99999,34.7,-0.52,14.200000000000001,15.700000000000001,0.05,0.01
121162,7270393,54.628808,-8.43774,0.1,1,-99999,34.7,-0.52,14.200000000000001,15.700000000000001,0.05,0.01
121162,7270724,54.628807,-8.437712,0.,1,-99999,34.7,-0.52,14.200000000000001,15.700000000000001,0.05,0.01
121162,7271214,54.628815,-8.437737,0.1,1,-99999,34.7,-0.52,14.200000000000001,15.8,0.05,0.01
121162,7271302,54.62883,-8.437772,0.1,1,-99999,34.7,-0.52,14.200000000000001,15.8,0.05,0.01
121162,7271702,54.62879,-8.437722,0.,1,-99999,34.7,-0.52,14.200000000000001,15.8,0.05,0.01
121162,7272160,54.628807,-8.437723,0.1,1,-99999,34.7,-0.52,14.200000000000001,15.8,0.05,0.01
121162,7272212,54.62879,-8.437698,0.,1,-99999,34.7,-0.52,14.200000000000001,15.8,0.05,0.01
121162,7272936,54.628797,-8.437702,0.,1,-99999,34.7,-0.52,14.200000000000001,15.8,0.05,0.01
121162,7273093,54.628855,-8.437703,0.1,1,-99999,34.7,-0.52,14.200000000000001,15.8,0.05,0.01
121162,7273121,54.628848,-8.43772,0.,1,-99999,34.7,-0.52,14.200000000000001,15.8,0.05,0.01
121162,7274030,54.628748,-8.437745,0.,1,-99999,34.7,-0.52,14.200000000000001,15.8,0.05,0.01
121162,7274043,54.628748,-8.437735,0.1,1,-99999,34.7,-0.52,14.200000000000001,15.8,0.05,0.01
121162,7274154,54.628765,-8.437732,0.,1,-99999,34.7,-0.52,14.200000000000001,15.8,0.05,0.01
121162,7274931,54.628713,-8.437667,0.1,1,-99999,34.7,-0.52,14.200000000000001,15.8,0.05,0.01
121162,7274983,54.628803,-8.437838,0.1,1,-99999,34.7,-0.52,14.200000000000001,15.8,0.05,0.01
121162,7275483,54.628767,-8.437752,0.,1,-99999,34.7,-0.52,14.200000000000001,15.8,0.05,0.01
121162,7275843,54.628795,-8.43775,0.1,1,-99999,34.7,-0.52,14.200000000000001,15.8,0.05,0.01
121162,7275899,54.628793,-8.437755,0.1,1,-99999,34.7,-0.52,14.200000000000001,15.8,0.05,0.01
121162,7276443,54.628772,-8.437752,0.,1,-99999,34.7,-0.52,14.200000000000001,15.8,0.05,0.01
121162,7276905,54.628815,-8.437765,0.1,1,-99999,34.7,-0.52,14.200000000000001,15.8,0.05,0.01
121162,7277041,54.628815,-8.43775,0.1,1,-99999,34.7,-0.52,14.200000000000001,15.8,0.05,0.01
121162,7277412,54.628792,-8.43775,0.,1,-99999,34.7,-0.52,14.200000000000001,15.8,0.05,0.01
121162,7277884,54.628775,-8.43775,0.1,1,-99999,34.7,-0.52,14.200000000000001,15.8,0.05,0.01
121162,7277952,54.628797,-8.437713,0.1,1,-99999,34.7,-0.52,14.200000000000001,15.8,0.05,0.01
121162,7278565,54.628795,-8.437742,0.,1,-99999,34.7,-0.52,14.200000000000001,15.8,0.05,0.01
121162,7278813,54.628778,-8.437795,0.,1,-99999,34.7,-0.52,14.200000000000001,15.8,0.05,0.01
121162,7278861,54.628785,-8.437773,0.,1,-99999,34.7,-0.52,14.200000000000001,15.8,0.05,0.01
121162,7279673,54.628822,-8.437792,0.,1,-99999,34.7,-0.52,14.200000000000001,15.8,0.05,0.01
121162,7279762,54.628815,-8.437777,0.1,1,-99999,34.7,-0.52,14.200000000000001,15.8,0.05,0.01
121162,7279771,54.62882,-8.437787,0.1,1,-99999,34.7,-0.52,14.200000000000001,15.8,0.05,0.01
121162,7280682,54.628803,-8.437755,0.1,1,-99999,34.7,-0.52,14.200000000000001,15.8,0.05,0.01
121162,7280714,54.628797,-8.437762,0.1,1,-99999,34.7,-0.52,14.200000000000001,15.8,0.05,0.01
121162,7280814,54.628792,-8.43772,0.,1,-99999,34.7,-0.52,14.200000000000001,15.8,0.05,0.01
121162,7281602,54.628803,-8.437753,0.1,1,-99999,34.7,-0.52,14.200000000000001,15.8,0.05,0.01
121162,7281643,54.628788,-8.43776,0.1,1,-99999,34.7,-0.52,14.200000000000001,15.8,0.05,0.01
121162,7281842,54.628797,-8.437777,0.,1,-99999,34.7,-0.52,14.200000000000001,15.8,0.05,0.01
121162,7282583,54.628807,-8.437773,0.1,1,-99999,34.7,-0.52,14.200000000000001,15.8,0.05,0.01
121162,7282746,54.628785,-8.437767,0.,1,-99999,34.7,-0.52,14.200000000000001,15.8,0.05,0.01
121162,7282802,54.628783,-8.437788,0.1,1,-99999,34.7,-0.52,14.200000000000001,15.8,0.05,0.01
121162,7283570,54.628855,-8.437767,0.1,1,-99999,34.7,-0.52,14.200000000000001,15.8,0.05,0.01
121162,7284002,54.6288,-8.437762,0.1,1,-99999,34.7,-0.52,14.200000000000001,15.8,0.05,0.01
121162,7284086,54.628842,-8.437747,0.,1,-99999,34.7,-0.52,14.200000000000001,15.8,0.05,0.01
121162,7284531,54.6288,-8.437733,0.1,1,-99999,34.7,-0.52,14.200000000000001,15.8,0.05,0.01
121162,7284911,54.628857,-8.43777,0.1,1,-99999,34.7,-0.52,14.200000000000001,15.8,0.05,0.01
121162,7285067,54.628832,-8.437752,0.,1,-99999,34.7,-0.52,14.200000000000001,15.8,0.05,0.01
121162,7285511,54.628792,-8.437838,0.,1,-99999,34.7,-0.52,14.200000000000001,15.9,0.05,0.01
121162,7285832,54.628787,-8.43779,0.1,1,-99999,34.7,-0.52,14.200000000000001,15.9,0.05,0.01
121162,7286025,54.62876,-8.43783,0.,1,-99999,34.7,-0.52,14.200000000000001,15.9,0.05,0.01
121162,7286462,54.628815,-8.437755,0.1,1,-99999,34.7,-0.52,14.200000000000001,15.9,0.05,0.01
121162,7287031,54.628808,-8.43773,0.1,1,-99999,34.7,-0.52,14.200000000000001,15.9,0.05,0.01
121162,7287247,54.628827,-8.437812,0.,1,-99999,34.7,-0.52,14.200000000000001,15.9,0.05,0.01
121162,7287411,54.628773,-8.437803,0.1,1,-99999,34.7,-0.52,14.200000000000001,15.9,0.05,0.01
121162,7287940,54.62879,-8.437742,0.1,1,-99999,34.7,-0.52,14.200000000000001,15.9,0.05,0.01
121162,7288328,54.628797,-8.437727,0.,1,-99999,34.7,-0.52,14.200000000000001,15.9,0.05,0.01
121162,7289144,54.628762,-8.437765,0.,1,-99999,34.7,-0.52,14.200000000000001,15.9,0.05,0.01
121162,7289293,54.628777,-8.437758,0.1,1,-99999,34.7,-0.52,14.200000000000001,15.9,0.05,0.01
121162,7289356,54.628742,-8.437697,0.,1,-99999,34.7,-0.52,14.200000000000001,15.9,0.05,0.01
121162,7290073,54.628802,-8.437783,0.1,1,-99999,34.7,-0.52,14.200000000000001,15.9,0.05,0.01
121162,7290234,54.628772,-8.437735,0.1,1,-99999,34.7,-0.52,14.200000000000001,15.9,0.05,0.01
121162,7290262,54.628772,-8.437727,0.,1,-99999,34.7,-0.52,14.200000000000001,15.9,0.05,0.01
121162,7290980,54.628785,-8.437713,0.,1,-99999,34.7,-0.52,14.200000000000001,15.9,0.05,0.01
121162,7291204,54.628767,-8.437765,0.,1,-99999,34.7,-0.52,14.200000000000001,15.9,0.05,0.01
121162,7291532,54.628752,-8.437792,0.,1,-99999,34.7,-0.52,14.200000000000001,15.9,0.05,0.01
121162,7291892,54.628772,-8.437717,0.1,1,-99999,34.7,-0.52,14.200000000000001,15.9,0.05,0.01
121162,7292121,54.628753,-8.437747,0.,1,-99999,34.7,-0.52,14.200000000000001,15.9,0.05,0.01
121162,7292736,54.62877,-8.437747,0.,1,-99999,34.7,-0.51,14.200000000000001,15.9,0.05,0.01
121162,7293099,54.628755,-8.437728,0.,1,-99999,34.7,-0.51,14.200000000000001,15.9,0.05,0.01
121162,7293783,54.628797,-8.43777,0.,1,-99999,34.7,-0.51,14.200000000000001,15.9,0.05,0.01
121162,7294012,54.628778,-8.437755,0.,1,-99999,34.7,-0.51,14.200000000000001,15.9,0.05,0.01
121162,7294060,54.628797,-8.437753,0.1,1,-99999,34.7,-0.51,14.200000000000001,15.9,0.05,0.01
121162,7294805,54.628757,-8.43781,0.,1,-99999,34.7,-0.51,14.200000000000001,15.9,0.05,0.01
121162,7294921,54.628817,-8.437715,0.,1,-99999,34.7,-0.51,14.200000000000001,15.9,0.05,0.01
121162,7295013,54.628775,-8.437777,0.,1,-99999,34.7,-0.51,14.200000000000001,15.9,0.05,0.01
121162,7295841,54.628767,-8.437748,0.,1,-99999,34.7,-0.51,14.200000000000001,15.9,0.05,0.01
121162,7295845,54.628767,-8.437747,0.,1,-99999,34.7,-0.51,14.200000000000001,15.9,0.05,0.01
121162,7295961,54.628785,-8.437755,0.,1,-99999,34.7,-0.51,14.200000000000001,15.9,0.05,0.01
121162,7296761,54.628767,-8.437758,0.,1,-99999,34.7,-0.51,14.200000000000001,15.9,0.05,0.01
121162,7296901,54.628767,-8.437757,0.,1,-99999,34.7,-0.51,14.200000000000001,15.9,0.05,0.01
121162,7296953,54.628777,-8.437775,0.,1,-99999,34.7,-0.51,14.200000000000001,15.9,0.05,0.01
121162,7297821,54.628785,-8.437737,0.,1,-99999,34.7,-0.51,14.200000000000001,15.9,0.05,0.01
121162,7297961,54.628797,-8.437733,0.,1,-99999,34.7,-0.51,14.200000000000001,15.9,0.05,0.01
121162,7298153,54.628772,-8.43778,0.,1,-99999,34.7,-0.51,14.200000000000001,15.9,0.05,0.01
121162,7298821,54.628838,-8.437313,0.2,1,-99999,34.7,-0.51,14.200000000000001,15.9,0.05,0.01
121162,7299161,54.628838,-8.437595,0.,1,-99999,34.7,-0.51,14.200000000000001,15.9,0.05,0.01
121162,7299801,54.628865,-8.437548,0.,1,-99999,34.7,-0.51,14.200000000000001,15.9,0.05,0.01
121162,7300035,54.628852,-8.437587,0.,1,-99999,34.7,-0.51,14.200000000000001,15.9,0.05,0.01
121162,7300063,54.62886,-8.437567,0.1,1,-99999,34.7,-0.51,14.200000000000001,15.9,0.05,0.01
121162,7300740,54.62887,-8.437565,0.,1,-99999,34.7,-0.51,14.200000000000001,15.9,0.05,0.01
121162,7300951,54.62888,-8.43756,0.,1,-99999,34.7,-0.51,14.200000000000001,15.9,0.05,0.01
121162,7300972,54.628875,-8.437562,0.,1,-99999,34.7,-0.51,14.200000000000001,15.9,0.05,0.01
121162,7301703,54.628875,-8.437553,0.,1,-99999,34.7,-0.51,14.200000000000001,15.9,0.05,0.01
121162,7301895,54.628878,-8.437565,0.,1,-99999,34.7,-0.51,14.200000000000001,15.9,0.05,0.01
121162,7302067,54.628852,-8.437557,0.,1,-99999,34.7,-0.51,14.200000000000001,15.9,0.05,0.01
121162,7302651,54.62885,-8.437545,0.,1,-99999,34.7,-0.51,14.200000000000001,15.9,0.05,0.01
121162,7302799,54.628865,-8.437527,0.1,1,-99999,34.7,-0.51,14.200000000000001,15.9,0.05,0.01
121162,7303415,54.628927,-8.437592,0.,1,-99999,34.7,-0.51,14.200000000000001,15.9,0.05,0.01
121162,7303600,54.628853,-8.437558,0.1,1,-99999,34.7,-0.51,14.200000000000001,15.9,0.05,0.01
121162,7303703,54.62887,-8.43756,0.1,1,-99999,34.7,-0.51,14.200000000000001,15.9,0.05,0.01
121162,7304368,54.628887,-8.437525,0.,1,-99999,34.7,-0.51,14.200000000000001,15.9,0.05,0.01
121162,7304541,54.628905,-8.437533,0.1,1,-99999,34.7,-0.51,14.200000000000001,15.9,0.05,0.01
121162,7304913,54.629842,-8.437837,0.7,1,-99999,34.7,-0.51,14.200000000000001,16.,0.05,0.01
121162,7305392,54.629975,-8.4381,0.,1,-99999,34.7,-0.51,14.200000000000001,16.,0.05,0.01
121162,7305448,54.629962,-8.438103,0.1,1,-99999,34.7,-0.51,14.200000000000001,16.,0.05,0.01
121162,7306120,54.630055,-8.437923,0.1,1,-99999,34.7,-0.51,14.200000000000001,16.,0.05,0.01
121162,7306396,54.630053,-8.438008,0.,1,-99999,34.7,-0.51,14.200000000000001,16.,0.05,0.01
121162,7306564,54.629957,-8.438067,0.,1,-99999,34.7,-0.51,14.200000000000001,16.,0.05,0.01
121162,7307300,54.629943,-8.438115,0.1,1,-99999,34.7,-0.51,14.200000000000001,16.,0.05,0.01
121162,7307321,54.629938,-8.438133,0.,1,-99999,34.7,-0.51,14.200000000000001,16.1,0.05,0.01
121162,7307536,54.630022,-8.438047,0.,1,-99999,34.7,-0.51,14.200000000000001,16.,0.05,0.01
121162,7308222,54.630007,-8.438057,0.1,1,-99999,34.7,-0.51,14.200000000000001,16.,0.05,0.01
121162,7308233,54.629982,-8.438075,0.,1,-99999,34.7,-0.51,14.200000000000001,16.,0.05,0.01
121162,7309133,54.629983,-8.438078,0.,1,-99999,34.7,-0.51,14.200000000000001,16.1,0.05,0.01
121162,7309161,54.629977,-8.438092,0.,1,-99999,34.7,-0.51,14.200000000000001,16.1,0.05,0.01
121162,7309245,54.629962,-8.438082,0.,1,-99999,34.7,-0.51,14.200000000000001,16.1,0.05,0.01
121162,7310041,54.630005,-8.438047,0.,1,-99999,34.7,-0.51,14.200000000000001,16.1,0.05,0.01
121162,7310093,54.629962,-8.438063,0.,1,-99999,34.7,-0.51,14.200000000000001,16.1,0.05,0.01
121162,7310522,54.630007,-8.438122,0.,1,-99999,34.7,-0.51,14.200000000000001,16.1,0.05,0.01
121162,7310953,54.62997,-8.438128,0.,1,-99999,34.7,-0.51,14.200000000000001,16.1,0.05,0.01
121162,7311033,54.629977,-8.438108,0.1,1,-99999,34.7,-0.51,14.200000000000001,16.1,0.05,0.01
121162,7311506,54.629995,-8.438042,0.,1,-99999,34.7,-0.51,14.200000000000001,16.1,0.05,0.01
121162,7311861,54.630003,-8.438148,0.1,1,-99999,34.7,-0.51,14.200000000000001,16.1,0.05,0.01
121162,7311937,54.629988,-8.438107,0.1,1,-99999,34.7,-0.51,14.200000000000001,16.1,0.05,0.01
121162,7312413,54.629987,-8.438112,0.,1,-99999,34.7,-0.51,14.200000000000001,16.1,0.05,0.01
121162,7312961,54.629925,-8.438137,0.,1,-99999,34.7,-0.51,14.200000000000001,16.1,0.05,0.01
121162,7313501,54.62994,-8.43818,0.,1,-99999,34.7,-0.51,14.200000000000001,16.1,0.05,0.01
121162,7313681,54.629938,-8.438138,0.,1,-99999,34.7,-0.51,14.200000000000001,16.1,0.05,0.01
121162,7313949,54.629963,-8.438162,0.,1,-99999,34.7,-0.51,14.200000000000001,16.1,0.05,0.01
121162,7314591,54.629988,-8.438097,0.,1,-99999,34.7,-0.51,14.200000000000001,16.1,0.05,0.01
121162,7314644,54.630025,-8.438117,0.,1,-99999,34.7,-0.51,14.200000000000001,16.1,0.05,0.01
121162,7314911,54.629992,-8.438078,0.,1,-99999,34.7,-0.51,14.200000000000001,16.1,0.05,0.01
121162,7315500,54.629952,-8.438147,0.,1,-99999,34.7,-0.51,14.200000000000001,16.1,0.05,0.01
121162,7315784,54.629975,-8.438075,0.,1,-99999,34.7,-0.51,14.200000000000001,16.1,0.05,0.01
121162,7315872,54.629962,-8.438092,0.,1,-99999,34.7,-0.51,14.200000000000001,16.1,0.05,0.01
121162,7316704,54.629952,-8.438065,0.1,1,-99999,34.7,-0.51,14.200000000000001,16.1,0.05,0.01
121162,7316756,54.62996,-8.438072,0.,1,-99999,34.7,-0.51,14.200000000000001,16.1,0.05,0.01
121162,7316821,54.629967,-8.438057,0.,1,-99999,34.7,-0.51,14.200000000000001,16.1,0.05,0.01
121162,7317612,54.63,-8.438012,0.,1,-99999,34.7,-0.51,14.200000000000001,16.1,0.05,0.01
121162,7317780,54.62999,-8.438027,0.,1,-99999,34.7,-0.51,14.200000000000001,16.1,0.05,0.01
121162,7317865,54.62998,-8.43804,0.,1,-99999,34.7,-0.51,14.200000000000001,16.1,0.05,0.01
121162,7318520,54.630003,-8.438077,0.,1,-99999,34.7,-0.51,14.200000000000001,16.1,0.05,0.01
121162,7318732,54.629965,-8.438073,0.,1,-99999,34.7,-0.51,14.200000000000001,16.1,0.05,0.01
121162,7318825,54.629957,-8.438017,0.,1,-99999,34.7,-0.51,14.200000000000001,16.1,0.05,0.01
121162,7319432,54.629983,-8.438087,0.,1,-99999,34.7,-0.51,14.200000000000001,16.1,0.05,0.01
121162,7319683,54.629947,-8.438087,0.,1,-99999,34.7,-0.51,14.200000000000001,16.1,0.05,0.01
121162,7319976,54.629977,-8.438117,0.,1,-99999,34.7,-0.51,14.200000000000001,16.1,0.05,0.01
121162,7320644,54.630015,-8.438018,0.1,1,-99999,34.7,-0.51,14.200000000000001,16.1,0.05,0.01
121162,7320688,54.630015,-8.438,0.,1,-99999,34.7,-0.51,14.200000000000001,16.1,0.05,0.01
121162,7321124,54.629982,-8.43805,0.,1,-99999,34.7,-0.51,14.200000000000001,16.1,0.05,0.01
121162,7321628,54.62999,-8.438015,0.,1,-99999,34.7,-0.51,14.200000000000001,16.1,0.05,0.01
121162,7321841,54.630025,-8.437993,0.,1,-99999,34.7,-0.51,14.200000000000001,16.1,0.05,0.01
121162,7322082,54.630025,-8.438042,0.,1,-99999,34.7,-0.51,14.200000000000001,16.1,0.05,0.01
121162,7322641,54.62999,-8.438092,0.,1,-99999,34.7,-0.51,14.200000000000001,16.1,0.05,0.01
121162,7322752,54.630052,-8.438037,0.,1,-99999,34.7,-0.51,14.200000000000001,16.1,0.05,0.01
121162,7322992,54.630025,-8.438012,0.,1,-99999,34.7,-0.51,14.200000000000001,16.1,0.05,0.01
121162,7323592,54.629998,-8.437998,0.,1,-99999,34.7,-0.51,14.200000000000001,16.1,0.05,0.01
121162,7323952,54.630082,-8.437978,0.,1,-99999,34.7,-0.5,14.200000000000001,16.1,0.05,0.01
121162,7324016,54.630032,-8.437982,0.,1,-99999,34.7,-0.5,14.200000000000001,16.1,0.05,0.01
121162,7324541,54.630038,-8.438008,0.,1,-99999,34.7,-0.5,14.200000000000001,16.1,0.05,0.01
121162,7324864,54.630017,-8.438023,0.,1,-99999,34.7,-0.5,14.200000000000001,16.2,0.05,0.01
121162,7325184,54.63003,-8.438025,0.,1,-99999,34.7,-0.5,14.200000000000001,16.2,0.05,0.01
121162,7325492,54.63008,-8.437988,0.,1,-99999,34.7,-0.5,14.200000000000001,16.2,0.05,0.01
121162,7325772,54.630062,-8.438018,0.1,1,-99999,34.7,-0.5,14.200000000000001,16.2,0.05,0.01
121162,7326224,54.629987,-8.438042,0.,1,-99999,34.7,-0.5,14.200000000000001,16.2,0.05,0.01
121162,7326444,54.630015,-8.438,0.1,1,-99999,34.7,-0.5,14.200000000000001,16.2,0.05,0.01
121162,7326681,54.629995,-8.438072,0.,1,-99999,34.7,-0.5,14.200000000000001,16.2,0.05,0.01
121162,7327194,54.629972,-8.438047,0.,1,-99999,34.7,-0.5,14.200000000000001,16.2,0.05,0.01
121162,7327382,54.63,-8.43799,0.,1,-99999,34.7,-0.5,14.200000000000001,16.2,0.05,0.01
121162,7327590,54.629993,-8.438032,0.,1,-99999,34.7,-0.5,14.200000000000001,16.2,0.05,0.01
121162,7328346,54.629977,-8.438112,0.,1,-99999,34.7,-0.5,14.200000000000001,16.2,0.05,0.01
121162,7328404,54.630028,-8.438038,0.1,1,-99999,34.7,-0.5,14.200000000000001,16.2,0.05,0.01
121162,7328503,54.63,-8.438038,0.,1,-99999,34.7,-0.5,14.200000000000001,16.2,0.05,0.01
121162,7329306,54.630012,-8.438062,0.,1,-99999,34.7,-0.5,14.200000000000001,16.2,0.05,0.01
121162,7329381,54.63,-8.43809,0.1,1,-99999,34.7,-0.5,14.200000000000001,16.2,0.05,0.01
121162,7329702,54.629977,-8.438042,0.,1,-99999,34.7,-0.5,14.200000000000001,16.2,0.05,0.01
121162,7330314,54.630018,-8.438098,0.1,1,-99999,34.7,-0.5,14.200000000000001,16.2,0.05,0.01
121162,7330354,54.630017,-8.438082,0.,1,-99999,34.7,-0.5,14.200000000000001,16.2,0.05,0.01
121162,7330611,54.630013,-8.438067,0.,1,-99999,34.7,-0.5,14.200000000000001,16.2,0.05,0.01
121162,7331230,54.630007,-8.43809,0.,1,-99999,34.7,-0.5,14.200000000000001,16.2,0.05,0.01
121162,7331454,54.629972,-8.438037,0.,1,-99999,34.7,-0.5,14.200000000000001,16.2,0.05,0.01
121162,7331530,54.630007,-8.438067,0.1,1,-99999,34.7,-0.5,14.200000000000001,16.2,0.05,0.01
121162,7332182,54.630022,-8.438052,0.,1,-99999,34.7,-0.5,14.200000000000001,16.2,0.05,0.01
121162,7332443,54.630013,-8.438113,0.,1,-99999,34.7,-0.5,14.200000000000001,16.2,0.05,0.01
121162,7332594,54.63003,-8.438062,0.,1,-99999,34.7,-0.5,14.200000000000001,16.2,0.05,0.01
121162,7333094,54.630022,-8.438065,0.,1,-99999,34.7,-0.5,14.200000000000001,16.2,0.05,0.01
121162,7333354,54.630023,-8.438048,0.,1,-99999,34.7,-0.5,14.200000000000001,16.2,0.05,0.01
121162,7333695,54.630012,-8.437965,0.,1,-99999,34.7,-0.5,14.200000000000001,16.2,0.05,0.01
121162,7334007,54.630038,-8.438082,0.,1,-99999,34.7,-0.5,14.200000000000001,16.2,0.05,0.01
121162,7334271,54.630013,-8.438015,0.,1,-99999,34.7,-0.5,14.200000000000001,16.2,0.05,0.01
121162,7334795,54.629937,-8.438212,0.,1,-99999,34.7,-0.5,14.200000000000001,16.2,0.05,0.01
121162,7334959,54.62995,-8.43811,0.,1,-99999,34.7,-0.5,14.200000000000001,16.2,0.05,0.01
121162,7335191,54.630037,-8.438027,0.,1,-99999,34.7,-0.5,14.200000000000001,16.2,0.05,0.01
121162,7335931,54.630028,-8.438013,0.1,1,-99999,34.7,-0.5,14.200000000000001,16.2,0.05,0.01
121162,7336375,54.630032,-8.438025,0.,1,-99999,34.7,-0.5,14.200000000000001,16.2,0.05,0.01
121162,7336391,54.630028,-8.438028,0.1,1,-99999,34.7,-0.5,14.200000000000001,16.2,0.05,0.01
121162,7336943,54.62997,-8.438015,0.1,1,-99999,34.7,-0.5,14.200000000000001,16.2,0.05,0.01
121162,7337300,54.630027,-8.438018,0.,1,-99999,34.7,-0.5,14.200000000000001,16.2,0.05,0.01
121162,7337376,54.630025,-8.438005,0.,1,-99999,34.7,-0.5,14.200000000000001,16.2,0.05,0.01
121162,7337894,54.630025,-8.438037,0.,1,-99999,34.7,-0.5,14.200000000000001,16.2,0.05,0.01
121162,7338213,54.629977,-8.438073,0.,1,-99999,34.7,-0.5,14.200000000000001,16.2,0.05,0.01
121162,7338842,54.630053,-8.438055,0.1,1,-99999,34.7,-0.5,14.200000000000001,16.2,0.05,0.01
121162,7338926,54.630012,-8.438057,0.,1,-99999,34.7,-0.5,14.200000000000001,16.2,0.05,0.01
121162,7339122,54.630007,-8.438078,0.1,1,-99999,34.7,-0.5,14.200000000000001,16.3,0.05,0.01
121162,7339782,54.629997,-8.438005,0.,1,-99999,34.7,-0.5,14.200000000000001,16.2,0.05,0.01
121162,7339890,54.629972,-8.438102,0.,1,-99999,34.7,-0.5,14.200000000000001,16.3,0.05,0.01
121162,7340330,54.629898,-8.438132,0.1,1,-99999,34.7,-0.5,14.200000000000001,16.3,0.05,0.01
121162,7340730,54.629982,-8.438065,0.1,1,-99999,34.7,-0.5,14.200000000000001,16.3,0.05,0.01
121162,7340986,54.62997,-8.438037,0.,1,-99999,34.7,-0.5,14.200000000000001,16.3,0.05,0.01
121162,7341231,54.629965,-8.438068,0.1,1,-99999,34.7,-0.5,14.200000000000001,16.3,0.05,0.01
121162,7341664,54.629973,-8.438088,0.,1,-99999,34.7,-0.5,14.200000000000001,16.3,0.05,0.01
121162,7342132,54.63007,-8.438072,0.,1,-99999,34.7,-0.5,14.200000000000001,16.3,0.05,0.01
121162,7342612,54.630012,-8.438132,0.,1,-99999,34.7,-0.5,14.200000000000001,16.3,0.05,0.01
121162,7342756,54.630027,-8.438047,0.,1,-99999,34.7,-0.5,14.200000000000001,16.3,0.05,0.01
121162,7343053,54.630033,-8.438048,0.,1,-99999,34.7,-0.5,14.200000000000001,16.3,0.05,0.01
121162,7343587,54.630067,-8.438105,0.,1,-99999,34.7,-0.5,14.200000000000001,16.3,0.05,0.01
121162,7343662,54.630017,-8.438072,0.,1,-99999,34.7,-0.5,14.200000000000001,16.3,0.05,0.01
121162,7343962,54.629967,-8.438105,0.,1,-99999,34.7,-0.5,14.200000000000001,16.3,0.05,0.01
121162,7344551,54.630023,-8.438075,0.,1,-99999,34.7,-0.5,14.200000000000001,16.3,0.05,0.01
121162,7344827,54.630085,-8.438097,0.,1,-99999,34.7,-0.5,14.200000000000001,16.3,0.05,0.01
121162,7344871,54.630048,-8.43805,0.1,1,-99999,34.7,-0.5,14.200000000000001,16.3,0.05,0.01
121162,7345504,54.630007,-8.438113,0.,1,-99999,34.7,-0.5,14.200000000000001,16.3,0.05,0.01
121162,7345747,54.630027,-8.438095,0.,1,-99999,34.7,-0.5,14.200000000000001,16.3,0.05,0.01
121162,7345783,54.630015,-8.43809,0.,1,-99999,34.7,-0.5,14.200000000000001,16.3,0.05,0.01
121162,7346451,54.629987,-8.438092,0.,1,-99999,34.7,-0.5,14.200000000000001,16.3,0.05,0.01
121162,7346651,54.63,-8.43808,0.,1,-99999,34.7,-0.5,14.200000000000001,16.3,0.05,0.01
121162,7346691,54.630023,-8.438083,0.1,1,-99999,34.7,-0.5,14.200000000000001,16.3,0.05,0.01
121162,7347391,54.63001,-8.438038,0.,1,-99999,34.7,-0.5,14.200000000000001,16.3,0.05,0.01
121162,7347480,54.630032,-8.43806,0.,1,-99999,34.7,-0.5,14.200000000000001,16.3,0.05,0.01
121162,7347612,54.630007,-8.438083,0.1,1,-99999,34.7,-0.5,14.200000000000001,16.3,0.05,0.01
121162,7347983,54.630017,-8.438067,0.,1,-99999,34.7,-0.5,14.200000000000001,16.3,0.05,0.01
121162,7348351,54.63,-8.43809,0.,1,-99999,34.7,-0.5,14.200000000000001,16.3,0.05,0.01
121162,7348531,54.630043,-8.438007,0.,1,-99999,34.7,-0.5,14.200000000000001,16.3,0.05,0.01
121162,7348767,54.629987,-8.438073,0.,1,-99999,34.7,-0.5,14.200000000000001,16.3,0.05,0.01
121162,7348903,54.630007,-8.438082,0.,1,-99999,34.7,-0.5,14.200000000000001,16.3,0.05,0.01
121162,7349292,54.630055,-8.438053,0.,1,-99999,34.7,-0.5,14.200000000000001,16.3,0.05,0.01
121162,7349451,54.630043,-8.438025,0.,1,-99999,34.7,-0.5,14.200000000000001,16.3,0.05,0.01
121162,7349943,54.630025,-8.438072,0.,1,-99999,34.7,-0.5,14.200000000000001,16.3,0.05,0.01
121162,7350268,54.62998,-8.43812,0.1,1,-99999,34.7,-0.5,14.200000000000001,16.3,0.05,0.01
121162,7350360,54.629928,-8.438118,0.1,1,-99999,34.7,-0.5,14.200000000000001,16.3,0.05,0.01
121162,7350857,54.630002,-8.43809,0.,1,-99999,34.7,-0.5,14.200000000000001,16.3,0.05,0.01
121162,7351280,54.630013,-8.43805,0.1,1,-99999,34.7,-0.5,14.200000000000001,16.3,0.05,0.01
121162,7351885,54.630017,-8.437992,0.,1,-99999,34.7,-0.5,14.200000000000001,16.3,0.05,0.01
121162,7352152,54.629977,-8.438188,0.1,1,-99999,34.7,-0.5,14.200000000000001,16.400000000000002,0.05,0.01
121162,7352192,54.629995,-8.438108,0.,1,-99999,34.7,-0.5,14.200000000000001,16.3,0.05,0.01
121162,7353104,54.630002,-8.438083,0.1,1,-99999,34.7,-0.5,14.200000000000001,16.3,0.05,0.01
121162,7353112,54.630007,-8.438083,0.1,1,-99999,34.7,-0.5,14.200000000000001,16.3,0.05,0.01
121162,7353176,54.630035,-8.43808,0.,1,-99999,34.7,-0.5,14.200000000000001,16.3,0.05,0.01
121162,7354013,54.630025,-8.438073,0.,1,-99999,34.7,-0.5,14.200000000000001,16.400000000000002,0.05,0.01
121162,7354053,54.630018,-8.438083,0.,1,-99999,34.7,-0.5,14.200000000000001,16.400000000000002,0.05,0.01
121162,7354314,54.630025,-8.438042,0.,1,-99999,34.7,-0.5,14.200000000000001,16.3,0.05,0.01
121162,7354921,54.630018,-8.438135,0.,1,-99999,34.7,-0.5,14.200000000000001,16.400000000000002,0.04,0.01
121162,7354981,54.630025,-8.438123,0.1,1,-99999,34.7,-0.5,14.200000000000001,16.400000000000002,0.04,0.01
121162,7355466,54.630057,-8.438012,0.,1,-99999,34.7,-0.49,14.200000000000001,16.400000000000002,0.04,0.01
121162,7355822,54.630013,-8.438113,0.1,1,-99999,34.7,-0.49,14.200000000000001,16.400000000000002,0.04,0.01
121162,7355942,54.63002,-8.438168,0.1,1,-99999,34.7,-0.49,14.200000000000001,16.400000000000002,0.04,0.01
121162,7356415,54.629965,-8.43811,0.,1,-99999,34.7,-0.49,14.200000000000001,16.400000000000002,0.04,0.01
121162,7356743,54.630065,-8.438098,0.1,1,-99999,34.7,-0.49,14.200000000000001,16.400000000000002,0.04,0.01
121162,7356879,54.629973,-8.438102,0.,1,-99999,34.7,-0.49,14.200000000000001,16.400000000000002,0.04,0.01
121162,7357455,54.630007,-8.438087,0.,1,-99999,34.7,-0.49,14.200000000000001,16.400000000000002,0.04,0.01
121162,7357843,54.630015,-8.438078,0.1,1,-99999,34.7,-0.49,14.200000000000001,16.400000000000002,0.04,0.01
121162,7357950,54.629988,-8.438083,0.1,1,-99999,34.7,-0.49,14.200000000000001,16.400000000000002,0.04,0.01
121162,7358847,54.630037,-8.438052,0.,1,-99999,34.7,-0.49,14.200000000000001,16.400000000000002,0.04,0.01
121162,7358854,54.630032,-8.438048,0.1,1,-99999,34.7,-0.49,14.200000000000001,16.400000000000002,0.04,0.01
121162,7358858,54.630032,-8.438048,0.1,1,-99999,34.7,-0.49,14.200000000000001,16.400000000000002,0.04,0.01
121162,7359760,54.630007,-8.438023,0.,1,-99999,34.7,-0.49,14.200000000000001,16.400000000000002,0.04,0.01
121162,7359812,54.630003,-8.438072,0.1,1,-99999,34.7,-0.49,14.200000000000001,16.400000000000002,0.04,0.01
121162,7360125,54.629997,-8.438035,0.,1,-99999,34.7,-0.49,14.200000000000001,16.400000000000002,0.04,0.01
121162,7360661,54.63003,-8.438048,0.,1,-99999,34.7,-0.49,14.200000000000001,16.400000000000002,0.04,0.01
121162,7360761,54.629965,-8.438073,0.1,1,-99999,34.7,-0.49,14.200000000000001,16.400000000000002,0.04,0.01
121162,7361029,54.630007,-8.438082,0.,1,-99999,34.7,-0.49,14.200000000000001,16.400000000000002,0.04,0.01
121162,7361570,54.630035,-8.43805,0.,1,-99999,34.7,-0.49,14.200000000000001,16.400000000000002,0.04,0.01
121162,7361701,54.630055,-8.438053,0.,1,-99999,34.7,-0.49,14.200000000000001,16.400000000000002,0.04,0.01
121162,7362473,54.630007,-8.438062,0.,1,-99999,34.7,-0.49,14.200000000000001,16.400000000000002,0.04,0.01
121162,7362653,54.629952,-8.438102,0.,1,-99999,34.7,-0.49,14.200000000000001,16.400000000000002,0.04,0.01
121162,7362661,54.629958,-8.438093,0.,1,-99999,34.7,-0.49,14.200000000000001,16.400000000000002,0.04,0.01
121162,7363601,54.630013,-8.437997,0.,1,-99999,34.7,-0.49,14.200000000000001,16.400000000000002,0.04,0.01
121162,7363673,54.630023,-8.438,0.,1,-99999,34.7,-0.49,14.200000000000001,16.400000000000002,0.04,0.01
121162,7363853,54.629992,-8.438027,0.,1,-99999,34.7,-0.49,14.200000000000001,16.400000000000002,0.04,0.01
121162,7364581,54.630015,-8.438122,0.1,1,-99999,34.7,-0.49,14.200000000000001,16.400000000000002,0.04,0.01
121162,7364597,54.63001,-8.438065,0.1,1,-99999,34.7,-0.49,14.200000000000001,16.400000000000002,0.04,0.01
121162,7365501,54.629992,-8.438055,0.1,1,-99999,34.7,-0.49,14.200000000000001,16.400000000000002,0.04,0.01
121162,7365533,54.629992,-8.438055,0.1,1,-99999,34.7,-0.49,14.200000000000001,16.400000000000002,0.04,0.01
121162,7365614,54.629977,-8.438067,0.,1,-99999,34.7,-0.49,14.200000000000001,16.400000000000002,0.04,0.01
121162,7366413,54.630013,-8.43803,0.1,1,-99999,34.7,-0.49,14.200000000000001,16.400000000000002,0.04,0.01
121162,7366462,54.629995,-8.438047,0.1,1,-99999,34.7,-0.49,14.200000000000001,16.400000000000002,0.04,0.01
121162,7366705,54.630057,-8.43806,0.,1,-99999,34.7,-0.49,14.200000000000001,16.400000000000002,0.04,0.01
121162,7367322,54.630033,-8.438123,0.,1,-99999,34.7,-0.49,14.200000000000001,16.400000000000002,0.04,0.01
121162,7367402,54.630013,-8.438097,0.1,1,-99999,34.7,-0.49,14.200000000000001,16.400000000000002,0.04,0.01
121162,7367734,54.629987,-8.438035,0.,1,-99999,34.7,-0.49,14.200000000000001,16.400000000000002,0.04,0.01
121162,7368350,54.629962,-8.438088,0.1,1,-99999,34.7,-0.49,14.200000000000001,16.400000000000002,0.04,0.01
121162,7368522,54.629988,-8.438085,0.,1,-99999,34.7,-0.49,14.200000000000001,16.400000000000002,0.04,0.01
121162,7368816,54.630012,-8.438132,0.,1,-99999,34.7,-0.49,14.200000000000001,16.5,0.04,0.01
121162,7369292,54.629995,-8.438172,0.,1,-99999,34.7,-0.49,14.200000000000001,16.5,0.04,0.01
121162,7369432,54.630043,-8.438088,0.1,1,-99999,34.7,-0.49,14.200000000000001,16.5,0.04,0.01
121162,7369865,54.630022,-8.438107,0.,1,-99999,34.7,-0.49,14.200000000000001,16.5,0.04,0.01
121162,7370242,54.629998,-8.438117,0.1,1,-99999,34.7,-0.49,14.200000000000001,16.5,0.04,0.01
121162,7370341,54.629995,-8.438103,0.,1,-99999,34.7,-0.49,14.200000000000001,16.5,0.04,0.01
121162,7371202,54.630075,-8.438075,0.,1,-99999,34.7,-0.49,14.200000000000001,16.5,0.04,0.01
121162,7371250,54.630055,-8.438055,0.1,1,-99999,34.7,-0.49,14.200000000000001,16.5,0.04,0.01
121162,7371864,54.629982,-8.438095,0.,1,-99999,34.7,-0.49,14.200000000000001,16.5,0.04,0.01
121162,7372133,54.629985,-8.438057,0.,1,-99999,34.7,-0.49,14.200000000000001,16.5,0.04,0.01
121162,7372160,54.630003,-8.438097,0.1,1,-99999,34.7,-0.49,14.200000000000001,16.5,0.04,0.01
121162,7373005,54.630027,-8.438037,0.,1,-99999,34.7,-0.49,14.200000000000001,16.5,0.04,0.01
121162,7373061,54.630007,-8.438055,0.1,1,-99999,34.7,-0.49,14.200000000000001,16.5,0.04,0.01
121162,7373069,54.630007,-8.438055,0.1,1,-99999,34.7,-0.49,14.200000000000001,16.5,0.04,0.01
121162,7373979,54.630022,-8.438057,0.,1,-99999,34.7,-0.49,14.200000000000001,16.5,0.04,0.01
121162,7374071,54.63001,-8.438052,0.,1,-99999,34.7,-0.49,14.200000000000001,16.5,0.04,0.01
121162,7374075,54.63001,-8.438052,0.,1,-99999,34.7,-0.49,14.200000000000001,16.5,0.04,0.01
121162,7374883,54.629982,-8.43807,0.,1,-99999,34.7,-0.49,14.200000000000001,16.5,0.04,0.01
121162,7375020,54.629988,-8.438083,0.,1,-99999,34.7,-0.49,14.200000000000001,16.5,0.04,0.01
121162,7375655,54.63,-8.438097,0.,1,-99999,34.7,-0.49,14.200000000000001,16.5,0.04,0.01
121162,7375791,54.629993,-8.438048,0.,1,-99999,34.7,-0.49,14.200000000000001,16.5,0.04,0.01
121162,7375971,54.630028,-8.438075,0.,1,-99999,34.7,-0.49,14.200000000000001,16.5,0.04,0.01
121162,7376563,54.62999,-8.438065,0.,1,-99999,34.7,-0.49,14.200000000000001,16.5,0.04,0.01
121162,7376711,54.630002,-8.438048,0.,1,-99999,34.7,-0.49,14.200000000000001,16.5,0.04,0.01
121162,7376923,54.63,-8.438095,0.,1,-99999,34.7,-0.49,14.200000000000001,16.5,0.04,0.01
121162,7377475,54.629982,-8.438052,0.,1,-99999,34.7,-0.49,14.200000000000001,16.5,0.04,0.01
121162,7377631,54.630047,-8.43808,0.,1,-99999,34.7,-0.49,14.200000000000001,16.5,0.04,0.01
121162,7377871,54.629953,-8.438043,0.,1,-99999,34.7,-0.49,14.200000000000001,16.5,0.04,0.01
121162,7378743,54.62994,-8.438035,0.,1,-99999,34.7,-0.49,14.200000000000001,16.5,0.04,0.01
121162,7378803,54.629928,-8.43803,0.,1,-99999,34.7,-0.49,14.200000000000001,16.5,0.04,0.01
121162,7378831,54.629955,-8.438023,0.,1,-99999,34.7,-0.49,14.200000000000001,16.5,0.04,0.01
121162,7379655,54.629907,-8.438145,0.,1,-99999,34.7,-0.49,14.200000000000001,16.5,0.04,0.01
121162,7379743,54.629982,-8.438068,0.,1,-99999,34.7,-0.49,14.200000000000001,16.5,0.04,0.01
121162,7379760,54.629935,-8.438072,0.1,1,-99999,34.7,-0.49,14.200000000000001,16.5,0.04,0.01
121162,7380652,54.629977,-8.438077,0.1,1,-99999,34.7,-0.49,14.200000000000001,16.5,0.04,0.01
121162,7380695,54.629977,-8.438073,0.1,1,-99999,34.7,-0.49,14.200000000000001,16.5,0.04,0.01
121162,7380743,54.62997,-8.438057,0.,1,-99999,34.7,-0.49,14.200000000000001,16.5,0.04,0.01
121162,7381561,54.629943,-8.438102,0.1,1,-99999,34.7,-0.49,14.200000000000001,16.5,0.04,0.01
121162,7381654,54.629955,-8.438082,0.,1,-99999,34.7,-0.49,14.200000000000001,16.5,0.04,0.01
121162,7381702,54.62995,-8.438078,0.1,1,-99999,34.7,-0.49,14.200000000000001,16.5,0.04,0.01
121162,7382641,54.62995,-8.438097,0.1,1,-99999,34.7,-0.49,14.200000000000001,16.5,0.04,0.01
121162,7382753,54.629947,-8.438075,0.,1,-99999,34.7,-0.49,14.200000000000001,16.5,0.04,0.01
121162,7382761,54.629947,-8.438078,0.1,1,-99999,34.7,-0.49,14.200000000000001,16.5,0.04,0.01
121162,7383603,54.629953,-8.438013,0.,1,-99999,34.7,-0.49,14.200000000000001,16.5,0.04,0.01
121162,7383671,54.629965,-8.43803,0.,1,-99999,34.7,-0.49,14.200000000000001,16.5,0.04,0.01
121162,7383843,54.62995,-8.438082,0.,1,-99999,34.7,-0.49,14.200000000000001,16.6,0.04,0.01
121162,7384563,54.63,-8.438032,0.,1,-99999,34.7,-0.49,14.200000000000001,16.5,0.04,0.01
121162,7384871,54.629978,-8.438068,0.1,1,-99999,34.7,-0.49,14.200000000000001,16.6,0.04,0.01
121162,7385113,54.63005,-8.438067,0.,1,-99999,34.7,-0.49,14.200000000000001,16.6,0.04,0.01
121162,7385512,54.63001,-8.43807,0.,1,-99999,34.7,-0.49,14.200000000000001,16.6,0.04,0.01
121162,7385792,54.630023,-8.43807,0.,1,-99999,34.7,-0.49,14.200000000000001,16.6,0.04,0.01
121162,7386460,54.629992,-8.43808,0.1,1,-99999,34.7,-0.48,14.200000000000001,16.6,0.04,0.01
121162,7386796,54.629987,-8.438045,0.,1,-99999,34.7,-0.48,14.200000000000001,16.6,0.04,0.01
121162,7386992,54.630028,-8.438028,0.,1,-99999,34.7,-0.48,14.200000000000001,16.6,0.04,0.01
121162,7387414,54.630018,-8.438073,0.,1,-99999,34.7,-0.48,14.200000000000001,16.6,0.04,0.01
121162,7387894,54.630007,-8.438132,0.,1,-99999,34.7,-0.48,14.200000000000001,16.6,0.04,0.01
121162,7387902,54.630012,-8.438133,0.,1,-99999,34.7,-0.48,14.200000000000001,16.6,0.04,0.01
121162,7388319,54.630037,-8.438108,0.1,1,-99999,34.7,-0.48,14.200000000000001,16.6,0.04,0.01
121162,7388811,54.630035,-8.438043,0.1,1,-99999,34.7,-0.48,14.200000000000001,16.6,0.04,0.01
121162,7388875,54.630017,-8.438022,0.,1,-99999,34.7,-0.48,14.200000000000001,16.6,0.04,0.01
121162,7389313,54.629922,-8.438035,0.1,1,-99999,34.7,-0.48,14.200000000000001,16.6,0.04,0.01
121162,7389720,54.62996,-8.438113,0.1,1,-99999,34.7,-0.48,14.200000000000001,16.6,0.04,0.01
121162,7389936,54.630027,-8.438052,0.,1,-99999,34.7,-0.48,14.200000000000001,16.6,0.04,0.01
121162,7390252,54.629988,-8.438077,0.,1,-99999,34.7,-0.48,14.200000000000001,16.6,0.04,0.01
121162,7390632,54.629987,-8.438108,0.,1,-99999,34.7,-0.48,14.200000000000001,16.6,0.04,0.01
121162,7390932,54.629977,-8.438052,0.,1,-99999,34.7,-0.48,14.200000000000001,16.6,0.04,0.01
121162,7391192,54.629977,-8.438078,0.1,1,-99999,34.7,-0.48,14.200000000000001,16.6,0.04,0.01
121162,7391821,54.62998,-8.43804,0.1,1,-99999,34.7,-0.48,14.200000000000001,16.6,0.04,0.01
121162,7392132,54.630012,-8.438082,0.,1,-99999,34.7,-0.48,14.200000000000001,16.6,0.04,0.01
121162,7392152,54.630007,-8.438003,0.1,1,-99999,34.7,-0.48,14.200000000000001,16.6,0.04,0.01
121162,7392732,54.629983,-8.43803,0.,1,-99999,34.7,-0.48,14.200000000000001,16.6,0.04,0.01
121162,7393092,54.629992,-8.438045,0.,1,-99999,34.7,-0.48,14.200000000000001,16.6,0.04,0.01
121162,7393116,54.629987,-8.438047,0.,1,-99999,34.7,-0.48,14.200000000000001,16.6,0.04,0.01
121162,7393652,54.62998,-8.43809,0.1,1,-99999,34.7,-0.48,14.200000000000001,16.6,0.04,0.01
121162,7394009,54.630003,-8.43805,0.1,1,-99999,34.7,-0.48,14.200000000000001,16.6,0.04,0.01
121162,7394519,54.629972,-8.438042,0.,1,-99999,34.7,-0.48,14.200000000000001,16.6,0.04,0.01
121162,7394554,54.629973,-8.438035,0.,1,-99999,34.7,-0.48,14.200000000000001,16.6,0.04,0.01
121162,7395466,54.629977,-8.43805,0.,1,-99999,34.7,-0.48,14.200000000000001,16.6,0.04,0.01
121162,7395494,54.629943,-8.438053,0.,1,-99999,34.7,-0.48,14.200000000000001,16.6,0.04,0.01
121162,7396004,54.630005,-8.438083,0.1,1,-99999,34.7,-0.48,14.200000000000001,16.6,0.04,0.01
121162,7396381,54.629952,-8.438145,0.1,1,-99999,34.7,-0.48,14.200000000000001,16.6,0.04,0.01
121162,7396462,54.630013,-8.438078,0.1,1,-99999,34.7,-0.48,14.200000000000001,16.6,0.04,0.01
121162,7396465,54.630012,-8.438077,0.,1,-99999,34.7,-0.48,14.200000000000001,16.6,0.04,0.01
121162,7396959,54.629985,-8.43808,0.,1,-99999,34.7,-0.48,14.200000000000001,16.6,0.04,0.01
121162,7397292,54.630013,-8.43802,0.1,1,-99999,34.7,-0.48,14.200000000000001,16.6,0.04,0.01
121162,7397422,54.629992,-8.438098,0.,1,-99999,34.7,-0.48,14.200000000000001,16.6,0.04,0.01
121162,7397485,54.63,-8.438082,0.,1,-99999,34.7,-0.48,14.200000000000001,16.6,0.04,0.01
121162,7397915,54.62994,-8.438107,0.1,1,-99999,34.7,-0.48,14.200000000000001,16.6,0.04,0.01
121162,7398311,54.629968,-8.438095,0.,1,-99999,34.7,-0.48,14.200000000000001,16.6,0.04,0.01
121162,7398395,54.629952,-8.43815,0.,1,-99999,34.7,-0.48,14.200000000000001,16.7,0.04,0.01
121162,7398491,54.62994,-8.438108,0.1,1,-99999,34.7,-0.48,14.200000000000001,16.7,0.04,0.01
121162,7398502,54.629953,-8.43809,0.1,1,-99999,34.7,-0.48,14.200000000000001,16.6,0.04,0.01
121162,7398883,54.630018,-8.438067,0.,1,-99999,34.7,-0.48,14.200000000000001,16.6,0.04,0.01
121162,7399315,54.629995,-8.438102,0.,1,-99999,34.7,-0.48,14.200000000000001,16.7,0.04,0.01
121162,7399451,54.629937,-8.438153,0.,1,-99999,34.7,-0.48,14.200000000000001,16.7,0.04,0.01
121162,7399703,54.630017,-8.43808,0.1,1,-99999,34.7,-0.48,14.200000000000001,16.7,0.04,0.01
121162,7399831,54.629905,-8.438127,0.,1,-99999,34.7,-0.48,14.200000000000001,16.7,0.04,0.01
121162,7400525,54.629982,-8.438097,0.,1,-99999,34.7,-0.48,14.200000000000001,16.7,0.04,0.01
121162,7400774,54.629983,-8.438097,0.,1,-99999,34.7,-0.48,14.200000000000001,16.7,0.04,0.01
121162,7400902,54.629995,-8.438062,0.,1,-99999,34.7,-0.48,14.200000000000001,16.7,0.04,0.01
121162,7401775,54.629958,-8.438067,0.,1,-99999,34.7,-0.48,14.200000000000001,16.7,0.04,0.01
121162,7401811,54.629965,-8.438073,0.,1,-99999,34.7,-0.48,14.200000000000001,16.7,0.04,0.01
121162,7402387,54.629937,-8.438097,0.,1,-99999,34.7,-0.48,14.200000000000001,16.7,0.04,0.01
121162,7402711,54.629963,-8.438053,0.,1,-99999,34.7,-0.48,14.200000000000001,16.7,0.04,0.01
121162,7403011,54.629983,-8.43802,0.1,1,-99999,34.7,-0.48,14.200000000000001,16.7,0.04,0.01
121162,7403615,54.630005,-8.438,0.,1,-99999,34.7,-0.48,14.200000000000001,16.7,0.04,0.01
121162,7403919,54.629977,-8.438038,0.1,1,-99999,34.7,-0.48,14.200000000000001,16.7,0.04,0.01
121162,7404551,54.62997,-8.438068,0.1,1,-99999,34.7,-0.48,14.100000000000001,16.7,0.04,0.01
121162,7404688,54.63,-8.438072,0.,1,-99999,34.7,-0.48,14.100000000000001,16.7,0.04,0.01
121162,7404823,54.629982,-8.43802,0.,1,-99999,34.7,-0.48,14.100000000000001,16.7,0.04,0.01
121162,7405503,54.629967,-8.438065,0.,1,-99999,34.7,-0.48,14.100000000000001,16.7,0.04,0.01
121162,7405731,54.629987,-8.438067,0.,1,-99999,34.7,-0.48,14.100000000000001,16.7,0.04,0.01
121162,7406016,54.629995,-8.438087,0.,1,-99999,34.7,-0.48,14.100000000000001,16.7,0.04,0.01
121162,7406431,54.629987,-8.43803,0.,1,-99999,34.7,-0.48,14.100000000000001,16.7,0.04,0.01
121162,7406643,54.630007,-8.438002,0.1,1,-99999,34.7,-0.48,14.100000000000001,16.7,0.04,0.01
121162,7406975,54.629982,-8.438055,0.,1,-99999,34.7,-0.48,14.100000000000001,16.7,0.04,0.01
121162,7407371,54.629983,-8.438035,0.,1,-99999,34.7,-0.48,14.100000000000001,16.7,0.04,0.01
121162,7407551,54.629985,-8.438042,0.,1,-99999,34.7,-0.48,14.100000000000001,16.7,0.04,0.01
121162,7408004,54.63,-8.43803,0.,1,-99999,34.7,-0.48,14.100000000000001,16.7,0.04,0.01
121162,7408291,54.630003,-8.43803,0.,1,-99999,34.7,-0.48,14.100000000000001,16.7,0.04,0.01
121162,7408471,54.62997,-8.438055,0.,1,-99999,34.7,-0.48,14.100000000000001,16.7,0.04,0.01
121162,7409272,54.630025,-8.437952,0.1,1,-99999,34.7,-0.48,14.100000000000001,16.7,0.04,0.01
121162,7409384,54.629997,-8.437992,0.1,1,-99999,34.7,-0.48,14.100000000000001,16.7,0.04,0.01
121162,7410208,54.630037,-8.437998,0.,1,-99999,34.7,-0.48,14.100000000000001,16.7,0.04,0.01
121162,7410292,54.630013,-8.43803,0.1,1,-99999,34.7,-0.48,14.100000000000001,16.7,0.04,0.01
121162,7410512,54.630107,-8.437997,0.,1,-99999,34.7,-0.48,14.100000000000001,16.7,0.04,0.01
121162,7411212,54.630022,-8.43798,0.,1,-99999,34.7,-0.48,14.100000000000001,16.7,0.04,0.01
121162,7411501,54.63004,-8.437995,0.,1,-99999,34.7,-0.48,14.100000000000001,16.7,0.04,0.01
121162,7411613,54.63006,-8.43803,0.,1,-99999,34.7,-0.48,14.100000000000001,16.7,0.04,0.01
121162,7412154,54.629983,-8.438037,0.,1,-99999,34.7,-0.48,14.100000000000001,16.7,0.04,0.01
121162,7412822,54.630012,-8.43803,0.,1,-99999,34.7,-0.48,14.100000000000001,16.7,0.04,0.01
121162,7413101,54.629958,-8.43808,0.1,1,-99999,34.7,-0.48,14.100000000000001,16.7,0.04,0.01
121162,7413314,54.629983,-8.438052,0.1,1,-99999,34.7,-0.48,14.100000000000001,16.7,0.04,0.01
121162,7414053,54.629983,-8.438092,0.,1,-99999,34.7,-0.48,14.100000000000001,16.8,0.04,0.01
121162,7414157,54.629977,-8.438042,0.,1,-99999,34.7,-0.48,14.100000000000001,16.7,0.04,0.01
121162,7415001,54.629973,-8.43808,0.,1,-99999,34.7,-0.48,14.100000000000001,16.8,0.04,0.01
121162,7415125,54.629965,-8.438072,0.,1,-99999,34.7,-0.48,14.100000000000001,16.8,0.04,0.01
121162,7415421,54.62998,-8.438065,0.,1,-99999,34.7,-0.48,14.100000000000001,16.8,0.04,0.01
121162,7415941,54.629968,-8.438027,0.,1,-99999,34.7,-0.48,14.100000000000001,16.8,0.04,0.01
121162,7416286,54.630002,-8.438075,0.,1,-99999,34.7,-0.48,14.100000000000001,16.8,0.04,0.01
121162,7416330,54.629997,-8.43809,0.,1,-99999,34.7,-0.48,14.100000000000001,16.8,0.04,0.01
121162,7416894,54.629987,-8.43806,0.1,1,-99999,34.7,-0.48,14.100000000000001,16.8,0.04,0.01
121162,7417231,54.629995,-8.438125,0.1,1,-99999,34.7,-0.48,14.100000000000001,16.8,0.04,0.01
121162,7417334,54.63003,-8.438075,0.,1,-99999,34.7,-0.48,14.100000000000001,16.8,0.04,0.01
121162,7417819,54.630007,-8.438042,0.,1,-99999,34.7,-0.47000000000000003,14.100000000000001,16.8,0.04,0.01
121162,7418144,54.630025,-8.438037,0.,1,-99999,34.7,-0.47000000000000003,14.100000000000001,16.8,0.04,0.01
121162,7418243,54.630017,-8.438065,0.,1,-99999,34.7,-0.47000000000000003,14.100000000000001,16.8,0.04,0.01
121162,7418732,54.630005,-8.438055,0.,1,-99999,34.7,-0.47000000000000003,14.100000000000001,16.8,0.04,0.01
121162,7419052,54.629987,-8.438075,0.,1,-99999,34.7,-0.47000000000000003,14.100000000000001,16.8,0.04,0.01
121162,7419384,54.630022,-8.438027,0.,1,-99999,34.7,-0.47000000000000003,14.100000000000001,16.8,0.04,0.01
121162,7419680,54.629983,-8.438087,0.,1,-99999,34.7,-0.47000000000000003,14.100000000000001,16.8,0.04,0.01
121162,7419960,54.63004,-8.438027,0.,1,-99999,34.7,-0.47000000000000003,14.100000000000001,16.8,0.04,0.01
121162,7420426,54.630037,-8.438052,0.,1,-99999,34.7,-0.47000000000000003,14.100000000000001,16.8,0.04,0.01
121162,7420633,54.630045,-8.438095,0.1,1,-99999,34.7,-0.47000000000000003,14.100000000000001,16.8,0.04,0.01
121162,7420869,54.629988,-8.438053,0.,1,-99999,34.7,-0.47000000000000003,14.100000000000001,16.8,0.04,0.01
121162,7421465,54.630017,-8.43805,0.,1,-99999,34.7,-0.47000000000000003,14.100000000000001,16.8,0.04,0.01
121162,7421581,54.630013,-8.438062,0.,1,-99999,34.7,-0.47000000000000003,14.100000000000001,16.8,0.04,0.01
121162,7421789,54.629965,-8.438072,0.1,1,-99999,34.7,-0.47000000000000003,14.100000000000001,16.8,0.04,0.01
121162,7422521,54.630048,-8.438067,0.,1,-99999,34.7,-0.47000000000000003,14.100000000000001,16.8,0.04,0.01
121162,7422613,54.630035,-8.438062,0.,1,-99999,34.7,-0.47000000000000003,14.100000000000001,16.8,0.04,0.01
121162,7422989,54.630007,-8.438003,0.,1,-99999,34.7,-0.47000000000000003,14.100000000000001,16.8,0.04,0.01
121162,7423522,54.630025,-8.43805,0.,1,-99999,34.7,-0.47000000000000003,14.100000000000001,16.8,0.04,0.01
121162,7423525,54.630018,-8.438038,0.1,1,-99999,34.7,-0.47000000000000003,14.100000000000001,16.8,0.04,0.01
121162,7423890,54.630025,-8.438055,0.,1,-99999,34.7,-0.47000000000000003,14.100000000000001,16.8,0.04,0.01
121162,7424499,54.630013,-8.438077,0.,1,-99999,34.7,-0.47000000000000003,14.100000000000001,16.8,0.04,0.01
121162,7424799,54.63006,-8.43799,0.1,1,-99999,34.7,-0.47000000000000003,14.100000000000001,16.8,0.04,0.01
121162,7424875,54.630037,-8.43803,0.,1,-99999,34.7,-0.47000000000000003,14.100000000000001,16.8,0.04,0.01
121162,7425404,54.63003,-8.438062,0.1,1,-99999,34.7,-0.47000000000000003,14.100000000000001,16.8,0.04,0.01
121162,7426001,54.629947,-8.438043,0.,1,-99999,34.7,-0.47000000000000003,14.100000000000001,16.8,0.04,0.01
121162,7426156,54.629935,-8.438105,0.,1,-99999,34.7,-0.47000000000000003,14.100000000000001,16.8,0.04,0.01
121162,7426354,54.62994,-8.438072,0.1,1,-99999,34.7,-0.47000000000000003,14.100000000000001,16.8,0.04,0.01
121162,7426922,54.629977,-8.43796,0.,1,-99999,34.7,-0.47000000000000003,14.100000000000001,16.8,0.04,0.01
121162,7427073,54.629952,-8.438047,0.,1,-99999,34.7,-0.47000000000000003,14.100000000000001,16.8,0.04,0.01
121162,7427313,54.629933,-8.438083,0.1,1,-99999,34.7,-0.47000000000000003,14.100000000000001,16.8,0.04,0.01
121162,7427833,54.630002,-8.43807,0.,1,-99999,34.7,-0.47000000000000003,14.100000000000001,16.8,0.04,0.01
121162,7428113,54.62998,-8.438022,0.,1,-99999,34.7,-0.47000000000000003,14.100000000000001,16.8,0.04,0.01
121162,7428273,54.630057,-8.438013,0.,1,-99999,34.7,-0.47000000000000003,14.100000000000001,16.8,0.04,0.01
121162,7429025,54.630065,-8.438032,0.,1,-99999,34.7,-0.47000000000000003,14.100000000000001,16.8,0.04,0.01
121162,7429033,54.630055,-8.438027,0.,1,-99999,34.7,-0.47000000000000003,14.100000000000001,16.8,0.04,0.01
121162,7429214,54.629995,-8.438035,0.,1,-99999,34.7,-0.47000000000000003,14.100000000000001,16.8,0.04,0.01
121162,7429934,54.630025,-8.438082,0.,1,-99999,34.7,-0.47000000000000003,14.100000000000001,16.900000000000002,0.04,0.01
121162,7429950,54.630013,-8.43809,0.1,1,-99999,34.7,-0.47000000000000003,14.100000000000001,16.900000000000002,0.04,0.01
121162,7430150,54.630002,-8.438058,0.,1,-99999,34.7,-0.47000000000000003,14.100000000000001,16.900000000000002,0.04,0.01
121162,7430870,54.630037,-8.438005,0.1,1,-99999,34.7,-0.47000000000000003,14.100000000000001,16.900000000000002,0.04,0.01
121162,7431026,54.630007,-8.438072,0.,1,-99999,34.7,-0.47000000000000003,14.100000000000001,16.900000000000002,0.04,0.01
121162,7431170,54.63,-8.43811,0.1,1,-99999,34.7,-0.47000000000000003,14.100000000000001,16.900000000000002,0.04,0.01
121162,7431791,54.629988,-8.438072,0.,1,-99999,34.7,-0.47000000000000003,14.100000000000001,16.900000000000002,0.04,0.01
121162,7431934,54.63001,-8.438072,0.,1,-99999,34.7,-0.47000000000000003,14.100000000000001,16.900000000000002,0.04,0.01
121162,7432082,54.629997,-8.43805,0.,1,-99999,34.7,-0.47000000000000003,14.100000000000001,16.900000000000002,0.04,0.01
121162,7432702,54.629977,-8.438083,0.,1,-99999,34.7,-0.47000000000000003,14.100000000000001,16.900000000000002,0.04,0.01
121162,7432855,54.63,-8.438062,0.,1,-99999,34.7,-0.47000000000000003,14.100000000000001,16.900000000000002,0.04,0.01
121162,7433023,54.630008,-8.438068,0.1,1,-99999,34.7,-0.47000000000000003,14.100000000000001,16.900000000000002,0.04,0.01
121162,7433620,54.630018,-8.438038,0.,1,-99999,34.7,-0.47000000000000003,14.100000000000001,16.900000000000002,0.04,0.01
121162,7433772,54.63,-8.43802,0.,1,-99999,34.7,-0.47000000000000003,14.100000000000001,16.900000000000002,0.04,0.01
121162,7433973,54.629993,-8.438038,0.,1,-99999,34.7,-0.47000000000000003,14.100000000000001,16.900000000000002,0.04,0.01
121162,7434824,54.630018,-8.438047,0.1,1,-99999,34.7,-0.47000000000000003,14.100000000000001,16.900000000000002,0.04,0.01
121162,7434912,54.629995,-8.43805,0.,1,-99999,34.7,-0.47000000000000003,14.100000000000001,16.900000000000002,0.04,0.01
121162,7435731,54.62997,-8.438147,0.1,1,-99999,34.7,-0.47000000000000003,14.100000000000001,16.900000000000002,0.04,0.01
121162,7435820,54.630012,-8.438067,0.,1,-99999,34.7,-0.47000000000000003,14.100000000000001,16.900000000000002,0.04,0.01
121162,7435860,54.630033,-8.438122,0.,1,-99999,34.7,-0.47000000000000003,14.100000000000001,16.900000000000002,0.04,0.01
121162,7436725,54.629942,-8.438095,0.,1,-99999,34.7,-0.47000000000000003,14.100000000000001,16.900000000000002,0.04,0.01
121162,7436801,54.630025,-8.438032,0.1,1,-99999,34.7,-0.47000000000000003,14.100000000000001,16.900000000000002,0.04,0.01
121162,7436929,54.629992,-8.43812,0.1,1,-99999,34.7,-0.47000000000000003,14.100000000000001,16.900000000000002,0.04,0.01
121162,7436988,54.629957,-8.438045,0.,1,-99999,34.7,-0.47000000000000003,14.100000000000001,16.900000000000002,0.04,0.01
121162,7436989,54.629957,-8.438045,0.,1,-99999,34.7,-0.47000000000000003,14.100000000000001,16.900000000000002,0.04,0.01
121162,7437633,54.629982,-8.438072,0.,1,-99999,34.7,-0.47000000000000003,14.100000000000001,16.900000000000002,0.04,0.01
121162,7437741,54.629943,-8.438102,0.,1,-99999,34.7,-0.47000000000000003,14.100000000000001,16.900000000000002,0.04,0.01
121162,7437842,54.630007,-8.43802,0.,1,-99999,34.7,-0.47000000000000003,14.100000000000001,16.900000000000002,0.04,0.01
121162,7438545,54.629987,-8.438145,0.,1,-99999,34.7,-0.47000000000000003,14.100000000000001,16.900000000000002,0.04,0.01
121162,7438653,54.629962,-8.438087,0.,1,-99999,34.7,-0.47000000000000003,14.100000000000001,16.900000000000002,0.04,0.01
121162,7438753,54.630013,-8.438077,0.1,1,-99999,34.7,-0.47000000000000003,14.100000000000001,16.900000000000002,0.04,0.01
121162,7439515,54.630022,-8.438055,0.,1,-99999,34.7,-0.47000000000000003,14.100000000000001,16.900000000000002,0.04,0.01
121162,7439560,54.630028,-8.438068,0.,1,-99999,34.7,-0.47000000000000003,14.100000000000001,16.900000000000002,0.04,0.01
121162,7439671,54.630002,-8.438075,0.,1,-99999,34.7,-0.47000000000000003,14.100000000000001,16.900000000000002,0.04,0.01
121162,7440416,54.630012,-8.438032,0.,1,-99999,34.7,-0.47000000000000003,14.100000000000001,16.900000000000002,0.03,0.01
121162,7440492,54.63003,-8.438073,0.1,1,-99999,34.7,-0.47000000000000003,14.100000000000001,16.900000000000002,0.03,0.01
121162,7440580,54.62997,-8.438065,0.1,1,-99999,34.7,-0.47000000000000003,14.100000000000001,16.900000000000002,0.03,0.01
121162,7441336,54.630007,-8.43804,0.,1,-99999,34.7,-0.47000000000000003,14.100000000000001,16.900000000000002,0.03,0.01
121162,7441420,54.62999,-8.438067,0.1,1,-99999,34.7,-0.47000000000000003,14.100000000000001,16.900000000000002,0.03,0.01
121162,7441492,54.630018,-8.438013,0.1,1,-99999,34.7,-0.47000000000000003,14.100000000000001,16.900000000000002,0.03,0.01
121162,7442372,54.629977,-8.43803,0.1,1,-99999,34.7,-0.47000000000000003,14.100000000000001,16.900000000000002,0.03,0.01
121162,7442412,54.629977,-8.438042,0.1,1,-99999,34.7,-0.47000000000000003,14.100000000000001,16.900000000000002,0.03,0.01
121162,7442444,54.629987,-8.43802,0.,1,-99999,34.7,-0.47000000000000003,14.100000000000001,16.900000000000002,0.03,0.01
121162,7443321,54.630028,-8.438038,0.1,1,-99999,34.7,-0.47000000000000003,14.100000000000001,16.900000000000002,0.03,0.01
121162,7443332,54.63,-8.438073,0.1,1,-99999,34.7,-0.47000000000000003,14.100000000000001,16.900000000000002,0.03,0.01
121162,7443404,54.630007,-8.438072,0.,1,-99999,34.7,-0.47000000000000003,14.100000000000001,16.900000000000002,0.03,0.01
121162,7444240,54.630043,-8.438078,0.,1,-99999,34.7,-0.47000000000000003,14.100000000000001,16.900000000000002,0.03,0.01
121162,7444273,54.630045,-8.438078,0.,1,-99999,34.7,-0.47000000000000003,14.100000000000001,16.900000000000002,0.03,0.01
121162,7444336,54.630037,-8.438062,0.,1,-99999,34.7,-0.47000000000000003,14.100000000000001,16.900000000000002,0.03,0.01
121162,7445161,54.629998,-8.438035,0.,1,-99999,34.7,-0.47000000000000003,14.100000000000001,16.900000000000002,0.03,0.01
121162,7445233,54.630037,-8.438032,0.,1,-99999,34.7,-0.47000000000000003,14.100000000000001,16.900000000000002,0.03,0.01
121162,7446070,54.630025,-8.438048,0.1,1,-99999,34.7,-0.47000000000000003,14.100000000000001,17.,0.03,0.01
121162,7446167,54.630023,-8.438048,0.1,1,-99999,34.7,-0.47000000000000003,14.100000000000001,17.,0.03,0.01
121162,7446983,54.629973,-8.438067,0.1,1,-99999,34.7,-0.47000000000000003,14.100000000000001,17.,0.03,0.01
121162,7447055,54.629995,-8.438072,0.,1,-99999,34.7,-0.47000000000000003,14.100000000000001,17.,0.03,0.01
121162,7447183,54.629972,-8.438113,0.,1,-99999,34.7,-0.47000000000000003,14.100000000000001,17.,0.03,0.01
121162,7448132,54.630012,-8.438067,0.1,1,-99999,34.7,-0.47000000000000003,14.100000000000001,17.,0.03,0.01
121162,7448176,54.630047,-8.438027,0.,1,-99999,34.7,-0.47000000000000003,14.100000000000001,17.,0.03,0.01
121162,7448180,54.630052,-8.438023,0.,1,-99999,34.7,-0.47000000000000003,14.100000000000001,17.,0.03,0.01
121162,7449081,54.629952,-8.438103,0.1,1,-99999,34.7,-0.46,14.100000000000001,17.,0.03,0.01
121162,7449089,54.629987,-8.43807,0.1,1,-99999,34.7,-0.46,14.100000000000001,17.,0.03,0.01
121162,7449273,54.629985,-8.438047,0.,1,-99999,34.7,-0.46,14.100000000000001,17.,0.03,0.01
121162,7450002,54.62997,-8.43806,0.,1,-99999,34.7,-0.46,14.100000000000001,17.,0.03,0.01
121162,7450030,54.629977,-8.438035,0.1,1,-99999,34.7,-0.46,14.100000000000001,17.,0.03,0.01
121162,7450194,54.630002,-8.438067,0.,1,-99999,34.7,-0.46,14.100000000000001,17.,0.03,0.01
121162,7450911,54.630025,-8.438067,0.,1,-99999,34.7,-0.46,14.100000000000001,17.,0.03,0.01
121162,7450982,54.629988,-8.438095,0.,1,-99999,34.7,-0.46,14.100000000000001,17.,0.03,0.01
121162,7451106,54.629992,-8.438057,0.,1,-99999,34.7,-0.46,14.100000000000001,17.,0.03,0.01
121162,7451930,54.629988,-8.438075,0.1,1,-99999,34.7,-0.46,14.100000000000001,17.,0.03,0.01
121162,7452111,54.629958,-8.438038,0.1,1,-99999,34.7,-0.46,14.100000000000001,17.,0.03,0.01
121162,7452514,54.630007,-8.438017,0.,1,-99999,34.7,-0.46,14.100000000000001,17.,0.03,0.01
121162,7452890,54.630045,-8.438067,0.1,1,-99999,34.7,-0.46,14.100000000000001,17.,0.03,0.01
121162,7453022,54.63003,-8.438078,0.1,1,-99999,34.7,-0.46,14.100000000000001,17.,0.03,0.01
121162,7453802,54.629983,-8.438023,0.1,1,-99999,34.7,-0.46,14.100000000000001,17.,0.03,0.01
121162,7453930,54.630028,-8.438088,0.1,1,-99999,34.7,-0.46,14.100000000000001,17.,0.03,0.01
121162,7454166,54.63003,-8.438057,0.,1,-99999,34.7,-0.46,14.100000000000001,17.,0.03,0.01
121162,7454804,54.629987,-8.438083,0.,1,-99999,34.7,-0.46,14.100000000000001,17.,0.03,0.01
121162,7454851,54.630037,-8.438108,0.,1,-99999,34.7,-0.46,14.100000000000001,17.,0.03,0.01
121162,7455384,54.630027,-8.438102,0.,1,-99999,34.7,-0.46,14.100000000000001,17.,0.03,0.01
121162,7455743,54.630048,-8.437947,0.1,1,-99999,34.7,-0.46,14.100000000000001,17.,0.03,0.01
121162,7455752,54.630043,-8.437958,0.1,1,-99999,34.7,-0.46,14.100000000000001,17.,0.03,0.01
121162,7456444,54.630002,-8.438137,0.,1,-99999,34.7,-0.46,14.100000000000001,17.,0.03,0.01
121162,7456672,54.63006,-8.438138,0.1,1,-99999,34.7,-0.46,14.100000000000001,17.,0.03,0.01
121162,7456700,54.630025,-8.438122,0.,1,-99999,34.7,-0.46,14.100000000000001,17.,0.03,0.01
121162,7457584,54.63001,-8.438082,0.,1,-99999,34.7,-0.46,14.100000000000001,17.,0.03,0.01
121162,7457664,54.629995,-8.438102,0.,1,-99999,34.7,-0.46,14.100000000000001,17.,0.03,0.01
121162,7458793,54.629988,-8.438067,0.,1,-99999,34.7,-0.46,14.100000000000001,17.,0.03,0.01
121162,7459312,54.629992,-8.438017,0.,1,-99999,34.7,-0.46,14.100000000000001,17.,0.03,0.01
121162,7459556,54.62995,-8.43809,0.,1,-99999,34.7,-0.46,14.100000000000001,17.1,0.03,0.01
121162,7459712,54.629973,-8.438117,0.1,1,-99999,34.7,-0.46,14.100000000000001,17.1,0.03,0.01
121162,7460568,54.630022,-8.438048,0.,1,-99999,34.7,-0.46,14.100000000000001,17.1,0.03,0.01
121162,7460620,54.630045,-8.438038,0.1,1,-99999,34.7,-0.46,14.100000000000001,17.1,0.03,0.01
121162,7460692,54.630025,-8.43803,0.,1,-99999,34.7,-0.46,14.100000000000001,17.1,0.03,0.01
121162,7461521,54.63,-8.43805,0.,1,-99999,34.7,-0.46,14.100000000000001,17.1,0.03,0.01
121162,7461529,54.629968,-8.438045,0.,1,-99999,34.7,-0.46,14.100000000000001,17.1,0.03,0.01
121162,7461657,54.62997,-8.438062,0.,1,-99999,34.7,-0.46,14.100000000000001,17.1,0.03,0.01
121162,7462422,54.62998,-8.438073,0.,1,-99999,34.7,-0.46,14.100000000000001,17.1,0.03,0.01
121162,7462477,54.629995,-8.438072,0.,1,-99999,34.7,-0.46,14.100000000000001,17.1,0.03,0.01
121162,7462561,54.629995,-8.438057,0.,1,-99999,34.7,-0.46,14.100000000000001,17.1,0.03,0.01
121162,7463330,54.62998,-8.43806,0.,1,-99999,34.7,-0.46,14.100000000000001,17.1,0.03,0.01
121162,7463482,54.63001,-8.43809,0.1,1,-99999,34.7,-0.46,14.100000000000001,17.1,0.03,0.01
121162,7464243,54.629958,-8.438003,0.,1,-99999,34.7,-0.46,14.100000000000001,17.1,0.03,0.01
121162,7464434,54.62999,-8.438062,0.,1,-99999,34.7,-0.46,14.100000000000001,17.1,0.03,0.01
121162,7464514,54.62997,-8.438037,0.,1,-99999,34.7,-0.46,14.100000000000001,17.1,0.03,0.01
121162,7465370,54.629962,-8.43813,0.1,1,-99999,34.7,-0.46,14.100000000000001,17.1,0.03,0.01
121162,7465442,54.629998,-8.438083,0.,1,-99999,34.7,-0.46,14.100000000000001,17.1,0.03,0.01
121162,7465603,54.629972,-8.438107,0.,1,-99999,34.7,-0.46,14.100000000000001,17.1,0.03,0.01
121162,7466323,54.629898,-8.438127,0.1,1,-99999,34.7,-0.46,14.100000000000001,17.1,0.03,0.01
121162,7466351,54.629892,-8.438128,0.1,1,-99999,34.7,-0.46,14.100000000000001,17.1,0.03,0.01
121162,7466931,54.629995,-8.438042,0.,1,-99999,34.7,-0.46,14.100000000000001,17.1,0.03,0.01
121162,7467271,54.629977,-8.438075,0.1,1,-99999,34.7,-0.46,14.100000000000001,17.1,0.03,0.01
121162,7468024,54.629977,-8.438072,0.,1,-99999,34.7,-0.46,14.100000000000001,17.1,0.03,0.01
121162,7468183,54.629972,-8.43803,0.,1,-99999,34.7,-0.46,14.100000000000001,17.1,0.03,0.01
121162,7468207,54.629953,-8.438102,0.1,1,-99999,34.7,-0.46,14.100000000000001,17.1,0.03,0.01
121162,7468984,54.629977,-8.438072,0.,1,-99999,34.7,-0.46,14.100000000000001,17.1,0.03,0.01
121162,7469100,54.630007,-8.438097,0.,1,-99999,34.7,-0.46,14.100000000000001,17.1,0.03,0.01
121162,7469140,54.630005,-8.438085,0.,1,-99999,34.7,-0.46,14.100000000000001,17.1,0.03,0.01
121162,7469891,54.629967,-8.438037,0.,1,-99999,34.7,-0.46,14.100000000000001,17.1,0.03,0.01
121162,7470003,54.629965,-8.438083,0.,1,-99999,34.7,-0.46,14.100000000000001,17.1,0.03,0.01
121162,7470151,54.62996,-8.438102,0.,1,-99999,34.7,-0.46,14.100000000000001,17.1,0.03,0.01
121162,7470819,54.630025,-8.438067,0.,1,-99999,34.7,-0.46,14.100000000000001,17.1,0.03,0.01
121162,7470932,54.630023,-8.43805,0.,1,-99999,34.7,-0.46,14.100000000000001,17.1,0.03,0.01
121162,7471112,54.629983,-8.438088,0.,1,-99999,34.7,-0.46,14.100000000000001,17.1,0.03,0.01
121162,7471792,54.630015,-8.43807,0.,1,-99999,34.7,-0.46,14.100000000000001,17.1,0.03,0.01
121162,7471853,54.630047,-8.43805,0.1,1,-99999,34.7,-0.46,14.100000000000001,17.1,0.03,0.01
121162,7472052,54.630018,-8.438057,0.,1,-99999,34.7,-0.46,14.100000000000001,17.1,0.03,0.01
121162,7472752,54.629997,-8.438057,0.,1,-99999,34.7,-0.46,14.100000000000001,17.1,0.03,0.01
121162,7473012,54.630025,-8.438048,0.,1,-99999,34.7,-0.46,14.100000000000001,17.1,0.03,0.01
121162,7473052,54.630018,-8.438068,0.,1,-99999,34.7,-0.46,14.100000000000001,17.1,0.03,0.01
121162,7473954,54.629983,-8.438048,0.,1,-99999,34.7,-0.46,14.100000000000001,17.1,0.03,0.01
121162,7473971,54.629982,-8.438052,0.1,1,-99999,34.7,-0.46,14.100000000000001,17.1,0.03,0.01
121162,7474586,54.629975,-8.438022,0.,1,-99999,34.7,-0.46,14.100000000000001,17.1,0.03,0.01
121162,7474890,54.62999,-8.438035,0.1,1,-99999,34.7,-0.46,14.100000000000001,17.1,0.03,0.01
121162,7475614,54.629995,-8.438012,0.,1,-99999,34.7,-0.46,14.100000000000001,17.1,0.03,0.01
121162,7475793,54.629995,-8.43811,0.,1,-99999,34.7,-0.46,14.100000000000001,17.2,0.03,0.01
121162,7475810,54.630003,-8.438108,0.1,1,-99999,34.7,-0.46,14.100000000000001,17.2,0.03,0.01
121162,7476709,54.629977,-8.438077,0.1,1,-99999,34.7,-0.46,14.100000000000001,17.2,0.03,0.01
121162,7476813,54.629995,-8.43812,0.,1,-99999,34.7,-0.46,14.100000000000001,17.2,0.03,0.01
121162,7477202,54.629962,-8.438057,0.,1,-99999,34.7,-0.46,14.100000000000001,17.2,0.03,0.01
121162,7477613,54.629985,-8.438053,0.,1,-99999,34.7,-0.46,14.100000000000001,17.2,0.03,0.01
121162,7477761,54.629962,-8.438065,0.1,1,-99999,34.7,-0.46,14.100000000000001,17.2,0.03,0.01
121162,7478165,54.630007,-8.43803,0.,1,-99999,34.7,-0.46,14.100000000000001,17.2,0.03,0.01
121162,7478521,54.629962,-8.438048,0.1,1,-99999,34.7,-0.46,14.100000000000001,17.2,0.03,0.01
121162,7478713,54.629952,-8.438053,0.,1,-99999,34.7,-0.46,14.100000000000001,17.2,0.03,0.01
121162,7479422,54.630055,-8.438007,0.,1,-99999,34.7,-0.46,14.100000000000001,17.2,0.03,0.01
121162,7479429,54.630055,-8.438007,0.,1,-99999,34.7,-0.46,14.100000000000001,17.2,0.03,0.01
121162,7479673,54.629947,-8.438095,0.1,1,-99999,34.7,-0.46,14.100000000000001,17.2,0.03,0.01
121162,7480503,54.629957,-8.438082,0.,1,-99999,34.7,-0.45,14.100000000000001,17.2,0.03,0.01
121162,7480623,54.629958,-8.43805,0.1,1,-99999,34.7,-0.45,14.100000000000001,17.2,0.03,0.01
121162,7481543,54.629955,-8.438073,0.,1,-99999,34.7,-0.45,14.100000000000001,17.2,0.03,0.01
121162,7481571,54.629942,-8.438063,0.1,1,-99999,34.7,-0.45,14.100000000000001,17.2,0.03,0.01
121162,7482451,54.629952,-8.438103,0.1,1,-99999,34.7,-0.45,14.100000000000001,17.2,0.03,0.01
121162,7482455,54.629952,-8.438102,0.,1,-99999,34.7,-0.45,14.100000000000001,17.2,0.03,0.01
121162,7482579,54.629988,-8.438063,0.1,1,-99999,34.7,-0.45,14.100000000000001,17.2,0.03,0.01
121162,7483363,54.630047,-8.438078,0.,1,-99999,34.7,-0.45,14.100000000000001,17.2,0.03,0.01
121162,7483572,54.629968,-8.43795,0.1,1,-99999,34.7,-0.45,14.100000000000001,17.2,0.03,0.01
121162,7483607,54.629987,-8.438042,0.,1,-99999,34.7,-0.45,14.100000000000001,17.2,0.03,0.01
121162,7484271,54.629965,-8.438097,0.,1,-99999,34.7,-0.45,14.100000000000001,17.2,0.03,0.01
121162,7484583,54.629985,-8.438095,0.1,1,-99999,34.7,-0.45,14.100000000000001,17.2,0.03,0.01
121162,7484711,54.630002,-8.438027,0.,1,-99999,34.7,-0.45,14.100000000000001,17.2,0.03,0.01
121162,7485191,54.62999,-8.438083,0.1,1,-99999,34.7,-0.45,14.100000000000001,17.2,0.03,0.01
121162,7485523,54.62994,-8.438145,0.1,1,-99999,34.7,-0.45,14.100000000000001,17.2,0.03,0.01
121162,7486103,54.629957,-8.438127,0.,1,-99999,34.7,-0.45,14.100000000000001,17.2,0.03,0.01
121162,7486391,54.629953,-8.438138,0.,1,-99999,34.7,-0.45,14.100000000000001,17.2,0.03,0.01
121162,7486484,54.629978,-8.43812,0.,1,-99999,34.7,-0.45,14.100000000000001,17.2,0.03,0.01
121162,7487167,54.63001,-8.43809,0.,1,-99999,34.7,-0.45,14.100000000000001,17.2,0.03,0.01
121162,7487431,54.629997,-8.438108,0.1,1,-99999,34.7,-0.45,14.100000000000001,17.2,0.03,0.01
121162,7487591,54.630002,-8.438115,0.,1,-99999,34.7,-0.45,14.100000000000001,17.2,0.03,0.01
121162,7488084,54.629987,-8.438112,0.,1,-99999,34.7,-0.45,14.100000000000001,17.2,0.03,0.01
121162,7488411,54.629977,-8.43804,0.,1,-99999,34.7,-0.45,14.100000000000001,17.2,0.03,0.01
121162,7488511,54.62998,-8.438062,0.1,1,-99999,34.7,-0.45,14.100000000000001,17.2,0.03,0.01
121162,7489363,54.629972,-8.438005,0.,1,-99999,34.7,-0.45,14.100000000000001,17.2,0.03,0.01
121162,7489595,54.62997,-8.438035,0.,1,-99999,34.7,-0.45,14.100000000000001,17.2,0.03,0.01
121162,7489711,54.62999,-8.437963,0.,1,-99999,34.7,-0.45,14.100000000000001,17.2,0.03,0.01
121162,7490351,54.629988,-8.438035,0.,1,-99999,34.7,-0.45,14.100000000000001,17.2,0.03,0.01
121162,7490736,54.630005,-8.438035,0.,1,-99999,34.7,-0.45,14.100000000000001,17.3,0.03,0.01
121162,7490912,54.62998,-8.438097,0.,1,-99999,34.7,-0.45,14.100000000000001,17.3,0.03,0.01
121162,7491360,54.629985,-8.438053,0.,1,-99999,34.7,-0.45,14.100000000000001,17.3,0.03,0.01
121162,7491656,54.629985,-8.438052,0.,1,-99999,34.7,-0.45,14.100000000000001,17.3,0.03,0.01
121162,7491832,54.629978,-8.438077,0.1,1,-99999,34.7,-0.45,14.100000000000001,17.3,0.03,0.01
121162,7492324,54.62998,-8.438083,0.,1,-99999,34.7,-0.45,14.100000000000001,17.3,0.03,0.01
121162,7492875,54.630025,-8.437927,0.,1,-99999,34.7,-0.45,14.100000000000001,17.2,0.03,0.01
121162,7493030,54.62997,-8.438078,0.,1,-99999,34.7,-0.45,14.100000000000001,17.3,0.03,0.01
121162,7493282,54.63001,-8.438032,0.,1,-99999,34.7,-0.45,14.100000000000001,17.3,0.03,0.01
121162,7493786,54.629987,-8.438082,0.,1,-99999,34.7,-0.45,14.100000000000001,17.3,0.03,0.01
121162,7493954,54.62998,-8.438043,0.,1,-99999,34.7,-0.45,14.100000000000001,17.3,0.03,0.01
121162,7494222,54.630002,-8.438067,0.,1,-99999,34.7,-0.45,14.100000000000001,17.3,0.03,0.01
121162,7494687,54.629957,-8.43806,0.,1,-99999,34.7,-0.45,14.100000000000001,17.3,0.03,0.01
121162,7494863,54.630002,-8.438082,0.,1,-99999,34.7,-0.45,14.100000000000001,17.3,0.03,0.01
121162,7495171,54.630008,-8.438065,0.,1,-99999,34.7,-0.45,14.100000000000001,17.3,0.03,0.01
121162,7495780,54.630012,-8.438048,0.,1,-99999,34.7,-0.45,14.100000000000001,17.3,0.03,0.01
121162,7496112,54.630013,-8.438057,0.,1,-99999,34.7,-0.45,14.100000000000001,17.3,0.03,0.01
121162,7496204,54.630012,-8.438025,0.,1,-99999,34.7,-0.45,14.100000000000001,17.3,0.03,0.01
121162,7496693,54.630043,-8.438012,0.1,1,-99999,34.7,-0.45,14.100000000000001,17.3,0.03,0.01
121162,7497050,54.630078,-8.438057,0.1,1,-99999,34.7,-0.45,14.100000000000001,17.3,0.03,0.01
121162,7497602,54.630018,-8.43809,0.,1,-99999,34.7,-0.45,14.100000000000001,17.3,0.03,0.01
121162,7497786,54.63011,-8.438072,0.,1,-99999,34.7,-0.45,14.100000000000001,17.3,0.03,0.01
121162,7498022,54.630043,-8.43803,0.1,1,-99999,34.7,-0.45,14.100000000000001,17.3,0.03,0.01
121162,7498503,54.63,-8.438053,0.1,1,-99999,34.7,-0.45,14.100000000000001,17.3,0.03,0.01
121162,7498704,54.629987,-8.438042,0.,1,-99999,34.7,-0.45,14.100000000000001,17.3,0.03,0.01
121162,7498979,54.63003,-8.438048,0.1,1,-99999,34.7,-0.45,14.100000000000001,17.3,0.03,0.01
121162,7499667,54.629962,-8.438067,0.,1,-99999,34.7,-0.45,14.100000000000001,17.3,0.03,0.01
121162,7499911,54.62997,-8.438067,0.,1,-99999,34.7,-0.45,14.100000000000001,17.3,0.03,0.01
121162,7500340,54.63001,-8.43803,0.,1,-99999,34.7,-0.45,14.100000000000001,17.3,0.03,0.01
121162,7500656,54.629977,-8.438102,0.,1,-99999,34.7,-0.45,14.100000000000001,17.3,0.03,0.01
121162,7500852,54.62997,-8.438067,0.,1,-99999,34.7,-0.45,14.100000000000001,17.3,0.03,0.01
121162,7501252,54.629972,-8.438025,0.,1,-99999,34.7,-0.45,14.100000000000001,17.3,0.03,0.01
121162,7501795,54.629952,-8.438087,0.,1,-99999,34.7,-0.45,14.100000000000001,17.3,0.03,0.01
121162,7501811,54.62997,-8.438078,0.,1,-99999,34.7,-0.45,14.100000000000001,17.3,0.03,0.01
121162,7502162,54.629995,-8.438073,0.,1,-99999,34.7,-0.45,14.100000000000001,17.3,0.03,0.01
121162,7502750,54.629973,-8.43801,0.,1,-99999,34.7,-0.45,14.100000000000001,17.3,0.03,0.01
121162,7502834,54.62997,-8.438097,0.,1,-99999,34.7,-0.45,14.100000000000001,17.3,0.03,0.01
121162,7503070,54.629988,-8.438062,0.,1,-99999,34.7,-0.45,14.100000000000001,17.3,0.03,0.01
121162,7503690,54.630005,-8.438053,0.,1,-99999,34.7,-0.45,14.100000000000001,17.3,0.03,0.01
121162,7503886,54.630025,-8.438035,0.,1,-99999,34.7,-0.45,14.100000000000001,17.3,0.03,0.01
121162,7503982,54.630017,-8.438063,0.,1,-99999,34.7,-0.45,14.100000000000001,17.3,0.03,0.01
121162,7504714,54.630018,-8.438025,0.,1,-99999,34.7,-0.45,14.100000000000001,17.3,0.03,0.01
121162,7505182,54.629998,-8.438075,0.,1,-99999,34.7,-0.45,14.100000000000001,17.400000000000002,0.03,0.01
121162,7505278,54.630007,-8.438017,0.,1,-99999,34.7,-0.45,14.100000000000001,17.3,0.03,0.01
121162,7505664,54.630007,-8.43808,0.,1,-99999,34.7,-0.45,14.100000000000001,17.400000000000002,0.03,0.01
121162,7506092,54.630053,-8.438032,0.1,1,-99999,34.7,-0.45,14.100000000000001,17.400000000000002,0.03,0.01
121162,7506192,54.630012,-8.438012,0.,1,-99999,34.7,-0.45,14.100000000000001,17.3,0.03,0.01
121162,7507004,54.629988,-8.438037,0.,1,-99999,34.7,-0.45,14.100000000000001,17.400000000000002,0.03,0.01
121162,7507116,54.629967,-8.438025,0.,1,-99999,34.7,-0.45,14.100000000000001,17.400000000000002,0.03,0.01
121162,7507571,54.630007,-8.438027,0.,1,-99999,34.7,-0.45,14.100000000000001,17.400000000000002,0.03,0.01
121162,7507911,54.629998,-8.438087,0.,1,-99999,34.7,-0.45,14.100000000000001,17.400000000000002,0.03,0.01
121162,7508322,54.629907,-8.437987,0.,1,-99999,34.7,-0.45,14.100000000000001,17.400000000000002,0.03,0.01
121162,7508530,54.630075,-8.437983,0.1,1,-99999,34.7,-0.45,14.100000000000001,17.400000000000002,0.03,0.01
121162,7509115,54.630015,-8.438047,0.1,1,-99999,34.7,-0.45,14.100000000000001,17.400000000000002,0.03,0.01
121162,7509414,54.629995,-8.438052,0.,1,-99999,34.7,-0.45,14.100000000000001,17.400000000000002,0.03,0.01
121162,7509490,54.630017,-8.438023,0.,1,-99999,34.7,-0.45,14.100000000000001,17.400000000000002,0.03,0.01
121162,7510322,54.630018,-8.437997,0.,1,-99999,34.7,-0.45,14.100000000000001,17.400000000000002,0.03,0.01
121162,7510382,54.630017,-8.437992,0.,1,-99999,34.7,-0.45,14.100000000000001,17.400000000000002,0.03,0.01
121162,7510422,54.630037,-8.43799,0.1,1,-99999,34.7,-0.45,14.100000000000001,17.400000000000002,0.03,0.01
121162,7511231,54.630008,-8.438038,0.,1,-99999,34.7,-0.44,14.100000000000001,17.400000000000002,0.03,0.01
121162,7511371,54.630043,-8.438078,0.1,1,-99999,34.7,-0.44,14.100000000000001,17.400000000000002,0.03,0.01
121162,7512140,54.630005,-8.438027,0.1,1,-99999,34.7,-0.44,14.100000000000001,17.400000000000002,0.03,0.01
121162,7512324,54.629972,-8.438085,0.1,1,-99999,34.7,-0.44,14.100000000000001,17.400000000000002,0.03,0.01
121162,7512524,54.629955,-8.438067,0.,1,-99999,34.7,-0.44,14.100000000000001,17.400000000000002,0.03,0.01
121162,7513052,54.629972,-8.438065,0.1,1,-99999,34.7,-0.44,14.100000000000001,17.400000000000002,0.03,0.01
121162,7513261,54.629958,-8.438015,0.,1,-99999,34.7,-0.44,14.100000000000001,17.400000000000002,0.03,0.01
121162,7513484,54.629965,-8.438112,0.,1,-99999,34.7,-0.44,14.100000000000001,17.400000000000002,0.03,0.01
121162,7514220,54.629962,-8.437975,0.1,1,-99999,34.7,-0.44,14.100000000000001,17.400000000000002,0.03,0.01
121162,7514260,54.63,-8.437995,0.,1,-99999,34.7,-0.44,14.100000000000001,17.400000000000002,0.03,0.01
121162,7514441,54.630062,-8.438017,0.,1,-99999,34.7,-0.44,14.100000000000001,17.400000000000002,0.03,0.01
121162,7515173,54.630043,-8.437998,0.,1,-99999,34.7,-0.44,14.100000000000001,17.400000000000002,0.03,0.01
121162,7515353,54.63001,-8.438025,0.,1,-99999,34.7,-0.44,14.100000000000001,17.400000000000002,0.03,0.01
121162,7516081,54.630007,-8.438082,0.1,1,-99999,34.7,-0.44,14.100000000000001,17.400000000000002,0.03,0.01
121162,7516113,54.629995,-8.43812,0.,1,-99999,34.7,-0.44,14.100000000000001,17.400000000000002,0.03,0.01
121162,7516265,54.629965,-8.438077,0.,1,-99999,34.7,-0.44,14.100000000000001,17.400000000000002,0.03,0.01
121162,7517010,54.63002,-8.438035,0.,1,-99999,34.7,-0.44,14.100000000000001,17.400000000000002,0.03,0.01
121162,7517062,54.630055,-8.438052,0.1,1,-99999,34.7,-0.44,14.100000000000001,17.400000000000002,0.03,0.01
121162,7517553,54.630017,-8.438082,0.,1,-99999,34.7,-0.44,14.100000000000001,17.400000000000002,0.03,0.01
121162,7517913,54.630013,-8.438122,0.,1,-99999,34.7,-0.44,14.100000000000001,17.400000000000002,0.03,0.01
121162,7518013,54.629988,-8.438102,0.,1,-99999,34.7,-0.44,14.100000000000001,17.400000000000002,0.03,0.01
121162,7518525,54.629997,-8.438042,0.,1,-99999,34.7,-0.44,14.100000000000001,17.400000000000002,0.03,0.01
121162,7518830,54.630005,-8.43809,0.,1,-99999,34.7,-0.44,14.100000000000001,17.400000000000002,0.03,0.01
121162,7518962,54.630015,-8.438098,0.,1,-99999,34.7,-0.44,14.100000000000001,17.400000000000002,0.03,0.01
121162,7519426,54.630022,-8.438052,0.,1,-99999,34.7,-0.44,14.100000000000001,17.400000000000002,0.03,0.01
121162,7519740,54.62998,-8.438053,0.,1,-99999,34.7,-0.44,14.100000000000001,17.400000000000002,0.03,0.01
121162,7519943,54.630023,-8.43802,0.,1,-99999,34.7,-0.44,14.100000000000001,17.400000000000002,0.03,0.01
121162,7520384,54.62999,-8.43806,0.,1,-99999,34.7,-0.44,14.100000000000001,17.5,0.03,0.01
121162,7520644,54.629988,-8.43809,0.1,1,-99999,34.7,-0.44,14.100000000000001,17.5,0.03,0.01
121162,7520892,54.630025,-8.437975,0.,1,-99999,34.7,-0.44,14.100000000000001,17.400000000000002,0.03,0.01
121162,7521544,54.630017,-8.438062,0.,1,-99999,34.7,-0.44,14.100000000000001,17.5,0.03,0.01
121162,7521560,54.63003,-8.438072,0.,1,-99999,34.7,-0.44,14.100000000000001,17.5,0.03,0.01
121162,7521841,54.629988,-8.438103,0.,1,-99999,34.7,-0.44,14.100000000000001,17.5,0.03,0.01
121162,7522472,54.629993,-8.438068,0.,1,-99999,34.7,-0.44,14.100000000000001,17.5,0.03,0.01
121162,7522504,54.63,-8.43806,0.,1,-99999,34.7,-0.44,14.100000000000001,17.5,0.03,0.01
121162,7522748,54.629953,-8.438117,0.1,1,-99999,34.7,-0.44,14.100000000000001,17.5,0.03,0.01
121162,7523380,54.629977,-8.438107,0.,1,-99999,34.7,-0.44,14.100000000000001,17.5,0.03,0.01
121162,7523732,54.629988,-8.438072,0.1,1,-99999,34.7,-0.44,14.100000000000001,17.5,0.03,0.01
121162,7524324,54.629962,-8.438087,0.,1,-99999,34.7,-0.44,14.100000000000001,17.5,0.03,0.01
121162,7524593,54.630007,-8.438085,0.,1,-99999,34.7,-0.44,14.100000000000001,17.5,0.03,0.01
121162,7524681,54.629965,-8.43813,0.,1,-99999,34.7,-0.44,14.100000000000001,17.5,0.03,0.01
121162,7524781,54.62997,-8.438113,0.1,1,-99999,34.7,-0.44,14.100000000000001,17.5,0.03,0.01
121162,7525353,54.629992,-8.43807,0.,1,-99999,34.7,-0.44,14.100000000000001,17.5,0.03,0.01
121162,7525513,54.629988,-8.438067,0.,1,-99999,34.7,-0.44,14.100000000000001,17.5,0.03,0.01
121162,7525621,54.629965,-8.438087,0.1,1,-99999,34.7,-0.44,14.100000000000001,17.5,0.03,0.01
121162,7526421,54.629988,-8.438027,0.,1,-99999,34.7,-0.44,14.100000000000001,17.5,0.02,0.01
121162,7526573,54.630015,-8.438002,0.,1,-99999,34.7,-0.44,14.100000000000001,17.5,0.02,0.01
121162,7527434,54.63,-8.438095,0.,1,-99999,34.7,-0.44,14.100000000000001,17.5,0.02,0.01
121162,7527555,54.630007,-8.438032,0.,1,-99999,34.7,-0.44,14.100000000000001,17.5,0.02,0.01
121162,7527620,54.630025,-8.438103,0.,1,-99999,34.7,-0.44,14.100000000000001,17.5,0.02,0.01
121162,7528476,54.630047,-8.438102,0.,1,-99999,34.7,-0.44,14.100000000000001,17.5,0.02,0.01
121162,7528492,54.630035,-8.438098,0.,1,-99999,34.7,-0.44,14.100000000000001,17.5,0.02,0.01
121162,7528532,54.630018,-8.438085,0.,1,-99999,34.7,-0.44,14.100000000000001,17.5,0.02,0.01
121162,7529433,54.629993,-8.438133,0.1,1,-99999,34.7,-0.44,14.100000000000001,17.5,0.02,0.01
121162,7529453,54.630013,-8.438078,0.1,1,-99999,34.7,-0.44,14.100000000000001,17.5,0.02,0.01
121162,7529573,54.630067,-8.438035,0.,1,-99999,34.7,-0.44,14.100000000000001,17.5,0.02,0.01
121162,7530361,54.63,-8.438085,0.,1,-99999,34.7,-0.44,14.100000000000001,17.5,0.02,0.01
121162,7530925,54.629985,-8.437977,0.,1,-99999,34.7,-0.44,14.100000000000001,17.5,0.02,0.01
121162,7531282,54.630007,-8.438107,0.,1,-99999,34.7,-0.44,14.100000000000001,17.5,0.02,0.01
121162,7531301,54.630018,-8.438093,0.,1,-99999,34.7,-0.44,14.100000000000001,17.5,0.02,0.01
121162,7531853,54.630027,-8.438032,0.,1,-99999,34.7,-0.44,14.100000000000001,17.5,0.02,0.01
121162,7532193,54.630005,-8.438057,0.,1,-99999,34.7,-0.44,14.100000000000001,17.5,0.02,0.01
121162,7532221,54.629997,-8.438047,0.1,1,-99999,34.7,-0.44,14.100000000000001,17.5,0.02,0.01
121162,7533101,54.629988,-8.438097,0.,1,-99999,34.7,-0.44,14.100000000000001,17.5,0.02,0.01
121162,7533170,54.63,-8.438083,0.1,1,-99999,34.7,-0.44,14.100000000000001,17.5,0.02,0.01
121162,7533983,54.630012,-8.438097,0.,1,-99999,34.7,-0.44,14.100000000000001,17.5,0.02,0.01
121162,7534002,54.630013,-8.438095,0.,1,-99999,34.7,-0.44,14.100000000000001,17.5,0.02,0.01
121162,7534110,54.63,-8.438062,0.,1,-99999,34.7,-0.44,14.100000000000001,17.5,0.02,0.01
121162,7534922,54.629983,-8.438097,0.,1,-99999,34.7,-0.44,14.100000000000001,17.6,0.02,0.01
121162,7535062,54.630018,-8.43805,0.,1,-99999,34.7,-0.44,14.100000000000001,17.5,0.02,0.01
121162,7535754,54.630027,-8.438035,0.,1,-99999,34.7,-0.44,14.100000000000001,17.5,0.02,0.01
121162,7535830,54.630052,-8.438015,0.,1,-99999,34.7,-0.44,14.100000000000001,17.5,0.02,0.01
121162,7536022,54.629998,-8.438023,0.,1,-99999,34.7,-0.44,14.100000000000001,17.5,0.02,0.01
121162,7536731,54.63,-8.438022,0.,1,-99999,34.7,-0.44,14.100000000000001,17.6,0.02,0.01
121162,7536912,54.630032,-8.437917,0.,1,-99999,34.7,-0.44,14.100000000000001,17.5,0.02,0.01
121162,7536979,54.630055,-8.437958,0.,1,-99999,34.7,-0.44,14.100000000000001,17.5,0.02,0.01
121162,7537871,54.63001,-8.438095,0.,1,-99999,34.7,-0.44,14.100000000000001,17.6,0.02,0.01
121162,7537931,54.630015,-8.43811,0.1,1,-99999,34.7,-0.44,14.100000000000001,17.6,0.02,0.01
121162,7537943,54.630007,-8.43811,0.,1,-99999,34.7,-0.44,14.100000000000001,17.6,0.02,0.01
121162,7538843,54.630117,-8.438078,0.1,1,-99999,34.7,-0.44,14.100000000000001,17.6,0.02,0.01
121162,7538899,54.630163,-8.438085,0.1,1,-99999,34.7,-0.44,14.100000000000001,17.6,0.02,0.01
121162,7538915,54.630157,-8.438087,0.,1,-99999,34.7,-0.44,14.100000000000001,17.6,0.02,0.01
121162,7539852,54.629997,-8.43808,0.,1,-99999,34.7,-0.44,14.100000000000001,17.6,0.02,0.01
121162,7540051,54.630013,-8.438053,0.,1,-99999,34.7,-0.44,14.100000000000001,17.6,0.02,0.01
121162,7540247,54.629992,-8.438072,0.,1,-99999,34.7,-0.44,14.100000000000001,17.6,0.02,0.01
121162,7540800,54.629977,-8.43809,0.1,1,-99999,34.7,-0.44,14.100000000000001,17.6,0.02,0.01
121162,7540952,54.630013,-8.43809,0.,1,-99999,34.7,-0.44,14.100000000000001,17.6,0.02,0.01
121162,7541152,54.630032,-8.438122,0.,1,-99999,34.7,-0.44,14.100000000000001,17.6,0.02,0.01
121162,7541701,54.630022,-8.438097,0.1,1,-99999,34.7,-0.44,14.100000000000001,17.6,0.02,0.01
121162,7541880,54.630067,-8.438045,0.,1,-99999,34.7,-0.44,14.100000000000001,17.6,0.02,0.01
121162,7542692,54.630045,-8.438095,0.1,1,-99999,34.7,-0.43,14.100000000000001,17.6,0.02,0.01
121162,7542792,54.63,-8.43818,0.,1,-99999,34.7,-0.43,14.100000000000001,17.6,0.02,0.01
121162,7543096,54.63003,-8.438077,0.,1,-99999,34.7,-0.43,14.100000000000001,17.6,0.02,0.01
121162,7543631,54.629997,-8.438082,0.,1,-99999,34.7,-0.43,14.100000000000001,17.6,0.02,0.01
121162,7543991,54.630043,-8.438107,0.,1,-99999,34.7,-0.43,14.100000000000001,17.6,0.02,0.01
121162,7544183,54.630007,-8.438042,0.,1,-99999,34.7,-0.43,14.100000000000001,17.6,0.02,0.01
121162,7544593,54.629995,-8.438107,0.,1,-99999,34.7,-0.43,14.100000000000001,17.6,0.02,0.01
121162,7544912,54.629983,-8.43805,0.1,1,-99999,34.7,-0.43,14.100000000000001,17.6,0.02,0.01
121162,7545532,54.63,-8.438072,0.,1,-99999,34.7,-0.43,14.100000000000001,17.6,0.02,0.01
121162,7545820,54.629985,-8.438085,0.,1,-99999,34.7,-0.43,14.100000000000001,17.6,0.02,0.01
121162,7545884,54.629987,-8.438125,0.,1,-99999,34.7,-0.43,14.100000000000001,17.6,0.02,0.01
121162,7546472,54.629992,-8.438105,0.,1,-99999,34.7,-0.43,14.100000000000001,17.6,0.02,0.01
121162,7546733,54.629997,-8.438023,0.,1,-99999,34.7,-0.43,14.100000000000001,17.6,0.02,0.01
121162,7546916,54.629995,-8.438085,0.,1,-99999,34.7,-0.43,14.100000000000001,17.6,0.02,0.01
121162,7547641,54.629993,-8.438067,0.,1,-99999,34.7,-0.43,14.100000000000001,17.6,0.02,0.01
121162,7548371,54.62996,-8.438065,0.,1,-99999,34.7,-0.43,14.100000000000001,17.6,0.02,0.01
121162,7548392,54.629962,-8.438062,0.,1,-99999,34.7,-0.43,14.100000000000001,17.6,0.02,0.01
121162,7548552,54.629995,-8.438067,0.,1,-99999,34.7,-0.43,14.100000000000001,17.6,0.02,0.01
121162,7549371,54.629932,-8.43808,0.,1,-99999,34.7,-0.43,14.100000000000001,17.6,0.02,0.01
121162,7549463,54.629962,-8.43808,0.1,1,-99999,34.7,-0.43,14.100000000000001,17.6,0.02,0.01
121162,7549467,54.629962,-8.43808,0.,1,-99999,34.7,-0.43,14.100000000000001,17.6,0.02,0.01
121162,7550291,54.630007,-8.438053,0.1,1,-99999,34.7,-0.43,14.100000000000001,17.6,0.02,0.01
121162,7550555,54.629995,-8.438062,0.,1,-99999,34.7,-0.43,14.100000000000001,17.7,0.02,0.01
121162,7550663,54.629975,-8.438037,0.,1,-99999,34.7,-0.43,14.100000000000001,17.6,0.02,0.01
121162,7551235,54.630017,-8.438047,0.,1,-99999,34.7,-0.43,14.100000000000001,17.7,0.02,0.01
121162,7551571,54.629953,-8.438083,0.,1,-99999,34.7,-0.43,14.100000000000001,17.7,0.02,0.01
121162,7552123,54.62996,-8.438095,0.,1,-99999,34.7,-0.43,14.100000000000001,17.7,0.02,0.01
121162,7552199,54.629962,-8.438108,0.,1,-99999,34.7,-0.43,14.100000000000001,17.7,0.02,0.01
121162,7552491,54.629912,-8.438145,0.,1,-99999,34.7,-0.43,14.100000000000001,17.7,0.02,0.01
121162,7553143,54.630003,-8.438013,0.1,1,-99999,34.7,-0.43,14.100000000000001,17.7,0.02,0.01
121162,7553155,54.630002,-8.438015,0.,1,-99999,34.7,-0.43,14.100000000000001,17.7,0.02,0.01
121162,7553400,54.629982,-8.438045,0.,1,-99999,34.7,-0.43,14.100000000000001,17.7,0.02,0.01
121162,7554073,54.630012,-8.438077,0.,1,-99999,34.7,-0.43,14.100000000000001,17.7,0.02,0.01
121162,7554301,54.629995,-8.43806,0.1,1,-99999,34.7,-0.43,14.100000000000001,17.7,0.02,0.01
121162,7555022,54.629968,-8.438102,0.,1,-99999,34.7,-0.43,14.100000000000001,17.7,0.02,0.01
121162,7555174,54.629977,-8.438072,0.,1,-99999,34.7,-0.43,14.100000000000001,17.7,0.02,0.01
121162,7555210,54.63,-8.438033,0.,1,-99999,34.7,-0.43,14.100000000000001,17.7,0.02,0.01
121162,7555970,54.629977,-8.438015,0.,1,-99999,34.7,-0.43,14.100000000000001,17.7,0.02,0.01
121162,7556086,54.630007,-8.437995,0.,1,-99999,34.7,-0.43,14.100000000000001,17.7,0.02,0.01
121162,7556123,54.630017,-8.438005,0.,1,-99999,34.7,-0.43,14.100000000000001,17.7,0.02,0.01
121162,7556970,54.630013,-8.438045,0.,1,-99999,34.7,-0.43,14.100000000000001,17.7,0.02,0.01
121162,7557031,54.62999,-8.438072,0.,1,-99999,34.7,-0.43,14.100000000000001,17.7,0.02,0.01
121162,7557231,54.62997,-8.438082,0.,1,-99999,34.7,-0.43,14.100000000000001,17.7,0.02,0.01
121162,7557922,54.630007,-8.438042,0.,1,-99999,34.7,-0.43,14.100000000000001,17.7,0.02,0.01
121162,7557950,54.630018,-8.438043,0.,1,-99999,34.7,-0.43,14.100000000000001,17.7,0.02,0.01
121162,7558314,54.629982,-8.438137,0.,1,-99999,34.7,-0.43,14.100000000000001,17.7,0.02,0.01
121162,7558863,54.630007,-8.438063,0.,1,-99999,34.7,-0.43,14.100000000000001,17.7,0.02,0.01
121162,7558882,54.630005,-8.438053,0.,1,-99999,34.7,-0.43,14.100000000000001,17.7,0.02,0.01
121162,7559294,54.63005,-8.43806,0.,1,-99999,34.7,-0.43,14.100000000000001,17.7,0.02,0.01
121162,7559774,54.629975,-8.438078,0.1,1,-99999,34.7,-0.43,14.100000000000001,17.7,0.02,0.01
121162,7559831,54.62999,-8.438022,0.,1,-99999,34.7,-0.43,14.100000000000001,17.7,0.02,0.01
121162,7560387,54.629995,-8.438127,0.,1,-99999,34.7,-0.43,14.100000000000001,17.7,0.02,0.01
121162,7560682,54.629977,-8.438062,0.,1,-99999,34.7,-0.43,14.100000000000001,17.7,0.02,0.01
121162,7560782,54.629982,-8.438035,0.,1,-99999,34.7,-0.43,14.100000000000001,17.7,0.02,0.01
121162,7561294,54.629972,-8.438072,0.,1,-99999,34.7,-0.43,14.100000000000001,17.7,0.02,0.01
121162,7561594,54.629955,-8.437993,0.,1,-99999,34.7,-0.43,14.100000000000001,17.7,0.02,0.01
121162,7561710,54.629995,-8.43809,0.,1,-99999,34.7,-0.43,14.100000000000001,17.7,0.02,0.01
121162,7562385,54.630007,-8.438037,0.,1,-99999,34.7,-0.43,14.100000000000001,17.7,0.02,0.01
121162,7562504,54.629947,-8.438077,0.1,1,-99999,34.7,-0.43,14.100000000000001,17.7,0.02,0.01
121162,7562640,54.629927,-8.438053,0.,1,-99999,34.7,-0.43,14.100000000000001,17.7,0.02,0.01
121162,7563413,54.629958,-8.438077,0.,1,-99999,34.7,-0.43,14.100000000000001,17.7,0.02,0.01
121162,7563472,54.629955,-8.438052,0.,1,-99999,34.7,-0.43,14.100000000000001,17.7,0.02,0.01
121162,7563584,54.629988,-8.43806,0.1,1,-99999,34.7,-0.43,14.100000000000001,17.7,0.02,0.01
121162,7564322,54.630018,-8.438062,0.,1,-99999,34.7,-0.43,14.100000000000001,17.7,0.02,0.01
121162,7564513,54.629963,-8.43809,0.,1,-99999,34.7,-0.43,14.100000000000001,17.7,0.02,0.01
121162,7564757,54.630047,-8.437957,0.,1,-99999,34.7,-0.43,14.100000000000001,17.7,0.02,0.01
121162,7565242,54.629995,-8.437985,0.,1,-99999,34.7,-0.43,14.100000000000001,17.7,0.02,0.01
121162,7565462,54.62998,-8.438047,0.,1,-99999,34.7,-0.43,14.100000000000001,17.7,0.02,0.01
121162,7565814,54.629977,-8.438077,0.,1,-99999,34.7,-0.43,14.100000000000001,17.8,0.02,0.01
121162,7566151,54.629958,-8.438057,0.,1,-99999,34.7,-0.43,14.100000000000001,17.8,0.02,0.01
121162,7566423,54.629995,-8.438088,0.1,1,-99999,34.7,-0.43,14.100000000000001,17.8,0.02,0.01
121162,7566791,54.629977,-8.438017,0.,1,-99999,34.7,-0.43,14.100000000000001,17.8,0.02,0.01
121162,7567351,54.62997,-8.438093,0.1,1,-99999,34.7,-0.43,14.100000000000001,17.8,0.02,0.01
121162,7567363,54.629977,-8.438083,0.1,1,-99999,34.7,-0.43,14.100000000000001,17.8,0.02,0.01
121162,7567767,54.629947,-8.438017,0.,1,-99999,34.7,-0.43,14.100000000000001,17.8,0.02,0.01
121162,7568259,54.629947,-8.438135,0.,1,-99999,34.7,-0.43,14.100000000000001,17.8,0.02,0.01
121162,7568303,54.629962,-8.438123,0.1,1,-99999,34.7,-0.43,14.100000000000001,17.8,0.02,0.01
121162,7569036,54.63,-8.43805,0.,1,-99999,34.7,-0.43,14.100000000000001,17.8,0.02,0.01
121162,7569164,54.629958,-8.438047,0.,1,-99999,34.7,-0.43,14.100000000000001,17.8,0.02,0.01
121162,7569244,54.630043,-8.438037,0.,1,-99999,34.7,-0.43,14.100000000000001,17.8,0.02,0.01
121162,7570173,54.629965,-8.43811,0.,1,-99999,34.7,-0.43,14.100000000000001,17.8,0.02,0.01
121162,7570181,54.629962,-8.438102,0.1,1,-99999,34.7,-0.43,14.100000000000001,17.8,0.02,0.01
121162,7570381,54.629973,-8.438053,0.,1,-99999,34.7,-0.43,14.100000000000001,17.8,0.02,0.01
121162,7571141,54.630017,-8.438038,0.,1,-99999,34.7,-0.43,14.100000000000001,17.8,0.02,0.01
121162,7571294,54.62997,-8.438152,0.1,1,-99999,34.7,-0.43,14.100000000000001,17.8,0.02,0.01
121162,7571797,54.629965,-8.438105,0.,1,-99999,34.7,-0.43,14.100000000000001,17.8,0.02,0.01
121162,7572081,54.629988,-8.43806,0.,1,-99999,34.7,-0.43,14.100000000000001,17.8,0.02,0.01
121162,7572202,54.629958,-8.438095,0.,1,-99999,34.7,-0.43,14.100000000000001,17.8,0.02,0.01
121162,7573022,54.629965,-8.438067,0.1,1,-99999,34.7,-0.43,14.100000000000001,17.8,0.02,0.01
121162,7573122,54.629967,-8.438073,0.,1,-99999,34.7,-0.43,14.100000000000001,17.8,0.02,0.01
121162,7573193,54.629965,-8.438057,0.,1,-99999,34.7,-0.43,14.100000000000001,17.8,0.02,0.01
121162,7573981,54.629928,-8.438042,0.1,1,-99999,34.7,-0.42,14.100000000000001,17.8,0.02,0.01
121162,7574320,54.629952,-8.438083,0.,1,-99999,34.7,-0.42,14.100000000000001,17.8,0.02,0.01
121162,7574524,54.629947,-8.438075,0.,1,-99999,34.7,-0.42,14.100000000000001,17.8,0.02,0.01
121162,7574932,54.62994,-8.438037,0.,1,-99999,34.7,-0.42,14.100000000000001,17.8,0.02,0.01
121162,7575232,54.629983,-8.438032,0.,1,-99999,34.7,-0.42,14.100000000000001,17.8,0.02,0.01
121162,7575852,54.63,-8.437987,0.,1,-99999,34.7,-0.42,14.100000000000001,17.8,0.02,0.01
121162,7575872,54.630008,-8.437992,0.,1,-99999,34.7,-0.42,14.100000000000001,17.8,0.02,0.01
121162,7576433,54.629987,-8.438018,0.,1,-99999,34.7,-0.42,14.100000000000001,17.8,0.02,0.01
121162,7576765,54.62998,-8.438007,0.,1,-99999,34.7,-0.42,14.100000000000001,17.8,0.02,0.01
121162,7576833,54.629953,-8.438048,0.,1,-99999,34.7,-0.42,14.100000000000001,17.8,0.02,0.01
121162,7577633,54.629978,-8.438038,0.,1,-99999,34.7,-0.42,14.100000000000001,17.8,0.02,0.01
121162,7577794,54.629963,-8.438042,0.,1,-99999,34.7,-0.42,14.100000000000001,17.8,0.02,0.01
121162,7578550,54.629953,-8.43813,0.,1,-99999,34.7,-0.42,14.100000000000001,17.8,0.02,0.01
121162,7578694,54.629995,-8.438017,0.,1,-99999,34.7,-0.42,14.100000000000001,17.8,0.02,0.01
121162,7578762,54.629997,-8.437957,0.1,1,-99999,34.7,-0.42,14.100000000000001,17.8,0.02,0.01
121162,7579470,54.62996,-8.438058,0.,1,-99999,34.7,-0.42,14.100000000000001,17.8,0.02,0.01
121162,7579711,54.63,-8.438053,0.,1,-99999,34.7,-0.42,14.100000000000001,17.8,0.02,0.01
121162,7579734,54.629995,-8.43806,0.,1,-99999,34.7,-0.42,14.100000000000001,17.8,0.02,0.01
121162,7580371,54.630012,-8.437988,0.,1,-99999,34.7,-0.42,14.100000000000001,17.8,0.02,0.01
121162,7580643,54.629997,-8.438047,0.,1,-99999,34.7,-0.42,14.100000000000001,17.8,0.02,0.01
121162,7580671,54.630012,-8.438052,0.,1,-99999,34.7,-0.42,14.100000000000001,17.8,0.02,0.01
121162,7581280,54.630002,-8.438028,0.,1,-99999,34.7,-0.42,14.100000000000001,17.8,0.02,0.01
121162,7581623,54.630035,-8.437987,0.,1,-99999,34.7,-0.42,14.100000000000001,17.8,0.02,0.01
121162,7581687,54.630037,-8.438002,0.,1,-99999,34.7,-0.42,14.100000000000001,17.8,0.02,0.01
121162,7582492,54.630002,-8.438015,0.,1,-99999,34.7,-0.42,14.100000000000001,17.900000000000002,0.02,0.01
121162,7582584,54.630017,-8.438042,0.1,1,-99999,34.7,-0.42,14.100000000000001,17.900000000000002,0.02,0.01
121162,7582752,54.62999,-8.438012,0.,1,-99999,34.7,-0.42,14.100000000000001,17.900000000000002,0.02,0.01
121162,7583512,54.630012,-8.438027,0.,1,-99999,34.7,-0.42,14.100000000000001,17.900000000000002,0.02,0.01
121162,7583656,54.62998,-8.438047,0.,1,-99999,34.7,-0.42,14.100000000000001,17.900000000000002,0.02,0.01
121162,7583692,54.63,-8.438048,0.1,1,-99999,34.7,-0.42,14.100000000000001,17.900000000000002,0.02,0.01
121162,7584452,54.629988,-8.438005,0.1,1,-99999,34.7,-0.42,14.100000000000001,17.900000000000002,0.02,0.01
121162,7584893,54.629995,-8.437992,0.,1,-99999,34.7,-0.42,14.100000000000001,17.900000000000002,0.02,0.01
121162,7585004,54.629965,-8.43806,0.,1,-99999,34.7,-0.42,14.100000000000001,17.900000000000002,0.02,0.01
121162,7585401,54.629962,-8.438058,0.1,1,-99999,34.7,-0.42,14.100000000000001,17.900000000000002,0.02,0.01
121162,7586102,54.629988,-8.438025,0.,1,-99999,34.7,-0.42,14.100000000000001,17.900000000000002,0.02,0.01
121162,7586373,54.629965,-8.438095,0.1,1,-99999,34.7,-0.42,14.100000000000001,17.900000000000002,0.02,0.01
121162,7587013,54.629988,-8.438055,0.,1,-99999,34.7,-0.42,14.100000000000001,17.900000000000002,0.02,0.01
121162,7587333,54.629958,-8.438072,0.,1,-99999,34.7,-0.42,14.100000000000001,17.900000000000002,0.02,0.01
121162,7587921,54.629968,-8.438078,0.,1,-99999,34.7,-0.42,14.100000000000001,17.900000000000002,0.02,0.01
121162,7588105,54.629997,-8.438082,0.,1,-99999,34.7,-0.42,14.100000000000001,17.900000000000002,0.02,0.01
121162,7588294,54.630007,-8.438047,0.,1,-99999,34.7,-0.42,14.100000000000001,17.900000000000002,0.02,0.01
121162,7588831,54.629993,-8.43805,0.,1,-99999,34.7,-0.42,14.100000000000001,17.900000000000002,0.02,0.01
121162,7589014,54.629967,-8.438087,0.,1,-99999,34.7,-0.42,14.100000000000001,17.900000000000002,0.02,0.01
121162,7589251,54.629983,-8.43809,0.,1,-99999,34.7,-0.42,14.100000000000001,17.900000000000002,0.02,0.01
121162,7589743,54.62997,-8.438027,0.,1,-99999,34.7,-0.42,14.100000000000001,17.900000000000002,0.02,0.01
121162,7590113,54.629992,-8.438035,0.,1,-99999,34.7,-0.42,14.100000000000001,17.900000000000002,0.02,0.01
121162,7590213,54.629995,-8.438065,0.,1,-99999,34.7,-0.42,14.100000000000001,17.900000000000002,0.02,0.01
121162,7590661,54.629985,-8.438043,0.,1,-99999,34.7,-0.42,14.100000000000001,17.900000000000002,0.02,0.01
121162,7591156,54.63001,-8.438077,0.,1,-99999,34.7,-0.42,14.100000000000001,17.900000000000002,0.02,0.01
121162,7591172,54.630012,-8.438048,0.,1,-99999,34.7,-0.42,14.100000000000001,17.900000000000002,0.02,0.01
121162,7591572,54.629957,-8.438027,0.,1,-99999,34.7,-0.42,14.100000000000001,17.900000000000002,0.02,0.01
121162,7592113,54.630007,-8.438082,0.,1,-99999,34.7,-0.42,14.100000000000001,17.900000000000002,0.02,0.01
121162,7592246,54.630012,-8.437987,0.,1,-99999,34.7,-0.42,14.100000000000001,17.900000000000002,0.02,0.01
121162,7592490,54.630025,-8.438042,0.,1,-99999,34.7,-0.42,14.100000000000001,17.900000000000002,0.02,0.01
121162,7593050,54.629998,-8.43807,0.,1,-99999,34.7,-0.42,14.100000000000001,17.900000000000002,0.02,0.01
121162,7593155,54.629965,-8.438052,0.,1,-99999,34.7,-0.42,14.100000000000001,17.900000000000002,0.02,0.01
121162,7593402,54.629967,-8.437983,0.,1,-99999,34.7,-0.42,14.100000000000001,17.900000000000002,0.02,0.01
121162,7594003,54.629983,-8.438087,0.,1,-99999,34.7,-0.42,14.100000000000001,17.900000000000002,0.02,0.01
121162,7594310,54.629992,-8.438018,0.,1,-99999,34.7,-0.42,14.100000000000001,17.900000000000002,0.02,0.01
121162,7594727,54.630037,-8.43797,0.,1,-99999,34.7,-0.42,14.100000000000001,17.900000000000002,0.02,0.01
121162,7594960,54.630002,-8.438057,0.1,1,-99999,34.7,-0.42,14.100000000000001,17.900000000000002,0.02,0.01
121162,7595220,54.629982,-8.438042,0.,1,-99999,34.7,-0.42,14.100000000000001,17.900000000000002,0.02,0.01
121162,7595784,54.629997,-8.438067,0.,1,-99999,34.7,-0.42,14.100000000000001,18.,0.02,0.01
121162,7595924,54.629948,-8.438055,0.,1,-99999,34.7,-0.42,14.100000000000001,17.900000000000002,0.02,0.01
121162,7596121,54.630002,-8.438038,0.,1,-99999,34.7,-0.42,14.100000000000001,17.900000000000002,0.02,0.01
121162,7596744,54.630037,-8.43804,0.,1,-99999,34.7,-0.42,14.100000000000001,18.,0.02,0.01
121162,7596873,54.63004,-8.438048,0.,1,-99999,34.7,-0.42,14.100000000000001,18.,0.02,0.01
121162,7597321,54.63003,-8.438033,0.1,1,-99999,34.7,-0.42,14.100000000000001,18.,0.02,0.01
121162,7597813,54.630012,-8.438058,0.,1,-99999,34.7,-0.42,14.100000000000001,18.,0.02,0.01
121162,7597905,54.630067,-8.437945,0.,1,-99999,34.7,-0.42,14.100000000000001,17.900000000000002,0.02,0.01
121162,7598222,54.629965,-8.438053,0.,1,-99999,34.7,-0.42,14.100000000000001,18.,0.02,0.01
121162,7598773,54.629917,-8.438135,0.1,1,-99999,34.7,-0.42,14.100000000000001,18.,0.02,0.01
121162,7599133,54.629947,-8.438065,0.1,1,-99999,34.7,-0.42,14.100000000000001,18.,0.02,0.01
121162,7599477,54.629995,-8.438077,0.,1,-99999,34.7,-0.42,14.100000000000001,18.,0.02,0.01
121162,7599733,54.629967,-8.438012,0.1,1,-99999,34.7,-0.42,14.100000000000001,18.,0.02,0.01
121162,7600041,54.629995,-8.438077,0.1,1,-99999,34.7,-0.42,14.100000000000001,18.,0.02,0.01
121162,7600526,54.630042,-8.438037,0.,1,-99999,34.7,-0.42,14.100000000000001,18.,0.02,0.01
121162,7600693,54.630025,-8.438102,0.,1,-99999,34.7,-0.42,14.100000000000001,18.,0.02,0.01
121162,7600942,54.629982,-8.438097,0.,1,-99999,34.7,-0.42,14.100000000000001,18.,0.02,0.01
121162,7601434,54.630012,-8.438052,0.,1,-99999,34.7,-0.42,14.100000000000001,18.,0.02,0.01
121162,7601633,54.629977,-8.438078,0.,1,-99999,34.7,-0.42,14.100000000000001,18.,0.02,0.01
121162,7601861,54.629998,-8.438093,0.,1,-99999,34.7,-0.42,14.100000000000001,18.,0.02,0.01
121162,7602485,54.62998,-8.43812,0.,1,-99999,34.7,-0.42,14.100000000000001,18.,0.02,0.01
121162,7602561,54.629988,-8.438105,0.,1,-99999,34.7,-0.42,14.100000000000001,18.,0.02,0.01
121162,7602793,54.629985,-8.438055,0.,1,-99999,34.7,-0.42,14.100000000000001,18.,0.02,0.01
121162,7603493,54.629982,-8.43812,0.,1,-99999,34.7,-0.42,14.100000000000001,18.,0.02,0.01
121162,7603585,54.630002,-8.43803,0.,1,-99999,34.7,-0.42,14.100000000000001,18.,0.02,0.01
121162,7603713,54.62998,-8.438085,0.1,1,-99999,34.7,-0.42,14.100000000000001,18.,0.02,0.01
121162,7604443,54.629982,-8.438058,0.,1,-99999,34.7,-0.42,14.100000000000001,18.,0.02,0.01
121162,7604506,54.630032,-8.43806,0.,1,-99999,34.7,-0.42,14.100000000000001,18.,0.02,0.01
121162,7604631,54.629983,-8.438042,0.,1,-99999,34.7,-0.41000000000000003,14.100000000000001,18.,0.02,0.01
121162,7605383,54.630007,-8.438078,0.,1,-99999,34.7,-0.41000000000000003,14.100000000000001,18.,0.02,0.01
121162,7605541,54.63002,-8.438067,0.,1,-99999,34.7,-0.41000000000000003,14.100000000000001,18.,0.02,0.01
121162,7605726,54.629995,-8.438047,0.,1,-99999,34.7,-0.41000000000000003,14.100000000000001,18.,0.02,0.01
121162,7606333,54.630017,-8.438102,0.,1,-99999,34.7,-0.41000000000000003,14.100000000000001,18.,0.02,0.01
121162,7606453,54.629988,-8.438008,0.1,1,-99999,34.7,-0.41000000000000003,14.100000000000001,18.,0.02,0.01
121162,7606753,54.62997,-8.438065,0.,1,-99999,34.7,-0.41000000000000003,14.100000000000001,18.,0.02,0.01
121162,7607281,54.630013,-8.43806,0.,1,-99999,34.7,-0.41000000000000003,14.100000000000001,18.,0.02,0.01
121162,7607354,54.630013,-8.438068,0.,1,-99999,34.7,-0.41000000000000003,14.100000000000001,18.,0.02,0.01
121162,7607786,54.630022,-8.438037,0.,1,-99999,34.7,-0.41000000000000003,14.100000000000001,18.,0.02,0.01
121162,7608261,54.629983,-8.43813,0.,1,-99999,34.7,-0.41000000000000003,14.100000000000001,18.,0.02,0.01
121162,7608281,54.629983,-8.438128,0.,1,-99999,34.7,-0.41000000000000003,14.100000000000001,18.,0.02,0.01
121162,7609170,54.630032,-8.438043,0.1,1,-99999,34.7,-0.41000000000000003,14.100000000000001,18.,0.02,0.01
121162,7609174,54.630032,-8.438042,0.,1,-99999,34.7,-0.41000000000000003,14.100000000000001,18.,0.02,0.01
121162,7609210,54.63002,-8.438065,0.1,1,-99999,34.7,-0.41000000000000003,14.100000000000001,18.,0.02,0.01
121162,7610102,54.629947,-8.438102,0.,1,-99999,34.7,-0.41000000000000003,14.100000000000001,18.1,0.02,0.01
121162,7610142,54.629972,-8.438057,0.,1,-99999,34.7,-0.41000000000000003,14.100000000000001,18.,0.02,0.01
121162,7610174,54.629952,-8.43806,0.,1,-99999,34.7,-0.41000000000000003,14.100000000000001,18.,0.02,0.01
121162,7611003,54.629968,-8.43809,0.1,1,-99999,34.7,-0.41000000000000003,14.100000000000001,18.1,0.02,0.01
121162,7611078,54.629952,-8.43812,0.,1,-99999,34.7,-0.41000000000000003,14.100000000000001,18.1,0.02,0.01
121162,7611090,54.62998,-8.43812,0.1,1,-99999,34.7,-0.41000000000000003,14.100000000000001,18.1,0.02,0.01
121162,7611922,54.63006,-8.438013,0.,1,-99999,34.7,-0.41000000000000003,14.100000000000001,18.,0.01,0.01
121162,7612031,54.629983,-8.438083,0.1,1,-99999,34.7,-0.41000000000000003,14.100000000000001,18.1,0.01,0.01
121162,7612174,54.629965,-8.438055,0.,1,-99999,34.7,-0.41000000000000003,14.100000000000001,18.1,0.01,0.01
121162,7612971,54.629983,-8.438032,0.,1,-99999,34.7,-0.41000000000000003,14.100000000000001,18.1,0.01,0.01
121162,7613122,54.629965,-8.43811,0.,1,-99999,34.7,-0.41000000000000003,14.100000000000001,18.1,0.01,0.01
121162,7613134,54.629967,-8.438112,0.,1,-99999,34.7,-0.41000000000000003,14.100000000000001,18.1,0.01,0.01
121162,7613902,54.629938,-8.438052,0.1,1,-99999,34.7,-0.41000000000000003,14.100000000000001,18.1,0.01,0.01
121162,7614043,54.62998,-8.43805,0.,1,-99999,34.7,-0.41000000000000003,14.100000000000001,18.1,0.01,0.01
121162,7614046,54.62998,-8.43805,0.,1,-99999,34.7,-0.41000000000000003,14.100000000000001,18.1,0.01,0.01
121162,7614851,54.630012,-8.438023,0.1,1,-99999,34.7,-0.41000000000000003,14.100000000000001,18.1,0.01,0.01
121162,7614963,54.629873,-8.438195,0.1,1,-99999,34.7,-0.41000000000000003,14.100000000000001,18.1,0.01,0.01
121162,7615332,54.630047,-8.438017,0.,1,-99999,34.7,-0.41000000000000003,14.100000000000001,18.1,0.01,0.01
121162,7615781,54.629952,-8.43795,0.1,1,-99999,34.7,-0.41000000000000003,14.100000000000001,18.1,0.01,0.01
121162,7615872,54.629992,-8.438067,0.1,1,-99999,34.7,-0.41000000000000003,14.100000000000001,18.1,0.01,0.01
121162,7616364,54.629975,-8.438137,0.,1,-99999,34.7,-0.41000000000000003,14.100000000000001,18.1,0.01,0.01
121162,7616740,54.630047,-8.438055,0.,1,-99999,34.7,-0.41000000000000003,14.100000000000001,18.1,0.01,0.01
121162,7616784,54.630062,-8.438072,0.,1,-99999,34.7,-0.41000000000000003,14.100000000000001,18.1,0.01,0.01
121162,7617593,54.629972,-8.438077,0.,1,-99999,34.7,-0.41000000000000003,14.100000000000001,18.1,0.01,0.01
121162,7617693,54.630017,-8.438053,0.,1,-99999,34.7,-0.41000000000000003,14.100000000000001,18.1,0.01,0.01
121162,7617701,54.63,-8.438052,0.,1,-99999,34.7,-0.41000000000000003,14.100000000000001,18.1,0.01,0.01
121162,7618513,54.629997,-8.438057,0.,1,-99999,34.7,-0.41000000000000003,14.100000000000001,18.1,0.01,0.01
121162,7618601,54.630057,-8.438063,0.1,1,-99999,34.7,-0.41000000000000003,14.100000000000001,18.1,0.01,0.01
121162,7618641,54.630043,-8.438038,0.,1,-99999,34.7,-0.41000000000000003,14.100000000000001,18.1,0.01,0.01
121162,7619425,54.629962,-8.438037,0.,1,-99999,34.7,-0.41000000000000003,14.100000000000001,18.1,0.01,0.01
121162,7619513,54.629983,-8.438048,0.,1,-99999,34.7,-0.41000000000000003,14.100000000000001,18.1,0.01,0.01
121162,7619581,54.63,-8.43806,0.,1,-99999,34.7,-0.41000000000000003,14.100000000000001,18.1,0.01,0.01
121162,7620334,54.630012,-8.438097,0.,1,-99999,34.7,-0.41000000000000003,14.100000000000001,18.1,0.01,0.01
121162,7620522,54.630005,-8.438067,0.,1,-99999,34.7,-0.41000000000000003,14.100000000000001,18.1,0.01,0.01
121162,7620710,54.630007,-8.438097,0.,1,-99999,34.7,-0.41000000000000003,14.100000000000001,18.1,0.01,0.01
121162,7621266,54.62997,-8.438075,0.,1,-99999,34.7,-0.41000000000000003,14.100000000000001,18.1,0.01,0.01
121162,7621442,54.62998,-8.438097,0.1,1,-99999,34.7,-0.41000000000000003,14.100000000000001,18.1,0.01,0.01
121162,7621622,54.629963,-8.438112,0.,1,-99999,34.7,-0.41000000000000003,14.100000000000001,18.1,0.01,0.01
121162,7622294,54.63,-8.43802,0.,1,-99999,34.7,-0.41000000000000003,14.100000000000001,18.1,0.01,0.01
121162,7622371,54.629987,-8.438053,0.,1,-99999,34.7,-0.41000000000000003,14.100000000000001,18.1,0.01,0.01
121162,7622531,54.629975,-8.438055,0.,1,-99999,34.7,-0.41000000000000003,14.100000000000001,18.1,0.01,0.01
121162,7623274,54.630017,-8.438102,0.,1,-99999,34.7,-0.41000000000000003,14.100000000000001,18.1,0.01,0.01
121162,7623383,54.629987,-8.438132,0.,1,-99999,34.7,-0.41000000000000003,14.100000000000001,18.1,0.01,0.01
121162,7623442,54.629977,-8.438102,0.1,1,-99999,34.7,-0.41000000000000003,14.100000000000001,18.1,0.01,0.01
121162,7624232,54.629972,-8.438062,0.,1,-99999,34.7,-0.41000000000000003,14.100000000000001,18.1,0.01,0.01
121162,7624344,54.62999,-8.438137,0.,1,-99999,34.7,-0.41000000000000003,14.100000000000001,18.1,0.01,0.01
121162,7624352,54.629988,-8.438125,0.1,1,-99999,34.7,-0.41000000000000003,14.100000000000001,18.1,0.01,0.01
121162,7625192,54.630062,-8.43807,0.1,1,-99999,34.7,-0.41000000000000003,14.100000000000001,18.1,0.01,0.01
121162,7625496,54.629997,-8.43809,0.,1,-99999,34.7,-0.41000000000000003,14.100000000000001,18.2,0.01,0.01
121162,7625552,54.630032,-8.43811,0.,1,-99999,34.7,-0.41000000000000003,14.100000000000001,18.2,0.01,0.01
121162,7626140,54.629935,-8.438057,0.,1,-99999,34.7,-0.41000000000000003,14.100000000000001,18.1,0.01,0.01
121162,7626472,54.630002,-8.438023,0.,1,-99999,34.7,-0.41000000000000003,14.100000000000001,18.1,0.01,0.01
121162,7626836,54.62997,-8.438057,0.,1,-99999,34.7,-0.41000000000000003,14.100000000000001,18.2,0.01,0.01
121162,7627092,54.630033,-8.43803,0.,1,-99999,34.7,-0.41000000000000003,14.100000000000001,18.2,0.01,0.01
121162,7627381,54.629983,-8.438128,0.1,1,-99999,34.7,-0.41000000000000003,14.100000000000001,18.2,0.01,0.01
121162,7627865,54.630072,-8.438102,0.,1,-99999,34.7,-0.41000000000000003,14.100000000000001,18.2,0.01,0.01
121162,7628053,54.630058,-8.43805,0.,1,-99999,34.7,-0.41000000000000003,14.100000000000001,18.2,0.01,0.01
121162,7628581,54.630013,-8.43812,0.1,1,-99999,34.7,-0.41000000000000003,14.100000000000001,18.2,0.01,0.01
121162,7628981,54.63,-8.438167,0.1,1,-99999,34.7,-0.41000000000000003,14.100000000000001,18.2,0.01,0.01
121162,7629254,54.630027,-8.43808,0.,1,-99999,34.7,-0.41000000000000003,14.100000000000001,18.2,0.01,0.01
121162,7629491,54.63,-8.438078,0.1,1,-99999,34.7,-0.41000000000000003,14.100000000000001,18.2,0.01,0.01
121162,7629923,54.63,-8.438112,0.1,1,-99999,34.7,-0.41000000000000003,14.100000000000001,18.2,0.01,0.01
121162,7630215,54.63003,-8.438135,0.,1,-99999,34.7,-0.41000000000000003,14.100000000000001,18.2,0.01,0.01
121162,7630691,54.629992,-8.438113,0.1,1,-99999,34.7,-0.41000000000000003,14.100000000000001,18.2,0.01,0.01
121162,7630912,54.629982,-8.438057,0.,1,-99999,34.7,-0.41000000000000003,14.100000000000001,18.2,0.01,0.01
121162,7631359,54.630017,-8.43805,0.,1,-99999,34.7,-0.41000000000000003,14.100000000000001,18.2,0.01,0.01
121162,7631592,54.629992,-8.438013,0.,1,-99999,34.7,-0.41000000000000003,14.100000000000001,18.2,0.01,0.01
121162,7631872,54.629965,-8.438108,0.,1,-99999,34.7,-0.41000000000000003,14.100000000000001,18.2,0.01,0.01
121162,7632472,54.630025,-8.438055,0.,1,-99999,34.7,-0.41000000000000003,14.100000000000001,18.2,0.01,0.01
121162,7632500,54.630013,-8.43809,0.,1,-99999,34.7,-0.41000000000000003,14.100000000000001,18.2,0.01,0.01
121162,7632832,54.629973,-8.438053,0.1,1,-99999,34.7,-0.41000000000000003,14.100000000000001,18.2,0.01,0.01
121162,7633376,54.629995,-8.438057,0.,1,-99999,34.7,-0.41000000000000003,14.100000000000001,18.2,0.01,0.01
121162,7633413,54.63001,-8.438058,0.,1,-99999,34.7,-0.41000000000000003,14.100000000000001,18.2,0.01,0.01
121162,7633780,54.629993,-8.438097,0.,1,-99999,34.7,-0.41000000000000003,14.100000000000001,18.2,0.01,0.01
121162,7634320,54.629993,-8.438068,0.,1,-99999,34.7,-0.41000000000000003,14.100000000000001,18.2,0.01,0.01
121162,7634732,54.629993,-8.438057,0.,1,-99999,34.7,-0.41000000000000003,14.100000000000001,18.2,0.01,0.01
121162,7634893,54.630002,-8.438057,0.,1,-99999,34.7,-0.41000000000000003,14.100000000000001,18.2,0.01,0.01
121162,7635232,54.629937,-8.438073,0.1,1,-99999,34.7,-0.41000000000000003,14.100000000000001,18.2,0.01,0.01
121162,7635986,54.630012,-8.438122,0.,1,-99999,34.7,-0.4,14.100000000000001,18.2,0.01,0.01
121162,7636151,54.630008,-8.43805,0.1,1,-99999,34.7,-0.4,14.100000000000001,18.2,0.01,0.01
121162,7636634,54.629968,-8.438042,0.,1,-99999,34.7,-0.4,14.100000000000001,18.2,0.01,0.01
121162,7636946,54.629957,-8.438022,0.,1,-99999,34.7,-0.4,14.100000000000001,18.2,0.01,0.01
121162,7637062,54.629955,-8.438062,0.,1,-99999,34.7,-0.4,14.100000000000001,18.2,0.01,0.01
121162,7637586,54.630037,-8.43807,0.1,1,-99999,34.7,-0.4,14.100000000000001,18.2,0.01,0.01
121162,7637963,54.62994,-8.438098,0.,1,-99999,34.7,-0.4,14.100000000000001,18.2,0.01,0.01
121162,7638534,54.63001,-8.438075,0.1,1,-99999,34.7,-0.4,14.100000000000001,18.2,0.01,0.01
121162,7638872,54.629983,-8.438077,0.,1,-99999,34.7,-0.4,14.100000000000001,18.2,0.01,0.01
121162,7639376,54.63,-8.43803,0.,1,-99999,34.7,-0.4,14.100000000000001,18.2,0.01,0.01
121162,7639480,54.629922,-8.438067,0.,1,-99999,34.7,-0.4,14.100000000000001,18.2,0.01,0.01
121162,7640073,54.629992,-8.43811,0.,1,-99999,34.7,-0.4,14.100000000000001,18.2,0.01,0.01
121162,7640277,54.629985,-8.438087,0.,1,-99999,34.7,-0.4,14.100000000000001,18.2,0.01,0.01
121162,7640433,54.630007,-8.438075,0.1,1,-99999,34.7,-0.4,14.100000000000001,18.2,0.01,0.01
121162,7641282,54.629962,-8.438105,0.,1,-99999,34.7,-0.4,14.100000000000001,18.3,0.01,0.01
121162,7641363,54.630007,-8.438037,0.,1,-99999,34.7,-0.4,14.100000000000001,18.2,0.01,0.01
121162,7641371,54.63,-8.438035,0.,1,-99999,34.7,-0.4,14.100000000000001,18.2,0.01,0.01
121162,7642191,54.629958,-8.438057,0.,1,-99999,34.7,-0.4,14.100000000000001,18.3,0.01,0.01
121162,7642322,54.629973,-8.438105,0.1,1,-99999,34.7,-0.4,14.100000000000001,18.3,0.01,0.01
121162,7642466,54.629982,-8.438062,0.,1,-99999,34.7,-0.4,14.100000000000001,18.3,0.01,0.01
121162,7643111,54.630037,-8.438043,0.,1,-99999,34.7,-0.4,14.100000000000001,18.3,0.01,0.01
121162,7643251,54.630013,-8.438122,0.,1,-99999,34.7,-0.4,14.100000000000001,18.3,0.01,0.01
121162,7643744,54.629962,-8.438122,0.,1,-99999,34.7,-0.4,14.100000000000001,18.3,0.01,0.01
121162,7644199,54.630007,-8.438043,0.,1,-99999,34.7,-0.4,14.100000000000001,18.3,0.01,0.01
121162,7644311,54.629997,-8.438072,0.,1,-99999,34.7,-0.4,14.100000000000001,18.3,0.01,0.01
121162,7645202,54.63,-8.43805,0.,1,-99999,34.7,-0.4,14.100000000000001,18.3,0.01,0.01
121162,7645213,54.63,-8.43806,0.,1,-99999,34.7,-0.4,14.100000000000001,18.3,0.01,0.01
121162,7645554,54.630022,-8.438072,0.,1,-99999,34.7,-0.4,14.100000000000001,18.3,0.01,0.01
121162,7646162,54.629977,-8.438045,0.,1,-99999,34.7,-0.4,14.100000000000001,18.3,0.01,0.01
121162,7646421,54.629977,-8.438085,0.,1,-99999,34.7,-0.4,14.100000000000001,18.3,0.01,0.01
121162,7647121,54.629947,-8.438087,0.,1,-99999,34.7,-0.4,14.100000000000001,18.3,0.01,0.01
121162,7647154,54.629962,-8.438052,0.,1,-99999,34.7,-0.4,14.100000000000001,18.3,0.01,0.01
121162,7647343,54.629988,-8.438032,0.,1,-99999,34.7,-0.4,14.100000000000001,18.3,0.01,0.01
121162,7648071,54.630002,-8.43806,0.1,1,-99999,34.7,-0.4,14.100000000000001,18.3,0.01,0.01
121162,7648243,54.630007,-8.438137,0.,1,-99999,34.7,-0.4,14.100000000000001,18.3,0.01,0.01
121162,7648544,54.630022,-8.438048,0.1,1,-99999,34.7,-0.4,14.100000000000001,18.3,0.01,0.01
121162,7649021,54.629938,-8.438075,0.,1,-99999,34.7,-0.4,14.100000000000001,18.3,0.01,0.01
121162,7649452,54.629952,-8.438095,0.,1,-99999,34.7,-0.4,14.100000000000001,18.3,0.01,0.01
121162,7649716,54.629977,-8.438047,0.,1,-99999,34.7,-0.4,14.100000000000001,18.3,0.01,0.01
121162,7649972,54.629997,-8.43803,0.,1,-99999,34.7,-0.4,14.100000000000001,18.3,0.01,0.01
121162,7650364,54.629988,-8.438017,0.,1,-99999,34.7,-0.4,14.100000000000001,18.3,0.01,0.01
121162,7650628,54.629952,-8.43818,0.,1,-99999,34.7,-0.4,14.100000000000001,18.3,0.01,0.01
121162,7650921,54.630013,-8.438027,0.,1,-99999,34.7,-0.4,14.100000000000001,18.3,0.01,0.01
121162,7651284,54.629975,-8.437982,0.,1,-99999,34.7,-0.4,14.100000000000001,18.3,0.01,0.01
121162,7651860,54.629983,-8.438013,0.,1,-99999,34.7,-0.4,14.,18.3,0.01,0.01
121162,7652084,54.63,-8.437987,0.,1,-99999,34.7,-0.4,14.,18.3,0.01,0.01
121162,7652192,54.629998,-8.438067,0.,1,-99999,34.7,-0.4,14.,18.3,0.01,0.01
121162,7652812,54.629998,-8.438055,0.1,1,-99999,34.7,-0.4,14.,18.3,0.01,0.01
121162,7653068,54.62997,-8.438072,0.,1,-99999,34.7,-0.4,14.,18.3,0.01,0.01
121162,7653100,54.629958,-8.43805,0.,1,-99999,34.7,-0.4,14.,18.3,0.01,0.01
121162,7653752,54.629965,-8.438038,0.1,1,-99999,34.7,-0.4,14.,18.3,0.01,0.01
121162,7654012,54.62996,-8.438013,0.,1,-99999,34.7,-0.4,14.,18.3,0.01,0.01
121162,7654096,54.629995,-8.437982,0.,1,-99999,34.7,-0.4,14.,18.3,0.01,0.01
121162,7654701,54.629988,-8.438067,0.,1,-99999,34.7,-0.4,14.,18.3,0.01,0.01
121162,7654920,54.629975,-8.43807,0.,1,-99999,34.7,-0.4,14.,18.3,0.01,0.01
121162,7655005,54.629982,-8.43809,0.,1,-99999,34.7,-0.4,14.,18.3,0.01,0.01
121162,7655653,54.630052,-8.438008,0.,1,-99999,34.7,-0.4,14.,18.3,0.01,0.01
121162,7655833,54.629983,-8.437982,0.,1,-99999,34.7,-0.4,14.,18.3,0.01,0.01
121162,7655917,54.62996,-8.438022,0.,1,-99999,34.7,-0.4,14.,18.3,0.01,0.01
121162,7656602,54.62997,-8.438083,0.1,1,-99999,34.7,-0.4,14.,18.400000000000002,0.01,0.01
121162,7656742,54.62995,-8.43808,0.1,1,-99999,34.7,-0.4,14.,18.400000000000002,0.01,0.01
121162,7657134,54.63006,-8.43794,0.,1,-99999,34.7,-0.4,14.,18.3,0.01,0.01
121162,7657530,54.629982,-8.438053,0.1,1,-99999,34.7,-0.4,14.,18.400000000000002,0.01,0.01
121162,7657650,54.62999,-8.438113,0.,1,-99999,34.7,-0.4,14.,18.400000000000002,0.01,0.01
121162,7658185,54.630002,-8.438082,0.,1,-99999,34.7,-0.4,14.,18.400000000000002,0.01,0.01
121162,7658561,54.629947,-8.438128,0.,1,-99999,34.7,-0.4,14.,18.400000000000002,0.01,0.01
121162,7659041,54.629912,-8.438073,0.,1,-99999,34.7,-0.4,14.,18.400000000000002,0.01,0.01
121162,7659421,54.63002,-8.438053,0.,1,-99999,34.7,-0.4,14.,18.400000000000002,0.01,0.01
121162,7659469,54.630012,-8.438073,0.,1,-99999,34.7,-0.4,14.,18.400000000000002,0.01,0.01
121162,7659565,54.629957,-8.438107,0.,1,-99999,34.7,-0.4,14.,18.400000000000002,0.01,0.01
121162,7660322,54.629988,-8.43805,0.,1,-99999,34.7,-0.4,14.,18.400000000000002,0.01,0.01
121162,7660370,54.629958,-8.438045,0.,1,-99999,34.7,-0.4,14.,18.400000000000002,0.01,0.01
121162,7660474,54.629977,-8.43805,0.,1,-99999,34.7,-0.4,14.,18.400000000000002,0.01,0.01
121162,7661262,54.629943,-8.438007,0.,1,-99999,34.7,-0.4,14.,18.400000000000002,0.01,0.01
121162,7661396,54.629952,-8.43805,0.,1,-99999,34.7,-0.4,14.,18.400000000000002,0.01,0.01
121162,7661574,54.630013,-8.438023,0.,1,-99999,34.7,-0.4,14.,18.400000000000002,0.01,0.01
121162,7662201,54.62999,-8.438065,0.,1,-99999,34.7,-0.4,14.,18.400000000000002,0.01,0.01
121162,7662481,54.629995,-8.438038,0.,1,-99999,34.7,-0.4,14.,18.400000000000002,0.01,0.01
121162,7662666,54.629975,-8.43807,0.,1,-99999,34.7,-0.4,14.,18.400000000000002,0.01,0.01
121162,7663141,54.62996,-8.438097,0.,1,-99999,34.7,-0.4,14.,18.400000000000002,0.01,0.01
121162,7663382,54.630018,-8.43803,0.,1,-99999,34.7,-0.4,14.,18.400000000000002,0.01,0.01
121162,7664094,54.63,-8.438022,0.,1,-99999,34.7,-0.4,14.,18.400000000000002,0.01,0.01
121162,7664293,54.629975,-8.43807,0.1,1,-99999,34.7,-0.4,14.,18.400000000000002,0.01,0.01
121162,7665033,54.63,-8.437977,0.,1,-99999,34.7,-0.4,14.,18.400000000000002,0.01,0.01
121162,7665133,54.629957,-8.438017,0.,1,-99999,34.7,-0.4,14.,18.400000000000002,0.01,0.01
121162,7665211,54.629988,-8.438048,0.,1,-99999,34.7,-0.4,14.,18.400000000000002,0.01,0.01
121162,7665991,54.629997,-8.438057,0.,1,-99999,34.7,-0.4,14.,18.400000000000002,0.01,0.01
121162,7666423,54.630032,-8.438,0.,1,-99999,34.7,-0.4,14.,18.400000000000002,0.01,0.01
121162,7666555,54.630032,-8.438065,0.,1,-99999,34.7,-0.4,14.,18.400000000000002,0.01,0.01
121162,7666951,54.629982,-8.438023,0.,1,-99999,34.7,-0.39,14.,18.400000000000002,0.01,0.01
121162,7667331,54.629985,-8.438067,0.,1,-99999,34.7,-0.39,14.,18.400000000000002,0.01,0.01
121162,7667515,54.629995,-8.438045,0.,1,-99999,34.7,-0.39,14.,18.400000000000002,0.01,0.01
121162,7667941,54.630013,-8.437928,0.,1,-99999,34.7,-0.39,14.,18.400000000000002,0.01,0.01
121162,7668241,54.629998,-8.438015,0.,1,-99999,34.7,-0.39,14.,18.400000000000002,0.01,0.01
121162,7668544,54.630072,-8.438072,0.,1,-99999,34.7,-0.39,14.,18.400000000000002,0.01,0.01
121162,7668892,54.629992,-8.438048,0.,1,-99999,34.7,-0.39,14.,18.400000000000002,0.01,0.01
121162,7669144,54.629988,-8.43803,0.,1,-99999,34.7,-0.39,14.,18.400000000000002,0.01,0.01
121162,7669453,54.629982,-8.438012,0.,1,-99999,34.7,-0.39,14.,18.400000000000002,0.01,0.01
121162,7670061,54.63003,-8.438063,0.1,1,-99999,34.7,-0.39,14.,18.400000000000002,0.01,0.01
121162,7670782,54.629997,-8.437977,0.1,1,-99999,34.7,-0.39,14.,18.400000000000002,0.01,0.01
121162,7671207,54.63001,-8.438052,0.,1,-99999,34.7,-0.39,14.,18.400000000000002,0.01,0.01
121162,7671263,54.63001,-8.438038,0.,1,-99999,34.7,-0.39,14.,18.400000000000002,0.01,0.01
121162,7671720,54.629953,-8.438068,0.,1,-99999,34.7,-0.39,14.,18.5,0.01,0.01
121162,7672124,54.62997,-8.43809,0.,1,-99999,34.7,-0.39,14.,18.5,0.01,0.01
121162,7672180,54.630003,-8.43806,0.1,1,-99999,34.7,-0.39,14.,18.5,0.01,0.01
121162,7672681,54.629985,-8.438062,0.,1,-99999,34.7,-0.39,14.,18.5,0.01,0.01
121162,7673053,54.629952,-8.438067,0.,1,-99999,34.7,-0.39,14.,18.5,0.01,0.01
121162,7673081,54.629977,-8.43806,0.,1,-99999,34.7,-0.39,14.,18.5,0.01,0.01
121162,7673642,54.630002,-8.438058,0.1,1,-99999,34.7,-0.39,14.,18.5,0.01,0.01
121162,7673962,54.629972,-8.438077,0.,1,-99999,34.7,-0.39,14.,18.5,0.01,0.01
121162,7674002,54.62997,-8.438062,0.,1,-99999,34.7,-0.39,14.,18.5,0.01,0.01
121162,7674614,54.629992,-8.438057,0.,1,-99999,34.7,-0.39,14.,18.5,0.01,0.01
121162,7675006,54.630012,-8.438017,0.,1,-99999,34.7,-0.39,14.,18.5,0.01,0.01
121162,7675202,54.629962,-8.438098,0.,1,-99999,34.7,-0.39,14.,18.5,0.01,0.01
121162,7675571,54.630013,-8.438055,0.1,1,-99999,34.7,-0.39,14.,18.5,0.01,0.01
121162,7675914,54.630002,-8.438037,0.,1,-99999,34.7,-0.39,14.,18.5,0.01,0.01
121162,7676402,54.63,-8.438038,0.,1,-99999,34.7,-0.39,14.,18.5,0.01,0.01
121162,7676523,54.630013,-8.438027,0.,1,-99999,34.7,-0.39,14.,18.5,0.01,0.01
121162,7676974,54.63002,-8.438052,0.,1,-99999,34.7,-0.39,14.,18.5,0.01,0.01
121162,7677310,54.630013,-8.438085,0.,1,-99999,34.7,-0.39,14.,18.5,0.01,0.01
121162,7677470,54.629965,-8.438072,0.,1,-99999,34.7,-0.39,14.,18.5,0.01,0.01
121162,7678124,54.63001,-8.438032,0.,1,-99999,34.7,-0.39,14.,18.5,0.01,0.01
121162,7678224,54.629983,-8.438048,0.,1,-99999,34.7,-0.39,14.,18.5,0.01,0.01
121162,7678424,54.630003,-8.437998,0.1,1,-99999,34.7,-0.39,14.,18.5,0.01,0.01
121162,7679104,54.630012,-8.43806,0.,1,-99999,34.7,-0.39,14.,18.5,0.01,0.01
121162,7679380,54.629963,-8.438075,0.,1,-99999,34.7,-0.39,14.,18.5,0.01,0.01
121162,7679420,54.629962,-8.438057,0.,1,-99999,34.7,-0.39,14.,18.5,0.01,0.01
121162,7680192,54.629957,-8.438097,0.,1,-99999,34.7,-0.39,14.,18.5,0.01,0.01
121162,7680320,54.630058,-8.438032,0.,1,-99999,34.7,-0.39,14.,18.5,0.01,0.01
121162,7680332,54.630013,-8.438037,0.,1,-99999,34.7,-0.39,14.,18.5,0.01,0.01
121162,7681243,54.630018,-8.438058,0.1,1,-99999,34.7,-0.39,14.,18.5,0.01,0.01
121162,7681282,54.629982,-8.438053,0.1,1,-99999,34.7,-0.39,14.,18.5,0.01,0.01
121162,7682163,54.629983,-8.438042,0.,1,-99999,34.7,-0.39,14.,18.5,0.01,0.01
121162,7682231,54.629977,-8.438035,0.,1,-99999,34.7,-0.39,14.,18.5,0.01,0.01
121162,7682256,54.629975,-8.438047,0.,1,-99999,34.7,-0.39,14.,18.5,0.01,0.01
121162,7683072,54.630025,-8.438067,0.1,1,-99999,34.7,-0.39,14.,18.5,0.01,0.01
121162,7683192,54.630037,-8.438037,0.,1,-99999,34.7,-0.39,14.,18.5,0.01,0.01
121162,7683353,54.630067,-8.438037,0.,1,-99999,34.7,-0.39,14.,18.5,0.01,0.01
121162,7683992,54.630043,-8.438005,0.,1,-99999,34.7,-0.39,14.,18.5,0.01,0.01
121162,7684152,54.629997,-8.438065,0.,1,-99999,34.7,-0.39,14.,18.5,0.01,0.01
121162,7684503,54.629927,-8.438117,0.,1,-99999,34.7,-0.39,14.,18.5,0.01,0.01
121162,7684902,54.629965,-8.438085,0.,1,-99999,34.7,-0.39,14.,18.5,0.01,0.01
121162,7685110,54.629918,-8.43816,0.1,1,-99999,34.7,-0.39,14.,18.6,0.01,0.01
121162,7685704,54.63003,-8.438022,0.,1,-99999,34.7,-0.39,14.,18.5,0.01,0.01
121162,7686024,54.629958,-8.43812,0.1,1,-99999,34.7,-0.39,14.,18.6,0.01,0.01
121162,7686112,54.629947,-8.438095,0.1,1,-99999,34.7,-0.39,14.,18.6,0.01,0.01
121162,7686812,54.630037,-8.43805,0.,1,-99999,34.7,-0.39,14.,18.5,0.01,0.01
121162,7686984,54.629963,-8.438075,0.,1,-99999,34.7,-0.39,14.,18.6,0.01,0.01
121162,7687020,54.629968,-8.438078,0.,1,-99999,34.7,-0.39,14.,18.6,0.01,0.01
121162,7687724,54.629992,-8.438025,0.,1,-99999,34.7,-0.39,14.,18.6,0.01,0.01
121162,7687930,54.629968,-8.438103,0.,1,-99999,34.7,-0.39,14.,18.6,0.01,0.01
121162,7688636,54.629987,-8.4381,0.,1,-99999,34.7,-0.39,14.,18.6,0.01,0.01
121162,7688839,54.630017,-8.438095,0.,1,-99999,34.7,-0.39,14.,18.6,0.01,0.01
121162,7688872,54.630007,-8.43812,0.,1,-99999,34.7,-0.39,14.,18.6,0.01,0.01
121162,7689683,54.629957,-8.438032,0.,1,-99999,34.7,-0.39,14.,18.6,0.01,0.01
121162,7689743,54.630018,-8.43799,0.,1,-99999,34.7,-0.39,14.,18.6,0.01,0.01
121162,7689851,54.630002,-8.438067,0.1,1,-99999,34.7,-0.39,14.,18.6,0.01,0.01
121162,7690664,54.63003,-8.438055,0.1,1,-99999,34.7,-0.39,14.,18.6,0.01,0.01
121162,7690812,54.629985,-8.43801,0.,1,-99999,34.7,-0.39,14.,18.6,0.01,0.01
121162,7690984,54.629967,-8.438047,0.,1,-99999,34.7,-0.39,14.,18.6,0.01,0.01
121162,7691572,54.63001,-8.438092,0.,1,-99999,34.7,-0.39,14.,18.6,0.01,0.01
121162,7691752,54.630028,-8.438047,0.,1,-99999,34.7,-0.39,14.,18.6,0.01,0.01
121162,7691885,54.630012,-8.438045,0.,1,-99999,34.7,-0.39,14.,18.6,0.01,0.01
121162,7692482,54.630007,-8.438105,0.,1,-99999,34.7,-0.39,14.,18.6,0.01,0.01
121162,7692702,54.629973,-8.438033,0.,1,-99999,34.7,-0.39,14.,18.6,0.01,0.01
121162,7692926,54.62996,-8.438067,0.,1,-99999,34.7,-0.39,14.,18.6,0.01,0.01
121162,7693390,54.630028,-8.438068,0.,1,-99999,34.7,-0.39,14.,18.6,0.01,0.01
121162,7693630,54.630002,-8.438075,0.,1,-99999,34.7,-0.39,14.,18.6,0.01,0.01
121162,7693834,54.630047,-8.43804,0.,1,-99999,34.7,-0.39,14.,18.6,0.01,0.01
121162,7694302,54.630055,-8.438108,0.,1,-99999,34.7,-0.39,14.,18.6,0.01,0.01
121162,7694574,54.629953,-8.438132,0.,1,-99999,34.7,-0.39,14.,18.6,0.01,0.01
121162,7695163,54.629987,-8.43806,0.,1,-99999,34.7,-0.39,14.,18.6,0.01,0.01
121162,7695230,54.629983,-8.438085,0.,1,-99999,34.7,-0.39,14.,18.6,0.01,0.01
121162,7695514,54.629937,-8.438097,0.1,1,-99999,34.7,-0.39,14.,18.6,0.01,0.01
121162,7696154,54.629988,-8.438053,0.,1,-99999,34.7,-0.39,14.,18.6,0.01,0.01
121162,7696471,54.629995,-8.438017,0.,1,-99999,34.7,-0.39,14.,18.6,0.01,0.01
121162,7696730,54.629985,-8.438107,0.,1,-99999,34.7,-0.39,14.,18.6,0.01,0.01
121162,7697114,54.629987,-8.438097,0.,1,-99999,34.7,-0.39,14.,18.6,0.01,0.01
121162,7697362,54.629995,-8.438043,0.1,1,-99999,34.7,-0.39,14.,18.6,0.01,0.01
121162,7697462,54.629988,-8.438083,0.1,1,-99999,34.7,-0.39,14.,18.6,0.,0.01
121162,7698215,54.629977,-8.438125,0.,1,-99999,34.7,-0.38,14.,18.6,0.,0.01
121162,7698271,54.63001,-8.438057,0.,1,-99999,34.7,-0.38,14.,18.6,0.,0.01
121162,7698411,54.629983,-8.4381,0.,1,-99999,34.7,-0.38,14.,18.6,0.,0.01
121162,7699123,54.62998,-8.438147,0.,1,-99999,34.7,-0.38,14.,18.6,0.,0.01
121162,7699183,54.629997,-8.438083,0.,1,-99999,34.7,-0.38,14.,18.6,0.,0.01
121162,7699363,54.630007,-8.438032,0.1,1,-99999,34.7,-0.38,14.,18.6,0.,0.01
121162,7700103,54.630073,-8.437957,0.,1,-99999,34.7,-0.38,14.,18.6,0.,0.01
121162,7700123,54.630067,-8.437977,0.,1,-99999,34.7,-0.38,14.,18.6,0.,0.01
121162,7700304,54.630017,-8.438042,0.,1,-99999,34.7,-0.38,14.,18.6,0.,0.01
121162,7701012,54.630052,-8.437982,0.,1,-99999,34.7,-0.38,14.,18.6,0.,0.01
121162,7701185,54.629972,-8.438072,0.,1,-99999,34.7,-0.38,14.,18.6,0.,0.01
121162,7701265,54.630013,-8.438057,0.1,1,-99999,34.7,-0.38,14.,18.6,0.,0.01
121162,7702203,54.629995,-8.438083,0.,1,-99999,34.7,-0.38,14.,18.7,0.,0.01
121162,7702223,54.629948,-8.438162,0.,1,-99999,34.7,-0.38,14.,18.7,0.,0.01
121162,7702383,54.630005,-8.438067,0.,1,-99999,34.7,-0.38,14.,18.7,0.,0.01
121162,7703150,54.63005,-8.438008,0.,1,-99999,34.7,-0.38,14.,18.7,0.,0.01
121162,7703422,54.629987,-8.438068,0.,1,-99999,34.7,-0.38,14.,18.7,0.,0.01
121162,7703485,54.629972,-8.438072,0.,1,-99999,34.7,-0.38,14.,18.7,0.,0.01
121162,7704141,54.629988,-8.437998,0.,1,-99999,34.7,-0.38,14.,18.7,0.,0.01
121162,7704330,54.629972,-8.43805,0.,1,-99999,34.7,-0.38,14.,18.7,0.,0.01
121162,7704655,54.630017,-8.438057,0.,1,-99999,34.7,-0.38,14.,18.7,0.,0.01
121162,7705090,54.62996,-8.438067,0.1,1,-99999,34.7,-0.38,14.,18.7,0.,0.01
121162,7705530,54.629965,-8.438055,0.,1,-99999,34.7,-0.38,14.,18.7,0.,0.01
121162,7705626,54.62998,-8.43804,0.,1,-99999,34.7,-0.38,14.,18.7,0.,0.01
121162,7706022,54.630013,-8.438062,0.,1,-99999,34.7,-0.38,14.,18.7,0.,0.01
121162,7706442,54.629992,-8.438068,0.,1,-99999,34.7,-0.38,14.,18.7,0.,0.01
121162,7706726,54.629987,-8.438055,0.,1,-99999,34.7,-0.38,14.,18.7,0.,0.01
121162,7706962,54.629958,-8.438062,0.,1,-99999,34.7,-0.38,14.,18.7,0.,0.01
121162,7707354,54.630013,-8.43802,0.,1,-99999,34.7,-0.38,14.,18.7,0.,0.01
121162,7707914,54.63,-8.438002,0.1,1,-99999,34.7,-0.38,14.,18.7,0.,0.01
121162,7708052,54.63001,-8.438062,0.,1,-99999,34.7,-0.38,14.,18.7,0.,0.01
121162,7708260,54.629988,-8.43805,0.,1,-99999,34.7,-0.38,14.,18.7,0.,0.01
121162,7708860,54.629998,-8.438042,0.,1,-99999,34.7,-0.38,14.,18.7,0.,0.01
121162,7709161,54.629987,-8.438005,0.,1,-99999,34.7,-0.38,14.,18.7,0.,0.01
121162,7709205,54.62999,-8.437997,0.,1,-99999,34.7,-0.38,14.,18.7,0.,0.01
121162,7709833,54.630025,-8.438095,0.1,1,-99999,34.7,-0.38,14.,18.7,0.,0.01
121162,7710374,54.630058,-8.438127,0.1,1,-99999,34.7,-0.38,14.,18.7,0.,0.01
121162,7710781,54.630018,-8.437972,0.1,1,-99999,34.7,-0.38,14.,18.7,0.,0.01
121162,7711281,54.629988,-8.43803,0.1,1,-99999,34.7,-0.38,14.,18.7,0.,0.01
121162,7711465,54.630042,-8.438097,0.,1,-99999,34.7,-0.38,14.,18.7,0.,0.01
121162,7711741,54.629995,-8.438045,0.,1,-99999,34.7,-0.38,14.,18.7,0.,0.01
121162,7712194,54.630013,-8.438082,0.1,1,-99999,34.7,-0.38,14.,18.7,0.,0.01
121162,7712694,54.629958,-8.438087,0.,1,-99999,34.7,-0.38,14.,18.7,0.,0.01
121162,7713400,54.630018,-8.438085,0.1,1,-99999,34.7,-0.38,14.,18.7,0.,0.01
121162,7713640,54.630055,-8.438133,0.,1,-99999,34.7,-0.38,14.,18.7,0.,0.01
121162,7713984,54.630127,-8.438037,0.,1,-99999,34.7,-0.38,14.,18.7,0.,0.01
121162,7714593,54.630008,-8.438138,0.,1,-99999,34.7,-0.38,14.,18.7,0.,0.01
121162,7714601,54.630013,-8.43814,0.,1,-99999,34.7,-0.38,14.,18.7,0.,0.01
121162,7714950,54.630055,-8.438092,0.,1,-99999,34.7,-0.38,14.,18.7,0.,0.01
121162,7715523,54.62997,-8.438132,0.1,1,-99999,34.7,-0.38,14.,18.8,0.,0.01
121162,7715539,54.629977,-8.438122,0.1,1,-99999,34.7,-0.38,14.,18.8,0.,0.01
121162,7715924,54.630007,-8.438132,0.,1,-99999,34.7,-0.38,14.,18.8,0.,0.01
121162,7716432,54.629983,-8.438137,0.,1,-99999,34.7,-0.38,14.,18.8,0.,0.01
121162,7716492,54.629983,-8.438128,0.1,1,-99999,34.7,-0.38,14.,18.8,0.,0.01
121162,7717341,54.630008,-8.43811,0.1,1,-99999,34.7,-0.38,14.,18.8,0.,0.01
121162,7717432,54.629977,-8.438055,0.1,1,-99999,34.7,-0.38,14.,18.8,0.,0.01
121162,7718173,54.629987,-8.438107,0.,1,-99999,34.7,-0.38,14.,18.8,0.,0.01
121162,7718253,54.629995,-8.438103,0.,1,-99999,34.7,-0.38,14.,18.8,0.,0.01
121162,7718381,54.630078,-8.438013,0.1,1,-99999,34.7,-0.38,14.,18.8,0.,0.01
121162,7719198,54.629987,-8.438092,0.,1,-99999,34.7,-0.38,14.,18.8,0.,0.01
121162,7719374,54.629987,-8.438105,0.1,1,-99999,34.7,-0.38,14.,18.8,0.,0.01
121162,7719454,54.629993,-8.43807,0.,1,-99999,34.7,-0.38,14.,18.8,0.,0.01
121162,7720323,54.630025,-8.438008,0.,1,-99999,34.7,-0.38,14.,18.8,0.,0.01
121162,7720363,54.630018,-8.43803,0.,1,-99999,34.7,-0.38,14.,18.8,0.,0.01
121162,7720659,54.629992,-8.438077,0.,1,-99999,34.7,-0.38,14.,18.8,0.,0.01
121162,7721283,54.630013,-8.438092,0.,1,-99999,34.7,-0.38,14.,18.8,0.,0.01
121162,7721571,54.629923,-8.438042,0.,1,-99999,34.7,-0.38,14.,18.8,0.,0.01
121162,7721755,54.62998,-8.438057,0.,1,-99999,34.7,-0.38,14.,18.8,0.,0.01
121162,7722243,54.629988,-8.438068,0.1,1,-99999,34.7,-0.38,14.,18.8,0.,0.01
121162,7722472,54.629987,-8.438083,0.,1,-99999,34.7,-0.38,14.,18.8,0.,0.01
121162,7723139,54.629937,-8.438052,0.,1,-99999,34.7,-0.38,14.,18.8,0.,0.01
121162,7723172,54.629947,-8.438065,0.,1,-99999,34.7,-0.38,14.,18.8,0.,0.01
121162,7723683,54.629977,-8.43811,0.1,1,-99999,34.7,-0.38,14.,18.8,0.,0.01
121162,7724112,54.629937,-8.438082,0.1,1,-99999,34.7,-0.38,14.,18.8,0.,0.01
121162,7724120,54.629937,-8.438082,0.,1,-99999,34.7,-0.38,14.,18.8,0.,0.01
121162,7724592,54.629957,-8.438032,0.,1,-99999,34.7,-0.38,14.,18.8,0.,0.01
121162,7725072,54.630012,-8.438017,0.1,1,-99999,34.7,-0.38,14.,18.8,0.,0.01
121162,7725501,54.630005,-8.438037,0.1,1,-99999,34.7,-0.38,14.,18.8,0.,0.01
121162,7725757,54.629935,-8.438127,0.,1,-99999,34.7,-0.38,14.,18.8,0.,0.01
121162,7726013,54.629937,-8.438113,0.1,1,-99999,34.7,-0.38,14.,18.8,0.,0.01
121162,7726414,54.629982,-8.438082,0.,1,-99999,34.7,-0.38,14.,18.8,0.,0.01
121162,7726715,54.629987,-8.438007,0.,1,-99999,34.7,-0.38,14.,18.8,0.,0.01
121162,7726983,54.629992,-8.43811,0.,1,-99999,34.7,-0.38,14.,18.8,0.,0.01
121162,7727321,54.629957,-8.438123,0.,1,-99999,34.7,-0.38,14.,18.8,0.,0.01
121162,7727636,54.630007,-8.43803,0.,1,-99999,34.7,-0.38,14.,18.8,0.,0.01
121162,7727944,54.629955,-8.438065,0.,1,-99999,34.7,-0.38,14.,18.8,0.,0.01
121162,7728241,54.629995,-8.438035,0.,1,-99999,34.7,-0.38,14.,18.8,0.,0.01
121162,7728881,54.630007,-8.438097,0.1,1,-99999,34.7,-0.38,14.,18.8,0.,0.01
121162,7729346,54.62994,-8.438115,0.,1,-99999,34.7,-0.37,14.,18.8,0.,0.01
121162,7729443,54.629995,-8.438113,0.,1,-99999,34.7,-0.37,14.,18.8,0.,0.01
121162,7729831,54.630022,-8.438087,0.,1,-99999,34.7,-0.37,14.,18.8,0.,0.01
121162,7730351,54.630025,-8.438032,0.,1,-99999,34.7,-0.37,14.,18.8,0.,0.01
121162,7730782,54.629962,-8.438132,0.,1,-99999,34.7,-0.37,14.,18.900000000000002,0.,0.01
121162,7731234,54.629977,-8.438042,0.,1,-99999,34.7,-0.37,14.,18.8,0.,0.01
121162,7731562,54.630007,-8.438042,0.,1,-99999,34.7,-0.37,14.,18.8,0.,0.01
121162,7731743,54.630025,-8.438083,0.,1,-99999,34.7,-0.37,14.,18.900000000000002,0.,0.01
121162,7732195,54.62998,-8.438072,0.,1,-99999,34.7,-0.37,14.,18.900000000000002,0.,0.01
121162,7732471,54.629998,-8.438067,0.,1,-99999,34.7,-0.37,14.,18.900000000000002,0.,0.01
121162,7732691,54.629995,-8.438087,0.,1,-99999,34.7,-0.37,14.,18.900000000000002,0.,0.01
121162,7733391,54.630037,-8.438043,0.,1,-99999,34.7,-0.37,14.,18.900000000000002,0.,0.01
121162,7733663,54.62997,-8.438062,0.,1,-99999,34.7,-0.37,14.,18.900000000000002,0.,0.01
121162,7733816,54.629987,-8.438027,0.,1,-99999,34.7,-0.37,14.,18.900000000000002,0.,0.01
121162,7734292,54.629977,-8.438077,0.,1,-99999,34.7,-0.37,14.,18.900000000000002,0.,0.01
121162,7734611,54.629938,-8.438083,0.1,1,-99999,34.7,-0.37,14.,18.900000000000002,0.,0.01
121162,7735212,54.629972,-8.438113,0.1,1,-99999,34.7,-0.37,14.,18.900000000000002,0.,0.01
121162,7735273,54.629977,-8.438107,0.,1,-99999,34.7,-0.37,14.,18.900000000000002,0.,0.01
121162,7735569,54.629977,-8.438092,0.,1,-99999,34.7,-0.37,14.,18.900000000000002,0.,0.01
121162,7736122,54.629948,-8.43812,0.,1,-99999,34.7,-0.37,14.,18.900000000000002,0.,0.01
121162,7736242,54.629947,-8.438072,0.,1,-99999,34.7,-0.37,14.,18.900000000000002,0.,0.01
121162,7737031,54.629995,-8.438043,0.1,1,-99999,34.7,-0.37,14.,18.900000000000002,0.,0.01
121162,7737478,54.629987,-8.438065,0.,1,-99999,34.7,-0.37,14.,18.900000000000002,0.,0.01
121162,7737534,54.629977,-8.438017,0.,1,-99999,34.7,-0.37,14.,18.900000000000002,0.,0.01
121162,7737942,54.63,-8.43803,0.,1,-99999,34.7,-0.37,14.,18.900000000000002,0.,0.01
121162,7738422,54.629952,-8.438063,0.,1,-99999,34.7,-0.37,14.,18.900000000000002,0.,0.01
121162,7738606,54.629997,-8.438052,0.,1,-99999,34.7,-0.37,14.,18.900000000000002,0.,0.01
121162,7739142,54.63001,-8.438022,0.,1,-99999,34.7,-0.37,14.,18.900000000000002,0.,0.01
121162,7739350,54.629898,-8.438092,0.,1,-99999,34.7,-0.37,14.,18.900000000000002,0.,0.01