TrackNumber,Time(seconds),Latitude,Longitude,SOG,oceanic depth,Chlorophyll Concentration,Salinity,Water Surface Elevation,Sea Temperature,Thermocline Depth,Eastward Water Velocity,Northward Water Velocity
103329,0,10.6235,-24.635833,6.7,-1346,0.0448,36.7,0.08,27.200000000000003,94.7,-0.26,-0.15
103329,979,10.595167,-24.627167,6.7,-1347,0.0451,36.7,0.08,27.200000000000003,101.10000000000001,-0.26,-0.16
103329,981,10.595167,-24.627167,6.7,-1347,0.0451,36.7,0.08,27.200000000000003,101.10000000000001,-0.26,-0.16
103329,1039,10.593333,-24.626833,7.,-1347,0.0451,36.7,0.08,27.200000000000003,101.5,-0.26,-0.16
103329,1041,10.593333,-24.626833,7.,-1347,0.0451,36.7,0.08,27.200000000000003,101.5,-0.26,-0.16
103329,1198,10.588333,-24.625333,6.7,-1348,0.045200000000000004,36.7,0.08,27.200000000000003,102.60000000000001,-0.26,-0.16
103329,1200,10.588333,-24.625333,6.7,-1348,0.045200000000000004,36.7,0.08,27.200000000000003,102.60000000000001,-0.26,-0.16
103329,5510,10.486833,-24.596,6.7,-1343,0.041800000000000004,36.6,0.08,27.200000000000003,108.5,-0.26,-0.16
103329,33806,10.086833,-25.410167,11.,-1246,0.0385,36.800000000000004,0.04,27.,110.9,-0.1,-0.16
103329,33807,10.086833,-25.410167,11.,-1246,0.0385,36.800000000000004,0.04,27.,110.9,-0.1,-0.16
103329,33857,10.086833,-25.412667,10.9,-1246,0.0385,36.800000000000004,0.04,27.,110.9,-0.1,-0.16
103329,33876,10.086833,-25.413833,10.9,-1246,0.0385,36.800000000000004,0.04,27.,110.9,-0.1,-0.16
103329,33918,10.086833,-25.415833,10.9,-1246,0.0385,36.800000000000004,0.04,27.,110.9,-0.1,-0.16
103329,33966,10.086833,-25.4185,11.,-1248,0.038400000000000004,36.800000000000004,0.04,27.,110.80000000000001,-0.1,-0.16
103329,33986,10.086833,-25.4195,11.,-1247,0.038400000000000004,36.800000000000004,0.04,27.,110.80000000000001,-0.1,-0.16
103329,33987,10.086833,-25.4195,11.,-1247,0.038400000000000004,36.800000000000004,0.04,27.,110.80000000000001,-0.1,-0.16
103329,34008,10.086833,-25.420667,11.,-1246,0.038400000000000004,36.800000000000004,0.04,27.,110.80000000000001,-0.1,-0.16
103329,34010,10.086833,-25.420833,11.,-1246,0.0385,36.800000000000004,0.04,27.,110.80000000000001,-0.1,-0.16
103329,34011,10.086833,-25.420833,11.,-1246,0.0385,36.800000000000004,0.04,27.,110.80000000000001,-0.1,-0.16
103329,34027,10.086833,-25.4215,11.1,-1246,0.0385,36.800000000000004,0.04,27.,110.80000000000001,-0.1,-0.16
103329,34068,10.086833,-25.423667,11.1,-1244,0.0385,36.800000000000004,0.04,27.,110.80000000000001,-0.11,-0.15
103329,34129,10.086833,-25.426833,11.1,-1242,0.0385,36.800000000000004,0.04,27.,110.80000000000001,-0.11,-0.15
103329,39563,10.073333,-25.710167,11.1,-1250,0.040600000000000004,36.7,0.05,27.200000000000003,106.10000000000001,-0.07,-0.07
103329,39564,10.073333,-25.710167,11.1,-1250,0.040600000000000004,36.7,0.05,27.200000000000003,106.10000000000001,-0.07,-0.07
103329,39572,10.073167,-25.710667,11.1,-1250,0.040600000000000004,36.7,0.05,27.200000000000003,106.10000000000001,-0.07,-0.07
103329,39573,10.073167,-25.710667,11.1,-1250,0.040600000000000004,36.7,0.05,27.200000000000003,106.10000000000001,-0.07,-0.07
103329,39622,10.072333,-25.713,11.1,-1251,0.040600000000000004,36.7,0.05,27.200000000000003,106.10000000000001,-0.07,-0.07
103329,39682,10.0715,-25.716,11.2,-1251,0.040600000000000004,36.7,0.05,27.200000000000003,106.10000000000001,-0.07,-0.06
103329,39742,10.0705,-25.719,11.2,-1252,0.0405,36.7,0.05,27.200000000000003,106.10000000000001,-0.07,-0.06
103329,39752,10.070333,-25.7195,11.2,-1252,0.0405,36.7,0.05,27.200000000000003,106.,-0.07,-0.06
103329,39773,10.07,-25.720667,11.2,-1252,0.0405,36.7,0.05,27.200000000000003,106.,-0.07,-0.06
103329,39783,10.069833,-25.721,11.2,-1252,0.0405,36.7,0.05,27.200000000000003,106.,-0.07,-0.06
103329,39791,10.069667,-25.7215,11.2,-1252,0.0405,36.7,0.05,27.200000000000003,106.,-0.07,-0.06
103329,39792,10.069667,-25.7215,11.2,-1252,0.0405,36.7,0.05,27.200000000000003,106.,-0.07,-0.06
103329,39802,10.0695,-25.722167,11.2,-1253,0.0405,36.7,0.05,27.200000000000003,106.,-0.07,-0.06
103329,39822,10.069333,-25.723333,11.2,-1253,0.0405,36.7,0.05,27.200000000000003,106.,-0.07,-0.06
103329,39833,10.069167,-25.723667,11.2,-1253,0.0405,36.7,0.05,27.200000000000003,106.,-0.07,-0.06
103329,39872,10.068667,-25.725667,11.3,-1253,0.0405,36.7,0.05,27.200000000000003,106.,-0.07,-0.06
103329,39873,10.068667,-25.725667,11.3,-1253,0.0405,36.7,0.05,27.200000000000003,106.,-0.07,-0.06
103329,39882,10.0685,-25.726167,11.2,-1253,0.0405,36.7,0.05,27.200000000000003,106.,-0.07,-0.06
103329,39893,10.068333,-25.726833,11.2,-1253,0.0405,36.7,0.05,27.200000000000003,106.,-0.07,-0.06
103329,39902,10.068333,-25.727333,11.2,-1253,0.0405,36.7,0.05,27.200000000000003,106.,-0.07,-0.06
103329,39922,10.068,-25.728333,11.2,-1254,0.0405,36.7,0.05,27.200000000000003,106.,-0.07,-0.06
103329,39943,10.067667,-25.729333,11.1,-1254,0.0405,36.7,0.05,27.200000000000003,106.,-0.07,-0.06
103329,39953,10.0675,-25.729833,11.1,-1254,0.0405,36.7,0.05,27.200000000000003,106.,-0.07,-0.06
103329,39962,10.0675,-25.730333,11.1,-1254,0.0405,36.7,0.05,27.200000000000003,106.,-0.07,-0.06
103329,40002,10.066833,-25.732333,11.1,-1254,0.0405,36.7,0.05,27.200000000000003,106.,-0.07,-0.06
103329,40043,10.066167,-25.7345,11.1,-1255,0.0405,36.7,0.05,27.200000000000003,106.,-0.07,-0.06
103329,40072,10.065667,-25.736,11.1,-1255,0.0405,36.7,0.05,27.200000000000003,105.9,-0.07,-0.06
103329,41575,10.042833,-25.8115,11.,-1254,0.0407,36.6,0.05,27.200000000000003,108.7,-0.07,-0.05
103329,46825,10.012833,-25.929167,0.2,-1278,0.0407,36.6,0.06,27.200000000000003,108.80000000000001,-0.08,-0.06
103329,68076,10.058,-25.672167,5.7,-1246,0.0412,36.7,0.04,27.200000000000003,107.80000000000001,-0.08,-0.04
103329,68336,10.058833,-25.665,5.9,-1254,0.0405,36.7,0.04,27.200000000000003,108.2,-0.08,-0.04
103329,74385,10.067333,-25.516,5.7,-1253,0.0392,36.800000000000004,0.04,27.1,110.4,-0.1,-0.1
103329,74975,10.069333,-25.502167,5.6,-1254,0.0395,36.800000000000004,0.04,27.,110.7,-0.1,-0.11
103329,77663,10.0755,-25.4345,5.1,-1251,0.0383,36.800000000000004,0.04,27.,112.10000000000001,-0.1,-0.14
103329,77843,10.076167,-25.4295,5.7,-1253,0.0383,36.800000000000004,0.04,27.,112.2,-0.1,-0.14
103329,77844,10.076167,-25.4295,5.7,-1253,0.0383,36.800000000000004,0.04,27.,112.2,-0.1,-0.14
103329,77883,10.076167,-25.4285,5.7,-1253,0.038400000000000004,36.800000000000004,0.04,27.,112.2,-0.1,-0.14
103329,77884,10.076167,-25.4285,5.7,-1253,0.038400000000000004,36.800000000000004,0.04,27.,112.2,-0.1,-0.14
103329,77904,10.076333,-25.427833,5.8,-1253,0.038400000000000004,36.800000000000004,0.04,27.,112.2,-0.1,-0.14
103329,77933,10.0765,-25.427,6.,-1253,0.038400000000000004,36.800000000000004,0.04,27.,112.30000000000001,-0.1,-0.14
103329,77962,10.0765,-25.426167,5.6,-1253,0.038400000000000004,36.800000000000004,0.04,27.,112.30000000000001,-0.1,-0.14
103329,77963,10.0765,-25.426167,5.6,-1253,0.038400000000000004,36.800000000000004,0.04,27.,112.30000000000001,-0.1,-0.14
103329,78003,10.076833,-25.425167,5.5,-1254,0.038400000000000004,36.800000000000004,0.04,27.,112.30000000000001,-0.1,-0.14
103329,78004,10.076833,-25.425167,5.5,-1254,0.038400000000000004,36.800000000000004,0.04,27.,112.30000000000001,-0.1,-0.14
103329,78064,10.077,-25.423667,5.7,-1254,0.038400000000000004,36.800000000000004,0.04,27.,112.30000000000001,-0.1,-0.14
103329,78214,10.078,-25.4195,5.7,-1255,0.038400000000000004,36.800000000000004,0.04,27.,112.4,-0.1,-0.14
103329,83469,10.150667,-25.293167,6.4,-1248,0.038900000000000004,36.800000000000004,0.04,26.900000000000002,113.9,-0.08,-0.12
103329,83476,10.150833,-25.293,6.4,-1248,0.038900000000000004,36.800000000000004,0.04,26.900000000000002,113.9,-0.08,-0.12
103329,83477,10.150833,-25.293,6.4,-1248,0.038900000000000004,36.800000000000004,0.04,26.900000000000002,113.9,-0.08,-0.12
103329,83479,10.150833,-25.293,6.3,-1248,0.038900000000000004,36.800000000000004,0.04,26.900000000000002,113.9,-0.08,-0.12
103329,83480,10.150833,-25.293,6.3,-1248,0.038900000000000004,36.800000000000004,0.04,26.900000000000002,113.9,-0.08,-0.12
103329,83482,10.151,-25.292833,6.3,-1248,0.038900000000000004,36.800000000000004,0.04,26.900000000000002,113.9,-0.08,-0.12
103329,83483,10.151,-25.292833,6.3,-1248,0.038900000000000004,36.800000000000004,0.04,26.900000000000002,113.9,-0.08,-0.12
103329,83487,10.151,-25.292833,6.3,-1248,0.038900000000000004,36.800000000000004,0.04,26.900000000000002,113.9,-0.08,-0.12
103329,83509,10.1515,-25.292333,5.8,-1248,0.038900000000000004,36.800000000000004,0.04,26.900000000000002,113.9,-0.08,-0.12
103329,83510,10.1515,-25.292333,5.8,-1248,0.038900000000000004,36.800000000000004,0.04,26.900000000000002,113.9,-0.08,-0.12
103329,83516,10.1515,-25.292167,5.8,-1248,0.0388,36.800000000000004,0.04,26.900000000000002,113.9,-0.08,-0.12
103329,83533,10.151833,-25.291833,5.8,-1248,0.0388,36.800000000000004,0.04,26.900000000000002,113.9,-0.08,-0.12
103329,83579,10.152667,-25.2905,6.5,-1248,0.0392,36.800000000000004,0.04,26.900000000000002,113.9,-0.08,-0.12
103329,83580,10.152667,-25.2905,6.5,-1248,0.0392,36.800000000000004,0.04,26.900000000000002,113.9,-0.08,-0.12
103329,83596,10.153,-25.290167,6.6,-1248,0.0392,36.800000000000004,0.04,26.900000000000002,113.9,-0.08,-0.12
103329,83602,10.153167,-25.29,6.6,-1248,0.0392,36.800000000000004,0.04,26.900000000000002,113.9,-0.08,-0.12
103329,83603,10.153167,-25.29,6.6,-1248,0.0392,36.800000000000004,0.04,26.900000000000002,113.9,-0.08,-0.12
103329,83616,10.153333,-25.289667,6.4,-1248,0.0392,36.800000000000004,0.04,26.900000000000002,113.9,-0.08,-0.12
103329,83617,10.153333,-25.289667,6.4,-1248,0.0392,36.800000000000004,0.04,26.900000000000002,113.9,-0.08,-0.12
103329,83623,10.1535,-25.289667,6.2,-1248,0.0392,36.800000000000004,0.04,26.900000000000002,113.9,-0.08,-0.12
103329,83626,10.1535,-25.2895,6.,-1248,0.0392,36.800000000000004,0.04,26.900000000000002,113.9,-0.08,-0.12
103329,83627,10.1535,-25.2895,6.,-1248,0.0392,36.800000000000004,0.04,26.900000000000002,113.9,-0.08,-0.12
103329,83630,10.1535,-25.2895,5.9,-1248,0.0392,36.800000000000004,0.04,26.900000000000002,113.9,-0.08,-0.12
103329,83636,10.153667,-25.289333,5.8,-1248,0.0392,36.800000000000004,0.04,26.900000000000002,113.9,-0.08,-0.12
103329,83637,10.153667,-25.289333,5.8,-1248,0.0392,36.800000000000004,0.04,26.900000000000002,113.9,-0.08,-0.12
103329,83643,10.153667,-25.289167,5.8,-1248,0.0392,36.800000000000004,0.04,26.900000000000002,113.9,-0.08,-0.12
103329,83653,10.153833,-25.289,5.8,-1248,0.0392,36.800000000000004,0.04,26.900000000000002,113.9,-0.08,-0.12
103329,83654,10.153833,-25.289,5.8,-1248,0.0392,36.800000000000004,0.04,26.900000000000002,113.9,-0.08,-0.12
103329,83663,10.154,-25.288667,5.9,-1248,0.0392,36.800000000000004,0.04,26.900000000000002,113.9,-0.08,-0.12
103329,83683,10.154333,-25.288167,5.9,-1248,0.0392,36.800000000000004,0.04,26.900000000000002,113.9,-0.08,-0.12
103329,83684,10.154333,-25.288167,5.9,-1248,0.0392,36.800000000000004,0.04,26.900000000000002,113.9,-0.08,-0.12
103329,83733,10.155333,-25.287167,5.9,-1248,0.0392,36.800000000000004,0.04,26.900000000000002,113.9,-0.08,-0.12
103329,83744,10.1555,-25.286833,6.,-1248,0.0392,36.800000000000004,0.04,26.900000000000002,113.9,-0.08,-0.12
103329,83804,10.1565,-25.285333,6.3,-1248,0.0392,36.800000000000004,0.04,26.900000000000002,113.9,-0.08,-0.12
103329,83813,10.156667,-25.285167,6.4,-1248,0.0392,36.800000000000004,0.04,26.900000000000002,113.9,-0.08,-0.12
103329,83814,10.156667,-25.285167,6.4,-1248,0.0392,36.800000000000004,0.04,26.900000000000002,113.9,-0.08,-0.12
103329,83850,10.157167,-25.284333,6.,-1248,0.0392,36.800000000000004,0.04,26.900000000000002,113.9,-0.08,-0.12
103329,88942,10.201333,-25.154,2.5,-1241,0.0414,36.9,0.04,26.8,111.7,-0.11,-0.13
103329,106745,9.925333,-25.0505,11.8,-1280,0.0398,36.800000000000004,0.04,26.900000000000002,111.2,-0.06,-0.1
103329,106775,9.924,-25.0515,11.8,-1280,0.039900000000000005,36.800000000000004,0.04,26.900000000000002,111.2,-0.06,-0.1
103329,112576,9.697667,-25.277167,11.7,-1299,0.038700000000000005,36.7,0.04,27.1,108.30000000000001,-0.08,-0.14
103329,122132,9.4915,-25.726667,10.9,-1278,0.0419,36.7,0.06,27.1,109.,-0.05,0.07
103329,122201,9.489833,-25.729833,10.9,-1278,0.041600000000000005,36.7,0.06,27.1,109.2,-0.05,0.07
103329,122251,9.488667,-25.732167,10.9,-1279,0.0414,36.7,0.06,27.1,109.30000000000001,-0.05,0.07
103329,122252,9.488667,-25.732167,10.9,-1279,0.0414,36.7,0.06,27.1,109.30000000000001,-0.05,0.07
103329,122281,9.488,-25.7335,11.,-1279,0.0412,36.7,0.06,27.1,109.30000000000001,-0.05,0.08
103329,122321,9.487,-25.735333,11.,-1280,0.041100000000000005,36.7,0.06,27.1,109.4,-0.05,0.08
103329,122392,9.485333,-25.738667,11.1,-1280,0.0408,36.7,0.06,27.1,109.5,-0.05,0.08
103329,122400,9.485167,-25.738833,11.1,-1280,0.0408,36.7,0.06,27.1,109.5,-0.05,0.08
103329,122401,9.485167,-25.738833,11.1,-1280,0.0408,36.7,0.06,27.1,109.5,-0.05,0.08
103329,122412,9.484833,-25.7395,11.1,-1281,0.0407,36.7,0.06,27.1,109.5,-0.05,0.08
103329,122462,9.483667,-25.741833,11.1,-1281,0.0405,36.7,0.06,27.1,109.60000000000001,-0.05,0.08
103329,122493,9.482833,-25.743333,11.1,-1281,0.040400000000000005,36.7,0.06,27.1,109.7,-0.05,0.08
103329,122501,9.482667,-25.743667,11.1,-1282,0.040400000000000005,36.7,0.06,27.1,109.7,-0.05,0.08
103329,122553,9.4815,-25.746,11.1,-1282,0.0402,36.7,0.06,27.1,109.80000000000001,-0.05,0.08
103329,127931,9.324167,-25.9745,11.,-1253,0.0449,36.5,0.07,27.1,104.5,-0.09,0.03
103329,128051,9.320333,-25.9795,11.1,-1253,0.0448,36.5,0.08,27.1,103.60000000000001,-0.09,0.03
103329,128151,9.317333,-25.9835,11.1,-1253,0.0448,36.5,0.08,27.1,103.,-0.09,0.03
103329,128242,9.3145,-25.9875,11.,-1253,0.044700000000000004,36.5,0.08,27.1,102.5,-0.09,0.03
103329,128243,9.3145,-25.9875,11.,-1253,0.044700000000000004,36.5,0.08,27.1,102.5,-0.09,0.03
103329,128312,9.312333,-25.990333,11.,-1253,0.0446,36.5,0.08,27.1,102.10000000000001,-0.09,0.03
103329,128313,9.312333,-25.990333,11.,-1253,0.0446,36.5,0.08,27.1,102.10000000000001,-0.09,0.03
103329,128363,9.310833,-25.9925,11.,-1253,0.044500000000000005,36.5,0.08,27.1,101.9,-0.09,0.03
103329,128372,9.3105,-25.992833,11.,-1253,0.044500000000000005,36.5,0.08,27.1,101.80000000000001,-0.09,0.03
103329,128383,9.310333,-25.993167,11.,-1253,0.044500000000000005,36.5,0.08,27.1,101.80000000000001,-0.09,0.03
103329,128441,9.308333,-25.995667,11.,-1253,0.0444,36.5,0.08,27.1,101.5,-0.09,0.02
103329,128442,9.308333,-25.995667,11.,-1253,0.0444,36.5,0.08,27.1,101.5,-0.09,0.02
103329,128462,9.307833,-25.9965,11.,-1253,0.0444,36.5,0.08,27.1,101.4,-0.09,0.02
103329,128502,9.3065,-25.998167,11.,-1253,0.0443,36.5,0.08,27.1,101.2,-0.09,0.02
103329,130386,9.299667,-26.087833,11.,-1251,0.041800000000000004,36.5,0.08,27.1,103.10000000000001,-0.12,0.
103329,135885,9.314333,-26.202833,0.4,-1256,0.039900000000000005,36.5,0.08,27.1,97.60000000000001,-0.14,-0.04
103329,151455,9.2925,-26.068167,5.6,-1258,0.0434,36.5,0.08,27.1,103.9,-0.12,0.01
103329,155365,9.3105,-25.976833,5.1,-1252,0.0443,36.5,0.08,27.1,104.,-0.09,0.04
103329,156335,9.325,-25.957,5.6,-1252,0.0434,36.5,0.07,27.1,107.2,-0.09,0.05
103329,156435,9.326667,-25.954667,5.7,-1252,0.0434,36.5,0.07,27.1,107.60000000000001,-0.09,0.05
103329,157526,9.343333,-25.930833,4.8,-1255,0.0436,36.5,0.07,27.1,113.,-0.08,0.07
103329,157866,9.348667,-25.923167,6.,-1254,0.043500000000000004,36.5,0.07,27.1,115.,-0.08,0.07
103329,158745,9.362,-25.9035,5.8,-1267,0.0441,36.6,0.07,27.1,116.30000000000001,-0.07,0.08
103329,159192,9.367667,-25.894167,3.7,-1265,0.0439,36.6,0.07,27.1,115.80000000000001,-0.07,0.08
103329,160023,9.376833,-25.881333,5.7,-1263,0.0449,36.6,0.07,27.1,114.9,-0.07,0.09
103329,162685,9.415833,-25.8255,5.8,-1267,0.0443,36.6,0.06,27.1,110.9,-0.06,0.11
103329,166024,9.459333,-25.755833,6.2,-1268,0.0432,36.6,0.06,27.1,110.4,-0.05,0.12
103329,166064,9.459833,-25.754667,6.4,-1267,0.043300000000000005,36.6,0.06,27.1,110.4,-0.05,0.12
103329,166124,9.4605,-25.753167,5.8,-1267,0.0434,36.6,0.06,27.1,110.4,-0.05,0.11
103329,166144,9.460667,-25.752667,5.9,-1267,0.043500000000000004,36.6,0.06,27.1,110.4,-0.05,0.11
103329,166184,9.461333,-25.7515,6.4,-1267,0.0436,36.6,0.06,27.1,110.30000000000001,-0.05,0.11
103329,166214,9.461667,-25.750667,6.5,-1267,0.0436,36.6,0.06,27.1,110.30000000000001,-0.05,0.11
103329,166215,9.461667,-25.750667,6.5,-1267,0.0436,36.6,0.06,27.1,110.30000000000001,-0.05,0.11
103329,166222,9.461833,-25.750333,6.4,-1266,0.0436,36.6,0.06,27.1,110.30000000000001,-0.05,0.11
103329,166223,9.461833,-25.750333,6.4,-1266,0.0436,36.6,0.06,27.1,110.30000000000001,-0.05,0.11
103329,166244,9.462,-25.749833,5.9,-1282,0.0395,36.6,0.06,27.1,110.30000000000001,-0.05,0.11
103329,166254,9.462167,-25.749667,5.7,-1282,0.0396,36.6,0.06,27.1,110.30000000000001,-0.05,0.11
103329,166294,9.4625,-25.748667,5.8,-1282,0.0396,36.6,0.06,27.1,110.30000000000001,-0.05,0.11
103329,166304,9.462667,-25.7485,5.8,-1282,0.0396,36.6,0.06,27.1,110.30000000000001,-0.05,0.11
103329,166342,9.463167,-25.7475,5.9,-1282,0.0397,36.6,0.06,27.1,110.2,-0.05,0.11
103329,166343,9.463167,-25.7475,5.9,-1282,0.0397,36.6,0.06,27.1,110.2,-0.05,0.11
103329,166354,9.463333,-25.747167,6.,-1282,0.0397,36.6,0.06,27.1,110.2,-0.05,0.11
103329,166364,9.4635,-25.746833,6.,-1282,0.0397,36.6,0.06,27.1,110.2,-0.05,0.11
103329,166402,9.463833,-25.745833,6.3,-1281,0.0398,36.6,0.06,27.1,110.2,-0.05,0.11
103329,166403,9.463833,-25.745833,6.3,-1281,0.0398,36.6,0.06,27.1,110.2,-0.05,0.11
103329,166434,9.464333,-25.745,5.9,-1281,0.0398,36.6,0.06,27.1,110.2,-0.05,0.11
103329,166444,9.464333,-25.744833,5.7,-1281,0.0398,36.6,0.06,27.1,110.2,-0.05,0.11
103329,166445,9.464333,-25.744833,5.7,-1281,0.0398,36.6,0.06,27.1,110.2,-0.05,0.11
103329,166463,9.464667,-25.7445,5.6,-1281,0.0398,36.6,0.06,27.1,110.10000000000001,-0.05,0.11
103329,166470,9.464667,-25.744333,5.6,-1281,0.039900000000000005,36.6,0.06,27.1,110.10000000000001,-0.05,0.11
103329,166523,9.465333,-25.742833,6.,-1281,0.039900000000000005,36.6,0.06,27.1,110.10000000000001,-0.05,0.11
103329,166533,9.4655,-25.7425,6.,-1281,0.04,36.6,0.06,27.1,110.10000000000001,-0.05,0.11
103329,171834,9.528833,-25.611833,6.4,-1285,0.0393,36.7,0.05,27.,106.60000000000001,-0.03,0.02
103329,171844,9.529,-25.611667,6.4,-1285,0.0393,36.7,0.05,27.,106.60000000000001,-0.03,0.02
103329,171893,9.5295,-25.610333,6.,-1285,0.0393,36.7,0.05,27.,106.7,-0.03,0.02
103329,171904,9.529667,-25.610167,5.8,-1285,0.0393,36.7,0.05,27.,106.7,-0.03,0.02
103329,171953,9.530333,-25.609,6.,-1285,0.0393,36.7,0.05,27.,106.7,-0.03,0.01
103329,171954,9.530333,-25.609,6.,-1285,0.0393,36.7,0.05,27.,106.7,-0.03,0.01
103329,171964,9.5305,-25.608667,6.,-1285,0.0393,36.7,0.05,27.,106.7,-0.03,0.01
103329,172003,9.531,-25.607667,6.2,-1284,0.0392,36.7,0.05,27.,106.7,-0.03,0.01
103329,172023,9.531333,-25.607167,6.3,-1284,0.0392,36.7,0.05,27.,106.7,-0.03,0.01
103329,172024,9.531333,-25.607167,6.3,-1284,0.0392,36.7,0.05,27.,106.7,-0.03,0.01
103329,172043,9.531667,-25.6065,6.5,-1284,0.0392,36.7,0.05,27.,106.7,-0.03,0.01
103329,172044,9.531667,-25.6065,6.5,-1284,0.0392,36.7,0.05,27.,106.7,-0.03,0.01
103329,172054,9.531667,-25.606167,6.6,-1284,0.0392,36.7,0.05,27.,106.7,-0.03,0.01
103329,172083,9.532167,-25.6055,6.,-1284,0.0392,36.7,0.05,27.,106.7,-0.03,0.01
103329,172084,9.532167,-25.6055,6.,-1284,0.0392,36.7,0.05,27.,106.7,-0.03,0.01
103329,172103,9.532333,-25.605,5.7,-1284,0.0392,36.7,0.05,27.,106.7,-0.03,0.01
103329,172104,9.532333,-25.605,5.7,-1284,0.0392,36.7,0.05,27.,106.7,-0.03,0.01
103329,172114,9.5325,-25.604833,5.7,-1284,0.0392,36.7,0.05,27.,106.7,-0.03,0.01
103329,172123,9.532667,-25.604667,5.7,-1284,0.0392,36.7,0.05,27.,106.7,-0.03,0.01
103329,172163,9.533167,-25.603667,5.8,-1284,0.0392,36.7,0.05,27.,106.80000000000001,-0.03,0.01
103329,172174,9.533333,-25.6035,5.7,-1283,0.0392,36.7,0.05,27.,106.80000000000001,-0.03,0.01
103329,172193,9.533667,-25.603,5.7,-1283,0.0392,36.7,0.05,27.,106.80000000000001,-0.03,0.01
103329,172194,9.533667,-25.603,5.7,-1283,0.0392,36.7,0.05,27.,106.80000000000001,-0.03,0.01
103329,172201,9.533833,-25.602833,5.7,-1283,0.0392,36.7,0.05,27.,106.80000000000001,-0.03,0.01
103329,172203,9.533833,-25.602833,5.7,-1283,0.0392,36.7,0.05,27.,106.80000000000001,-0.03,0.01
103329,172204,9.533833,-25.602833,5.7,-1283,0.0392,36.7,0.05,27.,106.80000000000001,-0.03,0.01
103329,172208,9.533833,-25.602667,5.8,-1283,0.0392,36.7,0.05,27.,106.80000000000001,-0.03,0.01
103329,172210,9.534,-25.6025,5.8,-1283,0.0392,36.7,0.05,27.,106.80000000000001,-0.03,0.01
103329,172223,9.534167,-25.602167,6.,-1283,0.0392,36.7,0.05,27.,106.80000000000001,-0.03,0.01
103329,172224,9.534167,-25.602167,6.,-1283,0.0392,36.7,0.05,27.,106.80000000000001,-0.03,0.01
103329,172234,9.534333,-25.602,5.9,-1283,0.0392,36.7,0.05,27.,106.80000000000001,-0.03,0.01
103329,172253,9.5345,-25.6015,5.9,-1283,0.0392,36.7,0.05,27.,106.80000000000001,-0.03,0.01
103329,172254,9.5345,-25.6015,5.9,-1283,0.0392,36.7,0.05,27.,106.80000000000001,-0.03,0.01
103329,172294,9.535167,-25.600333,6.2,-1283,0.0392,36.7,0.05,27.,106.80000000000001,-0.03,0.01
103329,172295,9.535167,-25.600333,6.2,-1283,0.0392,36.7,0.05,27.,106.80000000000001,-0.03,0.01
103329,172356,9.535833,-25.598833,6.2,-1283,0.0392,36.7,0.05,27.,106.80000000000001,-0.03,0.
103329,172374,9.536167,-25.598333,6.,-1282,0.0392,36.7,0.05,27.,106.80000000000001,-0.03,0.
103329,178026,9.597333,-25.4905,4.6,-1297,0.041600000000000005,36.7,0.05,27.,106.9,-0.03,-0.07
103329,188484,9.696,-25.287167,4.6,-1299,0.0388,36.7,0.04,27.,108.5,-0.07,-0.11
103329,190925,9.673333,-25.210333,11.6,-1299,0.0395,36.7,0.04,27.,114.60000000000001,-0.07,-0.11
103329,193093,9.628833,-25.101667,11.6,-1295,0.0412,36.7,0.04,27.,113.5,-0.04,-0.1
103329,193413,9.622833,-25.085167,11.6,-1294,0.0414,36.7,0.05,27.,112.7,-0.04,-0.1
103329,193675,9.617833,-25.071667,11.6,-1299,0.0413,36.7,0.05,27.,112.2,-0.04,-0.1
103329,194314,9.6055,-25.039,11.7,-1299,0.0408,36.7,0.05,27.,111.60000000000001,-0.03,-0.1
103329,194374,9.604333,-25.035833,11.7,-1299,0.0408,36.7,0.05,27.,111.5,-0.03,-0.09
103329,195594,9.580833,-24.973667,11.6,-1295,0.040600000000000004,36.7,0.05,27.1,108.10000000000001,-0.03,-0.08
103329,195786,9.577,-24.964,11.4,-1294,0.0407,36.7,0.05,27.1,107.7,-0.03,-0.07
103329,196914,9.555,-24.907667,11.4,-1297,0.045200000000000004,36.7,0.05,27.1,108.30000000000001,-0.02,-0.06
103329,197495,9.543833,-24.878667,11.3,-1293,0.044500000000000005,36.7,0.05,27.1,107.80000000000001,-0.01,-0.06
103329,198235,9.528833,-24.842167,11.3,-1289,0.046200000000000005,36.7,0.05,27.1,108.80000000000001,-0.01,-0.06
103329,199894,9.494,-24.761167,11.1,-1272,0.048400000000000006,36.7,0.06,27.1,110.60000000000001,0.,-0.05
103329,204954,9.391,-24.5175,11.3,-1259,0.0476,36.7,0.06,27.1,113.9,0.02,-0.02
103329,210424,9.281667,-24.251333,11.2,-1250,0.049300000000000004,36.7,0.07,27.200000000000003,113.60000000000001,0.04,-0.03
103329,210425,9.281667,-24.251333,11.2,-1250,0.049300000000000004,36.7,0.07,27.200000000000003,113.60000000000001,0.04,-0.03
103329,210484,9.2805,-24.248333,11.1,-1251,0.05,36.7,0.07,27.200000000000003,113.60000000000001,0.04,-0.03
103329,210485,9.2805,-24.248333,11.1,-1251,0.05,36.7,0.07,27.200000000000003,113.60000000000001,0.04,-0.03
103329,210534,9.2795,-24.245833,11.2,-1250,0.05,36.7,0.07,27.200000000000003,113.7,0.04,-0.03
103329,210564,9.279,-24.244333,11.2,-1250,0.0499,36.7,0.07,27.200000000000003,113.7,0.04,-0.03
103329,210565,9.279,-24.244333,11.2,-1250,0.0499,36.7,0.07,27.200000000000003,113.7,0.04,-0.03
103329,210575,9.278833,-24.243833,11.3,-1250,0.0499,36.7,0.07,27.200000000000003,113.7,0.04,-0.03
103329,210594,9.278333,-24.242833,11.2,-1250,0.0499,36.7,0.07,27.200000000000003,113.7,0.04,-0.02
103329,210595,9.278333,-24.242833,11.2,-1250,0.0499,36.7,0.07,27.200000000000003,113.7,0.04,-0.02
103329,210605,9.278167,-24.242333,11.3,-1250,0.0499,36.7,0.07,27.200000000000003,113.7,0.04,-0.02
103329,210644,9.277333,-24.240333,11.2,-1250,0.0499,36.7,0.07,27.200000000000003,113.7,0.04,-0.02
103329,210655,9.277167,-24.239833,11.2,-1250,0.0499,36.7,0.07,27.200000000000003,113.7,0.04,-0.02
103329,210664,9.277,-24.239333,11.2,-1250,0.0499,36.7,0.07,27.200000000000003,113.7,0.04,-0.02
103329,210674,9.276833,-24.238833,11.3,-1250,0.0499,36.7,0.07,27.200000000000003,113.60000000000001,0.04,-0.02
103329,210675,9.276833,-24.238833,11.3,-1250,0.0499,36.7,0.07,27.200000000000003,113.60000000000001,0.04,-0.02
103329,210684,9.276667,-24.2385,11.3,-1250,0.0499,36.7,0.07,27.200000000000003,113.60000000000001,0.04,-0.02
103329,210685,9.276667,-24.2385,11.3,-1250,0.0499,36.7,0.07,27.200000000000003,113.60000000000001,0.04,-0.02
103329,210694,9.2765,-24.237833,11.3,-1250,0.0499,36.7,0.07,27.200000000000003,113.60000000000001,0.04,-0.02
103329,210695,9.2765,-24.237833,11.3,-1250,0.0499,36.7,0.07,27.200000000000003,113.60000000000001,0.04,-0.02
103329,210714,9.276,-24.236833,11.3,-1250,0.0499,36.7,0.07,27.200000000000003,113.60000000000001,0.04,-0.02
103329,210773,9.274833,-24.234,11.2,-1250,0.0499,36.7,0.07,27.200000000000003,113.4,0.04,-0.02
103329,210774,9.274833,-24.234,11.2,-1250,0.0499,36.7,0.07,27.200000000000003,113.4,0.04,-0.02
103329,210795,9.2745,-24.233,11.2,-1250,0.0499,36.7,0.07,27.200000000000003,113.4,0.04,-0.02
103329,210855,9.273333,-24.229833,11.3,-1250,0.0499,36.7,0.07,27.200000000000003,113.30000000000001,0.04,-0.02
103329,210865,9.273167,-24.2295,11.3,-1250,0.0499,36.7,0.07,27.200000000000003,113.30000000000001,0.04,-0.02
103329,210885,9.272667,-24.228333,11.4,-1250,0.049800000000000004,36.7,0.07,27.200000000000003,113.2,0.04,-0.02
103329,210945,9.2715,-24.2255,11.3,-1250,0.049800000000000004,36.7,0.07,27.200000000000003,113.10000000000001,0.04,-0.02
103329,210975,9.271,-24.224,11.3,-1249,0.049800000000000004,36.7,0.07,27.200000000000003,113.,0.04,-0.02
103329,211054,9.269333,-24.22,11.3,-1249,0.049800000000000004,36.7,0.07,27.200000000000003,112.9,0.04,-0.02
103329,211094,9.2685,-24.218,11.3,-1249,0.049800000000000004,36.7,0.07,27.200000000000003,112.80000000000001,0.04,-0.02
103329,219287,9.0955,-23.8065,11.7,-1238,0.049800000000000004,36.5,0.06,26.900000000000002,107.7,-0.05,-0.03
103329,232036,8.853833,-23.1635,11.2,-1244,0.0618,36.4,0.05,26.700000000000003,108.80000000000001,-0.14,0.07
103329,233155,8.832167,-23.108333,11.3,-1259,0.057300000000000004,36.4,0.05,26.700000000000003,108.30000000000001,-0.14,0.07
103329,234415,8.807,-23.044833,11.4,-1254,0.057100000000000005,36.4,0.05,26.700000000000003,106.,-0.15,0.07
103329,235815,8.78,-22.974167,11.2,-1248,0.056100000000000004,36.4,0.05,26.8,103.60000000000001,-0.15,0.06
103329,236965,8.758333,-22.916,11.2,-1243,0.0585,36.5,0.05,26.8,103.2,-0.15,0.05
103329,237365,8.750667,-22.895667,11.4,-1240,0.058800000000000005,36.5,0.05,26.8,103.7,-0.15,0.04
103329,238014,8.739,-22.863333,11.1,-1228,0.0585,36.5,0.05,26.8,103.4,-0.15,0.04
103329,238526,8.729833,-22.838167,11.1,-1216,0.058,36.4,0.05,26.8,101.9,-0.15,0.03
103329,239335,8.716333,-22.797833,11.2,-1202,0.0606,36.4,0.05,26.8,98.7,-0.15,0.02
103329,239457,8.714333,-22.791833,11.1,-1199,0.060700000000000004,36.4,0.05,26.8,98.7,-0.15,0.02
103329,240576,8.694,-22.736,11.6,-1165,0.0601,36.4,0.05,26.8,99.10000000000001,-0.15,0.
103329,240825,8.689167,-22.723333,11.7,-1161,0.0592,36.4,0.05,26.8,99.30000000000001,-0.15,0.
103329,242085,8.663,-22.659333,11.2,-1152,0.056900000000000006,36.4,0.05,26.8,96.10000000000001,-0.15,-0.02
103329,244505,8.616167,-22.5395,11.4,-1152,0.0618,36.300000000000004,0.05,26.8,102.30000000000001,-0.14,-0.03
103329,244625,8.613667,-22.5335,11.4,-1152,0.0616,36.300000000000004,0.05,26.8,102.30000000000001,-0.14,-0.04
103329,245825,8.59,-22.473167,11.8,-1151,0.0614,36.300000000000004,0.05,26.8,101.80000000000001,-0.14,-0.05
103329,247045,8.563667,-22.410333,11.6,-1151,0.0603,36.300000000000004,0.05,26.8,95.7,-0.15,-0.06
103329,247096,8.562667,-22.407667,11.6,-1151,0.0601,36.300000000000004,0.05,26.8,95.4,-0.15,-0.06
103329,248823,8.529333,-22.320667,11.6,-1151,0.0591,36.300000000000004,0.05,26.8,93.30000000000001,-0.17,-0.1
103329,248915,8.5275,-22.316,11.7,-1151,0.0591,36.300000000000004,0.05,26.8,93.2,-0.17,-0.1
103329,254475,8.420667,-22.04,11.,-1110,0.061700000000000005,36.300000000000004,0.04,26.8,95.7,-0.16,-0.08
103329,254603,8.418167,-22.034,11.,-1108,0.061700000000000005,36.300000000000004,0.04,26.8,95.9,-0.16,-0.08
103329,254624,8.417833,-22.033,11.1,-1108,0.061700000000000005,36.300000000000004,0.04,26.8,95.9,-0.16,-0.08
103329,254633,8.417667,-22.0325,11.1,-1108,0.061700000000000005,36.300000000000004,0.04,26.8,95.9,-0.16,-0.08
103329,254634,8.417667,-22.0325,11.1,-1108,0.061700000000000005,36.300000000000004,0.04,26.8,95.9,-0.16,-0.08
103329,254663,8.417,-22.031,11.,-1107,0.061700000000000005,36.300000000000004,0.04,26.8,96.,-0.16,-0.08
103329,254684,8.416667,-22.03,11.,-1107,0.061700000000000005,36.300000000000004,0.04,26.8,96.,-0.16,-0.08
103329,254685,8.416667,-22.03,11.,-1107,0.061700000000000005,36.300000000000004,0.04,26.8,96.,-0.16,-0.08
103329,254693,8.4165,-22.029667,11.,-1109,0.0637,36.2,0.04,26.8,96.,-0.16,-0.08
103329,254694,8.4165,-22.029667,11.,-1109,0.0637,36.2,0.04,26.8,96.,-0.16,-0.08
103329,254713,8.416167,-22.028667,11.,-1109,0.0637,36.2,0.04,26.8,96.,-0.16,-0.08
103329,254714,8.416167,-22.028667,11.,-1109,0.0637,36.2,0.04,26.8,96.,-0.16,-0.08
103329,254723,8.416,-22.028167,10.9,-1108,0.0637,36.2,0.04,26.8,96.,-0.16,-0.08
103329,254774,8.415,-22.025667,10.7,-1108,0.0637,36.2,0.04,26.8,96.10000000000001,-0.16,-0.08
103329,254775,8.415,-22.025667,10.7,-1108,0.0637,36.2,0.04,26.8,96.10000000000001,-0.16,-0.08
103329,254783,8.414833,-22.025333,10.7,-1108,0.0637,36.2,0.04,26.8,96.10000000000001,-0.16,-0.08
103329,254784,8.414833,-22.025333,10.7,-1108,0.0637,36.2,0.04,26.8,96.10000000000001,-0.16,-0.08
103329,254843,8.413667,-22.0225,10.7,-1107,0.0636,36.2,0.04,26.8,96.2,-0.16,-0.08
103329,254844,8.413667,-22.0225,10.7,-1107,0.0636,36.2,0.04,26.8,96.2,-0.16,-0.08
103329,254873,8.413167,-22.021,10.9,-1107,0.0636,36.2,0.04,26.8,96.30000000000001,-0.16,-0.08
103329,254875,8.413167,-22.021,10.9,-1107,0.0636,36.2,0.04,26.8,96.30000000000001,-0.16,-0.08
103329,261190,8.295333,-21.707667,11.3,-994,0.0757,36.1,0.05,26.8,97.5,-0.19,-0.1
103329,272979,8.034333,-21.146667,11.4,-858,0.0673,36.1,0.05,26.8,97.9,-0.13,-0.09
103329,275138,7.990833,-21.141,11.8,-804,0.0653,36.1,0.05,26.8,98.80000000000001,-0.13,-0.09
103329,276240,7.979167,-21.198,11.1,-865,0.0659,36.1,0.05,26.8,97.80000000000001,-0.12,-0.09
103329,277670,7.963833,-21.2715,11.1,-904,0.0651,36.1,0.05,26.900000000000002,96.60000000000001,-0.11,-0.09
103329,277970,7.961167,-21.287167,11.3,-902,0.0661,36.1,0.05,26.900000000000002,96.4,-0.11,-0.09
103329,279140,7.9495,-21.348167,11.3,-909,0.06760000000000001,36.1,0.05,26.900000000000002,95.2,-0.11,-0.1
103329,280089,7.938167,-21.397167,11.2,-907,0.067,36.1,0.05,26.900000000000002,94.7,-0.11,-0.1
103329,280461,7.934167,-21.416167,11.1,-905,0.0655,36.1,0.05,26.900000000000002,94.4,-0.11,-0.1
103329,281630,7.9205,-21.476,11.,-908,0.06330000000000001,36.1,0.05,26.900000000000002,94.60000000000001,-0.11,-0.09
103329,281890,7.917667,-21.489,11.2,-908,0.06570000000000001,36.1,0.05,26.900000000000002,94.9,-0.11,-0.09
103329,282670,7.91,-21.5295,11.2,-906,0.0614,36.1,0.04,26.900000000000002,95.80000000000001,-0.12,-0.09
103329,282919,7.908,-21.5425,11.3,-911,0.06330000000000001,36.1,0.04,26.900000000000002,96.2,-0.12,-0.1
103329,284000,7.874,-21.579833,11.2,-925,0.0639,36.1,0.04,26.900000000000002,97.9,-0.11,-0.11
103329,293218,7.689667,-22.001167,11.2,-907,0.051800000000000006,36.2,0.04,26.900000000000002,95.2,-0.13,-0.08
103329,293219,7.689667,-22.001167,11.2,-907,0.051800000000000006,36.2,0.04,26.900000000000002,95.2,-0.13,-0.08
103329,293289,7.687333,-22.004167,11.3,-904,0.0517,36.2,0.04,26.900000000000002,95.,-0.13,-0.08
103329,293290,7.687333,-22.004167,11.3,-904,0.0517,36.2,0.04,26.900000000000002,95.,-0.13,-0.08
103329,293349,7.685333,-22.006667,11.1,-902,0.0516,36.2,0.04,26.900000000000002,94.9,-0.13,-0.08
103329,293378,7.6845,-22.007833,11.1,-901,0.0516,36.2,0.04,26.900000000000002,94.9,-0.13,-0.08
103329,293388,7.684167,-22.008167,11.1,-901,0.0516,36.2,0.04,26.900000000000002,94.9,-0.13,-0.08
103329,293438,7.6825,-22.010333,11.1,-899,0.051500000000000004,36.2,0.04,26.900000000000002,94.80000000000001,-0.13,-0.08
103329,293469,7.681667,-22.011667,11.2,-898,0.051500000000000004,36.2,0.04,26.900000000000002,94.80000000000001,-0.13,-0.08
103329,293470,7.681667,-22.011667,11.2,-898,0.051500000000000004,36.2,0.04,26.900000000000002,94.80000000000001,-0.13,-0.08
103329,298838,7.616667,-22.099333,0.1,-988,0.0524,36.2,0.04,26.900000000000002,98.4,-0.11,-0.07
103329,299068,7.616833,-22.099167,0.1,-988,0.0524,36.2,0.04,26.900000000000002,98.4,-0.11,-0.07
103329,299078,7.616833,-22.099167,0.2,-988,0.0524,36.2,0.04,26.900000000000002,98.4,-0.11,-0.07
103329,299087,7.616833,-22.099167,0.1,-988,0.0524,36.2,0.04,26.900000000000002,98.4,-0.11,-0.07
103329,299088,7.616833,-22.099167,0.1,-988,0.0524,36.2,0.04,26.900000000000002,98.4,-0.11,-0.07
103329,299098,7.616833,-22.099167,0.2,-988,0.0524,36.2,0.04,26.900000000000002,98.4,-0.11,-0.07
103329,299099,7.616833,-22.099167,0.2,-988,0.0524,36.2,0.04,26.900000000000002,98.4,-0.11,-0.07
103329,299118,7.616833,-22.099167,0.2,-988,0.0524,36.2,0.04,26.900000000000002,98.4,-0.11,-0.07
103329,299119,7.616833,-22.099167,0.2,-988,0.0524,36.2,0.04,26.900000000000002,98.4,-0.11,-0.07
103329,299128,7.616833,-22.099167,0.2,-988,0.0524,36.2,0.04,26.900000000000002,98.4,-0.11,-0.07
103329,299139,7.616833,-22.099167,0.2,-988,0.0524,36.2,0.04,26.900000000000002,98.4,-0.11,-0.07
103329,299147,7.616833,-22.099167,0.2,-988,0.0524,36.2,0.04,26.900000000000002,98.4,-0.11,-0.07
103329,299158,7.616833,-22.099167,0.2,-988,0.0524,36.2,0.04,26.900000000000002,98.4,-0.11,-0.07
103329,299159,7.616833,-22.099167,0.2,-988,0.0524,36.2,0.04,26.900000000000002,98.4,-0.11,-0.07
103329,299167,7.616833,-22.099167,0.2,-988,0.0524,36.2,0.04,26.900000000000002,98.4,-0.11,-0.07
103329,299168,7.616833,-22.099167,0.2,-988,0.0524,36.2,0.04,26.900000000000002,98.4,-0.11,-0.07
103329,299178,7.616833,-22.099167,0.2,-988,0.0524,36.2,0.04,26.900000000000002,98.4,-0.11,-0.07
103329,299198,7.616833,-22.099167,0.2,-988,0.0524,36.2,0.04,26.900000000000002,98.4,-0.11,-0.07
103329,299209,7.616833,-22.099167,0.3,-988,0.0524,36.2,0.04,26.900000000000002,98.4,-0.11,-0.07
103329,299218,7.616833,-22.099,0.2,-988,0.0524,36.2,0.04,26.900000000000002,98.4,-0.11,-0.07
103329,299248,7.616833,-22.099,0.2,-988,0.0524,36.2,0.04,26.900000000000002,98.4,-0.11,-0.07
103329,299269,7.617,-22.099,0.3,-988,0.0524,36.2,0.04,26.900000000000002,98.4,-0.11,-0.07
103329,299287,7.617,-22.099,0.3,-988,0.0524,36.2,0.04,26.900000000000002,98.4,-0.11,-0.07
103329,299288,7.617,-22.099,0.3,-988,0.0524,36.2,0.04,26.900000000000002,98.4,-0.11,-0.07
103329,299308,7.617,-22.099,0.3,-988,0.0524,36.2,0.04,26.900000000000002,98.4,-0.11,-0.07
103329,299368,7.617,-22.098833,0.2,-988,0.0524,36.2,0.04,26.900000000000002,98.4,-0.11,-0.07
103329,299378,7.617,-22.098833,0.2,-988,0.0524,36.2,0.04,26.900000000000002,98.4,-0.11,-0.07
103329,299428,7.617,-22.098833,0.1,-988,0.0524,36.2,0.04,26.900000000000002,98.4,-0.11,-0.07
103329,299429,7.617,-22.098833,0.1,-988,0.0524,36.2,0.04,26.900000000000002,98.4,-0.11,-0.07
103329,302782,7.616667,-22.098833,0.1,-988,0.0524,36.2,0.04,26.900000000000002,98.4,-0.11,-0.07
103329,308260,7.615667,-22.101667,0.1,-988,0.0524,36.2,0.04,26.900000000000002,98.5,-0.11,-0.07
103329,318790,7.7555,-21.957667,6.3,-656,0.0507,36.2,0.04,26.8,97.60000000000001,-0.14,-0.08
103329,319009,7.759333,-21.952667,6.3,-678,0.0506,36.2,0.04,26.8,97.7,-0.14,-0.08
103329,319951,7.775167,-21.9305,6.3,-763,0.0506,36.2,0.04,26.8,97.9,-0.14,-0.07
103329,321161,7.794,-21.902667,6.,-524,0.0543,36.2,0.04,26.8,98.30000000000001,-0.13,-0.07
103329,321566,7.799833,-21.894333,2.4,-557,0.0538,36.2,0.04,26.8,98.4,-0.13,-0.08
103329,322809,7.813167,-21.8705,0.3,-640,0.0543,36.1,0.04,26.8,98.7,-0.13,-0.08
103329,324920,7.827333,-21.819,6.,-496,0.0543,36.1,0.04,26.8,99.30000000000001,-0.12,-0.08
103329,327503,7.827667,-21.754667,4.4,-743,0.0534,36.1,0.04,26.8,100.2,-0.11,-0.1
103329,327820,7.827,-21.747667,5.5,-733,0.0568,36.1,0.04,26.8,100.2,-0.11,-0.1
103329,328741,7.826,-21.724833,5.3,-777,0.055600000000000004,36.1,0.04,26.8,100.4,-0.11,-0.1
103329,328899,7.825833,-21.720167,5.9,-786,0.0553,36.1,0.04,26.8,100.4,-0.11,-0.1
103329,330003,7.821,-21.693167,2.4,-837,0.0575,36.1,0.04,26.8,100.5,-0.11,-0.11
103329,331349,7.818833,-21.658833,5.6,-891,0.0589,36.1,0.04,26.8,100.30000000000001,-0.11,-0.11
103329,331519,7.818667,-21.654167,5.7,-887,0.059000000000000004,36.1,0.04,26.8,100.30000000000001,-0.11,-0.11
103329,337068,7.876667,-21.5305,3.2,-888,0.0608,36.1,0.04,26.900000000000002,98.10000000000001,-0.11,-0.08
103329,337208,7.878833,-21.528167,5.7,-887,0.0606,36.1,0.04,26.900000000000002,98.,-0.11,-0.08
103329,337298,7.880333,-21.526667,4.8,-887,0.060500000000000005,36.1,0.04,26.900000000000002,98.,-0.11,-0.08
103329,337299,7.880333,-21.526667,4.8,-887,0.060500000000000005,36.1,0.04,26.900000000000002,98.,-0.11,-0.08
103329,337307,7.880333,-21.5265,4.6,-887,0.060500000000000005,36.1,0.04,26.900000000000002,97.9,-0.11,-0.08
103329,337317,7.8805,-21.526333,4.5,-887,0.060500000000000005,36.1,0.04,26.900000000000002,97.9,-0.11,-0.08
103329,337318,7.8805,-21.526333,4.5,-887,0.060500000000000005,36.1,0.04,26.900000000000002,97.9,-0.11,-0.08
103329,337326,7.880667,-21.526333,4.4,-887,0.060500000000000005,36.1,0.04,26.900000000000002,97.9,-0.11,-0.08
103329,337327,7.880667,-21.526333,4.4,-887,0.060500000000000005,36.1,0.04,26.900000000000002,97.9,-0.11,-0.08
103329,337418,7.882,-21.5245,5.5,-886,0.0603,36.1,0.04,26.900000000000002,97.9,-0.11,-0.08
103329,337554,7.883667,-21.521833,4.,-885,0.0601,36.1,0.04,26.900000000000002,97.7,-0.11,-0.08
103329,337555,7.883667,-21.521833,4.,-885,0.0601,36.1,0.04,26.900000000000002,97.7,-0.11,-0.08
103329,342788,7.8975,-21.419,5.,-845,0.0603,36.1,0.05,26.8,96.60000000000001,-0.1,-0.09
103329,342789,7.8975,-21.419,5.,-845,0.0603,36.1,0.05,26.8,96.60000000000001,-0.1,-0.09
103329,342808,7.8975,-21.4185,5.,-844,0.060200000000000004,36.1,0.05,26.8,96.7,-0.1,-0.09
103329,342809,7.8975,-21.4185,5.,-844,0.060200000000000004,36.1,0.05,26.8,96.7,-0.1,-0.09
103329,342848,7.8975,-21.417667,4.5,-844,0.0601,36.1,0.05,26.8,96.7,-0.1,-0.09
103329,342849,7.8975,-21.417667,4.5,-844,0.0601,36.1,0.05,26.8,96.7,-0.1,-0.09
103329,342886,7.8975,-21.416833,3.9,-843,0.0601,36.1,0.05,26.8,96.7,-0.1,-0.09
103329,342887,7.8975,-21.416833,3.9,-843,0.0601,36.1,0.05,26.8,96.7,-0.1,-0.09
103329,342918,7.897333,-21.416333,3.7,-903,0.06860000000000001,36.1,0.05,26.8,96.7,-0.1,-0.09
103329,342928,7.897333,-21.416167,3.7,-903,0.06860000000000001,36.1,0.05,26.8,96.7,-0.1,-0.09
103329,342997,7.897167,-21.414667,4.9,-903,0.0684,36.1,0.05,26.8,96.7,-0.1,-0.09
103329,342998,7.897167,-21.414667,4.9,-903,0.0684,36.1,0.05,26.8,96.7,-0.1,-0.09
103329,343017,7.897167,-21.414,5.1,-903,0.0684,36.1,0.05,26.8,96.80000000000001,-0.1,-0.09
103329,343018,7.897167,-21.414,5.1,-903,0.0684,36.1,0.05,26.8,96.80000000000001,-0.1,-0.09
103329,343050,7.897167,-21.413333,5.,-903,0.0683,36.1,0.05,26.8,96.80000000000001,-0.1,-0.09
103329,343097,7.897167,-21.412333,4.4,-903,0.0682,36.1,0.05,26.8,96.80000000000001,-0.1,-0.09
103329,343099,7.897167,-21.412333,4.4,-903,0.0682,36.1,0.05,26.8,96.80000000000001,-0.1,-0.09
103329,343247,7.897167,-21.409167,5.2,-902,0.0679,36.1,0.05,26.8,96.80000000000001,-0.1,-0.09
103329,343259,7.897167,-21.408833,5.5,-902,0.0679,36.1,0.05,26.8,96.9,-0.1,-0.09
103329,343297,7.897333,-21.407833,5.1,-902,0.0678,36.1,0.05,26.8,96.9,-0.1,-0.09
103329,343298,7.897333,-21.407833,5.1,-902,0.0678,36.1,0.05,26.8,96.9,-0.1,-0.09
103329,343357,7.897167,-21.406667,4.5,-902,0.06770000000000001,36.1,0.05,26.8,96.9,-0.1,-0.09
103329,343379,7.897333,-21.406167,4.4,-902,0.06770000000000001,36.1,0.05,26.8,96.9,-0.1,-0.09
103329,343417,7.897333,-21.405333,4.6,-902,0.06760000000000001,36.1,0.05,26.8,96.9,-0.1,-0.09
103329,343438,7.897333,-21.404833,4.9,-902,0.06760000000000001,36.1,0.05,26.8,96.9,-0.1,-0.09
103329,343439,7.897333,-21.404833,4.9,-902,0.06760000000000001,36.1,0.05,26.8,96.9,-0.1,-0.09
103329,344720,7.902667,-21.382333,3.7,-897,0.0651,36.1,0.05,26.8,97.2,-0.1,-0.09
103329,350331,7.938833,-21.249667,5.7,-852,0.0639,36.1,0.05,26.8,98.30000000000001,-0.11,-0.09
103329,357190,7.9805,-21.110333,10.3,-763,0.0654,36.1,0.05,26.700000000000003,97.60000000000001,-0.14,-0.09
103329,358669,7.907667,-21.124833,10.9,-767,0.06670000000000001,36.1,0.05,26.700000000000003,96.9,-0.13,-0.09
103329,360110,7.841167,-21.144167,11.1,-702,0.0639,36.1,0.05,26.8,95.80000000000001,-0.1,-0.1
103329,362060,7.827,-21.247333,11.1,-879,0.0661,36.1,0.05,26.8,99.7,-0.1,-0.08
103329,362350,7.825167,-21.262167,11.,-799,0.06770000000000001,36.1,0.05,26.8,100.10000000000001,-0.1,-0.08
103329,363131,7.818667,-21.301333,10.9,-851,0.0669,36.1,0.05,26.8,100.30000000000001,-0.1,-0.08
103329,363250,7.817667,-21.307333,10.9,-858,0.067,36.1,0.05,26.8,100.30000000000001,-0.1,-0.08
103329,363781,7.813833,-21.334167,11.,-763,0.0654,36.1,0.04,26.8,100.2,-0.1,-0.08
103329,364419,7.809333,-21.366667,11.1,-814,0.0671,36.1,0.04,26.8,100.,-0.1,-0.08
103329,364691,7.807667,-21.380833,11.,-836,0.064,36.1,0.04,26.8,99.9,-0.1,-0.08
103329,365690,7.801833,-21.431667,10.9,-794,0.0616,36.1,0.04,26.8,99.60000000000001,-0.1,-0.08
103329,365910,7.8005,-21.443,11.,-803,0.0626,36.1,0.04,26.8,99.60000000000001,-0.1,-0.08
103329,367061,7.799,-21.5025,11.1,-815,0.056,36.1,0.04,26.8,100.,-0.1,-0.08
103329,367302,7.798667,-21.515333,11.1,-823,0.056100000000000004,36.1,0.04,26.8,100.10000000000001,-0.1,-0.08
103329,368333,7.798833,-21.568833,11.,-859,0.0613,36.1,0.04,26.8,100.30000000000001,-0.1,-0.09
103329,369653,7.796167,-21.636833,10.9,-873,0.0596,36.1,0.04,26.8,100.7,-0.1,-0.1
103329,381352,7.815333,-22.245333,5.,-1037,0.0499,36.2,0.04,26.8,91.7,-0.12,-0.04
103329,381353,7.815333,-22.245333,5.,-1037,0.0499,36.2,0.04,26.8,91.7,-0.12,-0.04
103329,381382,7.8155,-22.245833,3.9,-1038,0.049800000000000004,36.2,0.04,26.8,91.7,-0.12,-0.04
103329,381383,7.8155,-22.245833,3.9,-1038,0.049800000000000004,36.2,0.04,26.8,91.7,-0.12,-0.04
103329,381422,7.815667,-22.246333,3.,-1038,0.049800000000000004,36.2,0.04,26.8,91.80000000000001,-0.12,-0.04
103329,381482,7.815833,-22.246833,2.2,-1038,0.0497,36.2,0.04,26.8,91.80000000000001,-0.12,-0.04
103329,381582,7.816167,-22.2475,1.5,-1038,0.0497,36.2,0.04,26.8,91.80000000000001,-0.12,-0.04
103329,381602,7.816333,-22.2475,1.3,-1038,0.0497,36.2,0.04,26.8,91.80000000000001,-0.12,-0.04
103329,381661,7.8165,-22.247833,1.1,-1038,0.049600000000000005,36.2,0.04,26.8,91.80000000000001,-0.12,-0.04
103329,381672,7.8165,-22.247833,1.1,-1038,0.049600000000000005,36.2,0.04,26.8,91.80000000000001,-0.12,-0.04
103329,381673,7.8165,-22.247833,1.1,-1038,0.049600000000000005,36.2,0.04,26.8,91.80000000000001,-0.12,-0.04
103329,381702,7.816667,-22.248,1.,-1038,0.049600000000000005,36.2,0.04,26.8,91.80000000000001,-0.12,-0.04
103329,381703,7.816667,-22.248,1.,-1038,0.049600000000000005,36.2,0.04,26.8,91.80000000000001,-0.12,-0.04
103329,381732,7.816833,-22.248167,1.,-1039,0.049600000000000005,36.2,0.04,26.8,91.9,-0.12,-0.04
103329,381733,7.816833,-22.248167,1.,-1039,0.049600000000000005,36.2,0.04,26.8,91.9,-0.12,-0.04
103329,381752,7.816833,-22.248167,1.,-1039,0.049600000000000005,36.2,0.04,26.8,91.9,-0.12,-0.04
103329,381753,7.816833,-22.248167,1.,-1039,0.049600000000000005,36.2,0.04,26.8,91.9,-0.12,-0.04
103329,381774,7.816833,-22.248167,0.9,-1039,0.049600000000000005,36.2,0.04,26.8,91.9,-0.12,-0.04
103329,381782,7.817,-22.248167,0.9,-1039,0.049600000000000005,36.2,0.04,26.8,91.80000000000001,-0.12,-0.04
103329,381783,7.817,-22.248167,0.9,-1039,0.049600000000000005,36.2,0.04,26.8,91.80000000000001,-0.12,-0.04
103329,381792,7.817,-22.248167,0.9,-1039,0.049600000000000005,36.2,0.04,26.8,91.80000000000001,-0.12,-0.04
103329,381793,7.817,-22.248167,0.9,-1039,0.049600000000000005,36.2,0.04,26.8,91.80000000000001,-0.12,-0.04
103329,381813,7.817,-22.248333,0.8,-1039,0.049600000000000005,36.2,0.04,26.8,91.9,-0.12,-0.04
103329,381822,7.817,-22.248333,0.8,-1039,0.049600000000000005,36.2,0.04,26.8,91.9,-0.12,-0.04
103329,381823,7.817,-22.248333,0.8,-1039,0.049600000000000005,36.2,0.04,26.8,91.9,-0.12,-0.04
103329,381862,7.817167,-22.248333,0.6,-1039,0.049600000000000005,36.2,0.04,26.8,91.9,-0.12,-0.04
103329,381863,7.817167,-22.248333,0.6,-1039,0.049600000000000005,36.2,0.04,26.8,91.9,-0.12,-0.04
103329,381873,7.817167,-22.248333,0.6,-1039,0.049600000000000005,36.2,0.04,26.8,91.9,-0.12,-0.04
103329,381963,7.8175,-22.2485,0.6,-1039,0.0495,36.2,0.04,26.8,91.9,-0.12,-0.04
103329,387301,7.836,-22.240333,1.,-1026,0.0509,36.2,0.04,26.8,90.80000000000001,-0.13,-0.04
103329,387332,7.836167,-22.240333,1.,-1026,0.0509,36.2,0.04,26.8,90.80000000000001,-0.13,-0.04
103329,387361,7.836167,-22.240333,1.,-1026,0.0509,36.2,0.04,26.8,90.80000000000001,-0.13,-0.04
103329,387362,7.836167,-22.240333,1.,-1026,0.0509,36.2,0.04,26.8,90.80000000000001,-0.13,-0.04
103329,387421,7.8365,-22.240167,1.,-1026,0.0509,36.2,0.04,26.8,90.80000000000001,-0.13,-0.04
103329,387422,7.8365,-22.240167,1.,-1026,0.0509,36.2,0.04,26.8,90.80000000000001,-0.13,-0.04
103329,387433,7.8365,-22.24,1.,-1026,0.0509,36.2,0.04,26.8,90.80000000000001,-0.13,-0.04
103329,387481,7.836833,-22.24,1.,-1026,0.0509,36.2,0.04,26.8,90.80000000000001,-0.13,-0.04
103329,387482,7.836833,-22.24,1.,-1026,0.0509,36.2,0.04,26.8,90.80000000000001,-0.13,-0.04
103329,387601,7.837167,-22.239667,0.6,-1026,0.0509,36.2,0.04,26.8,90.80000000000001,-0.13,-0.04
103329,387602,7.837167,-22.239667,0.6,-1026,0.0509,36.2,0.04,26.8,90.80000000000001,-0.13,-0.04
103329,387633,7.837167,-22.239667,0.5,-1026,0.0509,36.2,0.04,26.8,90.80000000000001,-0.13,-0.04
103329,387643,7.837167,-22.239667,0.5,-1026,0.0509,36.2,0.04,26.8,90.80000000000001,-0.13,-0.04
103329,387653,7.837333,-22.239667,0.5,-1026,0.0509,36.2,0.04,26.8,90.80000000000001,-0.13,-0.04
103329,391775,7.847833,-22.228333,1.1,-1026,0.0502,36.2,0.04,26.8,91.,-0.13,-0.04
103329,402119,7.841833,-22.138333,6.4,-980,0.0514,36.2,0.04,26.8,93.80000000000001,-0.13,-0.07
103329,403121,7.842333,-22.111333,5.2,-963,0.0551,36.2,0.04,26.8,96.10000000000001,-0.13,-0.07
103329,404279,7.844333,-22.084833,1.1,-947,0.0524,36.2,0.04,26.8,98.4,-0.13,-0.08
103329,405778,7.846333,-22.048833,6.4,-877,0.0546,36.2,0.04,26.8,99.30000000000001,-0.13,-0.08
103329,406789,7.840667,-22.023667,3.9,-852,0.0582,36.1,0.04,26.8,99.5,-0.13,-0.08
103329,407258,7.839667,-22.015333,0.9,-844,0.057100000000000005,36.1,0.04,26.8,99.60000000000001,-0.13,-0.08
103329,408059,7.84,-22.0005,5.8,-834,0.055,36.1,0.04,26.8,99.9,-0.13,-0.08
103329,408188,7.84,-21.9975,4.4,-666,0.057100000000000005,36.1,0.04,26.8,99.9,-0.13,-0.08
103329,409387,7.837333,-21.9635,5.9,-611,0.054,36.1,0.04,26.8,100.2,-0.13,-0.08
103329,409777,7.837667,-21.951833,6.4,-595,0.056100000000000004,36.1,0.04,26.8,100.30000000000001,-0.12,-0.07
103329,410629,7.84,-21.932333,4.9,-576,0.055400000000000005,36.1,0.04,26.8,100.5,-0.12,-0.07
103329,410825,7.839,-21.927833,2.9,-566,0.0553,36.1,0.04,26.8,100.5,-0.12,-0.07
103329,413241,7.8285,-21.874333,2.4,-639,0.054400000000000004,36.1,0.04,26.8,100.9,-0.12,-0.07
103329,415687,7.828833,-21.8125,6.4,-517,0.054,36.1,0.04,26.8,101.60000000000001,-0.11,-0.07
103329,417068,7.816,-21.776667,5.8,-685,0.055600000000000004,36.1,0.04,26.700000000000003,102.,-0.11,-0.08
103329,425401,7.774,-21.568333,3.,-841,0.0613,36.1,0.04,26.8,101.4,-0.1,-0.07
103329,425420,7.774,-21.568,2.6,-840,0.0613,36.1,0.04,26.8,101.4,-0.1,-0.07
103329,425430,7.774,-21.568,2.8,-840,0.0613,36.1,0.04,26.8,101.4,-0.1,-0.07
103329,425440,7.774,-21.567833,2.9,-840,0.0613,36.1,0.04,26.8,101.4,-0.1,-0.07
103329,425477,7.774,-21.566833,4.3,-840,0.061200000000000004,36.1,0.04,26.8,101.4,-0.1,-0.07
103329,425503,7.773667,-21.566167,5.3,-839,0.0611,36.1,0.04,26.8,101.4,-0.1,-0.07
103329,425504,7.773667,-21.566167,5.3,-839,0.0611,36.1,0.04,26.8,101.4,-0.1,-0.07
103329,425520,7.773667,-21.565667,5.7,-839,0.0611,36.1,0.04,26.8,101.4,-0.1,-0.07
103329,425531,7.773667,-21.565333,5.9,-839,0.061000000000000006,36.1,0.04,26.8,101.4,-0.1,-0.07
103329,425537,7.7735,-21.565167,5.9,-839,0.061000000000000006,36.1,0.04,26.8,101.4,-0.1,-0.07
103329,425567,7.773333,-21.564333,5.7,-838,0.0609,36.1,0.04,26.8,101.4,-0.1,-0.07
103329,425571,7.773333,-21.564333,5.7,-838,0.0609,36.1,0.04,26.8,101.4,-0.1,-0.07
103329,425583,7.773333,-21.564,5.5,-838,0.0609,36.1,0.04,26.8,101.4,-0.1,-0.07
103329,425584,7.773333,-21.564,5.5,-838,0.0609,36.1,0.04,26.8,101.4,-0.1,-0.07
103329,425589,7.773167,-21.563833,5.5,-838,0.0609,36.1,0.04,26.8,101.4,-0.1,-0.07
103329,425590,7.773167,-21.563833,5.5,-838,0.0609,36.1,0.04,26.8,101.4,-0.1,-0.07
103329,425596,7.773167,-21.563667,5.3,-838,0.0608,36.1,0.04,26.8,101.4,-0.1,-0.07
103329,425597,7.773167,-21.563667,5.3,-838,0.0608,36.1,0.04,26.8,101.4,-0.1,-0.07
103329,425600,7.773,-21.563667,5.3,-837,0.0608,36.1,0.04,26.8,101.4,-0.1,-0.07
103329,425603,7.773,-21.5635,5.3,-837,0.0608,36.1,0.04,26.8,101.4,-0.1,-0.07
103329,425610,7.773,-21.563333,5.2,-837,0.0608,36.1,0.04,26.8,101.4,-0.1,-0.07
103329,425614,7.773,-21.563333,5.1,-837,0.0608,36.1,0.04,26.8,101.4,-0.1,-0.07
103329,425623,7.773,-21.563167,5.,-837,0.0608,36.1,0.04,26.8,101.4,-0.1,-0.07
103329,425627,7.773,-21.563,5.,-837,0.0608,36.1,0.04,26.8,101.4,-0.1,-0.07
103329,425647,7.772833,-21.562667,4.9,-837,0.060700000000000004,36.1,0.04,26.8,101.4,-0.1,-0.07
103329,425654,7.772833,-21.5625,4.9,-837,0.060700000000000004,36.1,0.04,26.8,101.4,-0.1,-0.07
103329,425661,7.772833,-21.562333,4.6,-837,0.060700000000000004,36.1,0.04,26.8,101.4,-0.1,-0.07
103329,425663,7.772833,-21.562333,4.6,-837,0.060700000000000004,36.1,0.04,26.8,101.4,-0.1,-0.07
103329,425664,7.772833,-21.562333,4.6,-837,0.060700000000000004,36.1,0.04,26.8,101.4,-0.1,-0.07
103329,425667,7.772833,-21.562167,4.5,-837,0.060700000000000004,36.1,0.04,26.8,101.4,-0.1,-0.07
103329,425673,7.772833,-21.562,4.4,-836,0.060700000000000004,36.1,0.04,26.8,101.4,-0.1,-0.07
103329,425674,7.772833,-21.562,4.4,-836,0.060700000000000004,36.1,0.04,26.8,101.4,-0.1,-0.07
103329,425679,7.772667,-21.562,4.3,-836,0.060700000000000004,36.1,0.04,26.8,101.4,-0.1,-0.07
103329,425680,7.772667,-21.562,4.3,-836,0.060700000000000004,36.1,0.04,26.8,101.4,-0.1,-0.07
103329,425686,7.772667,-21.561833,4.3,-836,0.060700000000000004,36.1,0.04,26.8,101.4,-0.1,-0.07
103329,425687,7.772667,-21.561833,4.3,-836,0.060700000000000004,36.1,0.04,26.8,101.4,-0.1,-0.07
103329,425706,7.7725,-21.5615,4.2,-836,0.0606,36.1,0.04,26.8,101.4,-0.1,-0.07
103329,425707,7.7725,-21.5615,4.2,-836,0.0606,36.1,0.04,26.8,101.4,-0.1,-0.07
103329,425716,7.7725,-21.561333,4.3,-836,0.0606,36.1,0.04,26.8,101.4,-0.1,-0.07
103329,425717,7.7725,-21.561333,4.3,-836,0.0606,36.1,0.04,26.8,101.4,-0.1,-0.07
103329,425778,7.772167,-21.5595,5.9,-835,0.0604,36.1,0.04,26.8,101.4,-0.1,-0.07
103329,425806,7.772,-21.558833,5.8,-834,0.0603,36.1,0.04,26.8,101.4,-0.1,-0.07
103329,425807,7.772,-21.558833,5.8,-834,0.0603,36.1,0.04,26.8,101.4,-0.1,-0.07
103329,425816,7.772,-21.5585,5.8,-834,0.0603,36.1,0.04,26.8,101.4,-0.1,-0.07
103329,425866,7.7715,-21.556833,6.7,-833,0.0601,36.1,0.04,26.8,101.4,-0.1,-0.07
103329,425867,7.7715,-21.556833,6.7,-833,0.0601,36.1,0.04,26.8,101.4,-0.1,-0.07
103329,425897,7.771333,-21.556,6.7,-832,0.0601,36.1,0.04,26.8,101.4,-0.1,-0.07
103329,425950,7.770833,-21.554333,6.4,-831,0.0599,36.1,0.04,26.8,101.4,-0.1,-0.07
103329,425951,7.770833,-21.554333,6.4,-831,0.0599,36.1,0.04,26.8,101.4,-0.1,-0.07
103329,425957,7.770667,-21.554167,6.4,-831,0.0599,36.1,0.04,26.8,101.4,-0.1,-0.07
103329,425974,7.7705,-21.553667,6.4,-831,0.059800000000000006,36.1,0.04,26.8,101.4,-0.1,-0.07
103329,425980,7.7705,-21.5535,6.4,-831,0.059800000000000006,36.1,0.04,26.8,101.4,-0.1,-0.07
103329,425981,7.7705,-21.5535,6.4,-831,0.059800000000000006,36.1,0.04,26.8,101.4,-0.1,-0.07
103329,425984,7.770333,-21.5535,6.4,-830,0.059800000000000006,36.1,0.04,26.8,101.4,-0.1,-0.07
103329,426046,7.769167,-21.552,6.7,-829,0.0596,36.1,0.04,26.8,101.4,-0.11,-0.07
103329,426047,7.769167,-21.552,6.7,-829,0.0596,36.1,0.04,26.8,101.4,-0.11,-0.07
103329,426057,7.769,-21.551667,6.9,-829,0.0596,36.1,0.04,26.8,101.4,-0.11,-0.07
103329,431236,7.738833,-21.4305,3.5,-736,0.061200000000000004,36.1,0.04,26.8,100.2,-0.1,-0.06
103329,431237,7.738833,-21.4305,3.5,-736,0.061200000000000004,36.1,0.04,26.8,100.2,-0.1,-0.06
103329,431348,7.738833,-21.428833,3.3,-734,0.061200000000000004,36.1,0.04,26.8,100.2,-0.1,-0.06
103329,431388,7.739,-21.428,3.7,-734,0.061200000000000004,36.1,0.04,26.8,100.2,-0.1,-0.06
103329,431397,7.739,-21.427833,3.7,-734,0.061200000000000004,36.1,0.04,26.8,100.2,-0.1,-0.06
103329,431408,7.739,-21.427667,3.8,-734,0.061200000000000004,36.1,0.04,26.8,100.2,-0.1,-0.06
103329,431418,7.739,-21.427333,4.,-733,0.061200000000000004,36.1,0.04,26.8,100.2,-0.1,-0.06
103329,431478,7.739,-21.426167,4.2,-733,0.061200000000000004,36.1,0.04,26.8,100.30000000000001,-0.1,-0.06
103329,431507,7.739,-21.425667,3.7,-732,0.061200000000000004,36.1,0.04,26.8,100.30000000000001,-0.1,-0.06
103329,431508,7.739,-21.425667,3.7,-732,0.061200000000000004,36.1,0.04,26.8,100.30000000000001,-0.1,-0.06
103329,431517,7.739,-21.4255,3.7,-732,0.061200000000000004,36.1,0.04,26.8,100.30000000000001,-0.1,-0.06
103329,431528,7.739,-21.425333,3.6,-732,0.061200000000000004,36.1,0.04,26.8,100.30000000000001,-0.1,-0.06
103329,431548,7.739167,-21.425,3.5,-732,0.061200000000000004,36.1,0.04,26.8,100.30000000000001,-0.1,-0.06
103329,431658,7.739167,-21.423,3.8,-730,0.0611,36.1,0.04,26.8,100.30000000000001,-0.1,-0.06
103329,431659,7.739167,-21.423,3.8,-730,0.0611,36.1,0.04,26.8,100.30000000000001,-0.1,-0.06
103329,433619,7.741667,-21.38,4.4,-672,0.0608,36.1,0.04,26.8,100.80000000000001,-0.1,-0.07
103329,442814,7.761667,-21.173667,1.,-761,0.0656,36.1,0.04,26.700000000000003,98.80000000000001,-0.1,-0.08
103329,443874,7.768667,-21.161333,1.6,-758,0.0621,36.1,0.04,26.700000000000003,98.30000000000001,-0.1,-0.08
103329,445267,7.781,-21.133833,4.9,-759,0.0644,36.1,0.04,26.700000000000003,97.10000000000001,-0.11,-0.08
103329,446198,7.789333,-21.141167,11.2,-763,0.064,36.1,0.04,26.700000000000003,97.2,-0.11,-0.08
103329,448927,7.841,-21.272167,10.5,-891,0.06670000000000001,36.1,0.04,26.700000000000003,102.,-0.11,-0.06
103329,449187,7.845667,-21.2845,10.9,-892,0.0668,36.1,0.04,26.8,102.10000000000001,-0.11,-0.06
103329,450108,7.8625,-21.328667,11.,-900,0.06760000000000001,36.1,0.04,26.8,101.4,-0.1,-0.07
103329,450379,7.8675,-21.341667,11.,-893,0.06770000000000001,36.1,0.04,26.8,101.10000000000001,-0.1,-0.07
103329,451398,7.886833,-21.391333,11.1,-901,0.0669,36.1,0.04,26.8,99.5,-0.1,-0.07
103329,452648,7.908667,-21.453333,11.2,-873,0.0611,36.1,0.04,26.700000000000003,97.80000000000001,-0.09,-0.06
103329,452747,7.909833,-21.458333,11.3,-878,0.061200000000000004,36.1,0.04,26.700000000000003,97.80000000000001,-0.09,-0.06
103329,453887,7.9235,-21.517833,11.3,-931,0.0632,36.1,0.04,26.700000000000003,98.60000000000001,-0.09,-0.06
103329,455157,7.94,-21.584833,11.8,-925,0.0665,36.1,0.04,26.700000000000003,99.9,-0.09,-0.07
103329,464116,7.946667,-22.054667,11.1,-993,0.058300000000000005,36.2,0.04,26.8,100.80000000000001,-0.12,-0.08
103329,464118,7.946667,-22.054667,11.1,-993,0.058300000000000005,36.2,0.04,26.8,100.80000000000001,-0.12,-0.08
103329,464156,7.946667,-22.056667,11.1,-996,0.0582,36.2,0.04,26.8,100.80000000000001,-0.12,-0.08
103329,464157,7.946667,-22.056667,11.1,-996,0.0582,36.2,0.04,26.8,100.80000000000001,-0.12,-0.08
103329,464188,7.946667,-22.058333,11.1,-998,0.058100000000000006,36.2,0.04,26.8,100.80000000000001,-0.12,-0.08
103329,469790,7.957333,-22.349,11.1,-1103,0.048600000000000004,36.300000000000004,0.03,26.700000000000003,93.80000000000001,-0.13,-0.05
103329,469798,7.957333,-22.349333,11.1,-1103,0.048600000000000004,36.300000000000004,0.03,26.700000000000003,93.80000000000001,-0.13,-0.05
103329,469816,7.9575,-22.350333,11.1,-1103,0.0487,36.300000000000004,0.03,26.700000000000003,93.80000000000001,-0.13,-0.05
103329,469897,7.9585,-22.3545,11.,-1104,0.0531,36.300000000000004,0.03,26.700000000000003,93.9,-0.12,-0.06
103329,469958,7.959167,-22.3575,11.,-1105,0.053200000000000004,36.300000000000004,0.03,26.700000000000003,93.9,-0.12,-0.06
103329,470037,7.96,-22.3615,10.9,-1106,0.0533,36.300000000000004,0.03,26.700000000000003,94.,-0.12,-0.06
103329,470038,7.96,-22.3615,10.9,-1106,0.0533,36.300000000000004,0.03,26.700000000000003,94.,-0.12,-0.06
103329,470057,7.960333,-22.3625,10.9,-1106,0.0533,36.300000000000004,0.03,26.700000000000003,94.,-0.12,-0.06
103329,470058,7.960333,-22.3625,10.9,-1106,0.0533,36.300000000000004,0.03,26.700000000000003,94.,-0.12,-0.06
103329,470078,7.960667,-22.363333,10.9,-1106,0.0533,36.300000000000004,0.03,26.700000000000003,94.,-0.12,-0.06
103329,470105,7.961,-22.364833,11.,-1106,0.0533,36.300000000000004,0.03,26.700000000000003,94.,-0.12,-0.06
103329,470106,7.961,-22.364833,11.,-1106,0.0533,36.300000000000004,0.03,26.700000000000003,94.,-0.12,-0.06
103329,470165,7.961667,-22.367833,11.1,-1107,0.0534,36.300000000000004,0.03,26.700000000000003,94.10000000000001,-0.12,-0.06
103329,470197,7.962167,-22.3695,11.,-1107,0.0534,36.300000000000004,0.03,26.700000000000003,94.10000000000001,-0.12,-0.06
103329,470198,7.962167,-22.3695,11.,-1107,0.0534,36.300000000000004,0.03,26.700000000000003,94.10000000000001,-0.12,-0.06
103329,470258,7.962833,-22.372333,10.9,-1108,0.053500000000000006,36.300000000000004,0.03,26.700000000000003,94.10000000000001,-0.12,-0.06
103329,470297,7.963333,-22.3745,10.9,-1108,0.0536,36.300000000000004,0.03,26.700000000000003,94.10000000000001,-0.12,-0.06
103329,470376,7.9645,-22.378333,11.,-1109,0.0511,36.300000000000004,0.03,26.700000000000003,94.2,-0.12,-0.06
103329,475109,8.0365,-22.612667,11.,-1144,0.0536,36.4,0.03,26.700000000000003,93.2,-0.11,0.01
103329,480600,8.100833,-22.7345,1.1,-1153,0.057600000000000005,36.4,0.03,26.700000000000003,94.,-0.13,-0.03
103329,486318,8.134833,-22.7315,1.3,-1152,0.055400000000000005,36.4,0.03,26.700000000000003,93.60000000000001,-0.13,-0.03
103329,486407,8.1355,-22.731333,1.2,-1152,0.055400000000000005,36.4,0.03,26.700000000000003,93.60000000000001,-0.13,-0.03
103329,487739,8.144333,-22.730333,1.6,-1151,0.0557,36.4,0.03,26.700000000000003,93.5,-0.13,-0.03
103329,488798,8.152,-22.7285,1.3,-1151,0.0562,36.4,0.03,26.700000000000003,93.4,-0.13,-0.03
103329,489038,8.153833,-22.728167,1.5,-1151,0.0563,36.4,0.03,26.700000000000003,93.4,-0.13,-0.03
103329,490046,8.161833,-22.726833,1.7,-1151,0.0567,36.4,0.03,26.700000000000003,93.30000000000001,-0.13,-0.03
103329,490127,8.1625,-22.726667,1.6,-1151,0.0567,36.4,0.03,26.700000000000003,93.30000000000001,-0.13,-0.03
103329,491108,8.170333,-22.724667,1.6,-1157,0.0523,36.4,0.03,26.700000000000003,93.2,-0.13,-0.03
103329,491288,8.171833,-22.7245,1.6,-1157,0.0523,36.4,0.03,26.700000000000003,93.2,-0.13,-0.03
103329,492417,8.124167,-22.719333,10.7,-1152,0.0575,36.4,0.03,26.700000000000003,93.4,-0.13,-0.02
103329,492718,8.109167,-22.7195,10.9,-1152,0.057600000000000005,36.4,0.03,26.700000000000003,93.5,-0.13,-0.02
103329,493647,8.0915,-22.717,3.8,-1152,0.057800000000000004,36.4,0.03,26.700000000000003,93.5,-0.13,-0.02
103329,493889,8.088833,-22.713667,4.2,-1152,0.0579,36.4,0.03,26.700000000000003,93.5,-0.13,-0.02
103329,494828,8.080667,-22.692833,5.7,-1147,0.058,36.4,0.03,26.700000000000003,93.2,-0.12,-0.01
103329,495208,8.078167,-22.683167,6.,-1146,0.0577,36.4,0.03,26.700000000000003,93.,-0.12,-0.01
103329,496027,8.0725,-22.664,5.7,-1149,0.055,36.4,0.03,26.700000000000003,92.7,-0.12,0.
103329,496203,8.071167,-22.6595,5.2,-1149,0.0548,36.4,0.03,26.700000000000003,92.60000000000001,-0.12,0.
103329,496447,8.069333,-22.653333,5.1,-1148,0.054700000000000006,36.4,0.03,26.700000000000003,92.5,-0.11,0.
103329,497488,8.062167,-22.6275,4.2,-1146,0.0543,36.4,0.03,26.700000000000003,92.5,-0.11,0.01
103329,500167,8.047833,-22.570667,5.,-1147,0.0533,36.300000000000004,0.02,26.700000000000003,93.,-0.1,0.01
103329,501193,8.047,-22.552667,2.8,-1144,0.054700000000000006,36.300000000000004,0.02,26.700000000000003,93.10000000000001,-0.1,0.01
103329,501336,8.046833,-22.5495,5.2,-1144,0.054900000000000004,36.300000000000004,0.02,26.700000000000003,93.10000000000001,-0.1,0.01
103329,508116,8.014,-22.3965,5.2,-1127,0.0534,36.300000000000004,0.03,26.700000000000003,93.60000000000001,-0.12,-0.1
103329,508305,8.013167,-22.391833,5.2,-1126,0.0533,36.300000000000004,0.03,26.700000000000003,93.60000000000001,-0.12,-0.09
103329,508379,8.012833,-22.39,5.5,-1125,0.053200000000000004,36.300000000000004,0.03,26.700000000000003,93.60000000000001,-0.12,-0.09
103329,508425,8.0125,-22.388833,5.8,-1125,0.053200000000000004,36.300000000000004,0.03,26.700000000000003,93.60000000000001,-0.12,-0.09
103329,513794,8.022667,-22.241833,6.6,-1101,0.054900000000000004,36.2,0.03,26.8,92.2,-0.12,-0.07
103329,513858,8.023,-22.240167,6.,-1101,0.054900000000000004,36.2,0.03,26.8,92.2,-0.12,-0.07
103329,513859,8.023,-22.240167,6.,-1101,0.054900000000000004,36.2,0.03,26.8,92.2,-0.12,-0.07
103329,513895,8.023167,-22.239,6.,-1101,0.0548,36.2,0.03,26.8,92.2,-0.12,-0.07
103329,513914,8.023167,-22.2385,6.,-1100,0.0548,36.2,0.03,26.8,92.2,-0.12,-0.07
103329,513916,8.023167,-22.2385,6.,-1100,0.0548,36.2,0.03,26.8,92.2,-0.12,-0.07
103329,513925,8.023333,-22.238167,6.,-1100,0.0548,36.2,0.03,26.8,92.2,-0.12,-0.07
103329,513926,8.023333,-22.238167,6.,-1100,0.0548,36.2,0.03,26.8,92.2,-0.12,-0.07
103329,513936,8.023333,-22.237833,6.2,-1100,0.0548,36.2,0.03,26.8,92.2,-0.12,-0.07
103329,513946,8.023333,-22.2375,6.3,-1100,0.0548,36.2,0.03,26.8,92.2,-0.12,-0.07
103329,513954,8.023333,-22.237333,6.4,-1100,0.0548,36.2,0.03,26.8,92.2,-0.12,-0.07
103329,513974,8.0235,-22.236667,6.4,-1100,0.0548,36.2,0.03,26.8,92.2,-0.12,-0.07
103329,513976,8.0235,-22.236667,6.4,-1100,0.0548,36.2,0.03,26.8,92.2,-0.12,-0.07
103329,514014,8.023667,-22.2355,6.3,-1100,0.0548,36.2,0.03,26.8,92.2,-0.12,-0.07
103329,514015,8.023667,-22.2355,6.3,-1100,0.0548,36.2,0.03,26.8,92.2,-0.12,-0.07
103329,514034,8.023833,-22.234833,6.3,-1099,0.054700000000000006,36.2,0.03,26.8,92.2,-0.12,-0.07
103329,514035,8.023833,-22.234833,6.3,-1099,0.054700000000000006,36.2,0.03,26.8,92.2,-0.12,-0.07
103329,514049,8.023833,-22.2345,6.,-1099,0.054700000000000006,36.2,0.03,26.8,92.2,-0.12,-0.07
103329,514074,8.024,-22.233833,6.,-1099,0.054700000000000006,36.2,0.03,26.8,92.2,-0.12,-0.07
103329,514075,8.024,-22.233833,6.,-1099,0.054700000000000006,36.2,0.03,26.8,92.2,-0.12,-0.07
103329,514087,8.024,-22.2335,6.,-1099,0.054700000000000006,36.2,0.03,26.8,92.2,-0.12,-0.07
103329,514088,8.024,-22.2335,6.,-1099,0.054700000000000006,36.2,0.03,26.8,92.2,-0.12,-0.07
103329,514094,8.024,-22.233167,6.,-1099,0.054700000000000006,36.2,0.03,26.8,92.2,-0.12,-0.07
103329,514096,8.024,-22.233167,6.,-1099,0.054700000000000006,36.2,0.03,26.8,92.2,-0.12,-0.07
103329,514134,8.024,-22.232167,6.2,-1098,0.054700000000000006,36.2,0.03,26.8,92.2,-0.12,-0.07
103329,514147,8.024167,-22.231667,6.3,-1098,0.054700000000000006,36.2,0.03,26.8,92.2,-0.12,-0.07
103329,514185,8.024167,-22.2305,6.5,-1098,0.0546,36.2,0.03,26.8,92.2,-0.12,-0.07
103329,514186,8.024167,-22.2305,6.5,-1098,0.0546,36.2,0.03,26.8,92.2,-0.12,-0.07
103329,514207,8.024333,-22.229833,6.4,-1098,0.0546,36.2,0.03,26.8,92.2,-0.12,-0.07
103329,514286,8.0245,-22.227667,5.9,-1097,0.0546,36.2,0.03,26.8,92.2,-0.12,-0.07
103329,514325,8.0245,-22.2265,5.9,-1097,0.0545,36.2,0.03,26.8,92.2,-0.12,-0.07
103329,514366,8.024667,-22.225333,6.,-1096,0.0545,36.2,0.03,26.8,92.30000000000001,-0.12,-0.07
103329,517069,8.032667,-22.1485,7.3,-1087,0.0536,36.2,0.04,26.8,93.7,-0.12,-0.08
103329,522859,8.043667,-21.989333,7.1,-1037,0.0565,36.2,0.04,26.700000000000003,99.80000000000001,-0.12,-0.08
103329,527241,8.0185,-21.868833,1.6,-941,0.0613,36.1,0.04,26.700000000000003,98.30000000000001,-0.1,-0.09
103329,528417,8.008667,-21.844333,6.5,-879,0.06420000000000001,36.1,0.04,26.700000000000003,98.5,-0.09,-0.09
103329,529681,8.001,-21.816667,2.2,-1019,0.061000000000000006,36.1,0.05,26.700000000000003,99.7,-0.09,-0.09
103329,530836,7.992667,-21.787833,5.9,-589,0.064,36.1,0.05,26.700000000000003,101.,-0.08,-0.09
103329,531855,7.982,-21.763667,3.7,-488,0.0675,36.1,0.05,26.700000000000003,102.30000000000001,-0.08,-0.09
103329,532207,7.980333,-21.757167,4.3,-459,0.0683,36.1,0.05,26.700000000000003,102.5,-0.08,-0.09
103329,533098,7.980167,-21.734,5.2,-899,0.0663,36.1,0.05,26.700000000000003,102.5,-0.08,-0.09
103329,533268,7.980333,-21.729667,5.,-889,0.06670000000000001,36.1,0.05,26.700000000000003,102.5,-0.08,-0.09
103329,533598,7.980833,-21.722167,4.8,-871,0.0673,36.1,0.05,26.700000000000003,102.5,-0.08,-0.08
103329,534343,7.984,-21.708,1.,-832,0.065,36.1,0.05,26.6,102.4,-0.08,-0.08
103329,534603,7.9845,-21.704167,1.8,-822,0.0654,36.1,0.05,26.6,102.4,-0.08,-0.08
103329,537280,7.956667,-21.658,4.3,-985,0.06770000000000001,36.1,0.04,26.6,103.,-0.08,-0.07
103329,539438,7.947333,-21.628333,3.1,-960,0.06720000000000001,36.1,0.04,26.6,102.5,-0.08,-0.07
103329,539537,7.947667,-21.626833,3.,-958,0.06720000000000001,36.1,0.04,26.6,102.4,-0.08,-0.07
103329,552464,8.089667,-22.1875,10.9,-1105,0.0516,36.2,0.04,26.8,91.7,-0.12,-0.1
103329,552465,8.089667,-22.1875,10.9,-1105,0.0516,36.2,0.04,26.8,91.7,-0.12,-0.1
103329,552535,8.089667,-22.191,10.9,-1106,0.0519,36.2,0.04,26.8,91.7,-0.12,-0.1
103329,552575,8.089667,-22.193167,10.9,-1106,0.0521,36.2,0.04,26.8,91.7,-0.12,-0.1
103329,552576,8.089667,-22.193167,10.9,-1106,0.0521,36.2,0.04,26.8,91.7,-0.12,-0.1
103329,552646,8.0895,-22.196667,10.7,-1107,0.0523,36.2,0.04,26.8,91.60000000000001,-0.12,-0.1
103329,552654,8.0895,-22.197,10.7,-1107,0.0524,36.2,0.04,26.8,91.60000000000001,-0.12,-0.1
103329,552655,8.0895,-22.197,10.7,-1107,0.0524,36.2,0.04,26.8,91.60000000000001,-0.12,-0.1
103329,552664,8.0895,-22.1975,10.7,-1107,0.0524,36.2,0.04,26.8,91.60000000000001,-0.12,-0.1
103329,552674,8.0895,-22.198,10.7,-1107,0.0524,36.2,0.04,26.8,91.60000000000001,-0.12,-0.1
103329,552685,8.0895,-22.198667,10.7,-1107,0.052500000000000005,36.2,0.04,26.8,91.60000000000001,-0.12,-0.1
103329,552733,8.0895,-22.201167,10.7,-1108,0.052700000000000004,36.2,0.04,26.8,91.5,-0.12,-0.1
103329,552734,8.0895,-22.201167,10.7,-1108,0.052700000000000004,36.2,0.04,26.8,91.5,-0.12,-0.1
103329,558245,8.097667,-22.478667,11.1,-1148,0.053500000000000006,36.300000000000004,0.02,26.6,93.2,-0.1,-0.06
103329,558325,8.097833,-22.482833,11.1,-1148,0.0534,36.300000000000004,0.02,26.6,93.10000000000001,-0.1,-0.05
103329,558356,8.098,-22.4845,11.1,-1148,0.0534,36.300000000000004,0.02,26.6,93.10000000000001,-0.1,-0.05
103329,558364,8.098,-22.485,11.1,-1148,0.0534,36.300000000000004,0.02,26.6,93.,-0.1,-0.05
103329,558365,8.098,-22.485,11.1,-1148,0.0534,36.300000000000004,0.02,26.6,93.,-0.1,-0.05
103329,558376,8.098,-22.4855,11.1,-1148,0.0534,36.300000000000004,0.02,26.6,93.,-0.1,-0.05
103329,558385,8.098167,-22.486,11.1,-1148,0.0534,36.300000000000004,0.02,26.6,93.,-0.1,-0.05
103329,558425,8.098167,-22.488,11.1,-1149,0.0533,36.300000000000004,0.02,26.6,93.,-0.1,-0.05
103329,558465,8.098333,-22.49,11.1,-1149,0.0533,36.300000000000004,0.02,26.6,92.9,-0.1,-0.05
103329,558546,8.098333,-22.494333,11.,-1149,0.053200000000000004,36.300000000000004,0.02,26.6,92.80000000000001,-0.1,-0.05
103329,558606,8.0985,-22.497333,10.9,-1150,0.0531,36.300000000000004,0.02,26.6,92.7,-0.1,-0.04
103329,558607,8.0985,-22.497333,10.9,-1150,0.0531,36.300000000000004,0.02,26.6,92.7,-0.1,-0.04
103329,558615,8.0985,-22.497833,10.9,-1150,0.0531,36.300000000000004,0.02,26.6,92.7,-0.1,-0.04
103329,558716,8.098833,-22.503,10.9,-1149,0.0531,36.300000000000004,0.02,26.6,92.60000000000001,-0.1,-0.04
103329,558795,8.098833,-22.507,10.9,-1149,0.0531,36.300000000000004,0.02,26.6,92.5,-0.1,-0.04
103329,564147,8.193167,-22.756833,10.3,-1152,0.0545,36.4,0.02,26.6,92.10000000000001,-0.12,-0.07
103329,574206,8.2165,-22.745667,1.6,-1159,0.054900000000000004,36.300000000000004,0.02,26.6,91.80000000000001,-0.12,-0.06
103329,575736,8.214667,-22.735333,1.5,-1158,0.0536,36.300000000000004,0.02,26.6,91.60000000000001,-0.12,-0.06
103329,577825,8.212333,-22.723167,1.,-1157,0.0519,36.300000000000004,0.02,26.6,91.4,-0.12,-0.06
103329,579348,8.2255,-22.772167,3.8,-1154,0.0514,36.4,0.02,26.6,92.,-0.12,-0.08
103329,580744,8.203,-22.758667,4.4,-1152,0.0548,36.4,0.02,26.6,91.80000000000001,-0.12,-0.07
103329,580838,8.201667,-22.757333,3.8,-1152,0.0548,36.4,0.02,26.6,91.80000000000001,-0.12,-0.07
103329,581845,8.186667,-22.7375,5.7,-1158,0.051000000000000004,36.300000000000004,0.02,26.6,91.60000000000001,-0.12,-0.06
103329,581916,8.185667,-22.735833,5.6,-1158,0.0512,36.300000000000004,0.02,26.6,91.5,-0.12,-0.06
103329,582945,8.174,-22.711333,6.2,-1156,0.0536,36.300000000000004,0.02,26.6,91.30000000000001,-0.12,-0.05
103329,584324,8.159333,-22.678333,3.5,-1150,0.055600000000000004,36.300000000000004,0.02,26.6,90.80000000000001,-0.12,-0.04
103329,586882,8.133167,-22.608,3.5,-1151,0.0509,36.300000000000004,0.02,26.6,90.10000000000001,-0.11,-0.02
103329,587206,8.133,-22.6035,4.,-1150,0.0507,36.300000000000004,0.02,26.6,90.10000000000001,-0.11,-0.02
103329,596443,8.094667,-22.367167,6.,-1138,0.060200000000000004,36.300000000000004,0.03,26.700000000000003,94.60000000000001,-0.1,-0.14
103329,596464,8.094667,-22.3665,6.3,-1138,0.060000000000000005,36.300000000000004,0.03,26.700000000000003,94.7,-0.1,-0.14
103329,596524,8.094667,-22.365167,5.1,-1138,0.0597,36.300000000000004,0.03,26.700000000000003,94.7,-0.1,-0.14
103329,596534,8.094667,-22.364833,5.,-1138,0.0596,36.300000000000004,0.03,26.700000000000003,94.7,-0.1,-0.14
103329,596594,8.094667,-22.3635,5.2,-1137,0.059300000000000005,36.300000000000004,0.03,26.700000000000003,94.80000000000001,-0.1,-0.14
103329,596654,8.094667,-22.361667,5.9,-1137,0.058800000000000005,36.300000000000004,0.03,26.700000000000003,94.80000000000001,-0.1,-0.14
103329,596691,8.094667,-22.360667,5.8,-1137,0.0585,36.300000000000004,0.03,26.700000000000003,94.80000000000001,-0.11,-0.14
103329,596753,8.094667,-22.359333,4.6,-1137,0.0582,36.300000000000004,0.03,26.700000000000003,94.9,-0.11,-0.14
103329,596873,8.094667,-22.356667,5.1,-1137,0.0575,36.300000000000004,0.03,26.700000000000003,95.,-0.11,-0.13
103329,597023,8.094333,-22.353333,3.7,-1136,0.0567,36.300000000000004,0.03,26.700000000000003,95.10000000000001,-0.11,-0.13
103329,602121,8.094167,-22.218167,7.,-1112,0.0517,36.2,0.04,26.700000000000003,91.4,-0.11,-0.11
103329,602210,8.0945,-22.215,7.2,-1112,0.0514,36.2,0.04,26.700000000000003,91.4,-0.11,-0.11
103329,602223,8.0945,-22.214667,7.1,-1112,0.0514,36.2,0.04,26.700000000000003,91.4,-0.11,-0.11
103329,602265,8.094667,-22.213333,6.9,-1111,0.051300000000000005,36.2,0.04,26.700000000000003,91.5,-0.11,-0.11
103329,602273,8.094667,-22.213167,6.5,-1111,0.0512,36.2,0.04,26.700000000000003,91.5,-0.11,-0.11
103329,602283,8.094667,-22.212833,5.9,-1111,0.0512,36.2,0.04,26.700000000000003,91.5,-0.11,-0.11
103329,602304,8.094667,-22.212667,4.5,-1111,0.0512,36.2,0.04,26.700000000000003,91.5,-0.11,-0.11
103329,602364,8.0945,-22.212167,2.6,-1111,0.0511,36.2,0.04,26.700000000000003,91.5,-0.11,-0.11
103329,602381,8.094333,-22.211833,3.,-1111,0.0511,36.2,0.04,26.700000000000003,91.5,-0.11,-0.11
103329,602387,8.0945,-22.211667,3.1,-1111,0.0511,36.2,0.04,26.700000000000003,91.5,-0.11,-0.11
103329,602388,8.0945,-22.211667,3.1,-1111,0.0511,36.2,0.04,26.700000000000003,91.5,-0.11,-0.11
103329,602390,8.0945,-22.211667,3.1,-1111,0.0511,36.2,0.04,26.700000000000003,91.5,-0.11,-0.11
103329,602391,8.0945,-22.211667,3.1,-1111,0.0511,36.2,0.04,26.700000000000003,91.5,-0.11,-0.11
103329,602395,8.0945,-22.2115,3.2,-1111,0.051000000000000004,36.2,0.04,26.700000000000003,91.5,-0.11,-0.11
103329,602400,8.0945,-22.211333,3.6,-1111,0.051000000000000004,36.2,0.04,26.700000000000003,91.5,-0.11,-0.11
103329,602424,8.094667,-22.210667,4.6,-1111,0.051000000000000004,36.2,0.04,26.700000000000003,91.5,-0.11,-0.11
103329,602427,8.094833,-22.210667,4.9,-1111,0.051000000000000004,36.2,0.04,26.700000000000003,91.5,-0.11,-0.11
103329,602454,8.094833,-22.209833,5.7,-1111,0.0509,36.2,0.04,26.700000000000003,91.5,-0.11,-0.11
103329,602455,8.094833,-22.209833,5.7,-1111,0.0509,36.2,0.04,26.700000000000003,91.5,-0.11,-0.11
103329,602504,8.095,-22.208,7.1,-1110,0.0534,36.2,0.04,26.700000000000003,91.5,-0.11,-0.11
103329,602530,8.095,-22.207167,7.2,-1110,0.0533,36.2,0.04,26.700000000000003,91.5,-0.11,-0.11
103329,602537,8.095,-22.207,7.,-1110,0.0533,36.2,0.04,26.700000000000003,91.5,-0.11,-0.11
103329,602540,8.095,-22.206833,6.9,-1110,0.0533,36.2,0.04,26.700000000000003,91.5,-0.11,-0.11
103329,602544,8.095,-22.206667,6.5,-1110,0.0533,36.2,0.04,26.700000000000003,91.5,-0.11,-0.11
103329,602547,8.095,-22.206667,6.4,-1110,0.0533,36.2,0.04,26.700000000000003,91.5,-0.11,-0.11
103329,602550,8.095167,-22.206667,6.2,-1110,0.0533,36.2,0.04,26.700000000000003,91.5,-0.11,-0.11
103329,602551,8.095167,-22.206667,6.2,-1110,0.0533,36.2,0.04,26.700000000000003,91.5,-0.11,-0.11
103329,602567,8.095167,-22.2065,5.,-1110,0.0533,36.2,0.04,26.700000000000003,91.5,-0.11,-0.11
103329,602573,8.095167,-22.206333,4.4,-1110,0.0533,36.2,0.04,26.700000000000003,91.5,-0.11,-0.11
103329,602574,8.095167,-22.206333,4.4,-1110,0.0533,36.2,0.04,26.700000000000003,91.5,-0.11,-0.11
103329,602604,8.095167,-22.206,3.7,-1110,0.053200000000000004,36.2,0.04,26.700000000000003,91.5,-0.11,-0.11
103329,602632,8.095333,-22.205333,4.4,-1110,0.053200000000000004,36.2,0.04,26.700000000000003,91.60000000000001,-0.11,-0.11
103329,602634,8.0955,-22.205167,4.5,-1110,0.053200000000000004,36.2,0.04,26.700000000000003,91.60000000000001,-0.11,-0.11
103329,602637,8.0955,-22.205167,4.8,-1110,0.053200000000000004,36.2,0.04,26.700000000000003,91.60000000000001,-0.11,-0.11
103329,602651,8.0955,-22.204667,5.1,-1110,0.0531,36.2,0.04,26.700000000000003,91.60000000000001,-0.11,-0.11
103329,602691,8.0955,-22.203333,6.4,-1109,0.053000000000000005,36.2,0.04,26.700000000000003,91.60000000000001,-0.11,-0.11
103329,602694,8.0955,-22.203333,6.4,-1109,0.053000000000000005,36.2,0.04,26.700000000000003,91.60000000000001,-0.11,-0.11
103329,602704,8.0955,-22.203,6.5,-1109,0.053000000000000005,36.2,0.04,26.700000000000003,91.60000000000001,-0.11,-0.11
103329,606027,8.104833,-22.115,5.8,-1100,0.0541,36.2,0.04,26.700000000000003,95.30000000000001,-0.13,-0.09
103329,614034,8.1055,-21.921667,6.3,-1048,0.0572,36.2,0.04,26.700000000000003,94.7,-0.14,-0.07
103329,614985,8.101333,-21.891833,7.5,-1049,0.059300000000000005,36.1,0.04,26.700000000000003,95.10000000000001,-0.14,-0.08
103329,616342,8.094167,-21.8585,3.8,-1047,0.061200000000000004,36.1,0.05,26.6,95.5,-0.13,-0.08
103329,617436,8.091167,-21.8335,4.3,-1045,0.0614,36.1,0.05,26.6,96.2,-0.13,-0.09
103329,618786,8.0795,-21.798667,5.,-964,0.0613,36.1,0.05,26.6,98.4,-0.12,-0.09
103329,618966,8.0785,-21.7945,5.3,-955,0.061200000000000004,36.1,0.05,26.6,98.7,-0.12,-0.09
103329,619256,8.076167,-21.787,5.9,-938,0.0626,36.1,0.05,26.6,99.4,-0.12,-0.09
103329,620014,8.070667,-21.769833,4.4,-902,0.061200000000000004,36.1,0.05,26.6,100.7,-0.12,-0.09
103329,620374,8.067667,-21.761167,4.5,-885,0.0604,36.1,0.05,26.6,101.4,-0.11,-0.09
103329,621449,8.0645,-21.743833,4.4,-1025,0.0661,36.1,0.05,26.6,101.5,-0.11,-0.08
103329,622400,8.061667,-21.726667,3.8,-1005,0.0639,36.1,0.05,26.6,101.5,-0.11,-0.08
103329,623796,8.058167,-21.703167,5.5,-980,0.0671,36.1,0.05,26.6,101.5,-0.11,-0.08
103329,625389,8.051167,-21.6665,5.8,-996,0.0678,36.1,0.05,26.6,101.,-0.1,-0.07
103329,640778,8.4155,-21.082833,11.,-998,0.0644,36.2,0.04,26.3,95.30000000000001,-0.19,-0.1
103329,640779,8.4155,-21.082833,11.,-998,0.0644,36.2,0.04,26.3,95.30000000000001,-0.19,-0.1
103329,640819,8.416,-21.080667,11.,-998,0.06430000000000001,36.2,0.04,26.3,95.4,-0.19,-0.1
103329,640820,8.416,-21.080667,11.,-998,0.06430000000000001,36.2,0.04,26.3,95.4,-0.19,-0.1
103329,640838,8.416333,-21.079833,11.,-998,0.06430000000000001,36.2,0.04,26.3,95.4,-0.19,-0.1
103329,640898,8.416833,-21.076833,11.,-1008,0.0669,36.2,0.04,26.3,95.4,-0.19,-0.1
103329,640909,8.416833,-21.076167,11.,-1008,0.0669,36.2,0.04,26.3,95.4,-0.19,-0.1
103329,640910,8.416833,-21.076167,11.,-1008,0.0669,36.2,0.04,26.3,95.4,-0.19,-0.1
103329,640920,8.416833,-21.075667,11.,-1008,0.0669,36.2,0.04,26.3,95.5,-0.19,-0.1
103329,640969,8.417,-21.073,11.1,-1009,0.06670000000000001,36.2,0.04,26.3,95.5,-0.19,-0.1
103329,640980,8.417,-21.0725,11.1,-1009,0.06670000000000001,36.2,0.04,26.3,95.5,-0.19,-0.1
103329,640989,8.417,-21.072167,11.1,-1009,0.06670000000000001,36.2,0.04,26.3,95.5,-0.19,-0.1
103329,641000,8.417,-21.0715,11.1,-1009,0.0666,36.2,0.04,26.3,95.5,-0.19,-0.1
103329,641008,8.417,-21.071,11.1,-1009,0.0666,36.2,0.04,26.3,95.5,-0.19,-0.1
103329,641039,8.417,-21.069333,11.1,-1009,0.0665,36.2,0.04,26.3,95.60000000000001,-0.19,-0.1
103329,641059,8.417,-21.068333,11.1,-1009,0.0665,36.2,0.04,26.3,95.60000000000001,-0.19,-0.1
103329,641068,8.417,-21.067833,11.1,-1009,0.0664,36.2,0.04,26.3,95.60000000000001,-0.19,-0.1
103329,641120,8.417,-21.065167,11.1,-1009,0.0663,36.2,0.04,26.3,95.60000000000001,-0.19,-0.1
103329,641159,8.417,-21.063167,11.2,-1010,0.06620000000000001,36.2,0.04,26.3,95.7,-0.19,-0.1
103329,641180,8.417,-21.062,11.2,-1010,0.0661,36.2,0.04,26.3,95.7,-0.19,-0.11
103329,641210,8.417,-21.060333,11.1,-1010,0.066,36.2,0.04,26.3,95.7,-0.19,-0.11
103329,641259,8.417,-21.057833,11.1,-1010,0.0659,36.2,0.04,26.3,95.7,-0.19,-0.11
103329,646838,8.422,-20.763333,11.1,-1000,0.0604,36.1,0.05,26.1,99.80000000000001,-0.18,-0.11
103329,646938,8.422167,-20.758,11.1,-1003,0.0606,36.1,0.05,26.1,99.30000000000001,-0.18,-0.11
103329,646958,8.422333,-20.757,11.1,-1003,0.0606,36.1,0.05,26.1,99.2,-0.18,-0.11
103329,646980,8.422333,-20.755833,11.1,-1004,0.060700000000000004,36.1,0.05,26.1,99.10000000000001,-0.18,-0.11
103329,647069,8.4225,-20.751167,11.1,-1006,0.0609,36.1,0.05,26.1,98.60000000000001,-0.18,-0.11
103329,647129,8.422667,-20.748167,11.1,-998,0.054700000000000006,36.1,0.05,26.1,98.4,-0.18,-0.11
103329,647450,8.423333,-20.7315,11.,-956,0.0557,36.1,0.05,26.1,96.80000000000001,-0.17,-0.11
103329,652951,8.303,-20.515667,1.2,-1002,0.061500000000000006,36.2,0.05,26.1,101.2,-0.2,-0.09
103329,656309,8.281167,-20.522167,1.3,-1001,0.061500000000000006,36.2,0.05,26.1,101.30000000000001,-0.21,-0.09
103329,657379,8.274333,-20.524,1.3,-1000,0.061900000000000004,36.2,0.05,26.1,101.4,-0.21,-0.08
103329,658639,8.266167,-20.5255,1.3,-999,0.0626,36.2,0.04,26.1,101.5,-0.21,-0.08
103329,659719,8.259333,-20.527167,1.2,-999,0.0632,36.2,0.04,26.1,101.60000000000001,-0.21,-0.08
103329,659911,8.258167,-20.5275,1.2,-999,0.06330000000000001,36.2,0.04,26.1,101.60000000000001,-0.21,-0.08
103329,661219,8.2505,-20.528833,1.1,-998,0.0641,36.2,0.04,26.1,101.80000000000001,-0.22,-0.08
103329,662179,8.2455,-20.530167,1.,-1006,0.0635,36.2,0.04,26.1,101.80000000000001,-0.22,-0.08
103329,663481,8.24,-20.531667,1.,-1005,0.0635,36.2,0.04,26.1,101.9,-0.22,-0.08
103329,664021,8.238167,-20.532667,0.8,-1005,0.0635,36.2,0.04,26.1,101.80000000000001,-0.22,-0.08
103329,664849,8.261833,-20.534333,10.6,-999,0.06280000000000001,36.2,0.04,26.1,101.,-0.21,-0.08
103329,664980,8.268333,-20.535,10.6,-1000,0.062,36.2,0.04,26.1,100.7,-0.21,-0.08
103329,666131,8.308,-20.535667,5.5,-1003,0.0601,36.2,0.05,26.1,99.30000000000001,-0.2,-0.09
103329,667388,8.331667,-20.5505,4.5,-1004,0.058600000000000006,36.1,0.05,26.,99.10000000000001,-0.19,-0.1
103329,668540,8.351333,-20.571833,5.5,-1003,0.0639,36.1,0.05,26.,100.60000000000001,-0.19,-0.1
103329,668896,8.358,-20.579,5.7,-999,0.0639,36.1,0.05,26.,101.2,-0.19,-0.1
103329,669881,8.374833,-20.595167,4.8,-984,0.0673,36.1,0.05,26.,102.4,-0.18,-0.1
103329,671319,8.399167,-20.6215,5.,-915,0.060200000000000004,36.1,0.05,26.,103.5,-0.18,-0.1
103329,684831,8.413167,-20.903833,5.8,-1025,0.06810000000000001,36.2,0.04,26.200000000000003,102.7,-0.21,-0.12
103329,684855,8.413167,-20.9045,5.5,-1025,0.06810000000000001,36.2,0.04,26.200000000000003,102.60000000000001,-0.21,-0.12
103329,684883,8.413,-20.905,4.9,-1025,0.06810000000000001,36.2,0.04,26.200000000000003,102.60000000000001,-0.21,-0.12
103329,684884,8.413,-20.905,4.9,-1025,0.06810000000000001,36.2,0.04,26.200000000000003,102.60000000000001,-0.21,-0.12
103329,684935,8.413,-20.9055,2.3,-1025,0.06810000000000001,36.2,0.04,26.200000000000003,102.60000000000001,-0.21,-0.12
103329,684943,8.413,-20.9055,1.9,-1025,0.06810000000000001,36.2,0.04,26.200000000000003,102.60000000000001,-0.21,-0.12
103329,684974,8.413333,-20.9055,1.3,-1025,0.06810000000000001,36.2,0.04,26.200000000000003,102.60000000000001,-0.21,-0.12
103329,685023,8.413167,-20.906167,2.3,-1025,0.06810000000000001,36.2,0.04,26.200000000000003,102.60000000000001,-0.21,-0.12
103329,685034,8.413,-20.906333,2.5,-1025,0.06810000000000001,36.2,0.04,26.200000000000003,102.60000000000001,-0.21,-0.12
103329,685047,8.413,-20.9065,3.,-1025,0.06810000000000001,36.2,0.04,26.200000000000003,102.60000000000001,-0.21,-0.12
103329,685081,8.412667,-20.907333,4.2,-1025,0.068,36.2,0.04,26.200000000000003,102.60000000000001,-0.21,-0.12
103329,685087,8.412667,-20.9075,4.3,-1025,0.068,36.2,0.04,26.200000000000003,102.60000000000001,-0.21,-0.12
103329,685103,8.412667,-20.908,5.,-1025,0.068,36.2,0.04,26.200000000000003,102.60000000000001,-0.21,-0.12
103329,685104,8.412667,-20.908,5.,-1025,0.068,36.2,0.04,26.200000000000003,102.60000000000001,-0.21,-0.12
103329,685114,8.4125,-20.908333,5.2,-1025,0.068,36.2,0.04,26.200000000000003,102.60000000000001,-0.21,-0.12
103329,685160,8.412333,-20.9095,5.3,-1025,0.068,36.2,0.04,26.200000000000003,102.60000000000001,-0.21,-0.12
103329,685161,8.412333,-20.9095,5.3,-1025,0.068,36.2,0.04,26.200000000000003,102.60000000000001,-0.21,-0.12
103329,685164,8.412333,-20.9095,5.2,-1025,0.068,36.2,0.04,26.200000000000003,102.60000000000001,-0.21,-0.12
103329,685184,8.412167,-20.91,5.,-1025,0.0679,36.2,0.04,26.200000000000003,102.60000000000001,-0.21,-0.12
103329,685203,8.412167,-20.910333,4.9,-1025,0.0679,36.2,0.04,26.200000000000003,102.60000000000001,-0.21,-0.12
103329,685244,8.412,-20.911167,4.8,-1025,0.0679,36.2,0.04,26.200000000000003,102.60000000000001,-0.21,-0.12
103329,685295,8.411667,-20.9125,5.3,-1025,0.0679,36.2,0.04,26.200000000000003,102.60000000000001,-0.21,-0.12
103329,685304,8.411667,-20.912833,5.7,-1025,0.0679,36.2,0.04,26.200000000000003,102.60000000000001,-0.21,-0.12
103329,685305,8.411667,-20.912833,5.7,-1025,0.0679,36.2,0.04,26.200000000000003,102.60000000000001,-0.21,-0.12
103329,685315,8.411667,-20.913167,5.8,-1025,0.0678,36.2,0.04,26.200000000000003,102.60000000000001,-0.21,-0.12
103329,685345,8.411667,-20.914,5.7,-1025,0.0678,36.2,0.04,26.200000000000003,102.60000000000001,-0.21,-0.12
103329,685355,8.4115,-20.914167,5.3,-1025,0.0678,36.2,0.04,26.200000000000003,102.60000000000001,-0.21,-0.12
103329,685360,8.4115,-20.914333,5.1,-1025,0.0678,36.2,0.04,26.200000000000003,102.60000000000001,-0.21,-0.12
103329,685367,8.4115,-20.9145,5.,-1025,0.0678,36.2,0.04,26.200000000000003,102.60000000000001,-0.21,-0.12
103329,685368,8.4115,-20.9145,5.,-1025,0.0678,36.2,0.04,26.200000000000003,102.60000000000001,-0.21,-0.12
103329,685375,8.4115,-20.914667,4.9,-1025,0.0678,36.2,0.04,26.200000000000003,102.60000000000001,-0.21,-0.12
103329,685388,8.4115,-20.914833,4.8,-1025,0.0678,36.2,0.04,26.200000000000003,102.60000000000001,-0.21,-0.12
103329,685405,8.411333,-20.915167,4.8,-1025,0.0678,36.2,0.04,26.200000000000003,102.60000000000001,-0.21,-0.12
103329,689457,8.385333,-21.014167,5.,-1005,0.0669,36.2,0.04,26.200000000000003,99.,-0.21,-0.11
103329,690663,8.369833,-21.046167,3.8,-1009,0.0651,36.2,0.04,26.200000000000003,97.4,-0.22,-0.11
103329,690664,8.369833,-21.046167,3.8,-1009,0.0651,36.2,0.04,26.200000000000003,97.4,-0.22,-0.11
103329,690776,8.369333,-21.0475,3.8,-1009,0.065,36.2,0.04,26.200000000000003,97.30000000000001,-0.22,-0.11
103329,690777,8.369333,-21.0475,3.8,-1009,0.065,36.2,0.04,26.200000000000003,97.30000000000001,-0.22,-0.11
103329,690806,8.369,-21.048167,5.,-1009,0.065,36.2,0.04,26.200000000000003,97.30000000000001,-0.22,-0.11
103329,690807,8.369,-21.048167,5.,-1009,0.065,36.2,0.04,26.200000000000003,97.30000000000001,-0.22,-0.11
103329,690809,8.368833,-21.048333,5.,-1009,0.065,36.2,0.04,26.200000000000003,97.30000000000001,-0.22,-0.11
103329,690810,8.368833,-21.048333,5.,-1009,0.065,36.2,0.04,26.200000000000003,97.30000000000001,-0.22,-0.11
103329,690812,8.368833,-21.048333,5.1,-1009,0.065,36.2,0.04,26.200000000000003,97.30000000000001,-0.22,-0.11
103329,690813,8.368833,-21.048333,5.1,-1009,0.065,36.2,0.04,26.200000000000003,97.30000000000001,-0.22,-0.11
103329,690817,8.368833,-21.0485,5.2,-1009,0.065,36.2,0.04,26.200000000000003,97.30000000000001,-0.22,-0.11
103329,690821,8.368833,-21.048667,5.2,-1009,0.065,36.2,0.04,26.3,97.30000000000001,-0.22,-0.11
103329,690822,8.368833,-21.048667,5.2,-1009,0.065,36.2,0.04,26.3,97.30000000000001,-0.22,-0.11
103329,690843,8.3685,-21.049167,5.3,-1009,0.0649,36.2,0.04,26.3,97.30000000000001,-0.22,-0.11
103329,690844,8.3685,-21.049167,5.3,-1009,0.0649,36.2,0.04,26.3,97.30000000000001,-0.22,-0.11
103329,690862,8.368333,-21.049667,5.7,-1009,0.0649,36.2,0.04,26.3,97.30000000000001,-0.22,-0.11
103329,690863,8.368333,-21.049667,5.7,-1009,0.0649,36.2,0.04,26.3,97.30000000000001,-0.22,-0.11
103329,690872,8.368167,-21.05,6.,-1009,0.0649,36.2,0.04,26.3,97.30000000000001,-0.21,-0.11
103329,690922,8.3675,-21.051333,6.4,-1009,0.0648,36.2,0.04,26.3,97.2,-0.21,-0.11
103329,690932,8.367333,-21.051667,6.4,-1009,0.0648,36.2,0.04,26.3,97.2,-0.21,-0.11
103329,690933,8.367333,-21.051667,6.4,-1009,0.0648,36.2,0.04,26.3,97.2,-0.21,-0.11
103329,691053,8.366,-21.055167,6.9,-1010,0.0646,36.2,0.04,26.3,97.10000000000001,-0.21,-0.11
103329,691064,8.365833,-21.0555,7.,-1010,0.0645,36.2,0.04,26.3,97.10000000000001,-0.21,-0.11
103329,694906,8.314333,-21.147,5.8,-980,0.0733,36.2,0.04,26.3,94.9,-0.21,-0.08
103329,699675,8.281167,-21.247333,6.,-992,0.06960000000000001,36.2,0.04,26.3,97.,-0.18,-0.06
103329,699795,8.280833,-21.2505,5.8,-883,0.0709,36.2,0.04,26.3,97.,-0.18,-0.06
103329,701816,8.288333,-21.292167,3.,-884,0.07050000000000001,36.2,0.04,26.3,97.80000000000001,-0.18,-0.07
103329,702216,8.286333,-21.301,4.5,-889,0.07010000000000001,36.2,0.04,26.400000000000002,97.9,-0.17,-0.07
103329,702975,8.288333,-21.3205,5.7,-887,0.0693,36.2,0.04,26.400000000000002,98.10000000000001,-0.17,-0.08
103329,703215,8.289167,-21.3265,5.7,-886,0.06910000000000001,36.2,0.04,26.400000000000002,98.2,-0.17,-0.08
103329,703456,8.289833,-21.332667,5.3,-885,0.0689,36.2,0.04,26.400000000000002,98.30000000000001,-0.16,-0.08
103329,704456,8.292,-21.356167,4.3,-839,0.0682,36.2,0.04,26.400000000000002,98.60000000000001,-0.16,-0.09
103329,704915,8.294833,-21.367333,5.6,-826,0.068,36.2,0.04,26.400000000000002,99.10000000000001,-0.15,-0.09
103329,705545,8.300167,-21.383667,6.4,-807,0.0708,36.2,0.04,26.400000000000002,99.9,-0.15,-0.09
103329,705865,8.301,-21.391667,5.3,-797,0.0709,36.2,0.04,26.400000000000002,100.30000000000001,-0.14,-0.09
103329,706682,8.305667,-21.4125,3.,-771,0.0713,36.2,0.04,26.400000000000002,101.2,-0.14,-0.1
103329,706836,8.306,-21.415333,4.5,-767,0.0714,36.2,0.04,26.400000000000002,101.4,-0.14,-0.1
103329,707995,8.307167,-21.445,4.8,-940,0.0738,36.2,0.04,26.400000000000002,102.60000000000001,-0.13,-0.1
103329,708274,8.3065,-21.450667,3.6,-936,0.07390000000000001,36.2,0.04,26.400000000000002,102.80000000000001,-0.12,-0.1
103329,709416,8.301833,-21.476833,5.7,-916,0.0742,36.2,0.04,26.5,103.60000000000001,-0.12,-0.09
103329,723605,8.861,-22.018167,12.6,-1146,0.061700000000000005,36.300000000000004,0.06,26.5,121.10000000000001,-0.11,-0.04
103329,723716,8.865667,-22.0225,12.5,-1146,0.061700000000000005,36.300000000000004,0.06,26.5,121.10000000000001,-0.11,-0.05
103329,723804,8.8695,-22.026167,12.4,-1146,0.061700000000000005,36.300000000000004,0.06,26.5,121.10000000000001,-0.11,-0.05
103329,723805,8.8695,-22.026167,12.4,-1146,0.061700000000000005,36.300000000000004,0.06,26.5,121.10000000000001,-0.11,-0.05
103329,729154,9.093,-22.242833,12.,-1140,0.0565,36.4,0.05,26.400000000000002,108.60000000000001,-0.13,-0.08
103329,729214,9.095667,-22.245,11.9,-1140,0.056600000000000004,36.4,0.05,26.400000000000002,108.7,-0.13,-0.08
103329,729255,9.097333,-22.246667,11.9,-1140,0.0567,36.4,0.05,26.400000000000002,108.7,-0.13,-0.08
103329,729315,9.1,-22.249,12.3,-1140,0.0567,36.4,0.05,26.400000000000002,108.80000000000001,-0.13,-0.08
103329,729316,9.1,-22.249,12.3,-1140,0.0567,36.4,0.05,26.400000000000002,108.80000000000001,-0.13,-0.08
103329,729454,9.105833,-22.254167,12.3,-1145,0.057600000000000005,36.4,0.05,26.400000000000002,108.9,-0.13,-0.08
103329,729455,9.105833,-22.254167,12.3,-1145,0.057600000000000005,36.4,0.05,26.400000000000002,108.9,-0.13,-0.08
103329,729467,9.106333,-22.254667,12.1,-1145,0.057600000000000005,36.4,0.05,26.400000000000002,109.,-0.13,-0.08
103329,729505,9.108,-22.256,12.1,-1145,0.0577,36.4,0.05,26.400000000000002,109.,-0.13,-0.08
103329,729506,9.108,-22.256,12.1,-1145,0.0577,36.4,0.05,26.400000000000002,109.,-0.13,-0.08
103329,729566,9.110667,-22.2585,12.3,-1145,0.0577,36.4,0.05,26.400000000000002,109.10000000000001,-0.13,-0.08
103329,729575,9.111,-22.258833,12.3,-1145,0.0577,36.4,0.05,26.400000000000002,109.10000000000001,-0.13,-0.08
103329,729576,9.111,-22.258833,12.3,-1145,0.0577,36.4,0.05,26.400000000000002,109.10000000000001,-0.13,-0.08
103329,729586,9.1115,-22.259333,12.3,-1145,0.0577,36.4,0.05,26.400000000000002,109.10000000000001,-0.13,-0.08
103329,729636,9.1135,-22.261167,12.5,-1145,0.0577,36.4,0.05,26.400000000000002,109.10000000000001,-0.13,-0.08
103329,729696,9.116,-22.2635,12.,-1145,0.057800000000000004,36.4,0.05,26.400000000000002,109.2,-0.13,-0.08
103329,729706,9.116667,-22.264,12.,-1145,0.057800000000000004,36.4,0.05,26.400000000000002,109.2,-0.13,-0.08
103329,729766,9.119333,-22.266167,12.5,-1145,0.057800000000000004,36.4,0.05,26.400000000000002,109.30000000000001,-0.13,-0.08
103329,729865,9.1235,-22.27,12.1,-1145,0.057800000000000004,36.4,0.05,26.400000000000002,109.10000000000001,-0.13,-0.08
103329,736308,9.391333,-22.52,11.9,-1161,0.0541,36.5,0.03,26.5,95.60000000000001,-0.16,-0.11
103329,741807,9.6165,-22.7345,12.,-1241,0.052500000000000005,36.5,0.03,26.5,96.60000000000001,-0.13,-0.11
103329,744247,9.713,-22.836667,12.1,-1264,0.0475,36.5,0.04,26.5,106.2,-0.1,-0.1
103329,744407,9.7195,-22.843333,12.4,-1264,0.046900000000000004,36.5,0.04,26.5,106.4,-0.1,-0.1
103329,745445,9.761333,-22.886833,12.1,-1253,0.0492,36.5,0.04,26.400000000000002,106.7,-0.09,-0.1
103329,746587,9.805833,-22.934333,11.7,-1260,0.0529,36.5,0.04,26.400000000000002,110.5,-0.08,-0.1
103329,748117,9.8665,-22.999,12.1,-1252,0.055900000000000005,36.5,0.05,26.400000000000002,111.60000000000001,-0.08,-0.09
103329,749037,9.9015,-23.0395,12.5,-1253,0.0494,36.5,0.05,26.400000000000002,110.60000000000001,-0.08,-0.08
103329,749487,9.9205,-23.057833,12.5,-1251,0.0478,36.5,0.05,26.400000000000002,109.5,-0.08,-0.08
103329,750308,9.954833,-23.090667,12.3,-1250,0.0483,36.5,0.05,26.400000000000002,108.,-0.08,-0.08
103329,750506,9.963167,-23.098333,12.3,-1250,0.0465,36.5,0.05,26.400000000000002,108.10000000000001,-0.08,-0.07
103329,751635,10.009833,-23.143,12.3,-1189,0.0463,36.5,0.05,26.400000000000002,109.80000000000001,-0.09,-0.07
103329,751824,10.017667,-23.150333,11.8,-1185,0.0468,36.5,0.05,26.400000000000002,109.4,-0.09,-0.07
103329,752857,10.061,-23.19,12.1,-1244,0.0466,36.5,0.05,26.400000000000002,106.80000000000001,-0.09,-0.06
103329,753146,10.0735,-23.201,12.4,-1246,0.0465,36.5,0.05,26.400000000000002,106.,-0.1,-0.06
103329,755567,10.177,-23.294,11.8,-1276,0.0425,36.6,0.05,26.400000000000002,107.,-0.11,-0.05
103329,756816,10.228167,-23.342667,11.9,-1430,0.0448,36.6,0.05,26.5,110.,-0.11,-0.04
103329,767505,10.661667,-23.773,11.8,-1337,0.0391,36.6,0.05,26.6,107.2,-0.11,-0.04
103329,767545,10.663333,-23.7745,11.8,-1337,0.039,36.6,0.05,26.6,107.10000000000001,-0.11,-0.04
103329,767664,10.668,-23.779167,11.7,-1357,0.0396,36.6,0.05,26.6,106.7,-0.11,-0.04
103329,773205,10.882667,-24.004167,12.,-1348,0.0437,36.7,0.06,26.400000000000002,105.9,-0.16,-0.07
103329,773246,10.884167,-24.006,12.,-1348,0.0438,36.7,0.06,26.400000000000002,105.9,-0.16,-0.07
103329,773334,10.887333,-24.009833,12.,-1348,0.044000000000000004,36.7,0.06,26.400000000000002,105.7,-0.16,-0.07
103329,773354,10.888167,-24.010833,12.,-1348,0.044000000000000004,36.7,0.06,26.400000000000002,105.7,-0.16,-0.07
103329,773374,10.888833,-24.011667,12.1,-1348,0.0441,36.7,0.06,26.400000000000002,105.7,-0.16,-0.07
103329,773375,10.888833,-24.011667,12.1,-1348,0.0441,36.7,0.06,26.400000000000002,105.7,-0.16,-0.07
103329,773406,10.89,-24.013167,12.,-1348,0.0441,36.7,0.06,26.400000000000002,105.60000000000001,-0.16,-0.07
103329,773466,10.892167,-24.015667,12.,-1349,0.0442,36.7,0.06,26.400000000000002,105.5,-0.16,-0.07
103329,773474,10.892333,-24.016,12.,-1349,0.0442,36.7,0.06,26.400000000000002,105.5,-0.16,-0.07
103329,773484,10.892833,-24.0165,12.,-1349,0.0443,36.7,0.06,26.400000000000002,105.4,-0.16,-0.07
103329,773534,10.8945,-24.018667,12.,-1349,0.0444,36.7,0.06,26.400000000000002,105.30000000000001,-0.16,-0.07
103329,773535,10.8945,-24.018667,12.,-1349,0.0444,36.7,0.06,26.400000000000002,105.30000000000001,-0.16,-0.07
103329,773616,10.8975,-24.022333,12.3,-1349,0.044500000000000005,36.7,0.06,26.400000000000002,105.10000000000001,-0.16,-0.07
103329,773655,10.899,-24.024,12.1,-1349,0.0446,36.7,0.06,26.400000000000002,104.9,-0.16,-0.07
103329,773685,10.9,-24.025333,11.9,-1349,0.0446,36.7,0.06,26.400000000000002,104.80000000000001,-0.16,-0.07
103329,778257,11.060333,-24.225833,11.9,-1348,0.0409,36.800000000000004,0.07,26.400000000000002,92.5,-0.19,-0.13
103329,781525,11.179667,-24.363333,11.7,-1336,0.0425,36.800000000000004,0.07,26.5,91.5,-0.17,-0.17
103329,783946,11.228,-24.398833,3.6,-1331,0.0459,36.800000000000004,0.07,26.5,91.30000000000001,-0.15,-0.18
103329,786047,11.221667,-24.338333,5.6,-1336,0.042800000000000005,36.9,0.07,26.5,91.4,-0.16,-0.16
103329,786666,11.219833,-24.366667,11.8,-1334,0.0442,36.9,0.07,26.5,91.30000000000001,-0.16,-0.17
103329,787306,11.2195,-24.401667,11.2,-1331,0.045700000000000005,36.800000000000004,0.07,26.5,91.30000000000001,-0.16,-0.18
103329,788448,11.218667,-24.463,11.2,-1330,0.0475,36.800000000000004,0.07,26.6,90.9,-0.16,-0.22
103329,788687,11.2185,-24.4755,11.1,-1329,0.049100000000000005,36.800000000000004,0.07,26.6,90.80000000000001,-0.16,-0.22
103329,788986,11.218333,-24.4915,11.1,-1328,0.0512,36.800000000000004,0.07,26.6,93.5,-0.16,-0.23
103329,789777,11.217833,-24.533333,11.1,-1326,0.049800000000000004,36.800000000000004,0.06,26.5,103.60000000000001,-0.15,-0.24
103329,789916,11.217833,-24.541,11.2,-1325,0.050300000000000004,36.800000000000004,0.06,26.5,105.5,-0.15,-0.24
103329,790096,11.218,-24.550333,11.1,-1325,0.0477,36.800000000000004,0.06,26.5,107.7,-0.15,-0.25
103329,790417,11.218,-24.567167,11.1,-1324,0.0471,36.800000000000004,0.06,26.5,109.2,-0.15,-0.25
103329,791236,11.218167,-24.611167,11.3,-1320,0.0453,36.800000000000004,0.06,26.5,104.30000000000001,-0.15,-0.27
103329,791367,11.218333,-24.618333,11.4,-1319,0.0451,36.800000000000004,0.06,26.5,103.60000000000001,-0.15,-0.27
103329,792447,11.2175,-24.675833,11.2,-1312,0.0448,36.800000000000004,0.05,26.6,95.2,-0.14,-0.29
103329,793517,11.2165,-24.733333,11.3,-1312,0.0443,36.800000000000004,0.05,26.6,86.30000000000001,-0.14,-0.31
103329,795036,11.214833,-24.814167,11.2,-1305,0.0438,36.7,0.05,26.6,79.60000000000001,-0.15,-0.32
103329,796246,11.216667,-24.878333,11.1,-1296,0.0443,36.7,0.04,26.700000000000003,85.10000000000001,-0.16,-0.33
103329,811914,11.223833,-25.507333,0.1,-1289,0.0403,36.6,0.02,26.3,119.,-0.03,0.18
103329,811915,11.223833,-25.507333,0.1,-1289,0.0403,36.6,0.02,26.3,119.,-0.03,0.18
103329,817763,11.232667,-25.504167,0.3,-1293,0.0403,36.6,0.02,26.3,118.60000000000001,-0.04,0.16
103329,817765,11.232667,-25.504167,0.3,-1293,0.0403,36.6,0.02,26.3,118.60000000000001,-0.04,0.16
103329,817783,11.232667,-25.504167,0.3,-1293,0.0403,36.6,0.02,26.3,118.60000000000001,-0.04,0.16
103329,817843,11.232667,-25.504167,0.3,-1293,0.0403,36.6,0.02,26.3,118.60000000000001,-0.04,0.16
103329,817845,11.232667,-25.504167,0.3,-1293,0.0403,36.6,0.02,26.3,118.60000000000001,-0.04,0.16
103329,817856,11.232667,-25.504,0.3,-1293,0.0403,36.6,0.02,26.3,118.60000000000001,-0.04,0.16
103329,817862,11.232667,-25.504,0.3,-1293,0.0403,36.6,0.02,26.3,118.60000000000001,-0.04,0.16
103329,817868,11.232667,-25.504,0.3,-1293,0.0403,36.6,0.02,26.3,118.60000000000001,-0.04,0.16
103329,817870,11.232667,-25.504,0.3,-1293,0.0403,36.6,0.02,26.3,118.60000000000001,-0.04,0.16
103329,817888,11.232667,-25.504,0.3,-1293,0.0403,36.6,0.02,26.3,118.60000000000001,-0.04,0.16
103329,817890,11.232667,-25.504,0.3,-1293,0.0403,36.6,0.02,26.3,118.60000000000001,-0.04,0.16
103329,817893,11.232667,-25.504,0.3,-1293,0.0403,36.6,0.02,26.3,118.60000000000001,-0.04,0.16
103329,817894,11.232667,-25.504,0.3,-1293,0.0403,36.6,0.02,26.3,118.60000000000001,-0.04,0.16
103329,817896,11.232667,-25.504,0.3,-1293,0.0403,36.6,0.02,26.3,118.60000000000001,-0.04,0.16
103329,817898,11.232667,-25.504,0.3,-1293,0.0403,36.6,0.02,26.3,118.60000000000001,-0.04,0.16
103329,817900,11.232667,-25.504,0.3,-1293,0.0403,36.6,0.02,26.3,118.60000000000001,-0.04,0.16
103329,817901,11.232667,-25.504,0.3,-1293,0.0403,36.6,0.02,26.3,118.60000000000001,-0.04,0.16
103329,817902,11.232667,-25.504,0.3,-1293,0.0403,36.6,0.02,26.3,118.60000000000001,-0.04,0.16
103329,817903,11.232667,-25.504,0.3,-1293,0.0403,36.6,0.02,26.3,118.60000000000001,-0.04,0.16
103329,817904,11.232667,-25.504,0.3,-1293,0.0403,36.6,0.02,26.3,118.60000000000001,-0.04,0.16
103329,817906,11.232667,-25.504,0.3,-1293,0.0403,36.6,0.02,26.3,118.60000000000001,-0.04,0.16
103329,817909,11.232667,-25.504,0.3,-1293,0.0403,36.6,0.02,26.3,118.60000000000001,-0.04,0.16
103329,817910,11.232667,-25.504,0.3,-1293,0.0403,36.6,0.02,26.3,118.60000000000001,-0.04,0.16
103329,817914,11.232667,-25.504,0.3,-1293,0.0403,36.6,0.02,26.3,118.60000000000001,-0.04,0.16
103329,817916,11.232667,-25.504,0.3,-1293,0.0403,36.6,0.02,26.3,118.60000000000001,-0.04,0.16
103329,817918,11.232667,-25.504,0.3,-1293,0.0403,36.6,0.02,26.3,118.60000000000001,-0.04,0.16
103329,817920,11.232667,-25.504,0.3,-1293,0.0403,36.6,0.02,26.3,118.60000000000001,-0.04,0.16
103329,817923,11.232667,-25.504,0.3,-1293,0.0403,36.6,0.02,26.3,118.60000000000001,-0.04,0.16
103329,817924,11.232667,-25.504,0.3,-1293,0.0403,36.6,0.02,26.3,118.60000000000001,-0.04,0.16
103329,817926,11.232667,-25.504,0.3,-1293,0.0403,36.6,0.02,26.3,118.60000000000001,-0.04,0.16
103329,817928,11.232667,-25.504,0.3,-1293,0.0403,36.6,0.02,26.3,118.60000000000001,-0.04,0.16
103329,817930,11.232667,-25.504,0.3,-1293,0.0403,36.6,0.02,26.3,118.60000000000001,-0.04,0.16
103329,817935,11.232667,-25.503833,0.3,-1293,0.0403,36.6,0.02,26.3,118.60000000000001,-0.04,0.16
103329,817936,11.232667,-25.503833,0.3,-1293,0.0403,36.6,0.02,26.3,118.60000000000001,-0.04,0.16
103329,817938,11.232667,-25.503833,0.3,-1293,0.0403,36.6,0.02,26.3,118.60000000000001,-0.04,0.16
103329,817940,11.232667,-25.503833,0.3,-1293,0.0403,36.6,0.02,26.3,118.60000000000001,-0.04,0.16
103329,817941,11.232667,-25.503833,0.3,-1293,0.0403,36.6,0.02,26.3,118.60000000000001,-0.04,0.16
103329,817942,11.232667,-25.503833,0.3,-1293,0.0403,36.6,0.02,26.3,118.60000000000001,-0.04,0.16
103329,817946,11.232667,-25.503833,0.3,-1293,0.0403,36.6,0.02,26.3,118.60000000000001,-0.04,0.16
103329,817948,11.232667,-25.503833,0.3,-1293,0.0403,36.6,0.02,26.3,118.60000000000001,-0.04,0.16
103329,817954,11.232833,-25.503833,0.3,-1293,0.0403,36.6,0.02,26.3,118.60000000000001,-0.04,0.16
103329,817955,11.232833,-25.503833,0.3,-1293,0.0403,36.6,0.02,26.3,118.60000000000001,-0.04,0.16
103329,817956,11.232833,-25.503833,0.3,-1293,0.0403,36.6,0.02,26.3,118.60000000000001,-0.04,0.16
103329,817964,11.232833,-25.503833,0.3,-1293,0.0403,36.6,0.02,26.3,118.60000000000001,-0.04,0.16
103329,817966,11.232833,-25.503833,0.3,-1293,0.0403,36.6,0.02,26.3,118.60000000000001,-0.04,0.16
103329,817969,11.232833,-25.503833,0.3,-1293,0.0403,36.6,0.02,26.3,118.60000000000001,-0.04,0.16
103329,817970,11.232833,-25.503833,0.3,-1293,0.0403,36.6,0.02,26.3,118.60000000000001,-0.04,0.16
103329,817976,11.232833,-25.503833,0.3,-1293,0.0403,36.6,0.02,26.3,118.60000000000001,-0.04,0.16
103329,817984,11.232833,-25.503833,0.3,-1293,0.0403,36.6,0.02,26.3,118.60000000000001,-0.04,0.16
103329,817985,11.232833,-25.503833,0.3,-1293,0.0403,36.6,0.02,26.3,118.60000000000001,-0.04,0.16
103329,817986,11.232833,-25.503833,0.3,-1293,0.0403,36.6,0.02,26.3,118.60000000000001,-0.04,0.16
103329,817997,11.232833,-25.503833,0.3,-1293,0.0403,36.6,0.02,26.3,118.60000000000001,-0.04,0.16
103329,817998,11.232833,-25.503833,0.3,-1293,0.0403,36.6,0.02,26.3,118.60000000000001,-0.04,0.16
103329,818000,11.232833,-25.503833,0.3,-1293,0.0403,36.6,0.02,26.3,118.60000000000001,-0.04,0.16
103329,818005,11.232833,-25.503833,0.3,-1293,0.0403,36.6,0.02,26.3,118.60000000000001,-0.04,0.16
103329,818006,11.232833,-25.503833,0.3,-1293,0.0403,36.6,0.02,26.3,118.60000000000001,-0.04,0.16
103329,818008,11.232833,-25.503833,0.3,-1293,0.0403,36.6,0.02,26.3,118.60000000000001,-0.04,0.16
103329,818014,11.232833,-25.503833,0.3,-1293,0.0403,36.6,0.02,26.3,118.60000000000001,-0.04,0.16
103329,818015,11.232833,-25.503833,0.3,-1293,0.0403,36.6,0.02,26.3,118.60000000000001,-0.04,0.16
103329,818016,11.232833,-25.503833,0.3,-1293,0.0403,36.6,0.02,26.3,118.60000000000001,-0.04,0.16
103329,818019,11.232833,-25.503833,0.3,-1293,0.0403,36.6,0.02,26.3,118.60000000000001,-0.04,0.16
103329,818020,11.232833,-25.503833,0.3,-1293,0.0403,36.6,0.02,26.3,118.60000000000001,-0.04,0.16
103329,818022,11.232833,-25.503833,0.3,-1293,0.0403,36.6,0.02,26.3,118.60000000000001,-0.04,0.16
103329,818024,11.232833,-25.503833,0.3,-1293,0.0403,36.6,0.02,26.3,118.60000000000001,-0.04,0.16
103329,818026,11.232833,-25.503833,0.3,-1293,0.0403,36.6,0.02,26.3,118.60000000000001,-0.04,0.16
103329,818030,11.232833,-25.503833,0.3,-1293,0.0403,36.6,0.02,26.3,118.60000000000001,-0.04,0.16
103329,818032,11.232833,-25.503667,0.3,-1293,0.0403,36.6,0.02,26.3,118.60000000000001,-0.04,0.16
103329,818036,11.232833,-25.503833,0.3,-1293,0.0403,36.6,0.02,26.3,118.60000000000001,-0.04,0.16
103329,818040,11.232833,-25.503667,0.3,-1293,0.0403,36.6,0.02,26.3,118.60000000000001,-0.04,0.16
103329,818042,11.232833,-25.503667,0.3,-1293,0.0403,36.6,0.02,26.3,118.60000000000001,-0.04,0.16
103329,818044,11.232833,-25.503667,0.3,-1293,0.0403,36.6,0.02,26.3,118.60000000000001,-0.04,0.16
103329,818050,11.232833,-25.503667,0.3,-1293,0.0403,36.6,0.02,26.3,118.60000000000001,-0.04,0.16
103329,818070,11.232833,-25.503667,0.3,-1293,0.0403,36.6,0.02,26.3,118.60000000000001,-0.04,0.16
103329,818072,11.232833,-25.503667,0.3,-1293,0.0403,36.6,0.02,26.3,118.60000000000001,-0.04,0.16
103329,818076,11.232833,-25.503667,0.4,-1293,0.0403,36.6,0.02,26.3,118.60000000000001,-0.04,0.16
103329,818079,11.232833,-25.503667,0.4,-1293,0.0403,36.6,0.02,26.3,118.60000000000001,-0.04,0.16
103329,818080,11.232833,-25.503667,0.4,-1293,0.0403,36.6,0.02,26.3,118.60000000000001,-0.04,0.16
103329,818104,11.233,-25.503667,0.4,-1293,0.0403,36.6,0.02,26.3,118.60000000000001,-0.04,0.16
103329,818124,11.233,-25.5035,0.4,-1293,0.0403,36.6,0.02,26.3,118.60000000000001,-0.04,0.16
103329,818163,11.233,-25.5035,0.4,-1293,0.0403,36.6,0.02,26.3,118.60000000000001,-0.04,0.16
103329,818223,11.233167,-25.503333,0.5,-1293,0.0403,36.6,0.02,26.3,118.60000000000001,-0.04,0.16
103329,818234,11.233167,-25.503333,0.5,-1293,0.0403,36.6,0.02,26.3,118.60000000000001,-0.04,0.16
103329,818283,11.233333,-25.503167,0.5,-1293,0.0403,36.6,0.02,26.3,118.60000000000001,-0.04,0.16
103329,825302,11.233833,-25.493333,0.4,-1254,0.04,36.7,0.02,26.3,118.2,-0.06,0.14
103329,828570,11.222833,-25.4885,4.2,-1254,0.039900000000000005,36.7,0.02,26.3,118.10000000000001,-0.06,0.13
103329,829780,11.221667,-25.4675,5.,-1253,0.040100000000000004,36.7,0.02,26.200000000000003,117.80000000000001,-0.08,0.11
103329,831371,11.218333,-25.427167,1.9,-1253,0.0403,36.800000000000004,0.01,26.200000000000003,117.5,-0.11,0.04
103329,831551,11.218167,-25.4235,4.9,-1253,0.040400000000000005,36.800000000000004,0.01,26.200000000000003,117.5,-0.11,0.04
103329,832419,11.216,-25.402833,4.5,-1265,0.040400000000000005,36.800000000000004,0.01,26.3,117.5,-0.13,-0.01
103329,833611,11.214,-25.382167,5.6,-1263,0.041,36.800000000000004,0.01,26.3,117.4,-0.15,-0.05
103329,833640,11.214,-25.381333,5.8,-1263,0.041,36.800000000000004,0.01,26.3,117.4,-0.15,-0.05
103329,834852,11.212333,-25.354,3.5,-1260,0.0419,36.9,0.01,26.400000000000002,117.30000000000001,-0.17,-0.1
103329,835061,11.212167,-25.348333,5.3,-1260,0.042100000000000005,36.9,0.01,26.400000000000002,117.10000000000001,-0.18,-0.11
103329,835901,11.212,-25.322333,6.4,-1286,0.0431,36.9,0.01,26.400000000000002,116.5,-0.19,-0.13
103329,836050,11.212,-25.317667,6.4,-1285,0.0432,36.9,0.01,26.400000000000002,116.30000000000001,-0.19,-0.13
103329,836350,11.212,-25.308333,6.4,-1283,0.043500000000000004,36.9,0.01,26.400000000000002,116.10000000000001,-0.2,-0.14
103329,837400,11.213333,-25.283,5.8,-1279,0.0436,36.9,0.01,26.400000000000002,115.4,-0.21,-0.16
103329,838431,11.212167,-25.258833,5.,-1275,0.0438,36.800000000000004,0.01,26.5,111.4,-0.22,-0.18
103329,838511,11.212,-25.258,2.1,-1274,0.0439,36.800000000000004,0.01,26.5,111.2,-0.22,-0.18
103329,839800,11.207333,-25.226333,5.6,-1289,0.0444,36.800000000000004,0.02,26.5,105.4,-0.22,-0.21
103329,839920,11.206667,-25.223,6.4,-1288,0.044500000000000005,36.800000000000004,0.02,26.5,104.80000000000001,-0.22,-0.21
103329,841071,11.200333,-25.194,6.,-1287,0.0441,36.800000000000004,0.02,26.5,100.7,-0.23,-0.24
103329,841421,11.198167,-25.184667,6.2,-1286,0.044500000000000005,36.800000000000004,0.02,26.5,100.7,-0.23,-0.25
103329,842270,11.193833,-25.165333,4.4,-1289,0.0431,36.800000000000004,0.02,26.6,100.80000000000001,-0.23,-0.27
103329,855779,11.160833,-24.831333,5.7,-1300,0.0439,36.7,0.05,26.6,81.9,-0.21,-0.32
103329,855780,11.160833,-24.831333,5.7,-1300,0.0439,36.7,0.05,26.6,81.9,-0.21,-0.32
103329,855809,11.160833,-24.8305,5.8,-1300,0.0439,36.7,0.05,26.6,81.80000000000001,-0.21,-0.32
103329,855929,11.160333,-24.826833,6.4,-1300,0.0438,36.7,0.05,26.6,81.60000000000001,-0.21,-0.32
103329,855949,11.160333,-24.826333,6.,-1300,0.0438,36.7,0.05,26.6,81.60000000000001,-0.21,-0.32
103329,855950,11.160333,-24.826333,6.,-1300,0.0438,36.7,0.05,26.6,81.60000000000001,-0.21,-0.32
103329,856012,11.160167,-24.825333,3.9,-1300,0.0438,36.7,0.05,26.6,81.60000000000001,-0.21,-0.32
103329,856013,11.160167,-24.825333,3.9,-1300,0.0438,36.7,0.05,26.6,81.60000000000001,-0.21,-0.32
103329,856026,11.16,-24.825,4.,-1300,0.0438,36.7,0.05,26.6,81.60000000000001,-0.21,-0.32
103329,856029,11.16,-24.825,4.2,-1300,0.0438,36.7,0.05,26.6,81.60000000000001,-0.21,-0.32
103329,856049,11.16,-24.824333,4.8,-1300,0.0438,36.7,0.05,26.6,81.5,-0.21,-0.32
103329,856061,11.16,-24.824,5.1,-1300,0.0438,36.7,0.05,26.6,81.5,-0.21,-0.32
103329,856109,11.159833,-24.822667,5.5,-1300,0.0438,36.7,0.05,26.6,81.4,-0.21,-0.32
103329,856139,11.159833,-24.821833,5.8,-1300,0.0437,36.7,0.05,26.6,81.4,-0.21,-0.32
103329,856140,11.159833,-24.821833,5.8,-1300,0.0437,36.7,0.05,26.6,81.4,-0.21,-0.32
103329,856159,11.159667,-24.821167,6.2,-1300,0.0437,36.7,0.05,26.6,81.30000000000001,-0.21,-0.32
103329,856160,11.159667,-24.821167,6.2,-1300,0.0437,36.7,0.05,26.6,81.30000000000001,-0.21,-0.32
103329,856220,11.159667,-24.819667,5.6,-1300,0.0437,36.7,0.05,26.6,81.30000000000001,-0.21,-0.32
103329,861457,11.1645,-24.682167,5.5,-1309,0.043300000000000005,36.800000000000004,0.06,26.6,96.2,-0.21,-0.28
103329,861487,11.1645,-24.681333,5.5,-1309,0.043300000000000005,36.800000000000004,0.06,26.6,96.4,-0.21,-0.28
103329,861517,11.164333,-24.6805,5.6,-1309,0.0434,36.800000000000004,0.06,26.6,96.60000000000001,-0.21,-0.28
103329,861518,11.164333,-24.6805,5.6,-1309,0.0434,36.800000000000004,0.06,26.6,96.60000000000001,-0.21,-0.28
103329,861558,11.164333,-24.679333,5.8,-1309,0.0434,36.800000000000004,0.06,26.6,96.9,-0.21,-0.28
103329,861618,11.164333,-24.678,5.,-1309,0.0434,36.800000000000004,0.06,26.6,97.30000000000001,-0.21,-0.28
103329,861638,11.164333,-24.6775,5.,-1309,0.0434,36.800000000000004,0.06,26.6,97.4,-0.21,-0.28
103329,861657,11.164333,-24.677,5.,-1309,0.0434,36.800000000000004,0.06,26.6,97.5,-0.21,-0.28
103329,861758,11.1645,-24.674167,6.3,-1309,0.043500000000000004,36.800000000000004,0.06,26.6,98.2,-0.21,-0.28
103329,861799,11.164333,-24.673,5.9,-1309,0.043500000000000004,36.800000000000004,0.06,26.6,98.60000000000001,-0.21,-0.27
103329,861818,11.164333,-24.6725,5.7,-1309,0.043500000000000004,36.800000000000004,0.06,26.6,98.7,-0.21,-0.27
103329,861838,11.164333,-24.672,5.5,-1309,0.043500000000000004,36.800000000000004,0.06,26.6,98.80000000000001,-0.21,-0.27
103329,861858,11.164333,-24.6715,5.3,-1309,0.043500000000000004,36.800000000000004,0.06,26.6,98.9,-0.21,-0.27
103329,861859,11.164333,-24.6715,5.3,-1309,0.043500000000000004,36.800000000000004,0.06,26.6,98.9,-0.21,-0.27
103329,861878,11.164167,-24.671,5.,-1309,0.043500000000000004,36.800000000000004,0.06,26.5,99.10000000000001,-0.21,-0.27
103329,861887,11.164167,-24.670833,4.6,-1309,0.043500000000000004,36.800000000000004,0.06,26.5,99.2,-0.21,-0.27
103329,861888,11.164167,-24.670833,4.6,-1309,0.043500000000000004,36.800000000000004,0.06,26.5,99.2,-0.21,-0.27
103329,861942,11.164,-24.6705,2.6,-1309,0.043500000000000004,36.800000000000004,0.06,26.5,99.30000000000001,-0.21,-0.27
103329,861947,11.164,-24.670333,2.8,-1309,0.043500000000000004,36.800000000000004,0.06,26.5,99.30000000000001,-0.21,-0.27
103329,861965,11.164167,-24.67,3.2,-1309,0.0436,36.800000000000004,0.06,26.5,99.4,-0.21,-0.27
103329,861967,11.164167,-24.67,3.2,-1309,0.0436,36.800000000000004,0.06,26.5,99.4,-0.21,-0.27
103329,861971,11.164167,-24.669833,3.5,-1309,0.0436,36.800000000000004,0.06,26.5,99.4,-0.21,-0.27
103329,861994,11.164,-24.669333,4.3,-1309,0.0436,36.800000000000004,0.06,26.5,99.60000000000001,-0.21,-0.27
103329,861998,11.164,-24.669167,4.3,-1309,0.0436,36.800000000000004,0.06,26.5,99.60000000000001,-0.21,-0.27
103329,862007,11.164,-24.668833,4.6,-1309,0.0436,36.800000000000004,0.06,26.5,99.7,-0.21,-0.27
103329,862027,11.164,-24.668333,5.1,-1309,0.0436,36.800000000000004,0.06,26.5,99.80000000000001,-0.21,-0.27
103329,862038,11.163833,-24.668,5.3,-1309,0.0436,36.800000000000004,0.06,26.5,99.9,-0.21,-0.27
103329,862039,11.163833,-24.668,5.3,-1309,0.0436,36.800000000000004,0.06,26.5,99.9,-0.21,-0.27
103329,862058,11.163833,-24.6675,5.6,-1309,0.0436,36.800000000000004,0.06,26.5,100.10000000000001,-0.21,-0.27
103329,862087,11.163833,-24.666833,5.3,-1309,0.0436,36.800000000000004,0.06,26.5,100.30000000000001,-0.21,-0.27
103329,867252,11.177,-24.545167,4.8,-1328,0.046700000000000005,36.800000000000004,0.07,26.5,108.30000000000001,-0.22,-0.23
103329,869471,11.1915,-24.493167,5.,-1329,0.047,36.9,0.07,26.6,94.7,-0.23,-0.22
103329,871521,11.2055,-24.446167,4.9,-1331,0.046400000000000004,36.9,0.07,26.5,91.4,-0.23,-0.2
103329,872011,11.209,-24.436167,4.6,-1332,0.046400000000000004,36.9,0.07,26.5,91.4,-0.23,-0.2
103329,872162,11.21,-24.433333,4.6,-1332,0.046400000000000004,36.9,0.08,26.5,91.4,-0.23,-0.19
103329,872750,11.212,-24.422833,3.8,-1333,0.0461,36.9,0.08,26.5,91.4,-0.23,-0.19
103329,873041,11.211833,-24.418333,2.5,-1333,0.046,36.9,0.08,26.5,91.4,-0.23,-0.19
103329,873408,11.209167,-24.416333,3.6,-1331,0.045200000000000004,36.9,0.08,26.5,91.5,-0.23,-0.19
103329,874291,11.2095,-24.457333,9.9,-1331,0.047,36.9,0.07,26.5,91.30000000000001,-0.23,-0.21
103329,874340,11.2095,-24.459667,9.9,-1330,0.046900000000000004,36.9,0.07,26.5,91.30000000000001,-0.23,-0.21
103329,875360,11.2085,-24.503833,11.9,-1328,0.047900000000000005,36.9,0.07,26.5,96.9,-0.23,-0.22
103329,875534,11.208167,-24.513667,12.,-1327,0.047400000000000005,36.9,0.07,26.5,99.30000000000001,-0.23,-0.23
103329,875813,11.208333,-24.5295,11.8,-1327,0.048,36.9,0.07,26.5,103.,-0.22,-0.23
103329,876653,11.208333,-24.575667,11.4,-1324,0.046200000000000005,36.800000000000004,0.07,26.5,108.7,-0.22,-0.25
103329,876853,11.207667,-24.5865,11.2,-1321,0.0448,36.800000000000004,0.07,26.5,107.60000000000001,-0.22,-0.25
103329,877055,11.207667,-24.597333,11.1,-1321,0.0449,36.800000000000004,0.07,26.5,106.4,-0.22,-0.26
103329,878035,11.209333,-24.649833,11.1,-1319,0.0449,36.800000000000004,0.06,26.5,101.,-0.21,-0.28
103329,879127,11.2095,-24.708,11.1,-1313,0.0449,36.800000000000004,0.06,26.6,90.10000000000001,-0.21,-0.29
103329,880557,11.209167,-24.7845,11.3,-1305,0.0437,36.800000000000004,0.05,26.5,80.80000000000001,-0.21,-0.32
103329,880657,11.209167,-24.790167,11.6,-1305,0.0437,36.800000000000004,0.05,26.5,80.10000000000001,-0.21,-0.32
103329,900275,11.1885,-25.656167,0.3,-1345,0.0414,36.7,0.03,26.3,113.10000000000001,-0.14,0.1
103329,900276,11.1885,-25.656167,0.3,-1345,0.0414,36.7,0.03,26.3,113.10000000000001,-0.14,0.1
103329,900335,11.1885,-25.656167,0.3,-1345,0.0414,36.7,0.03,26.3,113.10000000000001,-0.14,0.1
103329,900355,11.1885,-25.656167,0.3,-1345,0.0414,36.7,0.03,26.3,113.10000000000001,-0.14,0.1
103329,900356,11.1885,-25.656167,0.3,-1345,0.0414,36.7,0.03,26.3,113.10000000000001,-0.14,0.1
103329,900364,11.1885,-25.656167,0.3,-1345,0.0414,36.7,0.02,26.3,113.10000000000001,-0.14,0.1
103329,900424,11.188333,-25.656,0.3,-1344,0.0414,36.7,0.02,26.3,113.10000000000001,-0.14,0.1
103329,900425,11.188333,-25.656,0.3,-1344,0.0414,36.7,0.02,26.3,113.10000000000001,-0.14,0.1
103329,900446,11.188333,-25.656,0.3,-1344,0.0414,36.7,0.02,26.3,113.10000000000001,-0.14,0.1
103329,900456,11.188333,-25.656,0.2,-1344,0.0414,36.7,0.02,26.3,113.10000000000001,-0.14,0.1
103329,900496,11.188333,-25.656,0.3,-1344,0.0414,36.7,0.02,26.3,113.10000000000001,-0.14,0.1
103329,900506,11.188333,-25.656,0.2,-1344,0.0414,36.7,0.02,26.3,113.10000000000001,-0.14,0.1
103329,900516,11.188333,-25.656,0.2,-1344,0.0414,36.7,0.02,26.3,113.10000000000001,-0.14,0.1
103329,900544,11.188333,-25.656,0.2,-1344,0.0414,36.7,0.02,26.3,113.10000000000001,-0.14,0.1
103329,900545,11.188333,-25.656,0.2,-1344,0.0414,36.7,0.02,26.3,113.10000000000001,-0.14,0.1
103329,900566,11.188167,-25.656,0.2,-1344,0.0414,36.7,0.02,26.3,113.10000000000001,-0.14,0.1
103329,900576,11.188167,-25.655833,0.2,-1344,0.0414,36.7,0.02,26.3,113.10000000000001,-0.14,0.1
103329,900595,11.188167,-25.655833,0.2,-1344,0.0414,36.7,0.02,26.3,113.10000000000001,-0.14,0.1
103329,900596,11.188167,-25.655833,0.2,-1344,0.0414,36.7,0.02,26.3,113.10000000000001,-0.14,0.1
103329,900605,11.188167,-25.655833,0.2,-1344,0.0414,36.7,0.02,26.3,113.10000000000001,-0.14,0.1
103329,900636,11.188167,-25.655833,0.2,-1344,0.0414,36.7,0.02,26.3,113.10000000000001,-0.14,0.1
103329,900696,11.188167,-25.655833,0.2,-1344,0.0414,36.7,0.02,26.3,113.10000000000001,-0.14,0.1
103329,906115,11.184167,-25.6475,0.3,-1340,0.0413,36.7,0.02,26.3,113.30000000000001,-0.14,0.1
103329,906125,11.184167,-25.6475,0.3,-1340,0.0413,36.7,0.02,26.3,113.30000000000001,-0.14,0.1
103329,906235,11.184,-25.647333,0.3,-1340,0.0413,36.7,0.02,26.3,113.30000000000001,-0.14,0.1
103329,906236,11.184,-25.647333,0.3,-1340,0.0413,36.7,0.02,26.3,113.30000000000001,-0.14,0.1
103329,906245,11.184,-25.647167,0.3,-1340,0.0413,36.7,0.02,26.3,113.30000000000001,-0.14,0.1
103329,906315,11.184,-25.647167,0.3,-1340,0.0413,36.7,0.02,26.3,113.30000000000001,-0.14,0.1
103329,906444,11.183833,-25.647167,0.3,-1340,0.0413,36.7,0.02,26.3,113.30000000000001,-0.14,0.1
103329,906445,11.183833,-25.647167,0.3,-1340,0.0413,36.7,0.02,26.3,113.30000000000001,-0.14,0.1
103329,906463,11.183667,-25.647167,0.3,-1340,0.0413,36.7,0.02,26.3,113.30000000000001,-0.14,0.1
103329,906464,11.183667,-25.647167,0.3,-1340,0.0413,36.7,0.02,26.3,113.30000000000001,-0.14,0.1
103329,906474,11.183667,-25.647167,0.3,-1340,0.0413,36.7,0.02,26.3,113.30000000000001,-0.14,0.1
103329,906476,11.183667,-25.647167,0.3,-1340,0.0413,36.7,0.02,26.3,113.30000000000001,-0.14,0.1
103329,906523,11.183667,-25.647,0.3,-1340,0.0413,36.7,0.02,26.3,113.30000000000001,-0.14,0.1
103329,906544,11.183667,-25.647,0.3,-1340,0.0413,36.7,0.02,26.3,113.30000000000001,-0.14,0.1
103329,906545,11.183667,-25.647,0.3,-1340,0.0413,36.7,0.02,26.3,113.30000000000001,-0.14,0.1
103329,908627,11.180833,-25.647667,0.3,-1339,0.0414,36.7,0.02,26.3,113.30000000000001,-0.15,0.1
103329,914188,11.191833,-25.663,9.1,-1348,0.0415,36.7,0.02,26.3,112.,-0.15,0.1
103329,914239,11.193167,-25.664667,9.1,-1349,0.0415,36.7,0.02,26.3,111.9,-0.15,0.1
103329,915289,11.211833,-25.656667,5.7,-1348,0.041,36.7,0.02,26.3,111.60000000000001,-0.15,0.09
103329,915656,11.216167,-25.647667,5.7,-1347,0.0412,36.7,0.02,26.3,111.9,-0.15,0.09
103329,916537,11.219667,-25.633167,5.7,-1344,0.0414,36.7,0.02,26.400000000000002,112.30000000000001,-0.15,0.08
103329,916924,11.219833,-25.626333,1.,-1342,0.0415,36.7,0.02,26.400000000000002,112.5,-0.15,0.08
103329,917705,11.220333,-25.611,3.8,-1339,0.0417,36.7,0.02,26.400000000000002,113.,-0.15,0.08
103329,918066,11.219667,-25.600833,6.3,-1336,0.041600000000000005,36.7,0.02,26.400000000000002,113.30000000000001,-0.15,0.07
103329,919008,11.216,-25.574333,6.,-1306,0.0415,36.7,0.02,26.400000000000002,113.7,-0.15,0.07
103329,919276,11.214667,-25.570167,4.2,-1303,0.0414,36.7,0.02,26.400000000000002,113.7,-0.15,0.07
103329,920377,11.211833,-25.537833,6.3,-1290,0.0403,36.7,0.02,26.3,114.,-0.15,0.07
103329,920607,11.211333,-25.531667,4.5,-1288,0.0402,36.7,0.02,26.3,114.10000000000001,-0.15,0.07
103329,923007,11.205167,-25.476667,6.,-1254,0.0402,36.800000000000004,0.01,26.200000000000003,114.5,-0.17,0.02
103329,923166,11.2045,-25.471833,6.4,-1254,0.0402,36.800000000000004,0.01,26.200000000000003,114.5,-0.17,0.01
103329,924097,11.198833,-25.445333,3.9,-1253,0.0403,36.800000000000004,0.01,26.200000000000003,114.80000000000001,-0.19,-0.02
103329,924366,11.198667,-25.4415,5.1,-1253,0.0403,36.800000000000004,0.01,26.200000000000003,114.80000000000001,-0.19,-0.02
103329,925616,11.198833,-25.412,6.6,-1273,0.0407,36.800000000000004,0.01,26.3,114.5,-0.21,-0.07
103329,926627,11.198833,-25.388167,5.7,-1269,0.039900000000000005,36.9,0.01,26.3,114.2,-0.23,-0.11
103329,926846,11.199,-25.382333,5.7,-1268,0.0398,36.9,0.01,26.3,114.2,-0.23,-0.12
103329,927877,11.1975,-25.352,5.8,-1263,0.0407,36.9,0.01,26.400000000000002,113.4,-0.25,-0.16
103329,928057,11.197,-25.346833,6.2,-1262,0.0405,36.9,0.01,26.400000000000002,113.10000000000001,-0.25,-0.16
103329,929346,11.194167,-25.3125,6.4,-1286,0.0425,36.9,0.01,26.400000000000002,111.,-0.26,-0.18
103329,944106,11.1475,-24.972333,1.9,-1285,0.0431,36.800000000000004,0.04,26.5,87.60000000000001,-0.29,-0.33
103329,944107,11.1475,-24.972333,1.9,-1285,0.0431,36.800000000000004,0.04,26.5,87.60000000000001,-0.29,-0.33
103329,944141,11.1475,-24.971833,2.5,-1285,0.0431,36.800000000000004,0.04,26.5,87.60000000000001,-0.29,-0.33
103329,944152,11.147333,-24.9715,3.2,-1285,0.0431,36.800000000000004,0.04,26.5,87.5,-0.29,-0.33
103329,944153,11.147333,-24.9715,3.2,-1285,0.0431,36.800000000000004,0.04,26.5,87.5,-0.29,-0.33
103329,944191,11.147167,-24.970667,4.5,-1285,0.0431,36.800000000000004,0.04,26.5,87.5,-0.29,-0.33
103329,944200,11.147167,-24.970333,4.6,-1285,0.0431,36.800000000000004,0.04,26.5,87.4,-0.29,-0.33
103329,944209,11.147167,-24.970167,4.8,-1285,0.0431,36.800000000000004,0.04,26.5,87.4,-0.29,-0.33
103329,944210,11.147167,-24.970167,4.8,-1285,0.0431,36.800000000000004,0.04,26.5,87.4,-0.29,-0.33
103329,944230,11.147,-24.969667,5.1,-1285,0.0431,36.800000000000004,0.04,26.5,87.4,-0.29,-0.33
103329,944231,11.147,-24.969667,5.1,-1285,0.0431,36.800000000000004,0.04,26.5,87.4,-0.29,-0.33
103329,944251,11.146833,-24.969,5.6,-1285,0.0431,36.800000000000004,0.04,26.5,87.30000000000001,-0.29,-0.33
103329,944260,11.146833,-24.968833,5.6,-1285,0.0431,36.800000000000004,0.04,26.5,87.30000000000001,-0.29,-0.33
103329,944261,11.146833,-24.968833,5.6,-1285,0.0431,36.800000000000004,0.04,26.5,87.30000000000001,-0.29,-0.33
103329,944270,11.146833,-24.9685,5.6,-1285,0.0431,36.800000000000004,0.04,26.5,87.30000000000001,-0.29,-0.33
103329,944280,11.146833,-24.968333,5.2,-1285,0.0431,36.800000000000004,0.04,26.5,87.30000000000001,-0.29,-0.33
103329,944281,11.146833,-24.968333,5.2,-1285,0.0431,36.800000000000004,0.04,26.5,87.30000000000001,-0.29,-0.33
103329,944291,11.146667,-24.968167,4.9,-1285,0.0431,36.800000000000004,0.04,26.5,87.30000000000001,-0.29,-0.33
103329,944311,11.146667,-24.968,3.6,-1285,0.043000000000000003,36.800000000000004,0.04,26.5,87.2,-0.29,-0.33
103329,944336,11.146667,-24.967833,2.3,-1285,0.043000000000000003,36.800000000000004,0.04,26.5,87.2,-0.29,-0.33
103329,944373,11.146667,-24.967333,2.8,-1285,0.043000000000000003,36.800000000000004,0.04,26.5,87.2,-0.29,-0.33
103329,944374,11.146667,-24.967333,2.8,-1285,0.043000000000000003,36.800000000000004,0.04,26.5,87.2,-0.29,-0.33
103329,944410,11.1465,-24.966833,2.8,-1285,0.043000000000000003,36.800000000000004,0.04,26.5,87.10000000000001,-0.29,-0.33
103329,944411,11.1465,-24.966833,2.8,-1285,0.043000000000000003,36.800000000000004,0.04,26.5,87.10000000000001,-0.29,-0.33
103329,944427,11.146333,-24.966833,2.1,-1285,0.043000000000000003,36.800000000000004,0.04,26.5,87.10000000000001,-0.29,-0.33
103329,944433,11.146333,-24.966833,1.7,-1285,0.043000000000000003,36.800000000000004,0.04,26.5,87.10000000000001,-0.29,-0.33
103329,944436,11.146333,-24.966833,1.6,-1285,0.043000000000000003,36.800000000000004,0.04,26.5,87.10000000000001,-0.29,-0.33
103329,944438,11.146333,-24.966833,1.6,-1285,0.043000000000000003,36.800000000000004,0.04,26.5,87.10000000000001,-0.29,-0.33
103329,944461,11.146333,-24.966833,1.,-1285,0.043000000000000003,36.800000000000004,0.04,26.5,87.10000000000001,-0.29,-0.33
103329,944470,11.146167,-24.966833,0.8,-1285,0.043000000000000003,36.800000000000004,0.04,26.5,87.10000000000001,-0.29,-0.33
103329,944471,11.146167,-24.966833,0.8,-1285,0.043000000000000003,36.800000000000004,0.04,26.5,87.10000000000001,-0.29,-0.33
103329,944480,11.146167,-24.966833,0.6,-1285,0.043000000000000003,36.800000000000004,0.04,26.5,87.10000000000001,-0.29,-0.33
103329,944481,11.146167,-24.966833,0.6,-1285,0.043000000000000003,36.800000000000004,0.04,26.5,87.10000000000001,-0.29,-0.33
103329,944551,11.146167,-24.966,2.9,-1285,0.043000000000000003,36.800000000000004,0.04,26.5,87.10000000000001,-0.29,-0.34
103329,944592,11.146,-24.965,4.3,-1285,0.043000000000000003,36.800000000000004,0.04,26.5,87.,-0.29,-0.34
103329,949889,11.1325,-24.833833,6.,-1291,0.0432,36.800000000000004,0.05,26.5,83.7,-0.29,-0.32
103329,949950,11.132333,-24.832167,5.7,-1304,0.043300000000000005,36.800000000000004,0.05,26.5,83.7,-0.29,-0.32
103329,949991,11.132333,-24.831167,5.3,-1304,0.043300000000000005,36.800000000000004,0.05,26.5,83.7,-0.29,-0.32
103329,950120,11.131833,-24.8275,6.2,-1304,0.043300000000000005,36.800000000000004,0.05,26.5,83.7,-0.29,-0.32
103329,950121,11.131833,-24.8275,6.2,-1304,0.043300000000000005,36.800000000000004,0.05,26.5,83.7,-0.29,-0.32
103329,950181,11.131833,-24.825833,5.8,-1304,0.043300000000000005,36.800000000000004,0.05,26.5,83.7,-0.29,-0.32
103329,950279,11.131667,-24.823167,5.8,-1304,0.043300000000000005,36.800000000000004,0.05,26.5,83.7,-0.29,-0.32
103329,950280,11.131667,-24.823167,5.8,-1304,0.043300000000000005,36.800000000000004,0.05,26.5,83.7,-0.29,-0.32
103329,950351,11.131667,-24.821167,6.,-1303,0.043300000000000005,36.800000000000004,0.06,26.5,83.7,-0.29,-0.32
103329,950361,11.131667,-24.820833,5.9,-1303,0.043300000000000005,36.800000000000004,0.06,26.5,83.7,-0.29,-0.32
103329,950667,11.1315,-24.8135,5.7,-1303,0.0434,36.800000000000004,0.06,26.5,83.60000000000001,-0.29,-0.31
103329,952838,11.132,-24.76,5.3,-1302,0.043300000000000005,36.800000000000004,0.06,26.5,84.9,-0.29,-0.3
103329,954086,11.134167,-24.733833,4.9,-1313,0.0431,36.800000000000004,0.06,26.5,85.60000000000001,-0.29,-0.29
103329,954896,11.137167,-24.714167,4.4,-1312,0.0434,36.800000000000004,0.06,26.5,88.,-0.29,-0.28
103329,956137,11.137833,-24.6885,1.7,-1313,0.0437,36.800000000000004,0.06,26.5,96.7,-0.29,-0.27
103329,956217,11.137833,-24.687,3.7,-1313,0.0438,36.800000000000004,0.06,26.5,97.2,-0.29,-0.27
103329,957195,11.138833,-24.669167,4.3,-1312,0.0441,36.800000000000004,0.06,26.5,103.,-0.29,-0.26
103329,957397,11.14,-24.665,4.2,-1320,0.0444,36.800000000000004,0.06,26.5,104.30000000000001,-0.29,-0.26
103329,958477,11.143333,-24.643167,4.8,-1320,0.0449,36.800000000000004,0.07,26.5,110.9,-0.29,-0.26
103329,958747,11.144167,-24.636667,4.9,-1320,0.0451,36.800000000000004,0.07,26.5,111.80000000000001,-0.29,-0.25
103329,962117,11.153167,-24.578333,2.2,-1326,0.0463,36.9,0.07,26.400000000000002,110.10000000000001,-0.3,-0.23
103329,963526,11.182667,-24.634167,10.3,-1322,0.044500000000000005,36.800000000000004,0.07,26.400000000000002,105.10000000000001,-0.29,-0.26
103329,966098,11.1975,-24.7685,11.3,-1306,0.0436,36.800000000000004,0.06,26.5,82.2,-0.28,-0.31
103329,983024,11.203,-25.691,11.3,-1368,0.0414,36.7,0.02,26.200000000000003,107.10000000000001,-0.22,0.09
103329,983025,11.203,-25.691,11.3,-1368,0.0414,36.7,0.02,26.200000000000003,107.10000000000001,-0.22,0.09
103329,988554,11.202,-25.861333,0.5,-1396,0.0439,36.4,0.04,25.900000000000002,98.5,-0.21,0.11
103329,988555,11.202,-25.861333,0.5,-1396,0.0439,36.4,0.04,25.900000000000002,98.5,-0.21,0.11
103329,988566,11.202,-25.8615,0.5,-1396,0.0439,36.4,0.04,25.900000000000002,98.4,-0.21,0.11
103329,988585,11.202,-25.8615,0.4,-1396,0.0439,36.4,0.04,25.900000000000002,98.4,-0.21,0.11
103329,988614,11.202,-25.861667,0.5,-1396,0.0439,36.4,0.04,25.900000000000002,98.4,-0.21,0.11
103329,988615,11.202,-25.861667,0.5,-1396,0.0439,36.4,0.04,25.900000000000002,98.4,-0.21,0.11
103329,988626,11.202,-25.861667,0.5,-1396,0.0439,36.4,0.04,25.900000000000002,98.4,-0.21,0.11
103329,988674,11.202,-25.861833,0.5,-1396,0.0439,36.4,0.04,25.900000000000002,98.4,-0.21,0.11
103329,988675,11.202,-25.861833,0.5,-1396,0.0439,36.4,0.04,25.900000000000002,98.4,-0.21,0.11
103329,988686,11.202,-25.861833,0.5,-1396,0.0439,36.4,0.04,25.900000000000002,98.4,-0.21,0.11
103329,988734,11.202,-25.862,0.5,-1396,0.0439,36.4,0.04,25.900000000000002,98.4,-0.21,0.11
103329,988735,11.202,-25.862,0.5,-1396,0.0439,36.4,0.04,25.900000000000002,98.4,-0.21,0.11
103329,988765,11.202,-25.862,0.5,-1396,0.0439,36.4,0.04,25.900000000000002,98.4,-0.21,0.11
103329,988955,11.201833,-25.862667,0.4,-1396,0.044000000000000004,36.4,0.04,25.900000000000002,98.4,-0.21,0.11
103329,989015,11.201833,-25.862833,0.4,-1396,0.044000000000000004,36.4,0.04,25.900000000000002,98.30000000000001,-0.21,0.11
103329,989016,11.201833,-25.862833,0.4,-1396,0.044000000000000004,36.4,0.04,25.900000000000002,98.30000000000001,-0.21,0.11
103329,989025,11.201833,-25.862833,0.5,-1396,0.044000000000000004,36.4,0.04,25.900000000000002,98.30000000000001,-0.21,0.11
103329,989055,11.201833,-25.862833,0.5,-1396,0.044000000000000004,36.4,0.04,25.900000000000002,98.30000000000001,-0.21,0.11
103329,989079,11.201833,-25.863,0.5,-1396,0.044000000000000004,36.4,0.04,25.900000000000002,98.30000000000001,-0.21,0.11
103329,989115,11.201833,-25.863167,0.5,-1396,0.044000000000000004,36.4,0.04,25.900000000000002,98.30000000000001,-0.21,0.11
103329,989135,11.201833,-25.863167,0.5,-1396,0.044000000000000004,36.4,0.04,25.900000000000002,98.30000000000001,-0.21,0.11
103329,989186,11.201833,-25.863333,0.6,-1396,0.044000000000000004,36.4,0.04,25.900000000000002,98.30000000000001,-0.21,0.11
103329,989294,11.201833,-25.863667,0.6,-1396,0.0441,36.4,0.04,25.900000000000002,98.30000000000001,-0.21,0.11
103329,997557,11.206333,-25.8885,0.5,-1394,0.044700000000000004,36.4,0.04,25.900000000000002,97.2,-0.21,0.11
103329,999797,11.207,-25.894167,0.8,-1393,0.046700000000000005,36.4,0.04,25.900000000000002,96.9,-0.22,0.11
103329,1002284,11.194333,-25.851833,5.,-1397,0.0426,36.4,0.03,25.900000000000002,98.10000000000001,-0.22,0.12
103329,1003375,11.199667,-25.828667,5.8,-1382,0.0402,36.5,0.03,25.900000000000002,99.4,-0.22,0.12
103329,1003854,11.201333,-25.816,5.6,-1385,0.041,36.5,0.03,25.900000000000002,99.9,-0.22,0.12
103329,1004825,11.203333,-25.795,5.8,-1389,0.042300000000000004,36.5,0.03,25.900000000000002,100.7,-0.23,0.13
103329,1004945,11.203667,-25.792,5.3,-1389,0.0424,36.6,0.03,25.900000000000002,100.80000000000001,-0.23,0.13
103329,1006337,11.206667,-25.7545,5.2,-1396,0.041600000000000005,36.6,0.02,25.900000000000002,102.2,-0.23,0.13
103329,1007204,11.208333,-25.733,5.,-1367,0.0409,36.7,0.02,26.,103.4,-0.24,0.11
103329,1007371,11.2085,-25.7285,4.2,-1367,0.042,36.7,0.02,26.,103.7,-0.24,0.11
103329,1008775,11.209167,-25.699,5.9,-1370,0.0417,36.800000000000004,0.01,26.1,105.4,-0.25,0.09
103329,1010885,11.208833,-25.646667,5.7,-1345,0.041100000000000005,36.800000000000004,0.01,26.3,107.4,-0.25,0.05
103329,1012195,11.206667,-25.611333,5.9,-1333,0.0414,36.800000000000004,0.01,26.3,108.4,-0.25,0.02
103329,1012597,11.205333,-25.601333,5.5,-1329,0.0414,36.800000000000004,0.01,26.3,108.7,-0.25,0.01
103329,1013553,11.199667,-25.574333,5.6,-1288,0.041,36.800000000000004,0.01,26.3,109.2,-0.25,-0.01
103329,1026854,11.172333,-25.253667,6.9,-1284,0.044500000000000005,36.9,0.02,26.400000000000002,100.5,-0.35000000000000003,-0.24
103329,1026855,11.172333,-25.253667,6.9,-1284,0.044500000000000005,36.9,0.02,26.400000000000002,100.5,-0.35000000000000003,-0.24
103329,1026864,11.172167,-25.2535,6.9,-1284,0.044500000000000005,36.9,0.02,26.400000000000002,100.5,-0.35000000000000003,-0.24
103329,1026896,11.172,-25.2525,6.2,-1284,0.044500000000000005,36.9,0.02,26.400000000000002,100.4,-0.35000000000000003,-0.24
103329,1026901,11.172,-25.2525,6.2,-1284,0.044500000000000005,36.9,0.02,26.400000000000002,100.4,-0.35000000000000003,-0.24
103329,1026902,11.172,-25.2525,6.2,-1284,0.044500000000000005,36.9,0.02,26.400000000000002,100.4,-0.35000000000000003,-0.24
103329,1026904,11.172,-25.252333,6.,-1284,0.044500000000000005,36.9,0.02,26.400000000000002,100.4,-0.35000000000000003,-0.24
103329,1026905,11.172,-25.252333,6.,-1284,0.044500000000000005,36.9,0.02,26.400000000000002,100.4,-0.35000000000000003,-0.24
103329,1026911,11.171833,-25.252167,6.,-1284,0.044500000000000005,36.9,0.02,26.400000000000002,100.4,-0.35000000000000003,-0.24
103329,1026965,11.171333,-25.250667,6.3,-1284,0.0446,36.9,0.02,26.400000000000002,100.2,-0.35000000000000003,-0.24
103329,1027024,11.170833,-25.249,6.2,-1290,0.043500000000000004,36.9,0.02,26.400000000000002,100.10000000000001,-0.35000000000000003,-0.24
103329,1027025,11.170833,-25.249,6.2,-1290,0.043500000000000004,36.9,0.02,26.400000000000002,100.10000000000001,-0.35000000000000003,-0.24
103329,1027091,11.170333,-25.247,6.3,-1290,0.0436,36.9,0.02,26.400000000000002,99.9,-0.35000000000000003,-0.24
103329,1027092,11.170333,-25.247,6.3,-1290,0.0436,36.9,0.02,26.400000000000002,99.9,-0.35000000000000003,-0.24
103329,1032483,11.147833,-25.104667,6.6,-1281,0.0431,36.800000000000004,0.03,26.400000000000002,95.2,-0.35000000000000003,-0.32
103329,1032584,11.147667,-25.1015,6.4,-1281,0.0432,36.800000000000004,0.03,26.400000000000002,95.,-0.35000000000000003,-0.32
103329,1032603,11.147667,-25.101,6.2,-1281,0.0432,36.800000000000004,0.03,26.400000000000002,95.,-0.35000000000000003,-0.32
103329,1032604,11.147667,-25.101,6.2,-1281,0.0432,36.800000000000004,0.03,26.400000000000002,95.,-0.35000000000000003,-0.32
103329,1032616,11.147667,-25.100667,5.9,-1281,0.0432,36.800000000000004,0.03,26.400000000000002,95.,-0.35000000000000003,-0.32
103329,1032623,11.147667,-25.1005,5.9,-1281,0.0432,36.800000000000004,0.03,26.400000000000002,94.9,-0.35000000000000003,-0.32
103329,1032625,11.147667,-25.1005,5.9,-1281,0.0432,36.800000000000004,0.03,26.400000000000002,94.9,-0.35000000000000003,-0.32
103329,1032636,11.147667,-25.100167,5.8,-1281,0.0432,36.800000000000004,0.03,26.400000000000002,94.9,-0.35000000000000003,-0.32
103329,1032663,11.147667,-25.0995,5.,-1281,0.0432,36.800000000000004,0.03,26.400000000000002,94.9,-0.35000000000000003,-0.32
103329,1032664,11.147667,-25.0995,5.,-1281,0.0432,36.800000000000004,0.03,26.400000000000002,94.9,-0.35000000000000003,-0.32
103329,1032670,11.147667,-25.0995,4.6,-1281,0.0432,36.800000000000004,0.03,26.400000000000002,94.9,-0.35000000000000003,-0.32
103329,1032671,11.147667,-25.0995,4.6,-1281,0.0432,36.800000000000004,0.03,26.400000000000002,94.9,-0.35000000000000003,-0.32
103329,1032677,11.147667,-25.099333,4.3,-1281,0.0432,36.800000000000004,0.03,26.400000000000002,94.9,-0.35000000000000003,-0.32
103329,1032678,11.147667,-25.099333,4.3,-1281,0.0432,36.800000000000004,0.03,26.400000000000002,94.9,-0.35000000000000003,-0.32
103329,1032683,11.147667,-25.099333,3.7,-1281,0.0432,36.800000000000004,0.03,26.400000000000002,94.9,-0.35000000000000003,-0.32
103329,1032684,11.147667,-25.099333,3.7,-1281,0.0432,36.800000000000004,0.03,26.400000000000002,94.9,-0.35000000000000003,-0.32
103329,1032687,11.147667,-25.099333,3.6,-1281,0.0432,36.800000000000004,0.03,26.400000000000002,94.9,-0.35000000000000003,-0.32
103329,1032689,11.147667,-25.099333,3.6,-1281,0.0432,36.800000000000004,0.03,26.400000000000002,94.9,-0.35000000000000003,-0.32
103329,1032707,11.147667,-25.099333,2.2,-1281,0.0432,36.800000000000004,0.03,26.400000000000002,94.9,-0.35000000000000003,-0.32
103329,1032711,11.147667,-25.099333,1.9,-1281,0.0432,36.800000000000004,0.03,26.400000000000002,94.9,-0.35000000000000003,-0.32
103329,1032712,11.147667,-25.099333,1.9,-1281,0.0432,36.800000000000004,0.03,26.400000000000002,94.9,-0.35000000000000003,-0.32
103329,1032716,11.147667,-25.099333,1.6,-1281,0.0432,36.800000000000004,0.03,26.400000000000002,94.9,-0.35000000000000003,-0.32
103329,1032717,11.147667,-25.099333,1.6,-1281,0.0432,36.800000000000004,0.03,26.400000000000002,94.9,-0.35000000000000003,-0.32
103329,1032718,11.147667,-25.099333,1.6,-1281,0.0432,36.800000000000004,0.03,26.400000000000002,94.9,-0.35000000000000003,-0.32
103329,1032725,11.147667,-25.099333,1.3,-1281,0.0432,36.800000000000004,0.03,26.400000000000002,94.9,-0.35000000000000003,-0.32
103329,1032781,11.147667,-25.099,1.6,-1281,0.0432,36.800000000000004,0.03,26.400000000000002,94.9,-0.35000000000000003,-0.32
103329,1032782,11.147667,-25.099,1.6,-1281,0.0432,36.800000000000004,0.03,26.400000000000002,94.9,-0.35000000000000003,-0.32
103329,1032796,11.147667,-25.098667,2.5,-1281,0.0432,36.800000000000004,0.03,26.400000000000002,94.9,-0.35000000000000003,-0.32
103329,1032812,11.147833,-25.098333,3.6,-1281,0.0432,36.800000000000004,0.03,26.400000000000002,94.80000000000001,-0.35000000000000003,-0.32
103329,1032816,11.147833,-25.098167,3.7,-1281,0.0432,36.800000000000004,0.03,26.400000000000002,94.80000000000001,-0.35000000000000003,-0.32
103329,1032819,11.147833,-25.098,3.9,-1281,0.0432,36.800000000000004,0.03,26.400000000000002,94.80000000000001,-0.35000000000000003,-0.32
103329,1032824,11.147833,-25.097833,4.3,-1281,0.0432,36.800000000000004,0.03,26.400000000000002,94.80000000000001,-0.35000000000000003,-0.32
103329,1032826,11.147833,-25.097833,4.3,-1281,0.0432,36.800000000000004,0.03,26.400000000000002,94.80000000000001,-0.35000000000000003,-0.32
103329,1032838,11.147667,-25.0975,5.,-1281,0.0432,36.800000000000004,0.03,26.400000000000002,94.80000000000001,-0.35000000000000003,-0.32
103329,1032841,11.147667,-25.097333,5.,-1281,0.0432,36.800000000000004,0.03,26.400000000000002,94.80000000000001,-0.35000000000000003,-0.32
103329,1032844,11.147667,-25.097333,5.,-1281,0.0432,36.800000000000004,0.03,26.400000000000002,94.80000000000001,-0.35000000000000003,-0.32
103329,1032848,11.147667,-25.097167,5.1,-1281,0.0432,36.800000000000004,0.03,26.400000000000002,94.80000000000001,-0.35000000000000003,-0.32
103329,1032855,11.147667,-25.097,5.2,-1281,0.0432,36.800000000000004,0.03,26.400000000000002,94.80000000000001,-0.35000000000000003,-0.33
103329,1032856,11.147667,-25.097,5.2,-1281,0.0432,36.800000000000004,0.03,26.400000000000002,94.80000000000001,-0.35000000000000003,-0.33
103329,1032864,11.147667,-25.096667,5.5,-1281,0.0432,36.800000000000004,0.03,26.400000000000002,94.80000000000001,-0.35000000000000003,-0.33
103329,1032865,11.147667,-25.096667,5.5,-1281,0.0432,36.800000000000004,0.03,26.400000000000002,94.80000000000001,-0.35000000000000003,-0.33
103329,1032881,11.147667,-25.096167,5.7,-1281,0.0432,36.800000000000004,0.03,26.400000000000002,94.7,-0.35000000000000003,-0.33
103329,1032882,11.147667,-25.096167,5.7,-1281,0.0432,36.800000000000004,0.03,26.400000000000002,94.7,-0.35000000000000003,-0.33
103329,1032916,11.1475,-25.095167,5.8,-1281,0.0432,36.800000000000004,0.03,26.400000000000002,94.7,-0.35000000000000003,-0.33
103329,1032924,11.147667,-25.095,5.8,-1281,0.0432,36.800000000000004,0.03,26.400000000000002,94.7,-0.35000000000000003,-0.33
103329,1032925,11.147667,-25.095,5.8,-1281,0.0432,36.800000000000004,0.03,26.400000000000002,94.7,-0.35000000000000003,-0.33
103329,1032956,11.1475,-25.094,5.8,-1281,0.0432,36.800000000000004,0.03,26.400000000000002,94.60000000000001,-0.35000000000000003,-0.33
103329,1032976,11.1475,-25.0935,5.9,-1281,0.0432,36.800000000000004,0.03,26.400000000000002,94.60000000000001,-0.35000000000000003,-0.33
103329,1032984,11.147667,-25.093167,6.2,-1281,0.0432,36.800000000000004,0.03,26.400000000000002,94.60000000000001,-0.35000000000000003,-0.33
103329,1032985,11.147667,-25.093167,6.2,-1281,0.0432,36.800000000000004,0.03,26.400000000000002,94.60000000000001,-0.35000000000000003,-0.33
103329,1033036,11.147667,-25.0915,6.5,-1280,0.0432,36.800000000000004,0.03,26.400000000000002,94.5,-0.35000000000000003,-0.33
103329,1039517,11.129167,-24.9125,6.7,-1295,0.0446,36.800000000000004,0.05,26.400000000000002,84.5,-0.36,-0.33
103329,1039526,11.129,-24.912333,6.6,-1295,0.0446,36.800000000000004,0.05,26.400000000000002,84.5,-0.36,-0.33
103329,1041705,11.124667,-24.8545,5.3,-1293,0.043300000000000005,36.800000000000004,0.06,26.400000000000002,84.5,-0.36,-0.32
103329,1042037,11.125333,-24.845,6.3,-1292,0.0434,36.800000000000004,0.06,26.400000000000002,84.80000000000001,-0.36,-0.32
103329,1042639,11.128333,-24.830333,3.2,-1304,0.0432,36.800000000000004,0.06,26.400000000000002,85.10000000000001,-0.35000000000000003,-0.31
103329,1043025,11.127833,-24.820667,5.6,-1304,0.043300000000000005,36.800000000000004,0.06,26.400000000000002,85.5,-0.36,-0.31
103329,1043216,11.1275,-24.816,5.,-1304,0.043300000000000005,36.800000000000004,0.06,26.400000000000002,85.60000000000001,-0.36,-0.31
103329,1043954,11.128833,-24.796833,5.3,-1303,0.0434,36.800000000000004,0.06,26.400000000000002,86.,-0.35000000000000003,-0.3
103329,1044464,11.131333,-24.786,4.4,-1303,0.042800000000000005,36.800000000000004,0.07,26.400000000000002,85.7,-0.35000000000000003,-0.3
103329,1045196,11.137333,-24.768833,5.5,-1302,0.0432,36.800000000000004,0.07,26.400000000000002,85.2,-0.35000000000000003,-0.3
103329,1045745,11.141833,-24.756667,4.3,-1301,0.0434,36.800000000000004,0.07,26.400000000000002,85.10000000000001,-0.35000000000000003,-0.29
103329,1046474,11.147167,-24.7455,3.,-1311,0.042800000000000005,36.800000000000004,0.07,26.400000000000002,85.,-0.35000000000000003,-0.29
103329,1046826,11.151,-24.742167,2.8,-1311,0.0429,36.800000000000004,0.07,26.400000000000002,85.,-0.35000000000000003,-0.29
103329,1047182,11.154667,-24.7405,2.3,-1310,0.0429,36.800000000000004,0.07,26.400000000000002,85.,-0.35000000000000003,-0.29
103329,1047826,11.171167,-24.768167,11.7,-1309,0.0434,36.800000000000004,0.07,26.400000000000002,83.9,-0.35000000000000003,-0.3
103329,1049026,11.198333,-24.830667,11.8,-1306,0.044500000000000005,36.800000000000004,0.06,26.400000000000002,82.10000000000001,-0.34,-0.32
103329,1049455,11.207833,-24.853,11.9,-1296,0.0446,36.800000000000004,0.06,26.400000000000002,83.10000000000001,-0.33,-0.33
103329,1050465,11.232,-24.9055,11.8,-1296,0.0441,36.800000000000004,0.06,26.400000000000002,84.30000000000001,-0.33,-0.34
103329,1071234,11.358167,-25.990167,11.2,-1365,0.043500000000000004,36.5,0.04,26.200000000000003,106.2,-0.24,0.09
103329,1071354,11.358167,-25.996667,11.2,-1364,0.043500000000000004,36.5,0.04,26.200000000000003,106.4,-0.24,0.08
103329,1071365,11.358167,-25.997167,11.2,-1363,0.043500000000000004,36.5,0.04,26.200000000000003,106.4,-0.24,0.08
103329,1071384,11.358167,-25.998167,11.2,-1363,0.043500000000000004,36.5,0.04,26.200000000000003,106.4,-0.24,0.08
103329,1071385,11.358167,-25.998167,11.2,-1363,0.043500000000000004,36.5,0.04,26.200000000000003,106.4,-0.24,0.08
103329,1071404,11.358167,-25.999167,11.2,-1363,0.043500000000000004,36.5,0.04,26.200000000000003,106.5,-0.24,0.08
103329,1071444,11.358,-26.001333,11.1,-1372,0.0441,36.5,0.04,26.200000000000003,106.5,-0.24,0.08
103329,1071446,11.358,-26.001333,11.1,-1372,0.0441,36.5,0.04,26.200000000000003,106.5,-0.24,0.08
103329,1071665,11.357833,-26.013,11.1,-1371,0.046900000000000004,36.5,0.04,26.200000000000003,107.,-0.24,0.09
103329,1077025,11.343,-26.139333,0.5,-1362,0.0405,36.6,0.05,26.400000000000002,110.4,-0.22,0.14
103329,1077026,11.343,-26.139333,0.5,-1362,0.0405,36.6,0.05,26.400000000000002,110.4,-0.22,0.14
103329,1077045,11.343,-26.139333,0.6,-1362,0.0405,36.6,0.05,26.400000000000002,110.4,-0.22,0.14
103329,1077046,11.343,-26.139333,0.6,-1362,0.0405,36.6,0.05,26.400000000000002,110.4,-0.22,0.14
103329,1077065,11.343,-26.139333,0.6,-1362,0.0405,36.6,0.05,26.400000000000002,110.4,-0.22,0.14
103329,1077085,11.342833,-26.139333,0.6,-1362,0.0405,36.6,0.05,26.400000000000002,110.4,-0.22,0.14
103329,1077105,11.342833,-26.139333,0.6,-1362,0.0405,36.6,0.05,26.400000000000002,110.4,-0.22,0.14
103329,1077114,11.342833,-26.1395,0.6,-1362,0.0405,36.6,0.05,26.400000000000002,110.4,-0.22,0.14
103329,1077174,11.3425,-26.1395,0.8,-1362,0.040600000000000004,36.6,0.05,26.400000000000002,110.4,-0.22,0.14
103329,1077194,11.3425,-26.1395,0.8,-1362,0.040600000000000004,36.6,0.05,26.400000000000002,110.4,-0.22,0.14
103329,1077254,11.342333,-26.139667,0.8,-1362,0.040600000000000004,36.6,0.05,26.400000000000002,110.4,-0.22,0.14
103329,1077295,11.342167,-26.139667,0.9,-1362,0.040600000000000004,36.6,0.05,26.400000000000002,110.4,-0.22,0.14
103329,1077314,11.342,-26.139833,0.9,-1362,0.040600000000000004,36.6,0.05,26.400000000000002,110.4,-0.22,0.14
103329,1077354,11.341833,-26.139833,0.9,-1362,0.040600000000000004,36.6,0.05,26.400000000000002,110.4,-0.22,0.14
103329,1077355,11.341833,-26.139833,0.9,-1362,0.040600000000000004,36.6,0.05,26.400000000000002,110.4,-0.22,0.14
103329,1077374,11.341833,-26.139833,0.9,-1362,0.040600000000000004,36.6,0.05,26.400000000000002,110.4,-0.22,0.14
103329,1077434,11.3415,-26.140167,1.,-1362,0.0407,36.6,0.05,26.400000000000002,110.4,-0.22,0.14
103329,1077474,11.341333,-26.140167,1.,-1362,0.0407,36.6,0.05,26.400000000000002,110.4,-0.22,0.14
103329,1077475,11.341333,-26.140167,1.,-1362,0.0407,36.6,0.05,26.400000000000002,110.4,-0.22,0.14
103329,1077494,11.341333,-26.140333,1.,-1362,0.0407,36.6,0.05,26.400000000000002,110.4,-0.22,0.14
103329,1077535,11.341167,-26.140333,1.,-1362,0.0407,36.6,0.05,26.400000000000002,110.4,-0.22,0.14
103329,1077556,11.341167,-26.1405,1.,-1362,0.0407,36.6,0.05,26.400000000000002,110.4,-0.22,0.14
103329,1077595,11.341,-26.1405,1.,-1363,0.0407,36.6,0.05,26.400000000000002,110.4,-0.22,0.14
103329,1077616,11.340833,-26.140667,0.9,-1363,0.0407,36.6,0.05,26.400000000000002,110.4,-0.22,0.14
103329,1081077,11.33,-26.147167,0.5,-1354,0.039,36.6,0.05,26.400000000000002,110.30000000000001,-0.23,0.14
103329,1085266,11.3165,-26.155667,0.9,-1356,0.0395,36.6,0.05,26.400000000000002,110.,-0.23,0.15
103329,1085596,11.315333,-26.156667,1.,-1356,0.0396,36.6,0.05,26.400000000000002,110.,-0.23,0.15
103329,1086447,11.312,-26.158167,0.6,-1356,0.0398,36.6,0.05,26.400000000000002,109.9,-0.23,0.15
103329,1086625,11.311333,-26.1585,0.8,-1356,0.0398,36.6,0.05,26.400000000000002,109.9,-0.23,0.15
103329,1087195,11.309333,-26.159,0.8,-1357,0.039900000000000005,36.6,0.05,26.400000000000002,109.9,-0.23,0.15
103329,1087916,11.306667,-26.159667,0.8,-1357,0.040100000000000004,36.6,0.05,26.400000000000002,109.80000000000001,-0.23,0.16
103329,1088046,11.306333,-26.159833,0.6,-1357,0.040100000000000004,36.6,0.05,26.400000000000002,109.80000000000001,-0.23,0.16
103329,1089056,11.3375,-26.129167,9.6,-1363,0.0409,36.6,0.05,26.400000000000002,110.30000000000001,-0.24,0.14
103329,1089308,11.34,-26.127,1.7,-1363,0.0407,36.6,0.05,26.400000000000002,110.30000000000001,-0.24,0.14
103329,1090315,11.344,-26.108333,4.6,-1363,0.0473,36.6,0.04,26.3,110.2,-0.24,0.14
103329,1090424,11.344,-26.105833,5.,-1363,0.046900000000000004,36.6,0.04,26.3,110.2,-0.24,0.14
103329,1091537,11.344,-26.0775,5.8,-1366,0.055200000000000006,36.6,0.04,26.3,109.9,-0.25,0.13
103329,1091926,11.344667,-26.067,5.5,-1367,0.052000000000000005,36.6,0.04,26.3,109.60000000000001,-0.25,0.13
103329,1092827,11.345,-26.042667,5.8,-1370,0.044700000000000004,36.6,0.04,26.200000000000003,108.60000000000001,-0.25,0.12
103329,1093035,11.345833,-26.037333,5.9,-1370,0.050100000000000006,36.6,0.04,26.200000000000003,108.4,-0.26,0.11
103329,1093923,11.347333,-26.0175,3.6,-1372,0.046700000000000005,36.6,0.04,26.200000000000003,107.7,-0.26,0.11
103329,1094272,11.346667,-26.0165,3.1,-1372,0.046400000000000004,36.6,0.04,26.200000000000003,107.60000000000001,-0.26,0.11
103329,1095156,11.347667,-25.993833,3.2,-1364,0.0414,36.5,0.03,26.1,106.7,-0.26,0.1
103329,1095737,11.347667,-25.9785,5.2,-1366,0.0424,36.5,0.03,26.1,105.9,-0.27,0.11
103329,1096445,11.348,-25.958667,5.9,-1370,0.0438,36.5,0.03,26.,104.9,-0.27,0.11
103329,1097816,11.3505,-25.923333,5.5,-1375,0.0444,36.5,0.03,25.900000000000002,103.2,-0.27,0.11
103329,1099296,11.353667,-25.9,4.,-1357,0.042300000000000004,36.5,0.03,25.900000000000002,101.80000000000001,-0.28,0.12
103329,1115229,11.3045,-25.530333,5.8,-1326,0.040100000000000004,36.9,0.,26.200000000000003,105.4,-0.34,-0.18
103329,1115240,11.304333,-25.53,5.8,-1326,0.0402,36.9,0.,26.200000000000003,105.4,-0.34,-0.18
103329,1115278,11.304167,-25.529,6.,-1325,0.0402,36.9,0.,26.200000000000003,105.4,-0.34,-0.18
103329,1115329,11.303667,-25.527333,6.6,-1324,0.040400000000000005,36.9,0.,26.200000000000003,105.5,-0.34,-0.19
103329,1115338,11.3035,-25.527167,6.5,-1324,0.040400000000000005,36.9,0.,26.200000000000003,105.5,-0.34,-0.19
103329,1115349,11.3035,-25.526833,6.3,-1324,0.040400000000000005,36.9,0.,26.200000000000003,105.5,-0.34,-0.19
103329,1115399,11.303167,-25.525667,5.7,-1323,0.0405,36.9,0.,26.200000000000003,105.60000000000001,-0.34,-0.19
103329,1115458,11.302667,-25.524,5.8,-1322,0.040600000000000004,36.9,0.,26.200000000000003,105.7,-0.34,-0.19
103329,1115492,11.302333,-25.523,6.2,-1322,0.0407,36.9,0.,26.200000000000003,105.7,-0.34,-0.19
103329,1115518,11.302167,-25.522167,6.5,-1321,0.0407,36.9,0.,26.200000000000003,105.80000000000001,-0.34,-0.19
103329,1115519,11.302167,-25.522167,6.5,-1321,0.0407,36.9,0.,26.200000000000003,105.80000000000001,-0.34,-0.19
103329,1115542,11.302,-25.5215,6.4,-1321,0.0408,36.9,0.,26.200000000000003,105.80000000000001,-0.34,-0.19
103329,1115549,11.301833,-25.521333,6.3,-1321,0.0408,36.9,0.,26.200000000000003,105.80000000000001,-0.34,-0.19
103329,1120880,11.276167,-25.395167,4.2,-1301,0.040100000000000004,36.9,0.01,26.3,107.2,-0.37,-0.29
103329,1120889,11.276,-25.395,4.,-1301,0.040100000000000004,36.9,0.01,26.3,107.2,-0.37,-0.29
103329,1120920,11.275833,-25.394333,4.3,-1301,0.04,36.9,0.01,26.3,107.2,-0.37,-0.29
103329,1120968,11.275667,-25.393333,4.3,-1300,0.04,36.9,0.01,26.3,107.10000000000001,-0.37,-0.29
103329,1120980,11.275667,-25.393167,3.7,-1300,0.04,36.9,0.01,26.3,107.10000000000001,-0.37,-0.29
103329,1121008,11.2755,-25.393167,1.8,-1300,0.04,36.9,0.01,26.3,107.10000000000001,-0.37,-0.29
103329,1121009,11.2755,-25.393167,1.8,-1300,0.04,36.9,0.01,26.3,107.10000000000001,-0.37,-0.29
103329,1121012,11.2755,-25.393167,1.6,-1300,0.04,36.9,0.01,26.3,107.10000000000001,-0.37,-0.29
103329,1121045,11.275333,-25.393167,1.5,-1300,0.04,36.9,0.01,26.3,107.10000000000001,-0.37,-0.29
103329,1121052,11.275333,-25.393,1.5,-1300,0.04,36.9,0.01,26.3,107.10000000000001,-0.37,-0.29
103329,1121053,11.275333,-25.393,1.5,-1300,0.04,36.9,0.01,26.3,107.10000000000001,-0.37,-0.29
103329,1121068,11.2755,-25.392833,1.8,-1300,0.04,36.9,0.01,26.3,107.10000000000001,-0.37,-0.29
103329,1121069,11.2755,-25.392833,1.8,-1300,0.04,36.9,0.01,26.3,107.10000000000001,-0.37,-0.29
103329,1121078,11.2755,-25.392667,2.3,-1300,0.04,36.9,0.01,26.3,107.10000000000001,-0.37,-0.29
103329,1121079,11.2755,-25.392667,2.3,-1300,0.04,36.9,0.01,26.3,107.10000000000001,-0.37,-0.29
103329,1121085,11.2755,-25.3925,2.6,-1300,0.04,36.9,0.01,26.3,107.10000000000001,-0.37,-0.29
103329,1121086,11.2755,-25.3925,2.6,-1300,0.04,36.9,0.01,26.3,107.10000000000001,-0.37,-0.29
103329,1121120,11.2755,-25.392,2.2,-1300,0.04,36.9,0.01,26.3,107.10000000000001,-0.37,-0.29
103329,1121138,11.275333,-25.392,1.7,-1300,0.04,36.9,0.01,26.3,107.10000000000001,-0.37,-0.29
103329,1121139,11.275333,-25.392,1.7,-1300,0.04,36.9,0.01,26.3,107.10000000000001,-0.37,-0.29
103329,1121142,11.275333,-25.392,1.6,-1300,0.04,36.9,0.01,26.3,107.10000000000001,-0.37,-0.29
103329,1121160,11.275333,-25.392,1.5,-1300,0.04,36.9,0.01,26.3,107.10000000000001,-0.37,-0.29
103329,1121168,11.275333,-25.391833,1.3,-1300,0.04,36.9,0.01,26.3,107.10000000000001,-0.37,-0.29
103329,1121175,11.275167,-25.391833,1.5,-1300,0.04,36.9,0.01,26.3,107.10000000000001,-0.37,-0.29
103329,1121176,11.275167,-25.391833,1.5,-1300,0.04,36.9,0.01,26.3,107.10000000000001,-0.37,-0.29
103329,1121188,11.275167,-25.391667,1.6,-1300,0.04,36.9,0.01,26.3,107.10000000000001,-0.37,-0.29
103329,1121189,11.275167,-25.391667,1.6,-1300,0.04,36.9,0.01,26.3,107.10000000000001,-0.37,-0.29
103329,1121192,11.275167,-25.391667,1.8,-1300,0.04,36.9,0.01,26.3,107.10000000000001,-0.37,-0.29
103329,1121193,11.275167,-25.391667,1.8,-1300,0.04,36.9,0.01,26.3,107.10000000000001,-0.37,-0.29
103329,1121196,11.275167,-25.3915,1.9,-1300,0.04,36.9,0.01,26.3,107.,-0.37,-0.29
103329,1121198,11.275167,-25.3915,2.1,-1300,0.04,36.9,0.01,26.3,107.,-0.37,-0.29
103329,1121199,11.275167,-25.3915,2.1,-1300,0.04,36.9,0.01,26.3,107.,-0.37,-0.29
103329,1121205,11.275167,-25.391333,2.4,-1299,0.04,36.9,0.01,26.3,107.,-0.37,-0.29
103329,1121206,11.275167,-25.391333,2.4,-1299,0.04,36.9,0.01,26.3,107.,-0.37,-0.29
103329,1121209,11.275167,-25.391333,2.5,-1299,0.04,36.9,0.01,26.3,107.,-0.37,-0.29
103329,1121233,11.275,-25.390667,3.8,-1299,0.04,36.9,0.01,26.3,107.,-0.37,-0.29
103329,1121248,11.275,-25.390333,4.5,-1299,0.04,36.9,0.01,26.3,107.,-0.37,-0.29
103329,1121258,11.274833,-25.39,4.8,-1299,0.04,36.9,0.01,26.3,107.,-0.37,-0.29
103329,1121259,11.274833,-25.39,4.8,-1299,0.04,36.9,0.01,26.3,107.,-0.37,-0.29
103329,1121309,11.274667,-25.388833,4.8,-1298,0.04,36.9,0.01,26.3,106.9,-0.37,-0.29
103329,1121349,11.274333,-25.387833,5.3,-1298,0.039900000000000005,36.9,0.01,26.3,106.9,-0.37,-0.29
103329,1121448,11.273833,-25.3855,4.9,-1297,0.039900000000000005,36.9,0.01,26.3,106.80000000000001,-0.37,-0.29
103329,1121449,11.273833,-25.3855,4.9,-1297,0.039900000000000005,36.9,0.01,26.3,106.80000000000001,-0.37,-0.29
103329,1122954,11.268667,-25.36,1.7,-1287,0.041,36.9,0.01,26.3,105.60000000000001,-0.38,-0.3
103329,1123611,11.2665,-25.344,4.9,-1283,0.041,36.9,0.01,26.3,103.9,-0.38,-0.3
103329,1124651,11.2615,-25.3165,6.,-1294,0.0427,36.9,0.01,26.3,100.80000000000001,-0.39,-0.29
103329,1125991,11.250667,-25.282333,6.3,-1292,0.0441,36.9,0.02,26.3,97.,-0.39,-0.28
103329,1126480,11.246333,-25.269333,6.4,-1269,0.0436,36.9,0.02,26.3,96.10000000000001,-0.39,-0.29
103329,1127020,11.241333,-25.254667,5.,-1266,0.044000000000000004,36.9,0.02,26.3,95.30000000000001,-0.39,-0.29
103329,1127131,11.240833,-25.253,2.2,-1266,0.0441,36.9,0.02,26.3,95.2,-0.39,-0.29
103329,1127611,11.237167,-25.241833,5.8,-1290,0.0436,36.9,0.02,26.3,94.7,-0.39,-0.29
103329,1127823,11.235667,-25.2385,1.,-1290,0.0436,36.9,0.02,26.3,94.5,-0.39,-0.29
103329,1128491,11.231833,-25.226833,5.7,-1289,0.0436,36.9,0.02,26.3,93.9,-0.4,-0.29
103329,1128512,11.231667,-25.2265,5.5,-1289,0.0436,36.9,0.02,26.3,93.9,-0.4,-0.29
103329,1128661,11.230333,-25.222667,5.2,-1289,0.0436,36.9,0.02,26.3,93.7,-0.4,-0.29
103329,1128854,11.229333,-25.2205,4.,-1288,0.0436,36.9,0.02,26.3,93.60000000000001,-0.4,-0.29
103329,1129531,11.224,-25.202833,6.2,-1287,0.0431,36.9,0.03,26.3,92.9,-0.4,-0.3
103329,1129581,11.223667,-25.2015,5.7,-1287,0.0431,36.9,0.03,26.3,92.80000000000001,-0.4,-0.3
103329,1129880,11.221667,-25.193333,5.8,-1287,0.0432,36.9,0.03,26.3,92.7,-0.4,-0.3
103329,1130171,11.219333,-25.1855,5.9,-1286,0.0432,36.9,0.03,26.3,92.60000000000001,-0.4,-0.31
103329,1130930,11.213667,-25.165167,5.9,-1289,0.0427,36.9,0.03,26.3,92.60000000000001,-0.4,-0.32
103329,1131000,11.213,-25.163167,6.2,-1289,0.0427,36.9,0.03,26.3,92.60000000000001,-0.4,-0.32
103329,1131311,11.2105,-25.154667,5.8,-1289,0.0427,36.9,0.03,26.3,92.7,-0.4,-0.32
103329,1132070,11.2045,-25.135,4.9,-1287,0.0441,36.9,0.03,26.3,93.2,-0.4,-0.33
103329,1133316,11.197333,-25.1025,2.9,-1285,0.043000000000000003,36.9,0.04,26.3,93.,-0.4,-0.35000000000000003
103329,1134620,11.195833,-25.070833,5.5,-1289,0.043000000000000003,36.800000000000004,0.04,26.3,91.4,-0.4,-0.35000000000000003
103329,1135970,11.196333,-25.045833,1.2,-1288,0.0429,36.800000000000004,0.05,26.3,90.2,-0.4,-0.36
103329,1159567,11.286167,-26.201,11.2,-1351,0.0381,36.7,0.05,26.3,111.10000000000001,-0.3,0.22
103329,1159568,11.286167,-26.201,11.2,-1351,0.0381,36.7,0.05,26.3,111.10000000000001,-0.3,0.22
103329,1159600,11.285833,-26.202667,11.3,-1351,0.038200000000000005,36.7,0.05,26.3,111.10000000000001,-0.3,0.22
103329,1159609,11.285667,-26.203167,11.3,-1351,0.038200000000000005,36.7,0.05,26.3,111.10000000000001,-0.3,0.22
103329,1159639,11.285333,-26.204833,11.3,-1351,0.0383,36.7,0.06,26.3,111.10000000000001,-0.3,0.22
103329,1159648,11.285167,-26.205333,11.3,-1351,0.0383,36.7,0.06,26.3,111.2,-0.3,0.22
103329,1159659,11.285,-26.205833,11.3,-1351,0.0383,36.7,0.06,26.3,111.2,-0.3,0.22
103329,1159660,11.285,-26.205833,11.3,-1351,0.0383,36.7,0.06,26.3,111.2,-0.3,0.22
103329,1159677,11.284833,-26.206833,11.3,-1351,0.0383,36.7,0.06,26.3,111.2,-0.3,0.22
103329,1159698,11.284667,-26.208,11.3,-1351,0.038400000000000004,36.7,0.06,26.3,111.2,-0.3,0.22
103329,1159699,11.284667,-26.208,11.3,-1351,0.038400000000000004,36.7,0.06,26.3,111.2,-0.3,0.22
103329,1159719,11.284333,-26.209,11.3,-1351,0.037700000000000004,36.7,0.06,26.3,111.2,-0.3,0.22
103329,1159720,11.284333,-26.209,11.3,-1351,0.037700000000000004,36.7,0.06,26.3,111.2,-0.3,0.22
103329,1159738,11.284167,-26.21,11.2,-1351,0.0376,36.7,0.06,26.3,111.2,-0.3,0.22
103329,1159758,11.284,-26.211167,11.2,-1351,0.0376,36.7,0.06,26.3,111.2,-0.3,0.22
103329,1159759,11.284,-26.211167,11.2,-1351,0.0376,36.7,0.06,26.3,111.2,-0.3,0.22
103329,1159779,11.283833,-26.212167,11.2,-1351,0.0376,36.7,0.06,26.3,111.30000000000001,-0.3,0.22
103329,1159780,11.283833,-26.212167,11.2,-1351,0.0376,36.7,0.06,26.3,111.30000000000001,-0.3,0.22
103329,1159808,11.283667,-26.213667,11.2,-1351,0.0375,36.7,0.06,26.3,111.30000000000001,-0.3,0.22
103329,1159840,11.283333,-26.215333,11.2,-1351,0.0374,36.7,0.06,26.3,111.30000000000001,-0.3,0.22
103329,1159868,11.283,-26.217,11.1,-1351,0.0374,36.7,0.06,26.3,111.30000000000001,-0.3,0.22
103329,1159869,11.283,-26.217,11.1,-1351,0.0374,36.7,0.06,26.3,111.30000000000001,-0.3,0.22
103329,1159878,11.283,-26.2175,11.1,-1351,0.0374,36.7,0.06,26.3,111.4,-0.3,0.22
103329,1159968,11.282333,-26.222167,11.1,-1351,0.037200000000000004,36.7,0.06,26.3,111.4,-0.3,0.22
103329,1159989,11.282167,-26.223167,11.1,-1352,0.037200000000000004,36.7,0.06,26.3,111.5,-0.3,0.22
103329,1160000,11.282,-26.223667,11.1,-1352,0.037200000000000004,36.7,0.06,26.3,111.5,-0.3,0.22
103329,1160008,11.282,-26.224167,11.2,-1352,0.037200000000000004,36.7,0.06,26.3,111.5,-0.3,0.22
103329,1160009,11.282,-26.224167,11.2,-1352,0.037200000000000004,36.7,0.06,26.3,111.5,-0.3,0.22
103329,1160049,11.281667,-26.226333,11.2,-1352,0.0371,36.7,0.06,26.3,111.5,-0.3,0.22
103329,1160059,11.2815,-26.226833,11.2,-1352,0.0371,36.7,0.06,26.3,111.5,-0.3,0.22
103329,1165578,11.2465,-26.348,1.5,-1349,0.0383,36.7,0.07,26.200000000000003,110.,-0.32,0.17
103329,1165598,11.246333,-26.348167,1.5,-1349,0.0383,36.7,0.07,26.200000000000003,110.,-0.32,0.17
103329,1165638,11.246167,-26.348333,1.5,-1349,0.0383,36.7,0.07,26.200000000000003,110.,-0.32,0.17
103329,1165669,11.246,-26.3485,1.5,-1349,0.0383,36.7,0.07,26.200000000000003,110.,-0.32,0.17
103329,1165699,11.245833,-26.348667,1.3,-1349,0.0383,36.7,0.07,26.200000000000003,110.10000000000001,-0.32,0.17
103329,1165740,11.245667,-26.348833,1.3,-1349,0.0383,36.7,0.07,26.200000000000003,110.10000000000001,-0.32,0.17
103329,1165749,11.2455,-26.349,1.3,-1349,0.0383,36.7,0.07,26.200000000000003,110.10000000000001,-0.32,0.17
103329,1165750,11.2455,-26.349,1.3,-1349,0.0383,36.7,0.07,26.200000000000003,110.10000000000001,-0.32,0.17
103329,1165758,11.2455,-26.349,1.3,-1349,0.0383,36.7,0.07,26.200000000000003,110.10000000000001,-0.32,0.17
103329,1165780,11.2455,-26.349,1.2,-1349,0.0383,36.7,0.07,26.200000000000003,110.10000000000001,-0.32,0.17
103329,1165849,11.245167,-26.349333,1.2,-1349,0.0383,36.7,0.07,26.200000000000003,110.10000000000001,-0.32,0.17
103329,1165880,11.245,-26.3495,1.1,-1349,0.0383,36.7,0.07,26.200000000000003,110.10000000000001,-0.32,0.17
103329,1165930,11.244833,-26.349667,1.2,-1349,0.038200000000000005,36.7,0.07,26.200000000000003,110.10000000000001,-0.32,0.17
103329,1169891,11.227,-26.3695,1.5,-1349,0.0371,36.7,0.07,26.200000000000003,110.4,-0.33,0.14
103329,1170740,11.223167,-26.374167,1.3,-1349,0.0368,36.7,0.07,26.200000000000003,110.4,-0.33,0.14
103329,1172109,11.216667,-26.381333,1.3,-1349,0.0391,36.7,0.07,26.1,110.30000000000001,-0.33,0.13
103329,1172491,11.215167,-26.3835,1.5,-1349,0.039,36.7,0.07,26.1,110.30000000000001,-0.33,0.13
103329,1172541,11.215,-26.383833,1.3,-1349,0.038900000000000004,36.7,0.07,26.1,110.30000000000001,-0.33,0.13
103329,1173239,11.2115,-26.3875,1.5,-1349,0.0386,36.7,0.07,26.1,110.2,-0.33,0.12
103329,1173700,11.209667,-26.390167,1.5,-1349,0.038400000000000004,36.7,0.07,26.1,110.10000000000001,-0.33,0.12
103329,1174481,11.206333,-26.3945,1.5,-1348,0.0407,36.7,0.07,26.1,110.,-0.33,0.12
103329,1174621,11.205667,-26.395167,1.3,-1348,0.0407,36.7,0.07,26.1,109.9,-0.33,0.11
103329,1175759,11.200833,-26.401333,1.2,-1348,0.0405,36.7,0.07,26.1,109.7,-0.33,0.11
103329,1175909,11.200333,-26.402333,1.3,-1348,0.0405,36.7,0.07,26.1,109.7,-0.33,0.11
103329,1176189,11.199167,-26.403833,1.3,-1347,0.040400000000000005,36.7,0.07,26.1,109.80000000000001,-0.33,0.1
103329,1177201,11.226667,-26.3745,10.4,-1349,0.0369,36.7,0.07,26.200000000000003,110.4,-0.33,0.14
103329,1178281,11.256333,-26.345833,5.2,-1347,0.0363,36.7,0.07,26.200000000000003,109.7,-0.32,0.18
103329,1178401,11.257667,-26.342667,5.9,-1347,0.036500000000000005,36.7,0.07,26.200000000000003,109.5,-0.32,0.18
103329,1179589,11.263667,-26.318167,4.4,-1349,0.0363,36.7,0.07,26.200000000000003,108.2,-0.32,0.21
103329,1179769,11.264167,-26.313167,5.7,-1349,0.0362,36.7,0.07,26.200000000000003,108.4,-0.32,0.21
103329,1180921,11.2665,-26.284167,5.8,-1348,0.036500000000000005,36.7,0.06,26.3,109.5,-0.33,0.22
103329,1203498,11.351833,-25.7675,5.7,-1353,0.0396,36.6,0.,25.5,93.4,-0.39,0.14
103329,1203499,11.351833,-25.7675,5.7,-1353,0.0396,36.6,0.,25.5,93.4,-0.39,0.14
103329,1203502,11.351833,-25.7675,5.7,-1353,0.0396,36.6,0.,25.5,93.4,-0.39,0.14
103329,1203503,11.351833,-25.7675,5.7,-1353,0.0396,36.6,0.,25.5,93.4,-0.39,0.14
103329,1203505,11.351833,-25.767333,5.7,-1353,0.0396,36.6,0.,25.5,93.4,-0.39,0.14
103329,1203506,11.351833,-25.767333,5.7,-1353,0.0396,36.6,0.,25.5,93.4,-0.39,0.14
103329,1203548,11.351667,-25.766167,5.7,-1353,0.0396,36.6,0.,25.5,93.4,-0.39,0.14
103329,1203549,11.351667,-25.766167,5.7,-1353,0.0396,36.6,0.,25.5,93.4,-0.39,0.14
103329,1203559,11.351667,-25.766,5.7,-1353,0.0396,36.6,0.,25.5,93.4,-0.39,0.14
103329,1203598,11.3515,-25.764833,5.6,-1353,0.0397,36.6,0.,25.5,93.4,-0.39,0.14
103329,1203618,11.351333,-25.764333,5.5,-1353,0.0397,36.6,0.,25.5,93.4,-0.39,0.14
103329,1203619,11.351333,-25.764333,5.5,-1353,0.0397,36.6,0.,25.5,93.4,-0.39,0.14
103329,1203650,11.351333,-25.7635,5.7,-1354,0.0398,36.6,0.,25.5,93.4,-0.39,0.14
103329,1203669,11.351167,-25.763,5.7,-1354,0.0398,36.6,0.,25.5,93.4,-0.39,0.14
103329,1203678,11.351167,-25.762667,5.8,-1354,0.0398,36.6,0.,25.5,93.4,-0.39,0.14
103329,1203679,11.351167,-25.762667,5.8,-1354,0.0398,36.6,0.,25.5,93.4,-0.39,0.14
103329,1203689,11.351167,-25.762333,5.9,-1354,0.0398,36.6,0.,25.5,93.4,-0.39,0.14
103329,1203698,11.351,-25.762,6.,-1354,0.0398,36.6,0.,25.5,93.4,-0.4,0.14
103329,1203699,11.351,-25.762,6.,-1354,0.0398,36.6,0.,25.5,93.4,-0.4,0.14
103329,1203738,11.350833,-25.761,6.,-1354,0.039900000000000005,36.6,0.,25.5,93.4,-0.4,0.14
103329,1203739,11.350833,-25.761,6.,-1354,0.039900000000000005,36.6,0.,25.5,93.4,-0.4,0.14
103329,1203829,11.3505,-25.758667,5.1,-1354,0.04,36.7,0.,25.5,93.5,-0.4,0.14
103329,1203839,11.3505,-25.758333,5.,-1354,0.04,36.7,0.,25.5,93.5,-0.4,0.14
103329,1203840,11.3505,-25.758333,5.,-1354,0.04,36.7,0.,25.5,93.5,-0.4,0.14
103329,1203859,11.350333,-25.758,5.,-1354,0.04,36.7,0.,25.5,93.5,-0.4,0.14
103329,1203879,11.350167,-25.7575,5.3,-1354,0.040100000000000004,36.7,0.,25.5,93.5,-0.4,0.14
103329,1203880,11.350167,-25.7575,5.3,-1354,0.040100000000000004,36.7,0.,25.5,93.5,-0.4,0.14
103329,1203896,11.350167,-25.756833,5.7,-1354,0.040100000000000004,36.7,0.,25.5,93.60000000000001,-0.4,0.14
103329,1203903,11.350167,-25.756667,5.8,-1354,0.040100000000000004,36.7,0.,25.5,93.60000000000001,-0.4,0.14
103329,1203919,11.35,-25.756167,6.,-1354,0.040100000000000004,36.7,0.,25.5,93.60000000000001,-0.4,0.14
103329,1203928,11.35,-25.756,5.9,-1354,0.040100000000000004,36.7,0.,25.5,93.60000000000001,-0.4,0.14
103329,1203929,11.35,-25.756,5.9,-1354,0.040100000000000004,36.7,0.,25.5,93.60000000000001,-0.4,0.14
103329,1203939,11.349833,-25.755667,5.9,-1354,0.0402,36.7,0.,25.5,93.60000000000001,-0.4,0.14
103329,1203940,11.349833,-25.755667,5.9,-1354,0.0402,36.7,0.,25.5,93.60000000000001,-0.4,0.14
103329,1203969,11.349667,-25.754833,5.9,-1354,0.0402,36.7,0.,25.6,93.7,-0.4,0.14
103329,1203979,11.3495,-25.754667,6.,-1354,0.0402,36.7,0.,25.6,93.7,-0.4,0.14
103329,1203989,11.3495,-25.754333,5.9,-1354,0.0402,36.7,0.,25.6,93.7,-0.4,0.14
103329,1204038,11.349167,-25.753,5.7,-1355,0.0403,36.7,0.,25.6,93.7,-0.4,0.13
103329,1209268,11.319333,-25.6475,6.3,-1349,0.0405,37.,-0.01,26.1,96.60000000000001,-0.43,-0.03
103329,1209309,11.318833,-25.6465,5.2,-1349,0.040400000000000005,37.,-0.01,26.1,96.60000000000001,-0.43,-0.03
103329,1209311,11.318833,-25.6465,5.2,-1349,0.040400000000000005,37.,-0.01,26.1,96.60000000000001,-0.43,-0.03
103329,1209389,11.318333,-25.645,5.,-1349,0.040400000000000005,37.,-0.01,26.1,96.60000000000001,-0.43,-0.04
103329,1209448,11.317667,-25.6435,5.6,-1349,0.040400000000000005,37.,-0.01,26.1,96.60000000000001,-0.43,-0.04
103329,1209449,11.317667,-25.6435,5.6,-1349,0.040400000000000005,37.,-0.01,26.1,96.60000000000001,-0.43,-0.04
103329,1209460,11.3175,-25.643167,5.7,-1349,0.040400000000000005,37.,-0.01,26.1,96.60000000000001,-0.43,-0.04
103329,1209469,11.317333,-25.642833,5.7,-1349,0.040400000000000005,37.,-0.01,26.1,96.60000000000001,-0.43,-0.04
103329,1209778,11.314667,-25.635333,4.8,-1350,0.0403,37.1,-0.01,26.1,96.60000000000001,-0.43,-0.06
103329,1209779,11.314667,-25.635333,4.8,-1350,0.0403,37.1,-0.01,26.1,96.60000000000001,-0.43,-0.06
103329,1210136,11.312833,-25.626167,4.4,-1350,0.0402,37.1,-0.01,26.200000000000003,96.60000000000001,-0.43,-0.09
103329,1211311,11.3035,-25.603667,2.3,-1351,0.040400000000000005,37.1,-0.01,26.200000000000003,96.4,-0.44,-0.14
103329,1211861,11.299333,-25.593833,4.9,-1351,0.0407,37.1,-0.01,26.200000000000003,96.60000000000001,-0.44,-0.16
103329,1212949,11.298167,-25.566667,3.7,-1339,0.0402,37.1,-0.01,26.200000000000003,98.5,-0.43,-0.21
103329,1213180,11.298667,-25.561,5.1,-1336,0.040600000000000004,37.1,-0.01,26.200000000000003,98.9,-0.43,-0.23
103329,1214060,11.302,-25.542333,5.2,-1329,0.0417,37.,-0.01,26.200000000000003,100.30000000000001,-0.43,-0.26
103329,1215240,11.313,-25.516833,6.,-1329,0.041,37.,0.,26.200000000000003,102.,-0.42,-0.31
103329,1215480,11.314667,-25.511167,5.9,-1329,0.0414,37.,0.,26.200000000000003,102.30000000000001,-0.42,-0.31
103329,1216401,11.312,-25.491167,5.5,-1334,0.039900000000000005,37.,0.,26.200000000000003,103.30000000000001,-0.42,-0.33
103329,1216681,11.3115,-25.484333,5.2,-1327,0.0403,37.,0.,26.200000000000003,103.60000000000001,-0.42,-0.33
103329,1216840,11.3115,-25.482,3.,-1324,0.040400000000000005,37.,0.,26.200000000000003,103.80000000000001,-0.42,-0.33
103329,1217631,11.3115,-25.462333,5.9,-1303,0.0415,37.,0.,26.200000000000003,104.7,-0.42,-0.35000000000000003
103329,1218930,11.311,-25.438,5.1,-1277,0.040100000000000004,37.,0.,26.200000000000003,105.80000000000001,-0.42,-0.37
103329,1219188,11.310167,-25.430667,5.8,-1269,0.0403,37.,0.,26.200000000000003,105.5,-0.42,-0.37
103329,1242319,11.3085,-26.205333,11.1,-1349,0.038700000000000005,36.7,0.05,26.3,112.10000000000001,-0.32,0.25
103329,1242387,11.307833,-26.208833,11.1,-1350,0.0373,36.7,0.05,26.3,112.10000000000001,-0.32,0.25
103329,1242388,11.307833,-26.208833,11.1,-1350,0.0373,36.7,0.05,26.3,112.10000000000001,-0.32,0.25
103329,1242407,11.3075,-26.209833,11.1,-1350,0.0373,36.7,0.05,26.3,112.10000000000001,-0.32,0.25
103329,1242467,11.306833,-26.213,11.1,-1350,0.0374,36.7,0.05,26.3,112.10000000000001,-0.32,0.25
103329,1242498,11.3065,-26.2145,11.1,-1350,0.0375,36.7,0.05,26.3,112.10000000000001,-0.32,0.25
103329,1247939,11.238833,-26.492833,11.1,-1328,0.043300000000000005,36.7,0.08,26.1,111.80000000000001,-0.3,0.03
103329,1247947,11.238667,-26.493333,11.1,-1328,0.043300000000000005,36.7,0.08,26.1,111.80000000000001,-0.3,0.03
103329,1247948,11.238667,-26.493333,11.1,-1328,0.043300000000000005,36.7,0.08,26.1,111.80000000000001,-0.3,0.03
103329,1247967,11.2385,-26.494333,11.1,-1328,0.0432,36.7,0.08,26.1,111.80000000000001,-0.3,0.03
103329,1247968,11.2385,-26.494333,11.1,-1328,0.0432,36.7,0.08,26.1,111.80000000000001,-0.3,0.03
103329,1247987,11.2385,-26.495333,11.1,-1327,0.0432,36.7,0.08,26.1,111.7,-0.3,0.03
103329,1247988,11.2385,-26.495333,11.1,-1327,0.0432,36.7,0.08,26.1,111.7,-0.3,0.03
103329,1248008,11.238333,-26.496333,11.2,-1327,0.0432,36.7,0.08,26.1,111.7,-0.3,0.03
103329,1248047,11.238,-26.4985,11.1,-1327,0.0431,36.7,0.08,26.1,111.7,-0.3,0.02
103329,1248058,11.237833,-26.499167,11.1,-1326,0.0431,36.7,0.08,26.1,111.7,-0.3,0.02
103329,1248059,11.237833,-26.499167,11.1,-1326,0.0431,36.7,0.08,26.1,111.7,-0.3,0.02
103329,1248068,11.237833,-26.499667,11.1,-1326,0.0431,36.7,0.08,26.1,111.7,-0.3,0.02
103329,1248118,11.237333,-26.502167,11.1,-1347,0.0432,36.7,0.08,26.1,111.7,-0.3,0.02
103329,1248119,11.237333,-26.502167,11.1,-1347,0.0432,36.7,0.08,26.1,111.7,-0.3,0.02
103329,1248157,11.237167,-26.504333,11.1,-1346,0.0432,36.7,0.08,26.1,111.60000000000001,-0.3,0.02
103329,1248178,11.237,-26.5055,11.1,-1346,0.0432,36.7,0.08,26.1,111.60000000000001,-0.3,0.02
103329,1248179,11.237,-26.5055,11.1,-1346,0.0432,36.7,0.08,26.1,111.60000000000001,-0.3,0.02
103329,1248188,11.236833,-26.506,11.1,-1345,0.0432,36.7,0.08,26.1,111.60000000000001,-0.3,0.02
103329,1248197,11.236833,-26.5065,11.2,-1345,0.0432,36.7,0.08,26.1,111.60000000000001,-0.3,0.02
103329,1248198,11.236833,-26.5065,11.2,-1345,0.0432,36.7,0.08,26.1,111.60000000000001,-0.3,0.02
103329,1248217,11.236667,-26.507333,11.2,-1345,0.0432,36.7,0.08,26.1,111.60000000000001,-0.29,0.02
103329,1248218,11.236667,-26.507333,11.2,-1345,0.0432,36.7,0.08,26.1,111.60000000000001,-0.29,0.02
103329,1248239,11.2365,-26.508667,11.2,-1344,0.0432,36.7,0.08,26.1,111.60000000000001,-0.29,0.02
103329,1248248,11.236333,-26.509,11.2,-1344,0.0432,36.7,0.08,26.1,111.60000000000001,-0.29,0.02
103329,1248258,11.236333,-26.509667,11.2,-1343,0.0432,36.7,0.08,26.200000000000003,111.60000000000001,-0.29,0.02
103329,1248267,11.236167,-26.510167,11.2,-1343,0.0432,36.7,0.08,26.200000000000003,111.60000000000001,-0.29,0.01
103329,1248289,11.236,-26.511167,11.1,-1343,0.0432,36.7,0.08,26.200000000000003,111.5,-0.29,0.01
103329,1248328,11.235667,-26.513333,11.1,-1341,0.0432,36.7,0.08,26.200000000000003,111.5,-0.29,0.01
103329,1248418,11.235,-26.518,11.1,-1339,0.0431,36.6,0.08,26.200000000000003,111.5,-0.29,0.01
103329,1248438,11.234833,-26.519,11.1,-1338,0.0431,36.6,0.08,26.200000000000003,111.4,-0.29,0.01
103329,1248447,11.234667,-26.5195,11.1,-1338,0.0431,36.6,0.08,26.200000000000003,111.4,-0.29,0.01
103329,1248468,11.2345,-26.5205,11.1,-1338,0.0431,36.6,0.08,26.200000000000003,111.4,-0.29,0.01
103329,1248478,11.2345,-26.521,11.1,-1337,0.0431,36.6,0.08,26.200000000000003,111.4,-0.29,0.01
103329,1248488,11.234333,-26.5215,11.1,-1337,0.0431,36.6,0.08,26.200000000000003,111.4,-0.29,0.01
103329,1248538,11.234,-26.524,11.2,-1336,0.0431,36.6,0.08,26.200000000000003,111.4,-0.29,0.
103329,1248558,11.233833,-26.525167,11.2,-1335,0.0431,36.6,0.08,26.200000000000003,111.4,-0.29,0.
103329,1255361,11.207167,-26.641,0.5,-1299,0.043000000000000003,36.4,0.1,26.6,107.5,-0.23,-0.05
103329,1255380,11.207167,-26.641,0.6,-1299,0.043000000000000003,36.4,0.1,26.6,107.5,-0.23,-0.05
103329,1256361,11.205,-26.644,0.9,-1298,0.0427,36.4,0.1,26.6,107.30000000000001,-0.23,-0.05
103329,1256761,11.204,-26.6455,0.9,-1297,0.0426,36.4,0.1,26.6,107.2,-0.23,-0.05
103329,1257580,11.201833,-26.648333,0.8,-1295,0.042300000000000004,36.4,0.1,26.6,107.,-0.23,-0.05
103329,1257980,11.201,-26.649833,0.8,-1295,0.0422,36.4,0.1,26.6,106.9,-0.23,-0.05
103329,1258722,11.1995,-26.652167,0.8,-1293,0.042,36.4,0.1,26.6,106.9,-0.23,-0.05
103329,1259070,11.199,-26.653333,0.6,-1293,0.0419,36.4,0.1,26.6,106.9,-0.23,-0.05
103329,1260210,11.197,-26.6575,0.8,-1290,0.0415,36.4,0.1,26.6,107.,-0.22,-0.05
103329,1260480,11.1965,-26.658333,0.8,-1290,0.0415,36.4,0.1,26.6,107.,-0.22,-0.05
103329,1261289,11.194833,-26.660667,0.6,-1289,0.0412,36.4,0.1,26.6,107.10000000000001,-0.22,-0.05
103329,1261561,11.194,-26.661167,0.6,-1289,0.041100000000000005,36.4,0.1,26.6,107.2,-0.22,-0.05
103329,1262709,11.192,-26.666,0.8,-1286,0.0407,36.4,0.1,26.6,107.10000000000001,-0.22,-0.06
103329,1263229,11.190833,-26.667833,0.9,-1347,0.0429,36.4,0.1,26.6,107.10000000000001,-0.22,-0.06
103329,1263831,11.190667,-26.667167,5.3,-1347,0.043000000000000003,36.4,0.1,26.6,107.2,-0.22,-0.06
103329,1264000,11.194667,-26.661,9.6,-1289,0.0412,36.4,0.1,26.6,107.10000000000001,-0.22,-0.05
103329,1264201,11.1995,-26.653,9.7,-1293,0.0419,36.4,0.1,26.6,106.9,-0.23,-0.05
103329,1265280,11.213167,-26.6195,5.,-1316,0.041600000000000005,36.5,0.09,26.5,108.60000000000001,-0.24,-0.04
103329,1265470,11.2145,-26.615833,3.6,-1319,0.0415,36.5,0.09,26.5,108.80000000000001,-0.24,-0.04
103329,1266371,11.220167,-26.596667,5.1,-1336,0.040400000000000005,36.5,0.09,26.400000000000002,109.60000000000001,-0.25,-0.03
103329,1267700,11.225667,-26.5605,6.,-1318,0.042,36.6,0.09,26.3,110.9,-0.26,-0.02
103329,1269048,11.230833,-26.527667,5.7,-1334,0.0431,36.6,0.08,26.200000000000003,111.30000000000001,-0.28,0.
103329,1286208,11.335333,-26.116667,5.2,-1363,0.050300000000000004,36.7,0.04,26.200000000000003,113.9,-0.29,0.22
103329,1286247,11.3355,-26.115833,5.1,-1363,0.0502,36.7,0.04,26.200000000000003,113.9,-0.29,0.22
103329,1286248,11.3355,-26.115833,5.1,-1363,0.0502,36.7,0.04,26.200000000000003,113.9,-0.29,0.22
103329,1286307,11.335833,-26.114167,5.7,-1363,0.049800000000000004,36.7,0.04,26.200000000000003,113.9,-0.29,0.22
103329,1286308,11.335833,-26.114167,5.7,-1363,0.049800000000000004,36.7,0.04,26.200000000000003,113.9,-0.29,0.22
103329,1286418,11.336667,-26.111333,5.,-1363,0.0492,36.7,0.04,26.200000000000003,114.,-0.29,0.21
103329,1286480,11.336833,-26.1105,3.2,-1363,0.049,36.7,0.04,26.200000000000003,114.,-0.29,0.21
103329,1291759,11.358333,-25.988,3.7,-1365,0.043500000000000004,36.7,0.02,26.,108.10000000000001,-0.31,0.13
103329,1291788,11.3585,-25.987333,4.3,-1365,0.043500000000000004,36.7,0.02,26.,108.,-0.31,0.13
103329,1291879,11.359,-25.985,5.1,-1365,0.0436,36.7,0.02,26.,107.7,-0.31,0.13
103329,1291888,11.359,-25.984833,5.1,-1366,0.0436,36.7,0.02,26.,107.7,-0.31,0.13
103329,1291889,11.359,-25.984833,5.1,-1366,0.0436,36.7,0.02,26.,107.7,-0.31,0.13
103329,1291928,11.359167,-25.983667,5.8,-1366,0.0436,36.7,0.02,26.,107.60000000000001,-0.31,0.13
103329,1291939,11.359167,-25.983333,5.9,-1366,0.0436,36.7,0.02,26.,107.60000000000001,-0.31,0.13
103329,1292000,11.359333,-25.981333,6.4,-1366,0.0436,36.7,0.02,26.,107.4,-0.31,0.13
103329,1292039,11.359667,-25.980167,6.6,-1366,0.0437,36.7,0.02,26.,107.2,-0.31,0.13
103329,1292040,11.359667,-25.980167,6.6,-1366,0.0437,36.7,0.02,26.,107.2,-0.31,0.13
103329,1292059,11.359667,-25.979667,6.3,-1366,0.0437,36.7,0.02,26.,107.2,-0.31,0.13
103329,1292060,11.359667,-25.979667,6.3,-1366,0.0437,36.7,0.02,26.,107.2,-0.31,0.13
103329,1292069,11.359667,-25.9795,5.8,-1366,0.0436,36.7,0.02,26.,107.2,-0.31,0.13
103329,1292089,11.359833,-25.979,5.3,-1366,0.0437,36.7,0.02,26.,107.10000000000001,-0.32,0.13
103329,1292090,11.359833,-25.979,5.3,-1366,0.0437,36.7,0.02,26.,107.10000000000001,-0.32,0.13
103329,1292096,11.359833,-25.978833,5.2,-1367,0.0437,36.7,0.02,26.,107.10000000000001,-0.32,0.13
103329,1292100,11.359833,-25.978833,5.2,-1367,0.0437,36.7,0.02,26.,107.10000000000001,-0.32,0.13
103329,1292102,11.359833,-25.978667,5.1,-1367,0.0437,36.7,0.02,26.,107.10000000000001,-0.32,0.13
103329,1292129,11.36,-25.978,5.5,-1367,0.0437,36.7,0.02,26.,107.,-0.32,0.13
103329,1292160,11.360333,-25.977,5.9,-1367,0.0437,36.7,0.02,26.,106.9,-0.32,0.13
103329,1292249,11.360833,-25.974667,5.7,-1367,0.0437,36.6,0.02,26.,106.7,-0.32,0.13
103329,1292289,11.361,-25.9735,5.9,-1367,0.0437,36.6,0.02,26.,106.5,-0.32,0.13
103329,1292303,11.361167,-25.973167,6.,-1367,0.0437,36.6,0.02,26.,106.5,-0.32,0.13
103329,1292318,11.361167,-25.972667,6.,-1368,0.0437,36.6,0.02,26.,106.4,-0.32,0.13
103329,1292349,11.361333,-25.971833,6.,-1368,0.0437,36.6,0.02,26.,106.30000000000001,-0.32,0.13
103329,1292378,11.361667,-25.971,6.3,-1368,0.0437,36.6,0.02,26.,106.30000000000001,-0.32,0.13
103329,1292409,11.361833,-25.97,6.4,-1368,0.0437,36.6,0.02,26.,106.10000000000001,-0.32,0.13
103329,1295190,11.384667,-25.899,6.4,-1361,0.0369,36.6,0.01,25.8,98.9,-0.32,0.1
103329,1295382,11.385667,-25.894,3.7,-1362,0.0373,36.6,0.01,25.8,98.5,-0.32,0.1
103329,1296031,11.387667,-25.877,5.8,-1366,0.038700000000000005,36.6,0.01,25.700000000000003,97.60000000000001,-0.32,0.09
103329,1297611,11.393,-25.835833,5.7,-1374,0.038400000000000004,36.6,0.01,25.6,95.5,-0.33,0.08
103329,1297841,11.393667,-25.829333,5.9,-1349,0.0357,36.6,0.01,25.6,95.4,-0.33,0.08
103329,1297878,11.393833,-25.8275,6.3,-1350,0.0358,36.6,0.01,25.6,95.4,-0.33,0.08
103329,1298191,11.394167,-25.82,6.3,-1351,0.0361,36.6,0.01,25.6,95.30000000000001,-0.33,0.07
103329,1298281,11.394333,-25.817333,6.,-1352,0.0362,36.6,0.01,25.6,95.2,-0.33,0.07
103329,1298601,11.394167,-25.808333,6.3,-1353,0.0366,36.6,0.01,25.6,95.10000000000001,-0.33,0.07
103329,1299389,11.392,-25.7875,5.5,-1357,0.0364,36.6,0.,25.6,94.80000000000001,-0.34,0.06
103329,1299750,11.3905,-25.777333,5.3,-1358,0.037000000000000005,36.6,0.,25.6,94.7,-0.34,0.06
103329,1299998,11.389833,-25.773833,1.,-1359,0.0373,36.6,0.,25.6,94.60000000000001,-0.34,0.05
103329,1300691,11.387667,-25.756667,6.,-1362,0.0385,36.6,0.,25.6,94.60000000000001,-0.35000000000000003,0.05
103329,1300901,11.387,-25.751667,5.6,-1362,0.038900000000000004,36.7,0.,25.6,94.80000000000001,-0.35000000000000003,0.04
103329,1301139,11.385833,-25.745333,5.9,-1340,0.0385,36.7,0.,25.6,95.,-0.35000000000000003,0.04
103329,1301170,11.385667,-25.7445,5.7,-1340,0.0386,36.7,0.,25.6,95.10000000000001,-0.35000000000000003,0.04
103329,1301980,11.382333,-25.728167,5.3,-1342,0.0395,36.800000000000004,0.,25.700000000000003,95.7,-0.35000000000000003,0.02
103329,1302291,11.380667,-25.721833,3.1,-1343,0.039900000000000005,36.800000000000004,0.,25.8,95.9,-0.36,0.02
103329,1303300,11.374,-25.701833,5.2,-1345,0.0409,36.9,0.,25.900000000000002,96.30000000000001,-0.36,0.
103329,1304761,11.358333,-25.667833,3.1,-1349,0.041800000000000004,37.,-0.01,26.,96.4,-0.37,-0.05
103329,1305911,11.347333,-25.649,2.8,-1336,0.0398,37.,-0.01,26.1,96.60000000000001,-0.38,-0.09
103329,1330744,11.135833,-26.553667,11.1,-1366,0.0414,36.5,0.09,26.3,110.2,-0.23,0.01
103329,1330745,11.135833,-26.553667,11.1,-1366,0.0414,36.5,0.09,26.3,110.2,-0.23,0.01
103329,1336513,11.133,-26.772167,0.1,-1382,0.0391,36.4,0.1,26.6,106.2,-0.18,-0.08
103329,1336514,11.133,-26.772167,0.1,-1382,0.0391,36.4,0.1,26.6,106.2,-0.18,-0.08
103329,1336554,11.133,-26.772167,0.1,-1382,0.0391,36.4,0.1,26.6,106.2,-0.18,-0.08
103329,1336565,11.133,-26.772167,0.1,-1382,0.0391,36.4,0.1,26.6,106.2,-0.18,-0.08
103329,1336566,11.133,-26.772167,0.1,-1382,0.0391,36.4,0.1,26.6,106.2,-0.18,-0.08
103329,1336573,11.133,-26.772333,0.1,-1382,0.0391,36.4,0.1,26.6,106.2,-0.18,-0.08
103329,1336574,11.133,-26.772333,0.1,-1382,0.0391,36.4,0.1,26.6,106.2,-0.18,-0.08
103329,1336583,11.133,-26.772333,0.1,-1382,0.0391,36.4,0.1,26.6,106.2,-0.18,-0.08
103329,1336584,11.133,-26.772333,0.1,-1382,0.0391,36.4,0.1,26.6,106.2,-0.18,-0.08
103329,1336604,11.133,-26.772333,0.1,-1382,0.0391,36.4,0.1,26.6,106.2,-0.18,-0.08
103329,1336605,11.133,-26.772333,0.1,-1382,0.0391,36.4,0.1,26.6,106.2,-0.18,-0.08
103329,1336633,11.133,-26.772333,0.1,-1382,0.0391,36.4,0.1,26.6,106.2,-0.18,-0.08
103329,1336634,11.133,-26.772333,0.1,-1382,0.0391,36.4,0.1,26.6,106.2,-0.18,-0.08
103329,1336643,11.133,-26.772333,0.1,-1382,0.0391,36.4,0.1,26.6,106.2,-0.18,-0.08
103329,1336665,11.133,-26.772333,0.,-1382,0.0391,36.4,0.1,26.6,106.2,-0.18,-0.08
103329,1336686,11.133,-26.772333,0.1,-1382,0.0391,36.4,0.1,26.6,106.2,-0.18,-0.08
103329,1336705,11.133,-26.772333,0.1,-1382,0.0391,36.4,0.1,26.6,106.2,-0.18,-0.08
103329,1336714,11.133,-26.772333,0.1,-1382,0.0391,36.4,0.1,26.6,106.2,-0.18,-0.08
103329,1336724,11.133,-26.772333,0.1,-1382,0.0391,36.4,0.1,26.6,106.2,-0.18,-0.08
103329,1336725,11.133,-26.772333,0.1,-1382,0.0391,36.4,0.1,26.6,106.2,-0.18,-0.08
103329,1336746,11.133,-26.772333,0.1,-1382,0.0391,36.4,0.1,26.6,106.2,-0.18,-0.08
103329,1336766,11.133,-26.772333,0.,-1382,0.0391,36.4,0.1,26.6,106.2,-0.18,-0.08
103329,1336785,11.133,-26.772333,0.1,-1382,0.0391,36.4,0.1,26.6,106.2,-0.18,-0.08
103329,1336805,11.133,-26.772333,0.1,-1382,0.0391,36.4,0.1,26.6,106.2,-0.18,-0.08
103329,1336806,11.133,-26.772333,0.1,-1382,0.0391,36.4,0.1,26.6,106.2,-0.18,-0.08
103329,1336814,11.133,-26.772333,0.,-1382,0.0391,36.4,0.1,26.6,106.2,-0.18,-0.08
103329,1336965,11.133,-26.772333,0.1,-1382,0.0391,36.4,0.1,26.6,106.2,-0.18,-0.08
103329,1336995,11.133,-26.772333,0.1,-1382,0.0391,36.4,0.1,26.6,106.2,-0.18,-0.08
103329,1340706,11.1335,-26.776333,0.3,-1380,0.0393,36.4,0.1,26.6,106.4,-0.18,-0.08
103329,1342017,11.133833,-26.778,0.2,-1379,0.039400000000000004,36.4,0.1,26.6,106.5,-0.17,-0.08
103329,1342287,11.134,-26.778167,0.3,-1379,0.039400000000000004,36.4,0.1,26.6,106.5,-0.17,-0.08
103329,1342288,11.134,-26.778167,0.3,-1379,0.039400000000000004,36.4,0.1,26.6,106.5,-0.17,-0.08
103329,1343338,11.134333,-26.7795,0.2,-1378,0.0395,36.4,0.1,26.6,106.60000000000001,-0.17,-0.08
103329,1343618,11.1345,-26.78,0.3,-1378,0.0395,36.4,0.1,26.6,106.60000000000001,-0.17,-0.08
103329,1344406,11.135,-26.781333,0.3,-1377,0.0396,36.4,0.1,26.6,106.7,-0.17,-0.08
103329,1344807,11.135333,-26.782,0.3,-1377,0.0396,36.4,0.1,26.6,106.7,-0.17,-0.08
103329,1345637,11.134833,-26.783667,0.4,-1376,0.0396,36.4,0.1,26.6,106.80000000000001,-0.17,-0.08
103329,1346047,11.135,-26.7845,0.3,-1375,0.0397,36.4,0.1,26.6,106.9,-0.17,-0.08
103329,1346868,11.134833,-26.786,0.3,-1375,0.0397,36.4,0.1,26.6,106.9,-0.17,-0.08
103329,1347027,11.134833,-26.786333,0.3,-1374,0.0397,36.4,0.1,26.6,107.,-0.17,-0.08
103329,1347387,11.134833,-26.787333,0.4,-1374,0.0397,36.4,0.1,26.6,107.,-0.17,-0.08
103329,1348438,11.135167,-26.789833,0.5,-1373,0.0398,36.4,0.1,26.6,107.10000000000001,-0.17,-0.08
103329,1348686,11.135,-26.790333,0.4,-1372,0.0398,36.4,0.1,26.6,107.2,-0.17,-0.08
103329,1349577,11.129333,-26.780833,8.9,-1377,0.038900000000000004,36.4,0.1,26.6,106.80000000000001,-0.17,-0.08
103329,1349726,11.125833,-26.775833,8.3,-1380,0.0385,36.4,0.1,26.6,106.5,-0.17,-0.07
103329,1350797,11.123833,-26.759333,4.3,-1389,0.038700000000000005,36.4,0.1,26.6,105.60000000000001,-0.18,-0.07
103329,1350927,11.123833,-26.756167,5.7,-1391,0.0385,36.4,0.1,26.6,105.5,-0.18,-0.06
103329,1351956,11.124833,-26.7275,6.2,-1361,0.0386,36.4,0.1,26.6,103.9,-0.19,-0.05
103329,1374654,11.238167,-26.155833,6.,-1355,0.0395,36.7,0.04,26.1,116.60000000000001,-0.27,0.25
103329,1374664,11.238333,-26.1555,6.3,-1355,0.0396,36.7,0.04,26.1,116.60000000000001,-0.27,0.24
103329,1374665,11.238333,-26.1555,6.3,-1355,0.0396,36.7,0.04,26.1,116.60000000000001,-0.27,0.24
103329,1374713,11.239,-26.154167,6.3,-1354,0.0397,36.7,0.04,26.1,116.60000000000001,-0.27,0.24
103329,1374714,11.239,-26.154167,6.3,-1354,0.0397,36.7,0.04,26.1,116.60000000000001,-0.27,0.24
103329,1374724,11.239167,-26.153833,6.2,-1354,0.0398,36.7,0.04,26.1,116.60000000000001,-0.27,0.24
103329,1374725,11.239167,-26.153833,6.2,-1354,0.0398,36.7,0.04,26.1,116.60000000000001,-0.27,0.24
103329,1374764,11.239833,-26.152833,6.2,-1354,0.039900000000000005,36.7,0.04,26.1,116.60000000000001,-0.27,0.24
103329,1374944,11.242167,-26.1485,5.5,-1354,0.0403,36.7,0.04,26.1,116.60000000000001,-0.26,0.24
103329,1379417,11.287167,-26.048,5.1,-1374,0.0426,36.7,0.02,26.,114.7,-0.27,0.16
103329,1380204,11.297667,-26.0265,5.8,-1373,0.045700000000000005,36.7,0.02,26.,113.10000000000001,-0.27,0.14
103329,1380263,11.298667,-26.025,6.4,-1373,0.046,36.7,0.02,26.,113.,-0.27,0.14
103329,1380264,11.298667,-26.025,6.4,-1373,0.046,36.7,0.02,26.,113.,-0.27,0.14
103329,1380267,11.298667,-26.024833,6.4,-1373,0.046,36.7,0.02,26.,113.,-0.27,0.14
103329,1380268,11.298667,-26.024833,6.4,-1373,0.046,36.7,0.02,26.,113.,-0.27,0.14
103329,1380314,11.2995,-26.0235,6.6,-1373,0.046200000000000005,36.7,0.02,26.,112.9,-0.27,0.13
103329,1380394,11.300833,-26.0215,6.7,-1373,0.0465,36.7,0.02,26.,112.7,-0.27,0.13
103329,1380414,11.301167,-26.021,7.,-1373,0.0465,36.7,0.02,26.,112.7,-0.27,0.13
103329,1380445,11.301667,-26.02,7.1,-1373,0.046700000000000005,36.7,0.02,26.,112.60000000000001,-0.27,0.13
103329,1380473,11.302167,-26.019333,6.4,-1373,0.046700000000000005,36.7,0.02,26.,112.60000000000001,-0.27,0.13
103329,1380474,11.302167,-26.019333,6.4,-1373,0.046700000000000005,36.7,0.02,26.,112.60000000000001,-0.27,0.13
103329,1380557,11.3035,-26.017667,5.5,-1372,0.046900000000000004,36.7,0.02,26.,112.4,-0.27,0.13
103329,1380574,11.303833,-26.017333,5.5,-1372,0.047,36.7,0.02,26.,112.4,-0.27,0.13
103329,1380594,11.303833,-26.016833,5.6,-1372,0.047,36.7,0.02,26.,112.4,-0.27,0.13
103329,1380601,11.304,-26.016667,5.7,-1372,0.0471,36.7,0.02,26.,112.4,-0.27,0.13
103329,1380606,11.304167,-26.016333,5.9,-1372,0.0471,36.7,0.02,26.,112.30000000000001,-0.27,0.13
103329,1380607,11.304167,-26.016333,5.9,-1372,0.0471,36.7,0.02,26.,112.30000000000001,-0.27,0.13
103329,1380608,11.304167,-26.016333,5.9,-1372,0.0471,36.7,0.02,26.,112.30000000000001,-0.27,0.13
103329,1380609,11.304167,-26.016333,6.,-1372,0.0471,36.7,0.02,26.,112.30000000000001,-0.27,0.13
103329,1380611,11.304167,-26.016167,6.,-1372,0.0471,36.7,0.02,26.,112.30000000000001,-0.27,0.13
103329,1380612,11.304167,-26.016167,6.,-1372,0.0471,36.7,0.02,26.,112.30000000000001,-0.27,0.13
103329,1380613,11.304167,-26.016167,6.2,-1372,0.0471,36.7,0.02,26.,112.30000000000001,-0.27,0.13
103329,1380617,11.304333,-26.016167,6.2,-1372,0.0471,36.7,0.02,26.,112.30000000000001,-0.27,0.13
103329,1380618,11.304333,-26.016167,6.2,-1372,0.0471,36.7,0.02,26.,112.30000000000001,-0.27,0.13
103329,1380623,11.304333,-26.016,6.3,-1372,0.0471,36.7,0.02,26.,112.30000000000001,-0.27,0.13
103329,1380627,11.3045,-26.015833,6.4,-1372,0.0472,36.7,0.02,26.,112.30000000000001,-0.27,0.13
103329,1380629,11.3045,-26.015833,6.4,-1372,0.0472,36.7,0.02,26.,112.30000000000001,-0.27,0.13
103329,1380635,11.304667,-26.015667,6.4,-1372,0.0472,36.7,0.02,26.,112.30000000000001,-0.27,0.13
103329,1380639,11.304667,-26.0155,6.5,-1372,0.0472,36.7,0.02,26.,112.30000000000001,-0.28,0.12
103329,1380643,11.304833,-26.0155,6.6,-1372,0.0472,36.7,0.02,26.,112.30000000000001,-0.27,0.12
103329,1380645,11.304833,-26.015333,6.6,-1372,0.0472,36.7,0.02,26.,112.30000000000001,-0.28,0.12
103329,1380647,11.304833,-26.015333,6.6,-1372,0.0472,36.7,0.02,26.,112.30000000000001,-0.28,0.12
103329,1380649,11.304833,-26.015167,6.6,-1372,0.0472,36.7,0.02,26.,112.30000000000001,-0.28,0.12
103329,1380661,11.305167,-26.014833,6.7,-1372,0.0473,36.7,0.02,26.,112.2,-0.28,0.12
103329,1380666,11.305167,-26.014833,6.7,-1372,0.0473,36.7,0.02,26.,112.2,-0.28,0.12
103329,1380667,11.305167,-26.014833,6.7,-1372,0.0473,36.7,0.02,26.,112.2,-0.28,0.12
103329,1380669,11.305167,-26.014833,6.7,-1372,0.0473,36.7,0.02,26.,112.2,-0.28,0.12
103329,1380674,11.305333,-26.0145,6.9,-1372,0.0473,36.7,0.02,26.,112.2,-0.28,0.12
103329,1380677,11.305333,-26.0145,6.7,-1372,0.0473,36.7,0.02,26.,112.2,-0.28,0.12
103329,1380683,11.3055,-26.014333,6.7,-1372,0.0473,36.7,0.02,26.,112.2,-0.28,0.12
103329,1380685,11.3055,-26.014333,6.6,-1372,0.0473,36.7,0.02,26.,112.2,-0.28,0.12
103329,1380689,11.305667,-26.014167,6.6,-1372,0.0473,36.7,0.02,26.,112.2,-0.28,0.12
103329,1380691,11.305667,-26.014167,6.6,-1372,0.0473,36.7,0.02,26.,112.2,-0.28,0.12
103329,1380693,11.305667,-26.014,6.5,-1372,0.047400000000000005,36.7,0.02,26.,112.2,-0.28,0.12
103329,1380695,11.305667,-26.014,6.5,-1372,0.047400000000000005,36.7,0.02,26.,112.2,-0.28,0.12
103329,1380715,11.306,-26.0135,6.4,-1372,0.047400000000000005,36.7,0.02,26.,112.10000000000001,-0.28,0.12
103329,1380721,11.306167,-26.013333,6.4,-1372,0.047400000000000005,36.7,0.02,26.,112.10000000000001,-0.28,0.12
103329,1380723,11.306167,-26.013333,6.4,-1372,0.047400000000000005,36.7,0.02,26.,112.10000000000001,-0.28,0.12
103329,1380729,11.306167,-26.013167,6.3,-1372,0.047400000000000005,36.7,0.02,26.,112.10000000000001,-0.28,0.12
103329,1380735,11.306333,-26.013,6.3,-1372,0.047400000000000005,36.7,0.02,26.,112.10000000000001,-0.28,0.12
103329,1380749,11.3065,-26.012667,6.3,-1372,0.0475,36.7,0.02,26.,112.10000000000001,-0.28,0.12
103329,1380786,11.307,-26.011667,6.4,-1372,0.0476,36.7,0.02,26.,112.,-0.28,0.12
103329,1380787,11.307,-26.011667,6.4,-1372,0.0476,36.7,0.02,26.,112.,-0.28,0.12
103329,1380789,11.307167,-26.0115,6.4,-1372,0.0476,36.7,0.02,26.,112.,-0.28,0.12
103329,1380809,11.3075,-26.011,6.6,-1372,0.0476,36.7,0.02,26.,111.9,-0.28,0.12
103329,1380819,11.307667,-26.010667,6.6,-1372,0.0477,36.7,0.02,26.,111.9,-0.28,0.12
103329,1381395,11.316167,-25.997333,6.2,-1377,0.0439,36.7,0.02,26.,110.7,-0.28,0.1
103329,1382029,11.325,-25.981167,3.2,-1379,0.0465,36.7,0.02,25.900000000000002,108.60000000000001,-0.28,0.09
103329,1382635,11.330333,-25.966,6.4,-1381,0.0494,36.7,0.01,25.900000000000002,106.80000000000001,-0.28,0.08
103329,1382856,11.3325,-25.959833,6.3,-1382,0.0506,36.7,0.01,25.900000000000002,106.,-0.28,0.08
103329,1383775,11.338333,-25.938167,3.6,-1373,0.0414,36.7,0.01,25.8,103.5,-0.29,0.07
103329,1383995,11.339667,-25.9325,5.7,-1374,0.0427,36.7,0.01,25.8,102.9,-0.29,0.06
103329,1384124,11.340167,-25.928667,6.5,-1375,0.0436,36.7,0.01,25.8,102.5,-0.29,0.06
103329,1384997,11.340167,-25.903167,5.3,-1355,0.0426,36.7,0.01,25.8,100.60000000000001,-0.3,0.05
103329,1385535,11.338667,-25.888,5.9,-1358,0.046400000000000004,36.6,0.01,25.700000000000003,99.80000000000001,-0.3,0.04
103329,1386365,11.333333,-25.864,6.4,-1387,0.0495,36.6,0.01,25.700000000000003,98.60000000000001,-0.31,0.04
103329,1386746,11.330333,-25.853667,6.4,-1389,0.0489,36.6,0.01,25.6,98.10000000000001,-0.31,0.03
103329,1387546,11.325,-25.8315,5.8,-1368,0.0441,36.6,0.,25.6,97.5,-0.32,0.03
103329,1388785,11.3165,-25.7995,5.,-1374,0.0427,36.7,0.,25.700000000000003,97.2,-0.33,0.01
103329,1389099,11.314833,-25.7935,4.4,-1375,0.0425,36.7,0.,25.700000000000003,97.2,-0.33,0.01
103329,1390307,11.304,-25.764333,5.1,-1381,0.0405,36.7,0.,25.700000000000003,97.10000000000001,-0.34,0.
103329,1419003,10.918833,-26.770167,11.3,-1401,0.039900000000000005,36.4,0.1,26.6,104.9,-0.17,-0.02
103329,1419004,10.918833,-26.770167,11.3,-1401,0.039900000000000005,36.4,0.1,26.6,104.9,-0.17,-0.02
103329,1419033,10.918167,-26.771667,11.3,-1402,0.040100000000000004,36.4,0.1,26.6,104.80000000000001,-0.17,-0.02
103329,1419063,10.917667,-26.773167,11.3,-1402,0.0403,36.4,0.1,26.6,104.80000000000001,-0.17,-0.02
103329,1419064,10.917667,-26.773167,11.3,-1402,0.0403,36.4,0.1,26.6,104.80000000000001,-0.17,-0.02
103329,1419074,10.9175,-26.773667,11.3,-1402,0.0403,36.4,0.1,26.6,104.80000000000001,-0.17,-0.02
103329,1419092,10.917167,-26.774667,11.3,-1402,0.040400000000000005,36.4,0.1,26.6,104.7,-0.17,-0.02
103329,1419114,10.916667,-26.775667,11.3,-1402,0.0405,36.4,0.1,26.6,104.7,-0.17,-0.02
103329,1419123,10.9165,-26.776333,11.3,-1404,0.037700000000000004,36.4,0.1,26.6,104.7,-0.17,-0.02
103329,1419124,10.9165,-26.776333,11.3,-1404,0.037700000000000004,36.4,0.1,26.6,104.7,-0.17,-0.02
103329,1419152,10.916,-26.777667,11.4,-1403,0.037700000000000004,36.4,0.1,26.6,104.7,-0.17,-0.02
103329,1419183,10.9155,-26.779167,11.3,-1403,0.037700000000000004,36.4,0.1,26.6,104.60000000000001,-0.17,-0.02
103329,1419184,10.9155,-26.779167,11.3,-1403,0.037700000000000004,36.4,0.1,26.6,104.60000000000001,-0.17,-0.02
103329,1419203,10.915,-26.780333,11.3,-1403,0.037700000000000004,36.4,0.1,26.6,104.60000000000001,-0.17,-0.02
103329,1419242,10.914333,-26.782333,11.3,-1403,0.0378,36.4,0.1,26.6,104.60000000000001,-0.17,-0.02
103329,1419243,10.914333,-26.782333,11.3,-1403,0.0378,36.4,0.1,26.6,104.60000000000001,-0.17,-0.02
103329,1419252,10.914167,-26.7825,11.2,-1403,0.0378,36.4,0.1,26.6,104.60000000000001,-0.17,-0.02
103329,1419312,10.913,-26.785667,11.2,-1403,0.0378,36.4,0.1,26.6,104.5,-0.17,-0.02
103329,1419313,10.913,-26.785667,11.2,-1403,0.0378,36.4,0.1,26.6,104.5,-0.17,-0.02
103329,1424944,10.8595,-26.9095,0.2,-1403,0.039400000000000004,36.4,0.1,26.5,110.60000000000001,-0.17,-0.06
103329,1424954,10.8595,-26.9095,0.2,-1403,0.039400000000000004,36.4,0.1,26.5,110.60000000000001,-0.17,-0.06
103329,1425045,10.8595,-26.909667,0.2,-1403,0.039400000000000004,36.4,0.1,26.5,110.60000000000001,-0.17,-0.06
103329,1425113,10.8595,-26.909667,0.2,-1403,0.039400000000000004,36.4,0.1,26.5,110.60000000000001,-0.17,-0.06
103329,1425114,10.8595,-26.909667,0.2,-1403,0.039400000000000004,36.4,0.1,26.5,110.60000000000001,-0.17,-0.06
103329,1425134,10.8595,-26.909667,0.2,-1403,0.039400000000000004,36.4,0.1,26.5,110.60000000000001,-0.17,-0.06
103329,1425165,10.859333,-26.909833,0.2,-1403,0.0393,36.4,0.1,26.5,110.60000000000001,-0.17,-0.06
103329,1425173,10.859333,-26.909833,0.2,-1403,0.0393,36.4,0.1,26.5,110.60000000000001,-0.17,-0.06
103329,1425185,10.859333,-26.909833,0.2,-1403,0.0393,36.4,0.1,26.5,110.60000000000001,-0.17,-0.06
103329,1425193,10.859333,-26.909833,0.2,-1403,0.0393,36.4,0.1,26.5,110.60000000000001,-0.17,-0.06
103329,1425194,10.859333,-26.909833,0.2,-1403,0.0393,36.4,0.1,26.5,110.60000000000001,-0.17,-0.06
103329,1425214,10.859333,-26.909833,0.2,-1403,0.0393,36.4,0.1,26.5,110.60000000000001,-0.17,-0.06
103329,1425274,10.859333,-26.909833,0.2,-1403,0.0393,36.4,0.1,26.5,110.60000000000001,-0.17,-0.06
103329,1425285,10.859333,-26.909833,0.2,-1403,0.0393,36.4,0.1,26.5,110.60000000000001,-0.17,-0.06
103329,1425636,10.859,-26.91,0.2,-1403,0.0393,36.4,0.1,26.5,110.60000000000001,-0.17,-0.06
103329,1426365,10.857167,-26.911,0.6,-1403,0.039,36.4,0.1,26.5,110.60000000000001,-0.17,-0.06
103329,1426914,10.855833,-26.911833,0.5,-1403,0.038700000000000005,36.4,0.1,26.5,110.60000000000001,-0.18,-0.06
103329,1427624,10.854333,-26.912333,0.3,-1403,0.0386,36.4,0.1,26.5,110.60000000000001,-0.18,-0.06
103329,1428075,10.8535,-26.9125,0.3,-1403,0.0385,36.4,0.1,26.5,110.60000000000001,-0.18,-0.06
103329,1428914,10.851667,-26.912833,0.4,-1403,0.038400000000000004,36.4,0.1,26.5,110.60000000000001,-0.18,-0.06
103329,1430074,10.8485,-26.914167,0.4,-1403,0.038,36.4,0.1,26.5,110.7,-0.18,-0.06
103329,1431045,10.846,-26.914833,0.5,-1403,0.0379,36.4,0.1,26.5,110.7,-0.18,-0.06
103329,1431234,10.8455,-26.915167,0.6,-1403,0.0378,36.4,0.1,26.5,110.7,-0.18,-0.06
103329,1431524,10.844667,-26.915667,0.6,-1402,0.037700000000000004,36.4,0.1,26.5,110.7,-0.18,-0.06
103329,1432614,10.841,-26.916667,0.6,-1406,0.050800000000000005,36.4,0.1,26.5,110.7,-0.18,-0.06
103329,1432875,10.840167,-26.916833,0.5,-1406,0.050800000000000005,36.4,0.1,26.5,110.7,-0.18,-0.06
103329,1433824,10.836833,-26.918,0.8,-1406,0.050800000000000005,36.4,0.1,26.5,110.80000000000001,-0.18,-0.06
103329,1434216,10.835667,-26.9185,0.6,-1406,0.0507,36.4,0.1,26.5,110.80000000000001,-0.18,-0.06
103329,1434944,10.833167,-26.919,0.6,-1403,0.053700000000000005,36.4,0.1,26.5,110.80000000000001,-0.18,-0.06
103329,1435385,10.831833,-26.919333,0.5,-1403,0.0538,36.4,0.1,26.5,110.80000000000001,-0.18,-0.06
103329,1436304,10.862667,-26.914167,9.7,-1403,0.038200000000000005,36.4,0.1,26.5,110.60000000000001,-0.17,-0.06
103329,1436703,10.868167,-26.909333,5.5,-1404,0.0398,36.4,0.1,26.5,110.5,-0.17,-0.06
103329,1437654,10.876333,-26.887333,4.5,-1404,0.040400000000000005,36.4,0.1,26.5,110.10000000000001,-0.17,-0.05
103329,1438075,10.880667,-26.8765,5.7,-1404,0.0378,36.4,0.1,26.5,109.7,-0.17,-0.04
103329,1462832,10.924167,-26.281333,5.2,-1398,0.0415,36.6,0.05,25.700000000000003,119.9,-0.29,0.22
103329,1462884,10.924,-26.281167,2.2,-1398,0.0415,36.6,0.05,25.700000000000003,119.9,-0.29,0.22
103329,1462886,10.924,-26.281,2.2,-1398,0.0415,36.6,0.05,25.700000000000003,119.9,-0.29,0.22
103329,1462892,10.924,-26.281,2.2,-1398,0.0415,36.6,0.05,25.700000000000003,119.9,-0.29,0.22
103329,1462919,10.923833,-26.280667,2.3,-1398,0.0415,36.6,0.05,25.700000000000003,119.9,-0.29,0.22
103329,1462920,10.923833,-26.280667,2.3,-1398,0.0415,36.6,0.05,25.700000000000003,119.9,-0.29,0.22
103329,1462926,10.923833,-26.280667,2.4,-1398,0.0415,36.6,0.05,25.700000000000003,119.9,-0.29,0.22
103329,1462927,10.923833,-26.280667,2.4,-1398,0.0415,36.6,0.05,25.700000000000003,119.9,-0.29,0.22
103329,1462929,10.923833,-26.2805,2.6,-1398,0.0415,36.6,0.05,25.700000000000003,119.9,-0.29,0.22
103329,1462930,10.923833,-26.2805,2.6,-1398,0.0415,36.6,0.05,25.700000000000003,119.9,-0.29,0.22
103329,1462943,10.923833,-26.280333,3.1,-1398,0.0415,36.6,0.05,25.700000000000003,119.9,-0.29,0.22
103329,1462944,10.923833,-26.280333,3.1,-1398,0.0415,36.6,0.05,25.700000000000003,119.9,-0.29,0.22
103329,1462952,10.923833,-26.28,3.6,-1398,0.0415,36.6,0.05,25.700000000000003,119.9,-0.29,0.22
103329,1462959,10.924,-26.279833,3.9,-1398,0.0415,36.6,0.05,25.700000000000003,119.9,-0.29,0.22
103329,1462960,10.924,-26.279833,3.9,-1398,0.0415,36.6,0.05,25.700000000000003,119.9,-0.29,0.22
103329,1462964,10.924,-26.279667,4.,-1398,0.0415,36.6,0.05,25.700000000000003,119.9,-0.29,0.22
103329,1462974,10.923833,-26.2795,4.4,-1398,0.0415,36.6,0.05,25.700000000000003,119.9,-0.29,0.22
103329,1462980,10.923833,-26.279333,4.5,-1398,0.0415,36.6,0.05,25.700000000000003,119.9,-0.29,0.22
103329,1462987,10.923833,-26.279167,4.6,-1398,0.0415,36.6,0.05,25.700000000000003,119.9,-0.29,0.22
103329,1462993,10.923833,-26.279,4.8,-1398,0.0415,36.6,0.05,25.700000000000003,119.9,-0.29,0.23
103329,1462994,10.923833,-26.279,4.8,-1398,0.0415,36.6,0.05,25.700000000000003,119.9,-0.29,0.23
103329,1463003,10.923833,-26.278667,5.,-1398,0.0415,36.6,0.05,25.700000000000003,120.,-0.29,0.23
103329,1463012,10.923833,-26.2785,5.,-1398,0.0415,36.6,0.05,25.700000000000003,120.,-0.29,0.23
103329,1463053,10.923667,-26.277333,5.5,-1398,0.0415,36.6,0.05,25.700000000000003,120.,-0.29,0.23
103329,1463084,10.9235,-26.2765,5.7,-1398,0.0415,36.6,0.05,25.700000000000003,120.,-0.29,0.23
103329,1463114,10.923333,-26.275667,5.9,-1398,0.0415,36.6,0.05,25.700000000000003,120.,-0.29,0.23
103329,1463132,10.923167,-26.275167,5.6,-1398,0.0415,36.6,0.05,25.700000000000003,120.10000000000001,-0.29,0.23
103329,1463133,10.923167,-26.275167,5.6,-1398,0.0415,36.6,0.05,25.700000000000003,120.10000000000001,-0.29,0.23
103329,1463429,10.921833,-26.267167,5.6,-1398,0.0415,36.6,0.05,25.700000000000003,120.30000000000001,-0.29,0.24
103329,1463430,10.921833,-26.267167,5.6,-1398,0.0415,36.6,0.05,25.700000000000003,120.30000000000001,-0.29,0.24
103329,1465015,10.9115,-26.229667,6.,-1392,0.0405,36.6,0.05,25.700000000000003,121.2,-0.3,0.27
103329,1466013,10.912667,-26.202167,5.7,-1395,0.040400000000000005,36.6,0.04,25.8,121.,-0.3,0.28
103329,1466866,10.912833,-26.1835,4.9,-1396,0.0407,36.7,0.04,25.8,120.80000000000001,-0.3,0.29
103329,1467735,10.915167,-26.165333,5.3,-1264,0.039400000000000004,36.7,0.04,25.8,120.7,-0.3,0.29
103329,1468325,10.917167,-26.153333,4.2,-1254,0.0393,36.7,0.03,25.8,120.10000000000001,-0.31,0.29
103329,1468625,10.917167,-26.147833,4.6,-1249,0.0393,36.7,0.03,25.8,119.5,-0.31,0.28
103329,1468714,10.916833,-26.145667,4.8,-1246,0.0393,36.7,0.03,25.8,119.30000000000001,-0.31,0.28
103329,1468724,10.916833,-26.145333,4.5,-1246,0.0393,36.7,0.03,25.8,119.30000000000001,-0.31,0.28
103329,1468844,10.917167,-26.142833,5.,-1244,0.0393,36.7,0.03,25.8,119.10000000000001,-0.31,0.28
103329,1468930,10.9175,-26.1405,5.3,-1243,0.0393,36.7,0.03,25.8,118.9,-0.31,0.28
103329,1468950,10.917833,-26.140167,5.,-1243,0.0393,36.7,0.03,25.900000000000002,118.80000000000001,-0.31,0.28
103329,1468960,10.917833,-26.139833,4.9,-1243,0.0393,36.7,0.03,25.900000000000002,118.80000000000001,-0.31,0.28
103329,1468963,10.917833,-26.139833,4.9,-1243,0.0393,36.7,0.03,25.900000000000002,118.80000000000001,-0.31,0.28
103329,1468964,10.917833,-26.139833,4.9,-1243,0.0393,36.7,0.03,25.900000000000002,118.80000000000001,-0.31,0.28
103329,1468967,10.917833,-26.139833,4.9,-1243,0.0393,36.7,0.03,25.900000000000002,118.80000000000001,-0.31,0.28
103329,1468968,10.917833,-26.139833,4.9,-1243,0.0393,36.7,0.03,25.900000000000002,118.80000000000001,-0.31,0.28
103329,1469083,10.918833,-26.137,5.1,-1242,0.039400000000000004,36.7,0.03,25.900000000000002,118.60000000000001,-0.31,0.27
103329,1469454,10.922667,-26.129,5.2,-1240,0.039400000000000004,36.7,0.03,25.900000000000002,117.9,-0.31,0.27
103329,1469613,10.924333,-26.125333,5.,-1238,0.039400000000000004,36.7,0.03,25.900000000000002,117.7,-0.31,0.26
103329,1469894,10.9275,-26.118667,5.3,-1236,0.0391,36.7,0.03,25.900000000000002,117.2,-0.31,0.26
103329,1470824,10.936333,-26.0975,4.8,-1224,0.039400000000000004,36.7,0.03,25.900000000000002,116.10000000000001,-0.31,0.23
103329,1471184,10.9395,-26.089333,5.5,-1219,0.0395,36.800000000000004,0.02,25.900000000000002,115.7,-0.31,0.23
103329,1472054,10.946,-26.069,5.7,-1348,0.0392,36.800000000000004,0.02,25.900000000000002,114.7,-0.32,0.21
103329,1473065,10.9525,-26.047833,3.9,-1329,0.0397,36.7,0.02,25.900000000000002,113.7,-0.32,0.19
103329,1473163,10.953167,-26.046333,3.7,-1327,0.0397,36.7,0.02,25.900000000000002,113.60000000000001,-0.32,0.19
103329,1473553,10.955667,-26.039,4.9,-1319,0.038900000000000004,36.7,0.02,25.900000000000002,113.4,-0.32,0.18
103329,1474426,10.962333,-26.019,5.,-1295,0.0388,36.7,0.02,25.900000000000002,112.4,-0.32,0.17
103329,1474624,10.963,-26.014667,4.3,-1292,0.039,36.7,0.02,25.900000000000002,112.10000000000001,-0.32,0.16
103329,1476013,10.9655,-25.988833,1.6,-1399,0.039,36.7,0.01,25.8,109.5,-0.33,0.15
103329,1501702,10.94,-26.760333,11.3,-1401,0.038400000000000004,36.4,0.1,26.5,106.,-0.17,0.
103329,1501703,10.94,-26.760333,11.3,-1401,0.038400000000000004,36.4,0.1,26.5,106.,-0.17,0.
103329,1507293,10.939667,-27.003,2.3,-1407,0.0492,36.4,0.1,26.5,108.60000000000001,-0.16,-0.07
103329,1507294,10.939667,-27.003,2.3,-1407,0.0492,36.4,0.1,26.5,108.60000000000001,-0.16,-0.07
103329,1507301,10.939667,-27.003167,2.3,-1407,0.0492,36.4,0.1,26.5,108.60000000000001,-0.16,-0.07
103329,1507302,10.939667,-27.003167,2.3,-1407,0.0492,36.4,0.1,26.5,108.60000000000001,-0.16,-0.07
103329,1507323,10.939833,-27.003333,2.2,-1407,0.0492,36.4,0.1,26.5,108.60000000000001,-0.16,-0.07
103329,1507324,10.939833,-27.003333,2.2,-1407,0.0492,36.4,0.1,26.5,108.60000000000001,-0.16,-0.07
103329,1507384,10.940167,-27.003833,1.9,-1407,0.0492,36.4,0.1,26.5,108.60000000000001,-0.16,-0.07
103329,1507443,10.9405,-27.004167,1.8,-1407,0.0492,36.4,0.1,26.5,108.60000000000001,-0.16,-0.07
103329,1507444,10.9405,-27.004167,1.8,-1407,0.0492,36.4,0.1,26.5,108.60000000000001,-0.16,-0.07
103329,1507453,10.9405,-27.004333,1.8,-1407,0.0492,36.4,0.1,26.5,108.60000000000001,-0.16,-0.07
103329,1507455,10.9405,-27.004333,1.8,-1407,0.0492,36.4,0.1,26.5,108.60000000000001,-0.16,-0.07
103329,1507462,10.940667,-27.004333,1.8,-1407,0.0492,36.4,0.1,26.5,108.60000000000001,-0.16,-0.07
103329,1507481,10.940667,-27.0045,1.8,-1407,0.0492,36.4,0.1,26.5,108.60000000000001,-0.16,-0.07
103329,1507482,10.940667,-27.0045,1.8,-1407,0.0492,36.4,0.1,26.5,108.60000000000001,-0.16,-0.07
103329,1507492,10.940833,-27.004667,1.7,-1407,0.0492,36.4,0.1,26.5,108.60000000000001,-0.16,-0.07
103329,1507494,10.940833,-27.004667,1.7,-1407,0.0492,36.4,0.1,26.5,108.60000000000001,-0.16,-0.07
103329,1507503,10.940833,-27.004667,1.7,-1407,0.0492,36.4,0.1,26.5,108.60000000000001,-0.16,-0.07
103329,1507504,10.940833,-27.004667,1.7,-1407,0.0492,36.4,0.1,26.5,108.60000000000001,-0.16,-0.07
103329,1507513,10.940833,-27.004833,1.7,-1407,0.0492,36.4,0.1,26.5,108.60000000000001,-0.16,-0.07
103329,1507562,10.941,-27.005167,1.7,-1406,0.0492,36.4,0.1,26.5,108.60000000000001,-0.15,-0.07
103329,1507594,10.941167,-27.005333,1.8,-1406,0.0492,36.4,0.1,26.5,108.60000000000001,-0.15,-0.07
103329,1507612,10.941333,-27.0055,1.7,-1406,0.0492,36.4,0.1,26.5,108.60000000000001,-0.15,-0.07
103329,1507613,10.941333,-27.0055,1.7,-1406,0.0492,36.4,0.1,26.5,108.60000000000001,-0.15,-0.07
103329,1507631,10.941333,-27.005667,1.8,-1406,0.0492,36.4,0.1,26.5,108.60000000000001,-0.15,-0.07
103329,1507653,10.9415,-27.005833,1.8,-1406,0.0492,36.4,0.1,26.5,108.60000000000001,-0.15,-0.07
103329,1507654,10.9415,-27.005833,1.8,-1406,0.0492,36.4,0.1,26.5,108.60000000000001,-0.15,-0.07
103329,1507672,10.9415,-27.006,1.7,-1406,0.0492,36.4,0.1,26.5,108.60000000000001,-0.15,-0.07
103329,1507674,10.9415,-27.006,1.7,-1406,0.0492,36.4,0.1,26.5,108.60000000000001,-0.15,-0.07
103329,1507732,10.941833,-27.0065,1.7,-1406,0.0492,36.4,0.1,26.5,108.5,-0.15,-0.07
103329,1507792,10.942167,-27.006833,1.6,-1406,0.0492,36.4,0.1,26.5,108.5,-0.15,-0.07
103329,1507793,10.942167,-27.006833,1.6,-1406,0.0492,36.4,0.1,26.5,108.5,-0.15,-0.07
103329,1509535,10.942167,-27.015667,1.,-1406,0.0492,36.4,0.1,26.5,108.5,-0.16,-0.08
103329,1511965,10.946167,-27.014833,0.1,-1406,0.049300000000000004,36.4,0.1,26.5,108.4,-0.15,-0.08
103329,1512204,10.946333,-27.014667,0.2,-1406,0.049300000000000004,36.4,0.1,26.5,108.4,-0.15,-0.08
103329,1513064,10.947667,-27.0145,0.1,-1406,0.049300000000000004,36.4,0.1,26.5,108.4,-0.15,-0.08
103329,1513365,10.947833,-27.014667,0.2,-1406,0.049300000000000004,36.4,0.1,26.5,108.4,-0.15,-0.08
103329,1514405,10.949667,-27.014167,0.4,-1406,0.0494,36.4,0.1,26.5,108.30000000000001,-0.15,-0.08
103329,1514475,10.949833,-27.014167,0.4,-1406,0.0494,36.4,0.1,26.5,108.30000000000001,-0.15,-0.08
103329,1514634,10.950167,-27.014333,0.4,-1406,0.0494,36.4,0.1,26.5,108.30000000000001,-0.15,-0.08
103329,1515675,10.953167,-27.014,0.4,-1406,0.0495,36.4,0.1,26.5,108.2,-0.15,-0.08
103329,1516024,10.954,-27.013833,0.5,-1406,0.0495,36.4,0.1,26.5,108.2,-0.15,-0.08
103329,1516916,10.956333,-27.012833,0.4,-1406,0.049600000000000005,36.4,0.1,26.5,108.2,-0.15,-0.07
103329,1517134,10.956667,-27.0125,0.4,-1406,0.049600000000000005,36.4,0.1,26.5,108.2,-0.15,-0.07
103329,1518145,10.959333,-27.011,0.5,-1406,0.0495,36.4,0.1,26.5,108.10000000000001,-0.15,-0.07
103329,1518515,10.960167,-27.010167,0.4,-1406,0.0495,36.4,0.1,26.5,108.10000000000001,-0.15,-0.07
103329,1519405,10.962333,-27.009,0.3,-1406,0.0494,36.4,0.1,26.5,108.10000000000001,-0.15,-0.07
103329,1519685,10.962667,-27.008667,0.3,-1406,0.0494,36.4,0.1,26.5,108.10000000000001,-0.15,-0.07
103329,1520026,10.963333,-27.008167,0.3,-1406,0.0494,36.4,0.1,26.5,108.10000000000001,-0.15,-0.07
103329,1520885,10.964833,-27.007833,0.2,-1406,0.0494,36.4,0.1,26.5,108.2,-0.15,-0.07
103329,1521005,10.965,-27.007833,0.2,-1406,0.0494,36.4,0.1,26.5,108.2,-0.15,-0.07
103329,1521904,10.966333,-27.008167,0.1,-1406,0.0494,36.4,0.1,26.5,108.2,-0.15,-0.07
103329,1523261,10.935,-26.9905,5.1,-1408,0.048400000000000006,36.4,0.1,26.5,108.9,-0.16,-0.06
103329,1525974,10.938167,-26.924,6.2,-1406,0.0451,36.4,0.1,26.5,108.30000000000001,-0.15,-0.04
103329,1545574,10.920167,-26.418167,4.5,-1392,0.0429,36.5,0.07,25.900000000000002,120.80000000000001,-0.2,0.15
103329,1545694,10.920333,-26.415167,5.,-1391,0.044000000000000004,36.5,0.06,25.900000000000002,121.30000000000001,-0.2,0.15
103329,1545754,10.9205,-26.413833,4.5,-1392,0.0439,36.5,0.06,25.8,121.5,-0.2,0.15
103329,1549135,10.912833,-26.330667,4.9,-1396,0.040600000000000004,36.6,0.05,25.700000000000003,122.30000000000001,-0.24,0.18
103329,1550424,10.912833,-26.299667,5.2,-1398,0.0383,36.6,0.05,25.700000000000003,122.7,-0.25,0.21
103329,1551147,10.913667,-26.280667,4.6,-1398,0.0403,36.6,0.05,25.700000000000003,123.30000000000001,-0.25,0.23
103329,1551193,10.913833,-26.279667,4.6,-1398,0.0403,36.6,0.05,25.700000000000003,123.30000000000001,-0.25,0.23
103329,1551203,10.913833,-26.2795,4.9,-1398,0.0403,36.6,0.05,25.700000000000003,123.30000000000001,-0.25,0.23
103329,1551213,10.913833,-26.279167,5.,-1398,0.0402,36.6,0.05,25.700000000000003,123.30000000000001,-0.25,0.23
103329,1551244,10.914,-26.278333,5.,-1398,0.0402,36.6,0.05,25.700000000000003,123.30000000000001,-0.25,0.23
103329,1551304,10.913833,-26.276833,5.3,-1398,0.040100000000000004,36.6,0.05,25.700000000000003,123.4,-0.25,0.23
103329,1551305,10.913833,-26.276833,5.3,-1398,0.040100000000000004,36.6,0.05,25.700000000000003,123.4,-0.25,0.23
103329,1551333,10.913833,-26.276,5.5,-1398,0.040100000000000004,36.6,0.05,25.700000000000003,123.4,-0.25,0.23
103329,1551364,10.913833,-26.275333,5.1,-1398,0.04,36.6,0.05,25.700000000000003,123.4,-0.26,0.23
103329,1551365,10.913833,-26.275333,5.1,-1398,0.04,36.6,0.05,25.700000000000003,123.4,-0.26,0.23
103329,1551373,10.913833,-26.275,5.1,-1398,0.04,36.6,0.05,25.700000000000003,123.4,-0.26,0.24
103329,1551424,10.913833,-26.273833,5.2,-1398,0.039900000000000005,36.6,0.05,25.700000000000003,123.5,-0.26,0.24
103329,1551425,10.913833,-26.273833,5.2,-1398,0.039900000000000005,36.6,0.05,25.700000000000003,123.5,-0.26,0.24
103329,1551453,10.914,-26.273,5.2,-1398,0.039900000000000005,36.6,0.05,25.700000000000003,123.5,-0.26,0.24
103329,1551481,10.914,-26.2725,5.2,-1398,0.039900000000000005,36.6,0.05,25.700000000000003,123.5,-0.26,0.24
103329,1551487,10.914,-26.272167,5.2,-1398,0.0398,36.6,0.05,25.700000000000003,123.5,-0.26,0.24
103329,1551490,10.914,-26.272167,5.2,-1398,0.0398,36.6,0.05,25.700000000000003,123.5,-0.26,0.24
103329,1551545,10.913833,-26.270667,5.9,-1399,0.0398,36.6,0.05,25.700000000000003,123.5,-0.26,0.24
103329,1551573,10.913667,-26.269833,5.7,-1399,0.0397,36.6,0.05,25.700000000000003,123.60000000000001,-0.26,0.24
103329,1551580,10.913667,-26.269667,5.7,-1399,0.0397,36.6,0.05,25.700000000000003,123.60000000000001,-0.26,0.24
103329,1551588,10.913667,-26.2695,5.5,-1399,0.0397,36.6,0.05,25.700000000000003,123.60000000000001,-0.26,0.24
103329,1551650,10.913833,-26.267833,5.7,-1399,0.0396,36.6,0.05,25.700000000000003,123.60000000000001,-0.26,0.24
103329,1551651,10.913833,-26.267833,5.7,-1399,0.0396,36.6,0.05,25.700000000000003,123.60000000000001,-0.26,0.24
103329,1551654,10.913833,-26.267667,5.7,-1399,0.0396,36.6,0.05,25.700000000000003,123.60000000000001,-0.26,0.24
103329,1551658,10.913833,-26.267667,5.7,-1399,0.0396,36.6,0.05,25.700000000000003,123.60000000000001,-0.26,0.24
103329,1551665,10.913833,-26.2675,5.6,-1399,0.0396,36.6,0.05,25.700000000000003,123.60000000000001,-0.26,0.24
103329,1551804,10.913667,-26.2635,5.3,-1399,0.0393,36.6,0.05,25.700000000000003,123.7,-0.26,0.25
103329,1553691,10.905833,-26.213833,4.6,-1386,0.040100000000000004,36.6,0.04,25.700000000000003,124.2,-0.27,0.29
103329,1553894,10.906667,-26.208833,4.2,-1388,0.039900000000000005,36.6,0.04,25.700000000000003,124.10000000000001,-0.27,0.29
103329,1554234,10.908,-26.200167,5.2,-1390,0.0403,36.7,0.04,25.700000000000003,124.,-0.27,0.29
103329,1554974,10.912,-26.184,4.6,-1396,0.0407,36.7,0.03,25.700000000000003,123.80000000000001,-0.27,0.3
103329,1555174,10.913,-26.179,4.8,-1397,0.0408,36.7,0.03,25.8,123.80000000000001,-0.27,0.3
103329,1555445,10.9145,-26.172167,5.7,-1398,0.041,36.7,0.03,25.8,123.7,-0.28,0.3
103329,1556154,10.919333,-26.154833,5.5,-1258,0.039400000000000004,36.7,0.03,25.8,123.,-0.28,0.3
103329,1556343,10.920667,-26.15,5.8,-1256,0.039400000000000004,36.7,0.03,25.8,122.4,-0.28,0.3
103329,1556416,10.921,-26.148333,5.3,-1255,0.039400000000000004,36.7,0.03,25.8,122.2,-0.28,0.29
103329,1557643,10.930333,-26.1185,6.4,-1239,0.0391,36.7,0.02,25.8,119.10000000000001,-0.28,0.26
103329,1557924,10.931667,-26.112333,2.3,-1234,0.0392,36.800000000000004,0.02,25.8,118.60000000000001,-0.29,0.25
103329,1558903,10.9405,-26.0915,4.,-1222,0.0395,36.800000000000004,0.02,25.900000000000002,117.2,-0.29,0.22
103329,1559333,10.944167,-26.080833,5.3,-1354,0.038900000000000004,36.800000000000004,0.02,25.900000000000002,116.7,-0.29,0.21
103329,1560083,10.950167,-26.0615,6.2,-1338,0.0393,36.800000000000004,0.01,25.900000000000002,115.5,-0.3,0.18
103329,1562096,10.961833,-26.009833,5.7,-1292,0.0392,36.800000000000004,0.01,25.8,111.7,-0.31,0.12
103329,1589945,10.706667,-26.7025,11.2,-1401,0.0379,36.4,0.09,26.5,109.30000000000001,-0.19,0.08
103329,1590076,10.7045,-26.709,11.2,-1401,0.0369,36.4,0.09,26.5,109.30000000000001,-0.19,0.07
103329,1590187,10.7025,-26.7145,11.1,-1401,0.037000000000000005,36.4,0.09,26.5,109.4,-0.19,0.07
103329,1590216,10.702,-26.716,11.1,-1401,0.0371,36.4,0.09,26.5,109.4,-0.19,0.07
103329,1590247,10.701333,-26.7175,11.1,-1401,0.0371,36.4,0.09,26.5,109.4,-0.2,0.07
103329,1590257,10.701167,-26.718,11.1,-1401,0.0371,36.4,0.09,26.5,109.4,-0.2,0.07
103329,1595127,10.633,-26.879333,0.3,-1400,0.0388,36.4,0.09,26.6,110.7,-0.23,0.
103329,1595706,10.633167,-26.878167,0.3,-1400,0.038700000000000005,36.4,0.09,26.6,110.7,-0.23,0.
103329,1595746,10.633167,-26.878,0.4,-1400,0.038700000000000005,36.4,0.09,26.6,110.7,-0.23,0.
103329,1595758,10.633167,-26.878,0.3,-1400,0.038700000000000005,36.4,0.09,26.6,110.7,-0.23,0.
103329,1595777,10.633167,-26.877833,0.3,-1400,0.038700000000000005,36.4,0.09,26.6,110.7,-0.23,0.
103329,1595818,10.633167,-26.877833,0.3,-1400,0.038700000000000005,36.4,0.09,26.6,110.7,-0.23,0.
103329,1595897,10.633167,-26.877667,0.3,-1400,0.038700000000000005,36.4,0.09,26.6,110.7,-0.23,0.
103329,1595957,10.633167,-26.8775,0.3,-1400,0.038700000000000005,36.4,0.09,26.6,110.7,-0.23,0.
103329,1595988,10.633167,-26.8775,0.3,-1400,0.038700000000000005,36.4,0.09,26.6,110.7,-0.23,0.
103329,1595998,10.633167,-26.8775,0.3,-1400,0.038700000000000005,36.4,0.09,26.6,110.7,-0.23,0.
103329,1596006,10.633167,-26.8775,0.3,-1400,0.038700000000000005,36.4,0.09,26.6,110.7,-0.23,0.
103329,1596017,10.633167,-26.8775,0.3,-1400,0.038700000000000005,36.4,0.09,26.6,110.7,-0.23,0.
103329,1596037,10.633167,-26.877333,0.3,-1400,0.0386,36.4,0.09,26.6,110.7,-0.23,0.
103329,1596038,10.633167,-26.877333,0.3,-1400,0.0386,36.4,0.09,26.6,110.7,-0.23,0.
103329,1596047,10.633167,-26.877333,0.3,-1400,0.0386,36.4,0.09,26.6,110.7,-0.23,0.
103329,1596048,10.633167,-26.877333,0.3,-1400,0.0386,36.4,0.09,26.6,110.7,-0.23,0.
103329,1596077,10.633167,-26.877333,0.3,-1400,0.0386,36.4,0.09,26.6,110.7,-0.23,0.
103329,1596088,10.633167,-26.877333,0.3,-1400,0.0386,36.4,0.09,26.6,110.7,-0.23,0.
103329,1596097,10.633167,-26.877333,0.3,-1400,0.0386,36.4,0.09,26.6,110.7,-0.23,0.
103329,1596098,10.633167,-26.877333,0.3,-1400,0.0386,36.4,0.09,26.6,110.7,-0.23,0.
103329,1596107,10.633167,-26.877167,0.3,-1400,0.0386,36.4,0.09,26.6,110.7,-0.23,0.
103329,1596158,10.633167,-26.877167,0.3,-1400,0.0386,36.4,0.09,26.6,110.7,-0.23,0.
103329,1596166,10.633167,-26.877167,0.3,-1400,0.0386,36.4,0.09,26.6,110.7,-0.23,0.
103329,1596338,10.633333,-26.877,0.3,-1400,0.0386,36.4,0.09,26.6,110.7,-0.23,0.
103329,1596417,10.633333,-26.876833,0.3,-1400,0.0386,36.4,0.09,26.6,110.7,-0.23,0.
103329,1597959,10.632,-26.875,0.1,-1400,0.038900000000000004,36.4,0.09,26.6,110.7,-0.23,0.
103329,1598638,10.6315,-26.874333,0.2,-1400,0.0388,36.4,0.09,26.6,110.7,-0.23,0.
103329,1600149,10.630667,-26.873667,0.1,-1400,0.038700000000000005,36.4,0.09,26.6,110.60000000000001,-0.23,0.01
103329,1601148,10.6295,-26.873333,0.3,-1400,0.0385,36.4,0.09,26.6,110.60000000000001,-0.23,0.01
103329,1601469,10.629,-26.873,0.3,-1400,0.038400000000000004,36.4,0.09,26.6,110.60000000000001,-0.23,0.01
103329,1602867,10.626167,-26.872167,0.3,-1400,0.0381,36.4,0.09,26.6,110.60000000000001,-0.23,0.01
103329,1603329,10.625833,-26.872333,0.2,-1400,0.038,36.4,0.09,26.6,110.60000000000001,-0.23,0.01
103329,1603910,10.625,-26.872333,0.3,-1400,0.038400000000000004,36.4,0.09,26.6,110.60000000000001,-0.23,0.01
103329,1604118,10.624667,-26.8725,0.2,-1400,0.038400000000000004,36.4,0.09,26.6,110.60000000000001,-0.23,0.01
103329,1604988,10.6235,-26.872667,0.3,-1400,0.038400000000000004,36.4,0.09,26.6,110.60000000000001,-0.23,0.01
103329,1605258,10.623167,-26.872833,0.3,-1400,0.0383,36.4,0.09,26.6,110.60000000000001,-0.23,0.01
103329,1606149,10.621667,-26.873667,0.3,-1400,0.038200000000000005,36.4,0.09,26.6,110.60000000000001,-0.23,0.01
103329,1607507,10.620167,-26.8745,0.3,-1400,0.0381,36.4,0.09,26.6,110.60000000000001,-0.23,0.01
103329,1608787,10.631,-26.8765,8.6,-1400,0.0385,36.4,0.09,26.6,110.60000000000001,-0.23,0.01
103329,1633877,10.690333,-26.234667,5.,-1401,0.0407,36.7,0.03,25.8,126.4,-0.22,0.34
103329,1634036,10.69,-26.230333,5.7,-1401,0.0408,36.7,0.03,25.8,126.30000000000001,-0.22,0.34
103329,1634066,10.69,-26.229667,5.7,-1401,0.0408,36.7,0.03,25.8,126.30000000000001,-0.22,0.34
103329,1634076,10.69,-26.229167,5.8,-1401,0.0408,36.7,0.03,25.8,126.30000000000001,-0.22,0.34
103329,1634126,10.689833,-26.227833,6.3,-1401,0.0408,36.7,0.03,25.8,126.30000000000001,-0.22,0.34
103329,1634160,10.689667,-26.226833,6.3,-1401,0.0408,36.7,0.03,25.8,126.2,-0.22,0.34
103329,1634186,10.6895,-26.226,5.7,-1401,0.0408,36.7,0.03,25.8,126.2,-0.22,0.34
103329,1634189,10.6895,-26.226,5.7,-1401,0.0408,36.7,0.03,25.8,126.2,-0.22,0.34
103329,1634200,10.689667,-26.225833,5.6,-1401,0.0408,36.7,0.03,25.8,126.2,-0.22,0.34
103329,1634306,10.689333,-26.222667,6.4,-1401,0.0409,36.7,0.03,25.8,126.2,-0.22,0.34
103329,1634326,10.689333,-26.222167,6.4,-1401,0.0409,36.7,0.03,25.8,126.2,-0.22,0.34
103329,1634366,10.689167,-26.220833,6.4,-1401,0.0409,36.7,0.03,25.8,126.10000000000001,-0.23,0.34
103329,1634965,10.685,-26.203667,6.7,-1401,0.039400000000000004,36.7,0.02,25.8,125.80000000000001,-0.23,0.34
103329,1635654,10.6865,-26.190333,1.5,-1401,0.0388,36.7,0.02,25.8,125.7,-0.24,0.34
103329,1636369,10.6865,-26.174,5.9,-1401,0.0381,36.800000000000004,0.02,25.900000000000002,125.4,-0.24,0.34
103329,1637128,10.685,-26.156,6.,-1400,0.039400000000000004,36.800000000000004,0.01,25.900000000000002,124.30000000000001,-0.25,0.33
103329,1637319,10.685,-26.1505,6.4,-1400,0.0391,36.800000000000004,0.01,25.900000000000002,123.10000000000001,-0.25,0.32
103329,1638032,10.686,-26.132,2.9,-1400,0.0381,36.800000000000004,0.01,25.900000000000002,119.10000000000001,-0.26,0.3
103329,1638219,10.686167,-26.1295,4.2,-1400,0.0379,36.800000000000004,0.01,25.900000000000002,118.60000000000001,-0.26,0.3
103329,1638602,10.686667,-26.120167,4.6,-1400,0.0409,36.800000000000004,0.01,25.900000000000002,116.5,-0.26,0.29
103329,1639247,10.687,-26.105167,4.4,-1400,0.0403,36.800000000000004,0.01,25.900000000000002,113.2,-0.26,0.27
103329,1639437,10.6865,-26.101333,3.5,-1400,0.0402,36.800000000000004,0.,25.900000000000002,112.4,-0.26,0.26
103329,1639633,10.685,-26.097333,3.6,-1400,0.040100000000000004,36.800000000000004,0.,25.900000000000002,111.5,-0.26,0.26
103329,1639666,10.685333,-26.097,3.,-1400,0.040100000000000004,36.800000000000004,0.,25.900000000000002,111.4,-0.26,0.26
103329,1639670,10.6855,-26.097,3.,-1400,0.040100000000000004,36.800000000000004,0.,25.900000000000002,111.4,-0.26,0.26
103329,1639680,10.6855,-26.096833,3.1,-1400,0.040100000000000004,36.800000000000004,0.,25.900000000000002,111.4,-0.27,0.26
103329,1639693,10.6855,-26.0965,3.6,-1400,0.040100000000000004,36.800000000000004,0.,25.900000000000002,111.30000000000001,-0.27,0.26
103329,1639697,10.6855,-26.096333,3.7,-1400,0.04,36.800000000000004,0.,25.900000000000002,111.30000000000001,-0.27,0.26
103329,1639709,10.6855,-26.096167,3.9,-1400,0.04,36.800000000000004,0.,25.900000000000002,111.2,-0.27,0.26
103329,1639717,10.6855,-26.096,4.,-1400,0.04,36.800000000000004,0.,25.900000000000002,111.2,-0.27,0.26
103329,1639723,10.685667,-26.095833,4.2,-1400,0.04,36.800000000000004,0.,25.900000000000002,111.2,-0.27,0.26
103329,1639730,10.685667,-26.095667,4.3,-1400,0.04,36.800000000000004,0.,25.900000000000002,111.10000000000001,-0.27,0.26
103329,1639736,10.685667,-26.0955,4.4,-1400,0.04,36.800000000000004,0.,25.900000000000002,111.10000000000001,-0.27,0.25
103329,1639746,10.685667,-26.095333,4.5,-1400,0.04,36.800000000000004,0.,25.900000000000002,111.10000000000001,-0.27,0.25
103329,1639748,10.685667,-26.095333,4.5,-1400,0.04,36.800000000000004,0.,25.900000000000002,111.10000000000001,-0.27,0.25
103329,1639777,10.685833,-26.094667,4.8,-1400,0.04,36.800000000000004,0.,26.,110.9,-0.27,0.25
103329,1639796,10.686,-26.094167,5.,-1400,0.039900000000000005,36.800000000000004,0.,26.,110.80000000000001,-0.27,0.25
103329,1639806,10.686167,-26.093833,5.1,-1400,0.039900000000000005,36.800000000000004,0.,26.,110.7,-0.27,0.25
103329,1639816,10.686167,-26.093667,5.1,-1400,0.039900000000000005,36.800000000000004,0.,26.,110.7,-0.27,0.25
103329,1639946,10.687667,-26.090833,4.9,-1400,0.0397,36.800000000000004,0.,26.,110.,-0.27,0.25
103329,1639976,10.688167,-26.090167,5.3,-1400,0.0397,36.800000000000004,0.,26.,109.80000000000001,-0.27,0.25
103329,1639986,10.688167,-26.089833,5.5,-1400,0.0397,36.800000000000004,0.,26.,109.80000000000001,-0.27,0.25
103329,1639989,10.688167,-26.089833,5.5,-1400,0.0397,36.800000000000004,0.,26.,109.80000000000001,-0.27,0.25
103329,1639993,10.688333,-26.089667,5.5,-1400,0.0397,36.800000000000004,0.,26.,109.7,-0.27,0.25
103329,1640000,10.6885,-26.089667,5.6,-1400,0.0396,36.800000000000004,0.,26.,109.7,-0.27,0.25
103329,1640006,10.688667,-26.089333,5.7,-1400,0.0396,36.800000000000004,0.,26.,109.60000000000001,-0.27,0.25
103329,1640016,10.688833,-26.089167,5.6,-1400,0.0396,36.800000000000004,0.,26.,109.60000000000001,-0.27,0.25
103329,1640025,10.688833,-26.089,5.5,-1400,0.0396,36.800000000000004,0.,26.,109.60000000000001,-0.27,0.25
103329,1640026,10.688833,-26.089,5.5,-1400,0.0396,36.800000000000004,0.,26.,109.60000000000001,-0.27,0.25
103329,1640045,10.689167,-26.088667,5.2,-1400,0.0396,36.800000000000004,0.,26.,109.5,-0.27,0.25
103329,1640046,10.689167,-26.088667,5.2,-1400,0.0396,36.800000000000004,0.,26.,109.5,-0.27,0.25
103329,1640695,10.695667,-26.076833,0.8,-1400,0.0419,36.800000000000004,0.,26.,107.10000000000001,-0.27,0.23
103329,1640958,10.696667,-26.0745,3.1,-1400,0.0419,36.800000000000004,0.,25.900000000000002,107.,-0.27,0.22
103329,1641898,10.701,-26.053167,5.1,-1400,0.0412,36.800000000000004,0.,25.900000000000002,106.10000000000001,-0.28,0.2
103329,1642318,10.704333,-26.044333,5.,-1400,0.0408,36.800000000000004,0.,25.900000000000002,105.7,-0.28,0.19
103329,1643050,10.710833,-26.0295,4.6,-1400,0.0409,36.7,0.,25.8,105.10000000000001,-0.28,0.16
103329,1643479,10.713667,-26.021,5.2,-1400,0.041100000000000005,36.7,0.,25.8,104.9,-0.29,0.15
103329,1644339,10.7145,-26.005333,2.8,-1400,0.0414,36.7,0.,25.700000000000003,104.5,-0.29,0.13
103329,1645480,10.723,-25.984333,4.3,-1401,0.040600000000000004,36.7,-0.01,25.8,104.10000000000001,-0.29,0.11
103329,1645668,10.724,-25.980333,4.9,-1401,0.0408,36.7,-0.01,25.8,104.,-0.29,0.1
103329,1645988,10.7255,-25.973333,4.5,-1401,0.041,36.7,-0.01,25.8,103.9,-0.29,0.1
103329,1678307,10.588833,-26.991167,11.3,-1400,0.040100000000000004,36.4,0.09,26.6,110.30000000000001,-0.25,-0.04
103329,1678376,10.587667,-26.994667,11.3,-1400,0.04,36.4,0.09,26.6,110.30000000000001,-0.26,-0.04
103329,1678387,10.5875,-26.995167,11.3,-1400,0.04,36.4,0.09,26.6,110.30000000000001,-0.26,-0.04
103329,1678407,10.587167,-26.996167,11.2,-1400,0.039900000000000005,36.4,0.09,26.6,110.30000000000001,-0.26,-0.04
103329,1678427,10.586833,-26.997167,11.3,-1400,0.039900000000000005,36.4,0.09,26.6,110.4,-0.26,-0.04
103329,1678446,10.5865,-26.998167,11.3,-1400,0.039900000000000005,36.4,0.09,26.6,110.4,-0.26,-0.05
103329,1678467,10.586167,-26.999333,11.3,-1400,0.0398,36.4,0.09,26.6,110.4,-0.26,-0.05
103329,1678476,10.585833,-26.999833,11.3,-1400,0.0398,36.4,0.09,26.6,110.4,-0.26,-0.05
103329,1678477,10.585833,-26.999833,11.3,-1400,0.0398,36.4,0.09,26.6,110.4,-0.26,-0.05
103329,1678506,10.5855,-27.001333,11.3,-1400,0.0419,36.4,0.09,26.6,110.4,-0.26,-0.05
103329,1678507,10.5855,-27.001333,11.3,-1400,0.0419,36.4,0.09,26.6,110.4,-0.26,-0.05
103329,1678547,10.584667,-27.003333,11.2,-1400,0.041800000000000004,36.4,0.09,26.6,110.4,-0.26,-0.05
103329,1678548,10.584667,-27.003333,11.2,-1400,0.041800000000000004,36.4,0.09,26.6,110.4,-0.26,-0.05
103329,1678557,10.5845,-27.003833,11.3,-1400,0.041800000000000004,36.4,0.09,26.6,110.4,-0.26,-0.05
103329,1678578,10.584167,-27.004833,11.3,-1400,0.041800000000000004,36.4,0.09,26.6,110.4,-0.26,-0.05
103329,1678587,10.584,-27.005333,11.3,-1400,0.041800000000000004,36.4,0.09,26.6,110.4,-0.26,-0.05
103329,1678617,10.5835,-27.006833,11.3,-1400,0.041800000000000004,36.4,0.09,26.6,110.4,-0.26,-0.05
103329,1678647,10.583,-27.008333,11.3,-1401,0.0431,36.4,0.09,26.6,110.4,-0.26,-0.05
103329,1678707,10.582,-27.0115,11.3,-1401,0.0429,36.4,0.09,26.6,110.4,-0.26,-0.05
103329,1678757,10.581167,-27.014,11.3,-1401,0.0427,36.4,0.09,26.6,110.4,-0.26,-0.05
103329,1678797,10.5805,-27.016,11.3,-1401,0.0426,36.4,0.09,26.6,110.4,-0.26,-0.05
103329,1678838,10.579667,-27.018,11.3,-1401,0.0425,36.4,0.09,26.6,110.4,-0.26,-0.06
103329,1680638,10.5595,-27.053667,1.3,-1400,0.0431,36.4,0.09,26.6,110.2,-0.27,-0.07
103329,1681820,10.552833,-27.058333,1.3,-1400,0.0429,36.4,0.09,26.6,110.10000000000001,-0.27,-0.08
103329,1683219,10.545667,-27.064833,1.2,-1400,0.0425,36.4,0.09,26.6,110.,-0.27,-0.08
103329,1683279,10.545333,-27.065167,1.2,-1400,0.0425,36.4,0.09,26.6,110.,-0.27,-0.08
103329,1683339,10.545,-27.065333,1.2,-1400,0.0425,36.4,0.09,26.6,110.,-0.27,-0.08
103329,1684287,10.54,-27.069667,1.6,-1400,0.0439,36.4,0.09,26.6,109.9,-0.27,-0.08
103329,1684288,10.54,-27.069667,1.6,-1400,0.0439,36.4,0.09,26.6,109.9,-0.27,-0.08
103329,1684308,10.539833,-27.069667,1.5,-1400,0.0439,36.4,0.09,26.6,109.9,-0.27,-0.08
103329,1684309,10.539833,-27.069667,1.5,-1400,0.0439,36.4,0.09,26.6,109.9,-0.27,-0.08
103329,1684347,10.5395,-27.069833,1.5,-1400,0.0439,36.4,0.09,26.6,109.9,-0.27,-0.08
103329,1684348,10.5395,-27.069833,1.5,-1400,0.0439,36.4,0.09,26.6,109.9,-0.27,-0.08
103329,1684368,10.539333,-27.07,1.6,-1400,0.0439,36.4,0.09,26.6,109.9,-0.27,-0.08
103329,1684369,10.539333,-27.07,1.6,-1400,0.0439,36.4,0.09,26.6,109.9,-0.27,-0.08
103329,1684518,10.5385,-27.070667,1.6,-1400,0.0439,36.4,0.09,26.6,109.9,-0.27,-0.09
103329,1684527,10.5385,-27.070667,1.5,-1400,0.0439,36.4,0.09,26.6,109.9,-0.27,-0.09
103329,1684528,10.5385,-27.070667,1.5,-1400,0.0439,36.4,0.09,26.6,109.9,-0.27,-0.09
103329,1684587,10.538167,-27.071,1.5,-1400,0.0438,36.4,0.09,26.6,109.9,-0.27,-0.09
103329,1684588,10.538167,-27.071,1.5,-1400,0.0438,36.4,0.09,26.6,109.9,-0.27,-0.09
103329,1684647,10.537833,-27.071167,1.5,-1400,0.0438,36.4,0.09,26.6,109.9,-0.27,-0.09
103329,1684648,10.537833,-27.071167,1.5,-1400,0.0438,36.4,0.09,26.6,109.9,-0.27,-0.09
103329,1684758,10.537167,-27.071667,1.5,-1400,0.0438,36.4,0.09,26.6,109.9,-0.27,-0.09
103329,1685819,10.531667,-27.0765,1.3,-1400,0.0436,36.4,0.09,26.6,109.9,-0.27,-0.09
103329,1686859,10.5265,-27.0815,1.5,-1400,0.043500000000000004,36.4,0.09,26.6,109.80000000000001,-0.27,-0.09
103329,1686890,10.526333,-27.081667,1.3,-1400,0.043500000000000004,36.4,0.09,26.6,109.80000000000001,-0.27,-0.09
103329,1687468,10.522833,-27.083667,1.3,-1401,0.0453,36.4,0.09,26.6,109.80000000000001,-0.27,-0.09
103329,1688148,10.5195,-27.086333,1.2,-1401,0.0451,36.4,0.09,26.6,109.7,-0.27,-0.1
103329,1688388,10.518167,-27.087333,1.3,-1401,0.0451,36.4,0.09,26.6,109.7,-0.27,-0.1
103329,1689638,10.511833,-27.091333,1.1,-1401,0.0448,36.4,0.09,26.6,109.7,-0.27,-0.1
103329,1690598,10.506833,-27.094667,1.1,-1401,0.0446,36.4,0.09,26.6,109.60000000000001,-0.28,-0.1
103329,1690729,10.506167,-27.095167,1.2,-1401,0.0446,36.4,0.09,26.6,109.60000000000001,-0.28,-0.1
103329,1692359,10.497333,-27.100167,1.1,-1400,0.0449,36.300000000000004,0.1,26.6,109.60000000000001,-0.28,-0.11
103329,1693348,10.492167,-27.103,1.1,-1400,0.0448,36.300000000000004,0.1,26.6,109.5,-0.28,-0.11
103329,1720275,10.659167,-26.513167,4.8,-1400,0.0448,36.4,0.07,26.400000000000002,113.,-0.15,0.24
103329,1721429,10.6625,-26.485167,5.7,-1400,0.046,36.4,0.06,26.3,113.4,-0.14,0.25
103329,1722237,10.663,-26.462167,5.3,-1400,0.044700000000000004,36.4,0.06,26.200000000000003,117.30000000000001,-0.14,0.26
103329,1722248,10.663,-26.461833,5.3,-1400,0.044700000000000004,36.4,0.06,26.200000000000003,117.4,-0.14,0.26
103329,1722268,10.663,-26.461333,5.7,-1400,0.044700000000000004,36.4,0.06,26.200000000000003,117.5,-0.14,0.26
103329,1722277,10.662833,-26.461,5.8,-1400,0.044700000000000004,36.4,0.06,26.200000000000003,117.5,-0.14,0.26
103329,1722287,10.662833,-26.460667,5.9,-1400,0.0446,36.4,0.06,26.200000000000003,117.60000000000001,-0.14,0.26
103329,1722297,10.662833,-26.460333,5.9,-1400,0.0446,36.4,0.06,26.200000000000003,117.7,-0.14,0.26
103329,1722301,10.662833,-26.460333,5.9,-1400,0.0446,36.4,0.06,26.200000000000003,117.7,-0.14,0.26
103329,1722328,10.662833,-26.4595,6.3,-1400,0.0446,36.4,0.06,26.200000000000003,117.9,-0.14,0.26
103329,1722417,10.662833,-26.457,5.8,-1400,0.045000000000000005,36.4,0.06,26.200000000000003,118.4,-0.14,0.26
103329,1722477,10.662833,-26.455167,6.2,-1400,0.0448,36.4,0.06,26.200000000000003,118.80000000000001,-0.14,0.26
103329,1722478,10.662833,-26.455167,6.2,-1400,0.0448,36.4,0.06,26.200000000000003,118.80000000000001,-0.14,0.26
103329,1722527,10.662667,-26.453667,6.3,-1400,0.044700000000000004,36.4,0.06,26.200000000000003,119.10000000000001,-0.14,0.26
103329,1722554,10.6625,-26.452833,6.4,-1400,0.0446,36.4,0.06,26.200000000000003,119.30000000000001,-0.14,0.26
103329,1722561,10.6625,-26.452667,6.4,-1400,0.0446,36.4,0.06,26.200000000000003,119.30000000000001,-0.14,0.26
103329,1722563,10.6625,-26.4525,6.4,-1400,0.044500000000000005,36.4,0.06,26.200000000000003,119.30000000000001,-0.14,0.26
103329,1722594,10.662667,-26.451667,6.3,-1400,0.044500000000000005,36.4,0.06,26.200000000000003,119.5,-0.14,0.26
103329,1722601,10.662667,-26.451333,6.3,-1400,0.0444,36.4,0.06,26.200000000000003,119.60000000000001,-0.14,0.26
103329,1722604,10.662667,-26.451333,6.3,-1400,0.0444,36.4,0.06,26.200000000000003,119.60000000000001,-0.14,0.26
103329,1722727,10.6625,-26.447667,6.4,-1400,0.044000000000000004,36.4,0.06,26.200000000000003,120.4,-0.14,0.26
103329,1722854,10.662333,-26.443833,6.4,-1400,0.0436,36.4,0.06,26.1,121.2,-0.14,0.26
103329,1723648,10.6605,-26.421,6.2,-1400,0.0412,36.5,0.05,26.,126.10000000000001,-0.14,0.27
103329,1723817,10.659667,-26.416167,5.3,-1403,0.0422,36.5,0.05,26.,127.2,-0.15,0.27
103329,1724068,10.658,-26.409,6.2,-1403,0.042,36.5,0.05,26.,128.70000000000002,-0.15,0.27
103329,1724424,10.657,-26.398667,6.,-1403,0.041800000000000004,36.5,0.05,25.900000000000002,130.70000000000002,-0.15,0.28
103329,1724929,10.657667,-26.383667,6.4,-1403,0.0415,36.5,0.05,25.900000000000002,130.70000000000002,-0.15,0.28
103329,1725178,10.658167,-26.376,6.5,-1403,0.0414,36.5,0.04,25.900000000000002,130.70000000000002,-0.15,0.28
103329,1725429,10.6585,-26.3685,6.4,-1403,0.0415,36.5,0.04,25.900000000000002,130.70000000000002,-0.15,0.28
103329,1726198,10.659167,-26.346167,5.9,-1402,0.041,36.6,0.04,25.8,130.70000000000002,-0.16,0.29
103329,1726498,10.659667,-26.337,6.4,-1402,0.0408,36.6,0.04,25.8,130.70000000000002,-0.16,0.29
103329,1727487,10.662667,-26.309,6.4,-1404,0.042,36.6,0.03,25.8,130.5,-0.17,0.3
103329,1727832,10.663167,-26.298333,6.4,-1404,0.0413,36.6,0.03,25.8,130.4,-0.17,0.31
103329,1727978,10.663,-26.293833,6.6,-1403,0.041,36.6,0.03,25.8,130.3,-0.18,0.32
103329,1727999,10.663,-26.292833,6.4,-1403,0.0409,36.6,0.03,25.8,130.3,-0.18,0.32
103329,1728007,10.663,-26.292833,6.4,-1403,0.0409,36.6,0.03,25.8,130.3,-0.18,0.32
103329,1728098,10.662667,-26.289833,6.5,-1403,0.0427,36.6,0.03,25.8,130.3,-0.18,0.32
103329,1728106,10.662667,-26.289833,6.5,-1403,0.0427,36.6,0.03,25.8,130.3,-0.18,0.32
103329,1728112,10.662667,-26.2895,6.4,-1403,0.0427,36.6,0.03,25.8,130.3,-0.18,0.32
103329,1728114,10.662667,-26.289667,6.4,-1403,0.0427,36.6,0.03,25.8,130.3,-0.18,0.32
103329,1728120,10.662667,-26.2895,6.4,-1403,0.0427,36.6,0.03,25.8,130.3,-0.18,0.32
103329,1728139,10.662667,-26.288833,5.9,-1403,0.0427,36.6,0.03,25.8,130.3,-0.18,0.32
103329,1728276,10.6625,-26.2865,1.8,-1403,0.0426,36.6,0.03,25.8,130.20000000000002,-0.18,0.33
103329,1728285,10.6625,-26.2865,1.8,-1403,0.0426,36.6,0.03,25.8,130.20000000000002,-0.18,0.33
103329,1728290,10.6625,-26.2865,1.8,-1403,0.0426,36.6,0.03,25.8,130.20000000000002,-0.18,0.33
103329,1728293,10.6625,-26.2865,1.8,-1403,0.0426,36.6,0.03,25.8,130.20000000000002,-0.18,0.33
103329,1728312,10.662667,-26.286,3.1,-1403,0.0426,36.6,0.03,25.8,130.20000000000002,-0.18,0.33
103329,1728320,10.662667,-26.286,3.1,-1403,0.0426,36.6,0.03,25.8,130.20000000000002,-0.18,0.33
103329,1728667,10.662167,-26.276,5.9,-1403,0.042300000000000004,36.6,0.03,25.8,130.1,-0.18,0.34
103329,1728709,10.662,-26.274833,5.8,-1403,0.042300000000000004,36.6,0.03,25.8,130.1,-0.18,0.34
103329,1728869,10.662,-26.270167,6.,-1403,0.042100000000000005,36.6,0.03,25.700000000000003,130.,-0.18,0.34
103329,1729917,10.661667,-26.240333,5.9,-1402,0.0425,36.7,0.02,25.700000000000003,129.70000000000002,-0.19,0.38
103329,1731449,10.6615,-26.197667,5.9,-1401,0.038700000000000005,36.7,0.01,25.8,128.5,-0.2,0.37
103329,1734258,10.672,-26.126333,5.2,-1400,0.038200000000000005,36.800000000000004,0.,25.900000000000002,119.30000000000001,-0.23,0.31
103329,1766326,10.321667,-26.711167,11.3,-1390,0.0408,36.4,0.09,26.700000000000003,110.10000000000001,-0.25,0.08
103329,1766626,10.321,-26.727167,11.1,-1393,0.0396,36.4,0.09,26.700000000000003,110.10000000000001,-0.25,0.07
103329,1766633,10.321,-26.727833,11.1,-1394,0.0395,36.4,0.09,26.700000000000003,110.10000000000001,-0.25,0.07
103329,1766804,10.320667,-26.736833,11.2,-1396,0.038900000000000004,36.4,0.09,26.700000000000003,110.10000000000001,-0.25,0.06
103329,1766813,10.320667,-26.737333,11.2,-1396,0.0388,36.4,0.09,26.700000000000003,110.10000000000001,-0.25,0.06
103329,1766853,10.320667,-26.739333,11.2,-1396,0.038700000000000005,36.4,0.09,26.700000000000003,110.10000000000001,-0.25,0.06
103329,1766873,10.320667,-26.7405,11.2,-1396,0.0386,36.4,0.09,26.700000000000003,110.10000000000001,-0.25,0.06
103329,1766894,10.320667,-26.7415,11.2,-1397,0.0385,36.4,0.09,26.700000000000003,110.10000000000001,-0.25,0.06
103329,1766943,10.320667,-26.744333,11.2,-1397,0.0383,36.4,0.09,26.700000000000003,110.10000000000001,-0.26,0.06
103329,1766954,10.3205,-26.744833,11.2,-1397,0.0383,36.4,0.09,26.700000000000003,110.10000000000001,-0.26,0.06
103329,1766973,10.3205,-26.745833,11.2,-1398,0.038200000000000005,36.4,0.09,26.700000000000003,110.10000000000001,-0.26,0.06
103329,1767003,10.3205,-26.747333,11.2,-1398,0.0381,36.4,0.09,26.700000000000003,110.10000000000001,-0.26,0.06
103329,1767014,10.3205,-26.748,11.1,-1398,0.038,36.4,0.09,26.700000000000003,110.10000000000001,-0.26,0.06
103329,1767053,10.3205,-26.75,11.2,-1399,0.0379,36.4,0.09,26.700000000000003,110.10000000000001,-0.26,0.05
103329,1767213,10.3205,-26.7585,11.2,-1395,0.0409,36.4,0.09,26.700000000000003,110.10000000000001,-0.26,0.05
103329,1767363,10.3205,-26.7665,11.2,-1396,0.0403,36.4,0.09,26.700000000000003,110.10000000000001,-0.26,0.04
103329,1767855,10.3185,-26.792667,11.1,-1397,0.042100000000000005,36.4,0.09,26.700000000000003,110.2,-0.26,0.03
103329,1768586,10.316833,-26.831333,11.1,-1399,0.0403,36.4,0.09,26.700000000000003,110.10000000000001,-0.26,0.01
103329,1768886,10.316833,-26.847167,11.2,-1399,0.042800000000000005,36.4,0.1,26.700000000000003,110.10000000000001,-0.26,0.
103329,1770033,10.3185,-26.908667,11.3,-1400,0.0409,36.300000000000004,0.1,26.700000000000003,110.4,-0.27,-0.03
103329,1771025,10.317667,-26.9615,11.3,-1402,0.042300000000000004,36.300000000000004,0.1,26.700000000000003,111.,-0.27,-0.05
103329,1771596,10.317333,-26.9915,8.2,-1403,0.0402,36.300000000000004,0.1,26.700000000000003,111.2,-0.28,-0.07
103329,1772495,10.315333,-26.993667,0.3,-1403,0.04,36.300000000000004,0.1,26.700000000000003,111.30000000000001,-0.28,-0.07
103329,1772856,10.314833,-26.994167,0.3,-1403,0.04,36.300000000000004,0.1,26.700000000000003,111.30000000000001,-0.28,-0.07
103329,1773734,10.314167,-26.996,0.3,-1403,0.0398,36.300000000000004,0.1,26.700000000000003,111.30000000000001,-0.28,-0.07
103329,1774875,10.313333,-26.998,0.3,-1403,0.0396,36.300000000000004,0.1,26.700000000000003,111.4,-0.28,-0.07
103329,1775535,10.313,-26.999167,0.3,-1403,0.0395,36.300000000000004,0.1,26.700000000000003,111.4,-0.28,-0.07
103329,1775687,10.313,-26.9995,0.4,-1403,0.0395,36.300000000000004,0.1,26.700000000000003,111.4,-0.28,-0.07
103329,1777634,10.312,-27.004,0.3,-1401,0.0417,36.300000000000004,0.1,26.700000000000003,111.4,-0.28,-0.07
103329,1778916,10.3115,-27.005667,0.3,-1401,0.0417,36.300000000000004,0.1,26.700000000000003,111.5,-0.28,-0.07
103329,1803503,10.328167,-26.562,6.5,-1398,0.038400000000000004,36.5,0.07,26.400000000000002,104.9,-0.23,0.21
103329,1804862,10.326667,-26.524833,6.3,-1398,0.038900000000000004,36.5,0.06,26.3,105.5,-0.23,0.22
103329,1804940,10.326333,-26.522667,6.,-1398,0.038900000000000004,36.5,0.06,26.3,105.5,-0.22,0.22
103329,1805201,10.325833,-26.514833,6.7,-1398,0.038900000000000004,36.5,0.06,26.3,105.60000000000001,-0.22,0.22
103329,1805202,10.325833,-26.514833,6.7,-1398,0.038900000000000004,36.5,0.06,26.3,105.60000000000001,-0.22,0.22
103329,1805231,10.325667,-26.513833,6.5,-1398,0.038900000000000004,36.5,0.06,26.3,105.7,-0.22,0.22
103329,1805232,10.325667,-26.513833,6.5,-1398,0.038900000000000004,36.5,0.06,26.3,105.7,-0.22,0.22
103329,1805261,10.325667,-26.513,6.,-1398,0.038900000000000004,36.5,0.06,26.3,105.7,-0.22,0.22
103329,1805262,10.325667,-26.513,6.,-1398,0.038900000000000004,36.5,0.06,26.3,105.7,-0.22,0.22
103329,1806813,10.3245,-26.470333,5.6,-1399,0.039400000000000004,36.5,0.05,26.200000000000003,107.,-0.21,0.25
103329,1807390,10.324167,-26.454,3.5,-1398,0.0449,36.5,0.05,26.200000000000003,108.2,-0.21,0.27
103329,1808050,10.321333,-26.441333,3.,-1398,0.042800000000000005,36.5,0.05,26.200000000000003,108.9,-0.2,0.3
103329,1808130,10.321333,-26.441833,0.8,-1398,0.042800000000000005,36.5,0.05,26.200000000000003,108.9,-0.2,0.29
103329,1809163,10.318667,-26.414167,6.3,-1400,0.044700000000000004,36.5,0.04,26.200000000000003,111.2,-0.19,0.34
103329,1809473,10.317667,-26.404667,6.4,-1400,0.043500000000000004,36.5,0.04,26.1,112.,-0.19,0.36
103329,1810507,10.3145,-26.375333,3.8,-1400,0.040400000000000005,36.5,0.04,26.1,118.10000000000001,-0.17,0.39
103329,1810584,10.314167,-26.373,5.9,-1400,0.037700000000000004,36.5,0.04,26.1,118.60000000000001,-0.17,0.39
103329,1810585,10.314167,-26.373,5.9,-1400,0.037700000000000004,36.5,0.04,26.1,118.60000000000001,-0.17,0.39
103329,1810621,10.314167,-26.372,6.4,-1400,0.0378,36.5,0.04,26.1,118.9,-0.17,0.39
103329,1810671,10.314167,-26.3705,5.9,-1400,0.038,36.5,0.04,26.1,119.2,-0.17,0.39
103329,1810688,10.314167,-26.37,5.8,-1400,0.0381,36.5,0.04,26.,119.30000000000001,-0.17,0.39
103329,1810701,10.314167,-26.369667,5.7,-1400,0.0381,36.5,0.04,26.,119.4,-0.17,0.39
103329,1810712,10.314167,-26.3695,5.6,-1400,0.0381,36.5,0.04,26.,119.4,-0.17,0.39
103329,1810713,10.314167,-26.3695,5.6,-1400,0.0381,36.5,0.04,26.,119.4,-0.17,0.39
103329,1810722,10.314167,-26.369167,5.5,-1400,0.038200000000000005,36.5,0.04,26.,119.5,-0.17,0.39
103329,1810731,10.314333,-26.369,5.3,-1400,0.038200000000000005,36.5,0.04,26.,119.5,-0.17,0.39
103329,1810741,10.314333,-26.368667,5.3,-1400,0.038200000000000005,36.5,0.04,26.,119.5,-0.17,0.39
103329,1810750,10.314333,-26.3685,5.5,-1400,0.0383,36.5,0.04,26.,119.60000000000001,-0.17,0.39
103329,1810751,10.314333,-26.3685,5.5,-1400,0.0383,36.5,0.04,26.,119.60000000000001,-0.17,0.39
103329,1810755,10.314333,-26.368333,5.6,-1400,0.0383,36.5,0.04,26.,119.60000000000001,-0.17,0.39
103329,1810758,10.314333,-26.368167,5.7,-1400,0.0383,36.5,0.04,26.,119.7,-0.17,0.39
103329,1810761,10.314333,-26.368167,5.7,-1400,0.0383,36.5,0.04,26.,119.7,-0.17,0.39
103329,1810765,10.314333,-26.368,5.7,-1400,0.0383,36.5,0.04,26.,119.7,-0.17,0.39
103329,1810768,10.314333,-26.367833,5.8,-1400,0.0383,36.5,0.04,26.,119.7,-0.17,0.39
103329,1810772,10.314167,-26.367833,5.8,-1400,0.0383,36.5,0.04,26.,119.7,-0.17,0.39
103329,1810775,10.314167,-26.367667,5.9,-1400,0.0383,36.5,0.04,26.,119.80000000000001,-0.17,0.39
103329,1810781,10.314167,-26.3675,5.9,-1400,0.038400000000000004,36.5,0.04,26.,119.80000000000001,-0.17,0.39
103329,1810782,10.314167,-26.3675,5.9,-1400,0.038400000000000004,36.5,0.04,26.,119.80000000000001,-0.17,0.39
103329,1810798,10.314167,-26.367,6.2,-1400,0.038400000000000004,36.5,0.04,26.,119.9,-0.17,0.39
103329,1810799,10.314167,-26.367,6.2,-1400,0.038400000000000004,36.5,0.04,26.,119.9,-0.17,0.39
103329,1810804,10.314167,-26.366833,6.2,-1400,0.038400000000000004,36.5,0.04,26.,119.9,-0.17,0.39
103329,1810805,10.314167,-26.366833,6.2,-1400,0.038400000000000004,36.5,0.04,26.,119.9,-0.17,0.39
103329,1810808,10.314167,-26.366667,6.2,-1400,0.0385,36.5,0.04,26.,120.,-0.17,0.39
103329,1810810,10.314167,-26.366667,6.2,-1400,0.0385,36.5,0.04,26.,120.,-0.17,0.39
103329,1810811,10.314167,-26.366667,6.2,-1400,0.0385,36.5,0.04,26.,120.,-0.17,0.39
103329,1810814,10.314167,-26.3665,6.3,-1400,0.0385,36.5,0.04,26.,120.,-0.17,0.4
103329,1810815,10.314167,-26.3665,6.3,-1400,0.0385,36.5,0.04,26.,120.,-0.17,0.4
103329,1810832,10.314167,-26.366,6.2,-1400,0.0385,36.5,0.04,26.,120.10000000000001,-0.17,0.4
103329,1810842,10.314167,-26.365833,5.9,-1400,0.0386,36.5,0.04,26.,120.2,-0.17,0.4
103329,1810899,10.314,-26.365167,3.3,-1399,0.0386,36.5,0.04,26.,120.30000000000001,-0.17,0.4
103329,1810902,10.314,-26.365,3.3,-1399,0.0386,36.5,0.04,26.,120.30000000000001,-0.17,0.4
103329,1810928,10.313833,-26.3645,3.9,-1399,0.038700000000000005,36.5,0.04,26.,120.5,-0.17,0.4
103329,1810931,10.313833,-26.3645,3.9,-1399,0.038700000000000005,36.5,0.04,26.,120.5,-0.17,0.4
103329,1810941,10.313833,-26.364167,4.2,-1399,0.038700000000000005,36.5,0.04,26.,120.5,-0.17,0.4
103329,1810955,10.313833,-26.363833,4.4,-1399,0.0388,36.5,0.04,26.,120.60000000000001,-0.17,0.4
103329,1810962,10.313833,-26.363667,4.5,-1399,0.0388,36.5,0.04,26.,120.60000000000001,-0.17,0.4
103329,1811002,10.313667,-26.362667,5.,-1399,0.038900000000000004,36.5,0.04,26.,120.9,-0.17,0.4
103329,1811041,10.3135,-26.361667,5.7,-1399,0.039,36.5,0.04,26.,121.10000000000001,-0.17,0.4
103329,1811082,10.313333,-26.3605,6.,-1399,0.0391,36.5,0.03,26.,121.30000000000001,-0.17,0.4
103329,1811101,10.313333,-26.359833,6.,-1399,0.0392,36.5,0.03,26.,121.5,-0.17,0.4
103329,1811152,10.313167,-26.359,3.7,-1399,0.0393,36.5,0.03,26.,121.7,-0.17,0.4
103329,1811161,10.313167,-26.359,3.,-1399,0.0393,36.5,0.03,26.,121.7,-0.17,0.4
103329,1811822,10.311333,-26.342667,6.5,-1399,0.0413,36.5,0.03,26.,125.10000000000001,-0.16,0.41000000000000003
103329,1812103,10.310333,-26.335167,5.3,-1399,0.042300000000000004,36.5,0.03,25.900000000000002,126.60000000000001,-0.16,0.42
103329,1813033,10.308167,-26.311333,5.6,-1402,0.0395,36.5,0.03,25.900000000000002,129.4,-0.15,0.43
103329,1813392,10.307833,-26.300667,5.9,-1401,0.0412,36.5,0.02,25.900000000000002,129.20000000000002,-0.15,0.43
103329,1814342,10.31,-26.277333,5.5,-1399,0.0393,36.6,0.02,25.900000000000002,128.70000000000002,-0.14,0.42
103329,1815607,10.307,-26.246667,2.3,-1402,0.038900000000000004,36.6,0.01,25.900000000000002,128.1,-0.14,0.41000000000000003
103329,1817544,10.309,-26.203,6.6,-1398,0.0386,36.7,0.01,25.900000000000002,122.5,-0.13,0.4
103329,1849302,10.301333,-26.750667,11.3,-1390,0.041,36.4,0.09,26.6,110.60000000000001,-0.25,0.05
103329,1849381,10.301167,-26.755,11.3,-1391,0.0407,36.4,0.09,26.6,110.7,-0.25,0.05
103329,1849402,10.301167,-26.756167,11.2,-1391,0.040600000000000004,36.4,0.09,26.6,110.7,-0.25,0.05
103329,1849422,10.301167,-26.757167,11.2,-1391,0.040600000000000004,36.4,0.09,26.6,110.7,-0.25,0.05
103329,1849441,10.301167,-26.758167,11.2,-1391,0.0405,36.4,0.09,26.6,110.7,-0.25,0.05
103329,1849452,10.301167,-26.758833,11.2,-1391,0.0405,36.4,0.09,26.6,110.7,-0.25,0.04
103329,1849453,10.301167,-26.758833,11.2,-1391,0.0405,36.4,0.09,26.6,110.7,-0.25,0.04
103329,1849462,10.301167,-26.759333,11.2,-1391,0.040400000000000005,36.4,0.09,26.6,110.7,-0.25,0.04
103329,1849482,10.301167,-26.7605,11.1,-1391,0.0403,36.4,0.09,26.6,110.7,-0.25,0.04
103329,1849603,10.301167,-26.766833,11.2,-1392,0.039900000000000005,36.4,0.09,26.6,110.80000000000001,-0.25,0.04
103329,1849663,10.301167,-26.77,11.3,-1392,0.0397,36.4,0.09,26.6,110.80000000000001,-0.25,0.04
103329,1852252,10.301333,-26.907833,11.2,-1399,0.0427,36.300000000000004,0.1,26.6,111.30000000000001,-0.25,-0.03
103329,1853202,10.302,-26.958667,11.3,-1401,0.042300000000000004,36.300000000000004,0.1,26.6,111.80000000000001,-0.26,-0.05
103329,1854353,10.301,-27.0205,11.1,-1401,0.0413,36.300000000000004,0.1,26.6,111.80000000000001,-0.26,-0.08
103329,1855090,10.300833,-27.059333,11.1,-1402,0.0405,36.300000000000004,0.1,26.6,111.7,-0.26,-0.1
103329,1855091,10.300833,-27.059333,11.1,-1402,0.0405,36.300000000000004,0.1,26.6,111.7,-0.26,-0.1
103329,1855101,10.300833,-27.059833,11.1,-1402,0.0405,36.300000000000004,0.1,26.6,111.7,-0.26,-0.1
103329,1855102,10.300833,-27.059833,11.1,-1402,0.0405,36.300000000000004,0.1,26.6,111.7,-0.26,-0.1
103329,1855111,10.300833,-27.0605,11.1,-1402,0.0405,36.300000000000004,0.1,26.6,111.7,-0.26,-0.1
103329,1855120,10.300833,-27.060833,11.1,-1402,0.0405,36.300000000000004,0.1,26.6,111.7,-0.26,-0.1
103329,1855121,10.300833,-27.060833,11.1,-1402,0.0405,36.300000000000004,0.1,26.6,111.7,-0.26,-0.1
103329,1855131,10.300833,-27.0615,11.1,-1402,0.0405,36.300000000000004,0.1,26.6,111.7,-0.26,-0.1
103329,1855161,10.300833,-27.063167,11.1,-1402,0.040400000000000005,36.300000000000004,0.1,26.6,111.7,-0.26,-0.1
103329,1855163,10.300833,-27.063167,11.1,-1402,0.040400000000000005,36.300000000000004,0.1,26.6,111.7,-0.26,-0.1
103329,1855180,10.300833,-27.064167,11.1,-1402,0.040400000000000005,36.300000000000004,0.1,26.6,111.7,-0.26,-0.11
103329,1855190,10.300833,-27.064667,11.1,-1402,0.040400000000000005,36.300000000000004,0.1,26.6,111.7,-0.26,-0.11
103329,1855191,10.300833,-27.064667,11.1,-1402,0.040400000000000005,36.300000000000004,0.1,26.6,111.7,-0.26,-0.11
103329,1855221,10.300833,-27.066333,11.1,-1403,0.0403,36.300000000000004,0.1,26.6,111.7,-0.26,-0.11
103329,1855241,10.300833,-27.067333,11.1,-1403,0.0403,36.300000000000004,0.1,26.6,111.7,-0.26,-0.11
103329,1855281,10.300667,-27.069333,11.1,-1403,0.0403,36.300000000000004,0.1,26.6,111.60000000000001,-0.26,-0.11
103329,1855282,10.300667,-27.069333,11.1,-1403,0.0403,36.300000000000004,0.1,26.6,111.60000000000001,-0.26,-0.11
103329,1855291,10.300667,-27.07,11.1,-1403,0.0403,36.300000000000004,0.1,26.6,111.60000000000001,-0.26,-0.11
103329,1855292,10.300667,-27.07,11.1,-1403,0.0403,36.300000000000004,0.1,26.6,111.60000000000001,-0.26,-0.11
103329,1855341,10.300667,-27.072667,11.1,-1403,0.0402,36.300000000000004,0.1,26.6,111.60000000000001,-0.26,-0.11
103329,1855342,10.300667,-27.072667,11.1,-1403,0.0402,36.300000000000004,0.1,26.6,111.60000000000001,-0.26,-0.11
103329,1855352,10.300667,-27.073167,11.1,-1403,0.0402,36.300000000000004,0.1,26.6,111.60000000000001,-0.26,-0.11
103329,1855361,10.300667,-27.073667,11.1,-1403,0.0402,36.300000000000004,0.1,26.6,111.60000000000001,-0.26,-0.11
103329,1855362,10.300667,-27.073667,11.1,-1403,0.0402,36.300000000000004,0.1,26.6,111.60000000000001,-0.26,-0.11
103329,1855371,10.3005,-27.074167,11.1,-1403,0.0402,36.300000000000004,0.1,26.6,111.60000000000001,-0.26,-0.11
103329,1855422,10.300667,-27.076833,11.1,-1403,0.040100000000000004,36.300000000000004,0.1,26.6,111.60000000000001,-0.26,-0.11
103329,1855431,10.300667,-27.077167,11.,-1403,0.040100000000000004,36.300000000000004,0.1,26.6,111.60000000000001,-0.26,-0.11
103329,1855491,10.300833,-27.080333,11.1,-1403,0.04,36.300000000000004,0.1,26.6,111.60000000000001,-0.26,-0.11
103329,1855492,10.300833,-27.080333,11.1,-1403,0.04,36.300000000000004,0.1,26.6,111.60000000000001,-0.26,-0.11
103329,1855522,10.300833,-27.082,11.1,-1403,0.039900000000000005,36.300000000000004,0.1,26.6,111.60000000000001,-0.26,-0.11
103329,1855580,10.300833,-27.085333,11.1,-1401,0.0413,36.300000000000004,0.1,26.6,111.60000000000001,-0.26,-0.12
103329,1855581,10.300833,-27.085333,11.1,-1401,0.0413,36.300000000000004,0.1,26.6,111.60000000000001,-0.26,-0.12
103329,1855620,10.300833,-27.087333,11.1,-1401,0.041100000000000005,36.300000000000004,0.1,26.6,111.60000000000001,-0.26,-0.12
103329,1855621,10.300833,-27.087333,11.1,-1401,0.041100000000000005,36.300000000000004,0.1,26.6,111.60000000000001,-0.26,-0.12
103329,1855803,10.300833,-27.096833,11.2,-1401,0.040600000000000004,36.300000000000004,0.1,26.6,111.5,-0.26,-0.12
103329,1856793,10.300667,-27.146333,4.,-1401,0.040600000000000004,36.300000000000004,0.1,26.5,111.30000000000001,-0.25,-0.15
103329,1856982,10.299,-27.146,1.3,-1401,0.0407,36.300000000000004,0.1,26.5,111.30000000000001,-0.25,-0.15
103329,1858162,10.292833,-27.1465,1.,-1401,0.0408,36.300000000000004,0.1,26.5,111.30000000000001,-0.25,-0.15
103329,1858984,10.2895,-27.148,1.,-1401,0.0424,36.300000000000004,0.1,26.5,111.30000000000001,-0.25,-0.15
103329,1859372,10.287833,-27.1485,1.,-1401,0.0425,36.300000000000004,0.1,26.5,111.30000000000001,-0.25,-0.15
103329,1859522,10.287167,-27.148667,1.,-1401,0.0425,36.300000000000004,0.1,26.5,111.30000000000001,-0.25,-0.15
103329,1860943,10.281,-27.149333,0.9,-1402,0.0429,36.300000000000004,0.1,26.5,111.30000000000001,-0.25,-0.15
103329,1862024,10.276333,-27.15,0.9,-1402,0.0431,36.300000000000004,0.1,26.5,111.30000000000001,-0.24,-0.15
103329,1863223,10.271,-27.151,0.9,-1402,0.043300000000000005,36.300000000000004,0.1,26.5,111.2,-0.24,-0.15
103329,1864545,10.265333,-27.152,0.9,-1402,0.0436,36.300000000000004,0.1,26.5,111.2,-0.24,-0.15
103329,1865873,10.26,-27.153,1.,-1402,0.0438,36.300000000000004,0.1,26.5,111.2,-0.24,-0.15
103329,1887903,10.297333,-26.7055,5.9,-1392,0.038900000000000004,36.4,0.08,26.6,110.5,-0.23,0.08
103329,1889994,10.297667,-26.653167,6.4,-1399,0.0392,36.4,0.08,26.6,110.30000000000001,-0.22,0.12
103329,1891454,10.2935,-26.611333,6.6,-1398,0.038400000000000004,36.4,0.07,26.5,108.60000000000001,-0.21,0.15
103329,1892312,10.289,-26.586333,6.,-1398,0.044000000000000004,36.4,0.07,26.5,107.2,-0.2,0.16
103329,1893060,10.2845,-26.564833,6.,-1399,0.039400000000000004,36.4,0.07,26.400000000000002,106.10000000000001,-0.2,0.18
103329,1893221,10.284167,-26.5635,2.6,-1399,0.0395,36.4,0.07,26.400000000000002,106.,-0.2,0.18
103329,1893246,10.284167,-26.562833,3.9,-1399,0.0395,36.4,0.07,26.400000000000002,106.,-0.2,0.18
103329,1893432,10.284167,-26.557667,5.6,-1399,0.0397,36.4,0.07,26.400000000000002,106.,-0.2,0.18
103329,1893442,10.284167,-26.557333,5.3,-1399,0.0397,36.4,0.07,26.400000000000002,106.,-0.2,0.18
103329,1893475,10.284167,-26.556667,4.4,-1399,0.0398,36.4,0.07,26.400000000000002,106.10000000000001,-0.2,0.18
103329,1893521,10.284,-26.5565,1.7,-1399,0.0398,36.4,0.07,26.400000000000002,106.10000000000001,-0.2,0.18
103329,1893522,10.284,-26.5565,1.7,-1399,0.0398,36.4,0.07,26.400000000000002,106.10000000000001,-0.2,0.18
103329,1893552,10.284,-26.556667,0.5,-1399,0.0398,36.4,0.07,26.400000000000002,106.10000000000001,-0.2,0.18
103329,1893582,10.283833,-26.556667,0.6,-1399,0.0398,36.4,0.07,26.400000000000002,106.10000000000001,-0.2,0.18
103329,1893588,10.283833,-26.556667,0.9,-1399,0.0398,36.4,0.07,26.400000000000002,106.10000000000001,-0.2,0.18
103329,1893589,10.283833,-26.556667,0.9,-1399,0.0398,36.4,0.07,26.400000000000002,106.10000000000001,-0.2,0.18
103329,1893641,10.283667,-26.556,1.9,-1399,0.0398,36.4,0.07,26.400000000000002,106.2,-0.2,0.18
103329,1893695,10.284,-26.5545,5.2,-1399,0.039900000000000005,36.4,0.07,26.400000000000002,106.30000000000001,-0.2,0.18
103329,1893696,10.284,-26.5545,5.2,-1399,0.039900000000000005,36.4,0.07,26.400000000000002,106.30000000000001,-0.2,0.18
103329,1893704,10.284,-26.554167,5.6,-1399,0.039900000000000005,36.4,0.07,26.400000000000002,106.30000000000001,-0.2,0.18
103329,1893705,10.284,-26.554167,5.6,-1399,0.039900000000000005,36.4,0.07,26.400000000000002,106.30000000000001,-0.2,0.18
103329,1893711,10.284,-26.554,5.7,-1399,0.039900000000000005,36.4,0.07,26.400000000000002,106.30000000000001,-0.2,0.18
103329,1893732,10.284,-26.553333,6.2,-1399,0.039900000000000005,36.4,0.07,26.400000000000002,106.4,-0.2,0.18
103329,1893742,10.284,-26.553,6.2,-1399,0.039900000000000005,36.4,0.07,26.400000000000002,106.4,-0.2,0.18
103329,1893822,10.284167,-26.550833,5.7,-1398,0.04,36.4,0.07,26.400000000000002,106.60000000000001,-0.2,0.18
103329,1894136,10.283667,-26.5415,6.4,-1398,0.038900000000000004,36.5,0.07,26.400000000000002,107.4,-0.2,0.18
103329,1895306,10.282,-26.51,3.2,-1398,0.039900000000000005,36.5,0.06,26.3,110.30000000000001,-0.19,0.19
103329,1895472,10.281833,-26.505333,5.9,-1398,0.040100000000000004,36.5,0.06,26.3,110.7,-0.19,0.19
103329,1896092,10.280667,-26.487167,5.9,-1399,0.038700000000000005,36.5,0.06,26.200000000000003,112.5,-0.19,0.2
103329,1896493,10.28,-26.475167,6.4,-1399,0.038900000000000004,36.5,0.06,26.200000000000003,113.5,-0.19,0.2
103329,1897432,10.276833,-26.448333,7.,-1399,0.0386,36.5,0.05,26.200000000000003,115.30000000000001,-0.18,0.24
103329,1897723,10.277167,-26.439833,6.,-1399,0.038700000000000005,36.5,0.05,26.1,115.7,-0.18,0.25
103329,1898013,10.278,-26.432333,3.3,-1398,0.0388,36.5,0.05,26.1,115.9,-0.18,0.26
103329,1898700,10.278167,-26.424167,1.,-1398,0.039,36.5,0.05,26.1,116.30000000000001,-0.18,0.27
103329,1898972,10.279667,-26.418667,5.5,-1398,0.0391,36.5,0.05,26.1,116.4,-0.18,0.28
103329,1899031,10.279833,-26.417,6.,-1398,0.0392,36.5,0.05,26.1,116.4,-0.18,0.29
103329,1899059,10.279833,-26.416167,6.,-1403,0.039900000000000005,36.5,0.05,26.1,116.5,-0.18,0.29
103329,1899065,10.279833,-26.416,5.9,-1403,0.039900000000000005,36.5,0.05,26.1,116.5,-0.18,0.29
103329,1899069,10.279833,-26.415833,6.,-1403,0.039900000000000005,36.5,0.05,26.1,116.5,-0.17,0.29
103329,1899076,10.279833,-26.415667,6.,-1403,0.039900000000000005,36.5,0.05,26.1,116.5,-0.17,0.29
103329,1899079,10.28,-26.4155,6.,-1402,0.039900000000000005,36.5,0.05,26.1,116.5,-0.17,0.29
103329,1899085,10.279833,-26.415333,5.9,-1402,0.039900000000000005,36.5,0.05,26.1,116.5,-0.17,0.29
103329,1899086,10.279833,-26.415333,5.9,-1402,0.039900000000000005,36.5,0.05,26.1,116.5,-0.17,0.29
103329,1899089,10.279833,-26.415333,5.8,-1402,0.039900000000000005,36.5,0.05,26.1,116.5,-0.17,0.29
103329,1899091,10.279833,-26.415167,5.8,-1402,0.039900000000000005,36.5,0.05,26.1,116.5,-0.17,0.29
103329,1899099,10.279833,-26.415,5.8,-1402,0.039900000000000005,36.5,0.05,26.1,116.5,-0.17,0.29
103329,1899112,10.28,-26.414667,5.8,-1402,0.039900000000000005,36.5,0.05,26.1,116.5,-0.17,0.29
103329,1899151,10.279833,-26.413333,6.5,-1402,0.0398,36.5,0.05,26.1,116.60000000000001,-0.17,0.29
103329,1899212,10.279833,-26.411333,6.9,-1402,0.0398,36.5,0.05,26.1,116.7,-0.17,0.29
103329,1899222,10.279833,-26.411,6.7,-1402,0.0398,36.5,0.05,26.1,116.7,-0.17,0.29
103329,1899232,10.279833,-26.410833,6.5,-1402,0.0398,36.5,0.05,26.1,116.7,-0.17,0.29
103329,1899272,10.279833,-26.409667,6.3,-1402,0.0397,36.5,0.05,26.1,116.80000000000001,-0.17,0.3
103329,1899283,10.279833,-26.409333,6.3,-1402,0.0397,36.5,0.05,26.1,116.80000000000001,-0.17,0.3
103329,1899292,10.28,-26.409,6.4,-1402,0.0397,36.5,0.05,26.1,116.80000000000001,-0.17,0.3
103329,1899302,10.28,-26.408667,6.4,-1402,0.0397,36.5,0.05,26.1,116.80000000000001,-0.17,0.3
103329,1899322,10.28,-26.408167,6.4,-1402,0.0397,36.5,0.05,26.1,116.80000000000001,-0.17,0.3
103329,1899332,10.28,-26.407833,6.3,-1402,0.0397,36.5,0.05,26.1,116.9,-0.17,0.3
103329,1899365,10.28,-26.406833,6.2,-1402,0.0396,36.5,0.05,26.1,116.9,-0.17,0.3
103329,1899402,10.279833,-26.405833,6.2,-1402,0.0396,36.5,0.05,26.1,117.,-0.17,0.3
103329,1899472,10.28,-26.403667,6.5,-1402,0.0395,36.5,0.05,26.1,117.10000000000001,-0.17,0.3
103329,1899639,10.279833,-26.3985,6.5,-1402,0.039400000000000004,36.5,0.05,26.1,117.4,-0.17,0.31
103329,1899840,10.280167,-26.392333,6.6,-1401,0.0392,36.5,0.05,26.,118.10000000000001,-0.17,0.31
103329,1901304,10.279333,-26.348,5.7,-1400,0.0408,36.5,0.04,26.,122.9,-0.15,0.34
103329,1901613,10.278,-26.3415,3.2,-1399,0.040600000000000004,36.5,0.04,26.,123.7,-0.15,0.35000000000000003
103329,1906623,10.2675,-26.216167,6.4,-1402,0.0388,36.6,0.02,26.,124.,-0.12,0.34
103329,1935343,10.381,-25.988333,11.3,-1373,0.041100000000000005,36.7,-0.01,25.900000000000002,118.,-0.13,0.17
103329,1937253,10.374167,-26.0895,11.3,-1400,0.0383,36.7,0.,26.,119.9,-0.1,0.26
103329,1937622,10.373667,-26.109,11.3,-1397,0.038400000000000004,36.7,0.,26.,119.7,-0.1,0.28
103329,1937672,10.373667,-26.111833,11.2,-1396,0.038400000000000004,36.7,0.,26.,119.60000000000001,-0.1,0.28
103329,1937683,10.373667,-26.112333,11.2,-1396,0.038400000000000004,36.7,0.,26.,119.60000000000001,-0.1,0.28
103329,1937710,10.3735,-26.113833,11.2,-1396,0.038400000000000004,36.7,0.,26.,119.60000000000001,-0.1,0.28
103329,1937711,10.3735,-26.113833,11.2,-1396,0.038400000000000004,36.7,0.,26.,119.60000000000001,-0.1,0.28
103329,1937731,10.3735,-26.115,11.2,-1396,0.038400000000000004,36.7,0.,26.,119.60000000000001,-0.1,0.28
103329,1937732,10.3735,-26.115,11.2,-1396,0.038400000000000004,36.7,0.,26.,119.60000000000001,-0.1,0.28
103329,1937751,10.3735,-26.116,11.2,-1395,0.038400000000000004,36.7,0.,26.,119.60000000000001,-0.1,0.28
103329,1937752,10.3735,-26.116,11.2,-1395,0.038400000000000004,36.7,0.,26.,119.60000000000001,-0.1,0.28
103329,1937763,10.3735,-26.1165,11.1,-1395,0.038400000000000004,36.7,0.,26.,119.60000000000001,-0.1,0.28
103329,1937770,10.3735,-26.117,11.1,-1395,0.038400000000000004,36.7,0.,26.,119.60000000000001,-0.1,0.28
103329,1937771,10.3735,-26.117,11.1,-1395,0.038400000000000004,36.7,0.,26.,119.60000000000001,-0.1,0.28
103329,1937791,10.3735,-26.118167,11.1,-1395,0.038400000000000004,36.7,0.,26.,119.60000000000001,-0.1,0.28
103329,1937792,10.3735,-26.118167,11.1,-1395,0.038400000000000004,36.7,0.,26.,119.60000000000001,-0.1,0.28
103329,1937802,10.3735,-26.118667,11.1,-1395,0.038400000000000004,36.7,0.,26.,119.5,-0.1,0.29
103329,1937803,10.3735,-26.118667,11.1,-1395,0.038400000000000004,36.7,0.,26.,119.5,-0.1,0.29
103329,1937841,10.3735,-26.120833,11.1,-1395,0.0385,36.7,0.,26.,119.5,-0.09,0.29
103329,1937862,10.3735,-26.122,11.2,-1395,0.0385,36.7,0.,26.,119.5,-0.09,0.29
103329,1937863,10.3735,-26.122,11.2,-1395,0.0385,36.7,0.,26.,119.5,-0.09,0.29
103329,1937881,10.373333,-26.122833,11.2,-1394,0.0385,36.7,0.,26.,119.5,-0.09,0.29
103329,1937882,10.373333,-26.122833,11.2,-1394,0.0385,36.7,0.,26.,119.5,-0.09,0.29
103329,1937891,10.373333,-26.123333,11.2,-1394,0.0385,36.7,0.,26.,119.5,-0.09,0.29
103329,1937901,10.373333,-26.124,11.3,-1394,0.0385,36.7,0.,26.,119.5,-0.09,0.29
103329,1937921,10.373333,-26.125,11.3,-1394,0.0385,36.7,0.,26.,119.5,-0.09,0.29
103329,1937922,10.373333,-26.125,11.3,-1394,0.0385,36.7,0.,26.,119.5,-0.09,0.29
103329,1937942,10.373333,-26.126167,11.3,-1394,0.0385,36.7,0.,26.,119.4,-0.09,0.29
103329,1937943,10.373333,-26.126167,11.3,-1394,0.0385,36.7,0.,26.,119.4,-0.09,0.29
103329,1937951,10.373333,-26.126667,11.3,-1394,0.0385,36.7,0.,26.,119.4,-0.09,0.29
103329,1937952,10.373333,-26.126667,11.3,-1394,0.0385,36.7,0.,26.,119.4,-0.09,0.29
103329,1937961,10.373333,-26.127167,11.3,-1394,0.0385,36.7,0.,26.,119.4,-0.09,0.29
103329,1937971,10.373333,-26.127833,11.3,-1394,0.0385,36.7,0.,26.,119.4,-0.09,0.29
103329,1937972,10.373333,-26.127833,11.3,-1394,0.0385,36.7,0.,26.,119.4,-0.09,0.29
103329,1938002,10.373333,-26.1295,11.3,-1393,0.0385,36.7,0.,26.,119.4,-0.09,0.29
103329,1938003,10.373333,-26.1295,11.3,-1393,0.0385,36.7,0.,26.,119.4,-0.09,0.29
103329,1938082,10.373167,-26.133667,11.2,-1393,0.0385,36.7,0.,26.,119.30000000000001,-0.09,0.3
103329,1938181,10.373167,-26.138833,11.1,-1392,0.0386,36.7,0.,26.,119.30000000000001,-0.09,0.3
103329,1938503,10.372833,-26.155833,11.2,-1389,0.0386,36.7,0.01,26.,119.,-0.09,0.31
103329,1940162,10.411667,-26.205833,11.1,-1402,0.0358,36.7,0.01,25.900000000000002,124.60000000000001,-0.08,0.32
103329,1941033,10.425167,-26.170833,11.,-1400,0.037700000000000004,36.7,0.01,25.900000000000002,120.5,-0.08,0.31
103329,1941564,10.428833,-26.143667,10.7,-1375,0.037700000000000004,36.7,0.,26.,119.,-0.09,0.29
103329,1943692,10.444667,-26.033833,11.1,-1369,0.0374,36.7,-0.01,25.900000000000002,118.10000000000001,-0.12,0.19
103329,1943700,10.444833,-26.033333,11.1,-1369,0.0374,36.7,-0.01,25.900000000000002,118.10000000000001,-0.12,0.19
103329,1943701,10.444833,-26.033333,11.1,-1369,0.0374,36.7,-0.01,25.900000000000002,118.10000000000001,-0.12,0.19
103329,1943782,10.445333,-26.029,11.1,-1370,0.0379,36.7,-0.01,25.900000000000002,118.10000000000001,-0.12,0.18
103329,1943801,10.4455,-26.028167,11.1,-1370,0.0379,36.7,-0.01,25.900000000000002,118.10000000000001,-0.12,0.18
103329,1943812,10.4455,-26.0275,11.1,-1370,0.038,36.7,-0.01,25.900000000000002,118.10000000000001,-0.12,0.18
103329,1943822,10.445667,-26.027,11.1,-1370,0.0381,36.7,-0.01,25.900000000000002,118.10000000000001,-0.12,0.18
103329,1943830,10.445667,-26.0265,11.,-1370,0.0381,36.7,-0.01,25.900000000000002,118.10000000000001,-0.12,0.18
103329,1943841,10.445667,-26.026,11.,-1370,0.038200000000000005,36.7,-0.01,25.900000000000002,118.10000000000001,-0.12,0.18
103329,1943849,10.445833,-26.0255,11.,-1370,0.038200000000000005,36.7,-0.01,25.900000000000002,118.10000000000001,-0.12,0.18
103329,1943850,10.445833,-26.0255,11.,-1370,0.038200000000000005,36.7,-0.01,25.900000000000002,118.10000000000001,-0.12,0.18
103329,1943861,10.445833,-26.025167,11.,-1370,0.038200000000000005,36.7,-0.01,25.900000000000002,118.10000000000001,-0.12,0.18
103329,1943882,10.446,-26.024,10.9,-1370,0.038400000000000004,36.7,-0.01,25.900000000000002,118.10000000000001,-0.13,0.18
103329,1943890,10.446,-26.0235,10.9,-1371,0.038400000000000004,36.7,-0.01,25.900000000000002,118.10000000000001,-0.13,0.18
103329,1943911,10.446167,-26.0225,10.9,-1371,0.0385,36.7,-0.01,25.900000000000002,118.10000000000001,-0.13,0.18
103329,1943921,10.446167,-26.022,10.7,-1371,0.0386,36.7,-0.01,25.900000000000002,118.10000000000001,-0.13,0.18
103329,1943931,10.446333,-26.0215,10.7,-1371,0.0386,36.7,-0.01,25.900000000000002,118.10000000000001,-0.13,0.18
103329,1943942,10.446333,-26.020833,10.9,-1371,0.038700000000000005,36.7,-0.01,25.900000000000002,118.10000000000001,-0.13,0.18
103329,1944964,10.453167,-25.969167,10.7,-1363,0.0398,36.7,-0.01,25.8,117.2,-0.15,0.11
103329,1945294,10.4555,-25.952167,11.,-1365,0.0393,36.7,-0.01,25.8,116.60000000000001,-0.15,0.09
103329,1946084,10.461333,-25.911833,11.1,-1361,0.0391,36.7,-0.02,25.900000000000002,115.2,-0.17,0.03
103329,1946383,10.463667,-25.896333,11.1,-1362,0.0396,36.7,-0.02,25.900000000000002,114.2,-0.18,0.01
103329,1947333,10.4705,-25.847167,11.1,-1367,0.0395,36.7,-0.02,26.,110.5,-0.19,-0.06
103329,1947673,10.469167,-25.8295,11.,-1357,0.038700000000000005,36.7,-0.01,26.,110.5,-0.2,-0.07
103329,1947805,10.468667,-25.822833,10.7,-1357,0.038700000000000005,36.7,-0.01,26.,110.80000000000001,-0.2,-0.08
103329,1948832,10.465833,-25.8085,0.6,-1357,0.038700000000000005,36.7,-0.01,26.,111.5,-0.2,-0.09
103329,1949143,10.465,-25.8095,0.8,-1356,0.0386,36.7,-0.01,26.,111.5,-0.2,-0.09
103329,1973540,10.415,-26.159333,4.3,-1400,0.0385,36.7,0.01,26.,120.2,-0.07,0.28
103329,1974586,10.410667,-26.183333,5.,-1402,0.037700000000000004,36.7,0.01,25.900000000000002,122.9,-0.07,0.29
103329,1977183,10.376,-26.208333,4.3,-1401,0.038400000000000004,36.6,0.02,26.,125.,-0.07,0.3
103329,1977862,10.364667,-26.205,4.,-1401,0.038900000000000004,36.6,0.02,26.,124.30000000000001,-0.08,0.3
103329,1978011,10.3625,-26.204,1.9,-1401,0.038900000000000004,36.6,0.02,26.,124.10000000000001,-0.08,0.3
103329,1978511,10.355,-26.199167,3.8,-1401,0.0388,36.6,0.02,26.,123.4,-0.08,0.29
103329,1979134,10.351167,-26.187167,5.,-1401,0.038700000000000005,36.7,0.02,26.,122.2,-0.08,0.29
103329,1979334,10.351333,-26.181833,5.7,-1401,0.038700000000000005,36.7,0.02,26.,121.7,-0.08,0.29
103329,1979664,10.351833,-26.173333,5.7,-1401,0.0386,36.7,0.01,26.,120.9,-0.08,0.29
103329,1980703,10.352,-26.145833,6.,-1386,0.0385,36.7,0.01,26.,120.4,-0.08,0.28
103329,1981440,10.353167,-26.127167,5.1,-1391,0.038400000000000004,36.7,0.01,26.1,121.30000000000001,-0.08,0.26
103329,1981602,10.3535,-26.123,5.3,-1391,0.0385,36.7,0.01,26.1,121.5,-0.08,0.26
103329,1981603,10.3535,-26.123,5.3,-1391,0.0385,36.7,0.01,26.1,121.5,-0.08,0.26
103329,1981630,10.3535,-26.122333,5.,-1392,0.0385,36.7,0.01,26.1,121.5,-0.08,0.26
103329,1981631,10.3535,-26.122333,5.,-1392,0.0385,36.7,0.01,26.1,121.5,-0.08,0.26
103329,1981691,10.353667,-26.121,4.8,-1392,0.0385,36.7,0.01,26.1,121.60000000000001,-0.08,0.26
103329,1981701,10.353667,-26.120667,5.,-1392,0.0385,36.7,0.01,26.1,121.60000000000001,-0.08,0.26
103329,1981702,10.353667,-26.120667,5.,-1392,0.0385,36.7,0.01,26.1,121.60000000000001,-0.08,0.26
103329,1981703,10.353667,-26.120667,5.,-1392,0.0385,36.7,0.01,26.1,121.60000000000001,-0.08,0.26
103329,1981722,10.353667,-26.120167,5.3,-1392,0.0385,36.7,0.01,26.1,121.7,-0.08,0.26
103329,1981730,10.353667,-26.119833,5.6,-1392,0.0385,36.7,0.01,26.1,121.7,-0.08,0.26
103329,1981731,10.353667,-26.119833,5.6,-1392,0.0385,36.7,0.01,26.1,121.7,-0.08,0.26
103329,1981741,10.353667,-26.119667,5.7,-1392,0.0385,36.7,0.01,26.1,121.7,-0.08,0.26
103329,1981762,10.3535,-26.119,5.8,-1392,0.0385,36.7,0.01,26.1,121.7,-0.08,0.26
103329,1981783,10.3535,-26.1185,5.7,-1392,0.0385,36.7,0.01,26.1,121.7,-0.08,0.26
103329,1981810,10.3535,-26.117833,5.3,-1393,0.0385,36.7,0.01,26.1,121.80000000000001,-0.08,0.26
103329,1981811,10.3535,-26.117833,5.3,-1393,0.0385,36.7,0.01,26.1,121.80000000000001,-0.08,0.26
103329,1981821,10.3535,-26.1175,5.1,-1393,0.0385,36.7,0.01,26.1,121.80000000000001,-0.08,0.26
103329,1981871,10.3535,-26.116333,4.9,-1393,0.0385,36.7,0.01,26.1,121.80000000000001,-0.08,0.26
103329,1981881,10.3535,-26.116167,4.9,-1393,0.0385,36.7,0.01,26.1,121.9,-0.08,0.26
103329,1981891,10.3535,-26.115833,5.,-1393,0.0385,36.7,0.01,26.1,121.9,-0.08,0.26
103329,1981892,10.3535,-26.115833,5.,-1393,0.0385,36.7,0.01,26.1,121.9,-0.08,0.26
103329,1981911,10.3535,-26.115333,5.1,-1393,0.0385,36.7,0.01,26.1,121.9,-0.08,0.26
103329,1981912,10.3535,-26.115333,5.1,-1393,0.0385,36.7,0.01,26.1,121.9,-0.08,0.26
103329,1981931,10.3535,-26.114833,5.,-1393,0.0385,36.7,0.01,26.1,121.9,-0.08,0.26
103329,1981941,10.3535,-26.114667,5.,-1393,0.0385,36.7,0.01,26.1,121.9,-0.08,0.26
103329,1981991,10.3535,-26.113333,5.3,-1394,0.0385,36.7,0.01,26.1,122.,-0.08,0.25
103329,1981992,10.3535,-26.113333,5.3,-1394,0.0385,36.7,0.01,26.1,122.,-0.08,0.25
103329,1982011,10.353333,-26.112833,5.5,-1394,0.0385,36.7,0.01,26.1,122.,-0.08,0.25
103329,1982112,10.353,-26.110167,5.9,-1394,0.0385,36.7,0.01,26.1,122.2,-0.08,0.25
103329,1982221,10.352333,-26.107167,5.1,-1395,0.0385,36.7,0.01,26.1,122.30000000000001,-0.08,0.25
103329,1982872,10.3505,-26.093667,5.2,-1398,0.0385,36.7,0.01,26.1,123.,-0.08,0.24
103329,1983373,10.351,-26.0805,5.7,-1373,0.0393,36.7,0.,26.1,123.7,-0.08,0.23
103329,1984181,10.354,-26.058667,5.8,-1380,0.0393,36.7,0.,26.,123.30000000000001,-0.09,0.22
103329,1985485,10.361,-26.0265,5.5,-1391,0.040400000000000005,36.7,0.,26.,123.,-0.1,0.19
103329,1987390,10.374667,-25.985833,4.9,-1374,0.0413,36.7,0.,25.900000000000002,122.4,-0.11,0.15
103329,1987471,10.374833,-25.984,4.9,-1374,0.0413,36.7,0.,25.900000000000002,122.2,-0.11,0.15
103329,1987671,10.375167,-25.979167,5.2,-1376,0.0408,36.7,0.,25.900000000000002,121.9,-0.11,0.14
103329,1987680,10.375167,-25.978833,5.5,-1376,0.0408,36.7,0.,25.900000000000002,121.9,-0.11,0.14
103329,1987700,10.375333,-25.978333,5.6,-1376,0.0408,36.7,0.,25.900000000000002,121.9,-0.11,0.14
103329,1987720,10.375333,-25.977833,5.2,-1376,0.0408,36.7,0.,25.900000000000002,121.80000000000001,-0.11,0.14
103329,1987731,10.375333,-25.977667,5.1,-1376,0.0408,36.7,0.,25.900000000000002,121.80000000000001,-0.11,0.14
103329,1987748,10.375333,-25.977167,5.,-1377,0.0408,36.7,0.,25.900000000000002,121.80000000000001,-0.11,0.14
103329,1987760,10.375333,-25.977,4.9,-1377,0.0407,36.7,0.,25.900000000000002,121.80000000000001,-0.11,0.14
103329,1987851,10.3755,-25.975,4.6,-1377,0.0407,36.7,0.,25.900000000000002,121.7,-0.11,0.14
103329,1989834,10.380833,-25.9275,6.,-1393,0.040100000000000004,36.6,0.,25.900000000000002,118.7,-0.13,0.07
103329,2020390,10.342167,-24.802667,10.9,-1340,0.042800000000000005,36.5,0.04,26.3,112.5,-0.49,-0.28
103329,2020391,10.342167,-24.802667,10.9,-1340,0.042800000000000005,36.5,0.04,26.3,112.5,-0.49,-0.28
103329,2020400,10.342,-24.802167,10.9,-1340,0.042800000000000005,36.5,0.04,26.3,112.5,-0.49,-0.28
103329,2021723,10.318667,-24.738,11.1,-1333,0.0437,36.5,0.04,26.3,110.5,-0.5,-0.24
103329,2022173,10.311,-24.716,10.7,-1329,0.045000000000000005,36.5,0.04,26.3,109.4,-0.5,-0.22
103329,2023034,10.2965,-24.674,11.1,-1321,0.0444,36.5,0.05,26.3,108.7,-0.49,-0.19
103329,2025503,10.251833,-24.550667,11.1,-1347,0.0414,36.5,0.05,26.3,107.80000000000001,-0.47000000000000003,-0.12
103329,2025834,10.246167,-24.534167,11.1,-1319,0.0415,36.5,0.05,26.3,108.,-0.47000000000000003,-0.11
103329,2025980,10.2435,-24.526667,11.1,-1318,0.041600000000000005,36.5,0.05,26.3,108.10000000000001,-0.47000000000000003,-0.11
103329,2026100,10.241333,-24.520833,11.,-1318,0.0417,36.5,0.05,26.200000000000003,108.2,-0.47000000000000003,-0.11
103329,2026101,10.241333,-24.520833,11.,-1318,0.0417,36.5,0.05,26.200000000000003,108.2,-0.47000000000000003,-0.11
103329,2026160,10.2405,-24.517833,11.1,-1318,0.0417,36.5,0.05,26.200000000000003,108.30000000000001,-0.47000000000000003,-0.11
103329,2026161,10.2405,-24.517833,11.1,-1318,0.0417,36.5,0.05,26.200000000000003,108.30000000000001,-0.47000000000000003,-0.11
103329,2026211,10.239667,-24.515333,11.1,-1318,0.041800000000000004,36.5,0.05,26.200000000000003,108.30000000000001,-0.47000000000000003,-0.11
103329,2026212,10.239667,-24.515333,11.1,-1318,0.041800000000000004,36.5,0.05,26.200000000000003,108.30000000000001,-0.47000000000000003,-0.11
103329,2026220,10.2395,-24.514833,11.1,-1317,0.041800000000000004,36.5,0.05,26.200000000000003,108.30000000000001,-0.47000000000000003,-0.11
103329,2026221,10.2395,-24.514833,11.1,-1317,0.041800000000000004,36.5,0.05,26.200000000000003,108.30000000000001,-0.47000000000000003,-0.11
103329,2026231,10.2395,-24.514333,11.1,-1317,0.041800000000000004,36.5,0.05,26.200000000000003,108.30000000000001,-0.47000000000000003,-0.11
103329,2026232,10.2395,-24.514333,11.1,-1317,0.041800000000000004,36.5,0.05,26.200000000000003,108.30000000000001,-0.47000000000000003,-0.11
103329,2026272,10.238833,-24.512333,11.,-1317,0.041800000000000004,36.5,0.05,26.200000000000003,108.30000000000001,-0.46,-0.11
103329,2026311,10.238167,-24.510333,11.,-1317,0.041800000000000004,36.5,0.05,26.200000000000003,108.30000000000001,-0.46,-0.1
103329,2026312,10.238167,-24.510333,11.,-1317,0.041800000000000004,36.5,0.05,26.200000000000003,108.30000000000001,-0.46,-0.1
103329,2026332,10.238,-24.5095,11.,-1317,0.0419,36.5,0.05,26.200000000000003,108.4,-0.46,-0.1
103329,2026372,10.237333,-24.5075,11.,-1317,0.0419,36.5,0.05,26.200000000000003,108.4,-0.46,-0.1
103329,2026392,10.236833,-24.5065,11.,-1317,0.0419,36.5,0.05,26.200000000000003,108.4,-0.46,-0.1
103329,2026421,10.236333,-24.505,11.,-1316,0.0419,36.5,0.05,26.200000000000003,108.4,-0.46,-0.1
103329,2026431,10.236167,-24.5045,11.,-1316,0.0419,36.5,0.05,26.200000000000003,108.4,-0.46,-0.1
103329,2026432,10.236167,-24.5045,11.,-1316,0.0419,36.5,0.05,26.200000000000003,108.4,-0.46,-0.1
103329,2026452,10.235833,-24.5035,11.,-1316,0.0419,36.5,0.05,26.200000000000003,108.4,-0.46,-0.1
103329,2026520,10.2345,-24.500167,11.,-1316,0.042,36.5,0.05,26.200000000000003,108.4,-0.46,-0.1
103329,2026521,10.2345,-24.500167,11.,-1316,0.042,36.5,0.05,26.200000000000003,108.4,-0.46,-0.1
103329,2026561,10.233833,-24.498333,11.,-1338,0.0398,36.5,0.05,26.200000000000003,108.4,-0.46,-0.1
103329,2026643,10.2325,-24.4945,11.,-1337,0.039900000000000005,36.5,0.05,26.200000000000003,108.4,-0.46,-0.1
103329,2026963,10.226667,-24.478833,11.,-1334,0.040400000000000005,36.5,0.05,26.200000000000003,108.4,-0.46,-0.09
103329,2027954,10.209167,-24.429833,11.,-1324,0.040100000000000004,36.4,0.05,26.200000000000003,109.30000000000001,-0.46,-0.07
103329,2028313,10.202833,-24.412333,11.1,-1317,0.0405,36.4,0.05,26.200000000000003,109.80000000000001,-0.45,-0.07
103329,2030741,10.133,-24.307833,11.2,-1333,0.038700000000000005,36.4,0.04,26.200000000000003,109.60000000000001,-0.46,-0.03
103329,2031373,10.112333,-24.2815,11.1,-1326,0.0391,36.4,0.04,26.200000000000003,108.2,-0.47000000000000003,-0.02
103329,2033140,10.055167,-24.208,6.7,-1296,0.0417,36.4,0.03,26.200000000000003,106.10000000000001,-0.47000000000000003,0.02
103329,2033207,10.055167,-24.207,3.5,-1295,0.0417,36.4,0.03,26.200000000000003,106.10000000000001,-0.47000000000000003,0.02
103329,2036864,10.06,-24.1945,0.8,-1288,0.041600000000000005,36.4,0.03,26.200000000000003,106.30000000000001,-0.47000000000000003,0.02
103329,2059762,10.254833,-24.470333,5.3,-1343,0.0388,36.5,0.05,26.200000000000003,108.7,-0.44,-0.11
103329,2060473,10.260167,-24.4855,5.9,-1343,0.038400000000000004,36.5,0.05,26.200000000000003,108.60000000000001,-0.44,-0.12
103329,2061280,10.267167,-24.5025,2.9,-1335,0.0405,36.5,0.05,26.200000000000003,108.30000000000001,-0.44,-0.12
103329,2062282,10.2765,-24.5245,5.6,-1336,0.040400000000000005,36.5,0.05,26.200000000000003,108.,-0.44,-0.13
103329,2063674,10.288333,-24.559167,5.9,-1338,0.0424,36.5,0.05,26.200000000000003,107.7,-0.45,-0.15
103329,2063892,10.290167,-24.564833,6.2,-1338,0.0424,36.5,0.05,26.200000000000003,107.7,-0.45,-0.15
103329,2066187,10.3155,-24.618833,2.3,-1327,0.0432,36.5,0.05,26.3,107.7,-0.45,-0.18
103329,2066320,10.3165,-24.621167,3.5,-1327,0.0432,36.5,0.05,26.3,107.7,-0.45,-0.18
103329,2067660,10.329,-24.649667,4.8,-1331,0.0439,36.5,0.05,26.3,108.10000000000001,-0.45,-0.2
103329,2067943,10.331833,-24.657,5.9,-1332,0.0438,36.5,0.05,26.3,108.30000000000001,-0.45,-0.21
103329,2068533,10.336167,-24.6685,6.,-1334,0.043500000000000004,36.5,0.05,26.3,108.7,-0.45,-0.21
103329,2069893,10.347167,-24.696833,4.8,-1338,0.0436,36.5,0.05,26.3,109.4,-0.45,-0.23
103329,2069988,10.348333,-24.699333,6.,-1338,0.0436,36.5,0.05,26.3,109.5,-0.45,-0.23
103329,2069989,10.348333,-24.699333,6.,-1338,0.0436,36.5,0.05,26.3,109.5,-0.45,-0.23
103329,2070009,10.3485,-24.699667,5.7,-1338,0.0436,36.5,0.05,26.3,109.5,-0.45,-0.23
103329,2070012,10.3485,-24.699833,5.6,-1338,0.0436,36.5,0.05,26.3,109.5,-0.45,-0.23
103329,2070013,10.3485,-24.699833,5.6,-1338,0.0436,36.5,0.05,26.3,109.5,-0.45,-0.23
103329,2070015,10.3485,-24.699833,5.5,-1338,0.0436,36.5,0.05,26.3,109.5,-0.45,-0.23
103329,2070016,10.3485,-24.699833,5.5,-1338,0.0436,36.5,0.05,26.3,109.5,-0.45,-0.23
103329,2070032,10.348667,-24.700333,5.3,-1338,0.0436,36.5,0.05,26.3,109.5,-0.45,-0.23
103329,2070038,10.348833,-24.7005,5.3,-1338,0.0436,36.5,0.05,26.3,109.5,-0.45,-0.23
103329,2070062,10.349167,-24.701,5.7,-1338,0.0436,36.5,0.05,26.3,109.5,-0.45,-0.24
103329,2070063,10.349167,-24.701,5.7,-1338,0.0436,36.5,0.05,26.3,109.5,-0.45,-0.24
103329,2070072,10.349167,-24.701333,5.7,-1338,0.0436,36.5,0.05,26.3,109.5,-0.45,-0.24
103329,2070073,10.349167,-24.701333,5.7,-1338,0.0436,36.5,0.05,26.3,109.5,-0.45,-0.24
103329,2070123,10.349833,-24.702667,5.8,-1339,0.0436,36.5,0.05,26.3,109.5,-0.45,-0.24
103329,2070132,10.349833,-24.702833,5.8,-1339,0.0436,36.5,0.05,26.3,109.5,-0.45,-0.24
103329,2070148,10.35,-24.703167,5.7,-1339,0.0436,36.5,0.05,26.3,109.5,-0.45,-0.24
103329,2070149,10.35,-24.703167,5.7,-1339,0.0436,36.5,0.05,26.3,109.5,-0.45,-0.24
103329,2070173,10.350333,-24.703833,5.8,-1339,0.0436,36.5,0.05,26.3,109.60000000000001,-0.45,-0.24
103329,2070192,10.3505,-24.704333,5.8,-1339,0.0436,36.5,0.05,26.3,109.60000000000001,-0.45,-0.24
103329,2070193,10.3505,-24.704333,5.8,-1339,0.0436,36.5,0.05,26.3,109.60000000000001,-0.45,-0.24
103329,2070212,10.350833,-24.704833,5.7,-1339,0.0436,36.5,0.05,26.3,109.60000000000001,-0.45,-0.24
103329,2070222,10.351,-24.705,5.7,-1339,0.0436,36.5,0.05,26.3,109.60000000000001,-0.45,-0.24
103329,2070242,10.351167,-24.7055,5.3,-1339,0.0437,36.5,0.05,26.3,109.60000000000001,-0.45,-0.24
103329,2070243,10.351167,-24.7055,5.3,-1339,0.0437,36.5,0.05,26.3,109.60000000000001,-0.45,-0.24
103329,2070253,10.351167,-24.705833,5.2,-1339,0.0437,36.5,0.05,26.3,109.60000000000001,-0.45,-0.24
103329,2070261,10.351333,-24.706,5.2,-1339,0.0437,36.5,0.05,26.3,109.60000000000001,-0.45,-0.24
103329,2070262,10.351333,-24.706,5.2,-1339,0.0437,36.5,0.05,26.3,109.60000000000001,-0.45,-0.24
103329,2070264,10.351333,-24.706,5.1,-1339,0.0437,36.5,0.05,26.3,109.60000000000001,-0.45,-0.24
103329,2070268,10.351333,-24.706167,5.1,-1339,0.0437,36.5,0.05,26.3,109.60000000000001,-0.45,-0.24
103329,2070269,10.351333,-24.706167,5.1,-1339,0.0437,36.5,0.05,26.3,109.60000000000001,-0.45,-0.24
103329,2070274,10.351333,-24.706333,5.,-1339,0.0437,36.5,0.05,26.3,109.60000000000001,-0.45,-0.24
103329,2070275,10.351333,-24.706333,5.,-1339,0.0437,36.5,0.05,26.3,109.60000000000001,-0.45,-0.24
103329,2070279,10.351333,-24.706333,5.,-1339,0.0437,36.5,0.05,26.3,109.60000000000001,-0.45,-0.24
103329,2070303,10.3515,-24.706833,4.6,-1339,0.0437,36.5,0.05,26.3,109.60000000000001,-0.45,-0.24
103329,2070314,10.3515,-24.707167,4.8,-1339,0.0437,36.5,0.05,26.3,109.60000000000001,-0.45,-0.24
103329,2070315,10.3515,-24.707167,4.8,-1339,0.0437,36.5,0.05,26.3,109.60000000000001,-0.45,-0.24
103329,2070319,10.351667,-24.707167,4.8,-1339,0.0437,36.5,0.05,26.3,109.60000000000001,-0.45,-0.24
103329,2070322,10.351667,-24.707167,4.8,-1339,0.0437,36.5,0.05,26.3,109.60000000000001,-0.45,-0.24
103329,2070342,10.351833,-24.707667,5.2,-1339,0.0437,36.5,0.05,26.3,109.60000000000001,-0.45,-0.24
103329,2070346,10.351833,-24.707833,5.2,-1339,0.0437,36.5,0.05,26.3,109.60000000000001,-0.45,-0.24
103329,2070348,10.352,-24.708,5.2,-1339,0.0437,36.5,0.05,26.3,109.60000000000001,-0.45,-0.24
103329,2070349,10.352,-24.708,5.2,-1339,0.0437,36.5,0.05,26.3,109.60000000000001,-0.45,-0.24
103329,2070353,10.352,-24.708,5.3,-1339,0.0437,36.5,0.05,26.3,109.60000000000001,-0.45,-0.24
103329,2070354,10.352,-24.708167,5.3,-1339,0.0437,36.5,0.05,26.3,109.60000000000001,-0.45,-0.24
103329,2070355,10.352,-24.708167,5.3,-1339,0.0437,36.5,0.05,26.3,109.60000000000001,-0.45,-0.24
103329,2070363,10.352,-24.708333,5.5,-1339,0.0437,36.5,0.05,26.3,109.60000000000001,-0.45,-0.24
103329,2070373,10.352167,-24.708667,5.7,-1339,0.043000000000000003,36.5,0.05,26.3,109.7,-0.45,-0.24
103329,2070381,10.352167,-24.708833,5.8,-1339,0.043000000000000003,36.5,0.05,26.3,109.7,-0.45,-0.24
103329,2070393,10.352333,-24.709167,6.2,-1339,0.043000000000000003,36.5,0.05,26.3,109.7,-0.45,-0.24
103329,2070403,10.3525,-24.7095,6.4,-1339,0.043000000000000003,36.5,0.05,26.3,109.7,-0.45,-0.24
103329,2070423,10.352667,-24.710167,6.4,-1339,0.043000000000000003,36.5,0.05,26.3,109.7,-0.45,-0.24
103329,2070432,10.352833,-24.710333,6.3,-1340,0.043000000000000003,36.5,0.05,26.3,109.7,-0.45,-0.24
103329,2070433,10.352833,-24.710333,6.3,-1340,0.043000000000000003,36.5,0.05,26.3,109.7,-0.45,-0.24
103329,2070532,10.353667,-24.712667,5.2,-1340,0.043000000000000003,36.5,0.05,26.3,109.7,-0.45,-0.24
103329,2070602,10.354333,-24.714833,6.3,-1340,0.043000000000000003,36.5,0.05,26.3,109.80000000000001,-0.45,-0.24
103329,2071140,10.358667,-24.729,5.1,-1342,0.043000000000000003,36.5,0.05,26.3,110.10000000000001,-0.45,-0.25
103329,2073373,10.375,-24.783833,4.6,-1336,0.043000000000000003,36.5,0.05,26.3,110.7,-0.45,-0.29
103329,2078883,10.4125,-24.912833,3.2,-1335,0.041,36.5,0.04,26.3,108.,-0.42,-0.34
103329,2107444,10.357,-24.6035,11.1,-1331,0.043300000000000005,36.5,0.05,26.200000000000003,108.30000000000001,-0.41000000000000003,-0.2
103329,2108731,10.314833,-24.548333,11.4,-1330,0.041800000000000004,36.5,0.05,26.200000000000003,107.60000000000001,-0.42,-0.16
103329,2108771,10.3135,-24.546667,11.3,-1330,0.0417,36.5,0.05,26.200000000000003,107.60000000000001,-0.42,-0.16
103329,2108790,10.312833,-24.545833,11.2,-1330,0.0417,36.5,0.05,26.200000000000003,107.60000000000001,-0.42,-0.16
103329,2108791,10.312833,-24.545833,11.2,-1330,0.0417,36.5,0.05,26.200000000000003,107.60000000000001,-0.42,-0.16
103329,2108821,10.311833,-24.544667,11.2,-1330,0.041600000000000005,36.5,0.05,26.200000000000003,107.60000000000001,-0.42,-0.16
103329,2108841,10.311167,-24.543833,11.3,-1330,0.041600000000000005,36.5,0.05,26.200000000000003,107.60000000000001,-0.42,-0.16
103329,2108852,10.310667,-24.543333,11.4,-1331,0.0415,36.5,0.05,26.200000000000003,107.60000000000001,-0.42,-0.16
103329,2108911,10.308667,-24.540833,11.4,-1331,0.042100000000000005,36.5,0.05,26.200000000000003,107.60000000000001,-0.42,-0.16
103329,2108940,10.307667,-24.539667,11.3,-1331,0.042,36.5,0.05,26.200000000000003,107.60000000000001,-0.42,-0.16
103329,2108941,10.307667,-24.539667,11.3,-1331,0.042,36.5,0.05,26.200000000000003,107.60000000000001,-0.42,-0.16
103329,2109000,10.305667,-24.537333,11.,-1331,0.041800000000000004,36.5,0.05,26.200000000000003,107.60000000000001,-0.42,-0.16
103329,2109011,10.305333,-24.536833,11.,-1331,0.041800000000000004,36.5,0.05,26.200000000000003,107.60000000000001,-0.42,-0.16
103329,2109052,10.304,-24.535333,11.1,-1331,0.0417,36.5,0.05,26.200000000000003,107.60000000000001,-0.42,-0.16
103329,2109814,10.278333,-24.504,11.2,-1333,0.0409,36.4,0.05,26.200000000000003,107.9,-0.42,-0.14
103329,2110242,10.2635,-24.486333,11.2,-1344,0.038400000000000004,36.4,0.05,26.200000000000003,108.2,-0.42,-0.13
103329,2110984,10.239,-24.454833,11.4,-1326,0.0393,36.4,0.05,26.200000000000003,108.80000000000001,-0.42,-0.12
103329,2111263,10.230167,-24.443,11.2,-1324,0.0398,36.4,0.05,26.200000000000003,108.9,-0.42,-0.11
103329,2112428,10.193333,-24.392833,11.3,-1318,0.0407,36.4,0.05,26.200000000000003,109.9,-0.42,-0.09
103329,2112659,10.186,-24.383167,11.1,-1319,0.0407,36.4,0.05,26.200000000000003,109.80000000000001,-0.42,-0.08
103329,2113788,10.1495,-24.335,11.4,-1302,0.0402,36.4,0.04,26.200000000000003,110.,-0.42,-0.07
103329,2114467,10.128333,-24.305667,11.4,-1332,0.038700000000000005,36.4,0.04,26.200000000000003,109.5,-0.42,-0.05
103329,2114468,10.128333,-24.305667,11.4,-1332,0.038700000000000005,36.4,0.04,26.200000000000003,109.5,-0.42,-0.05
103329,2114528,10.126333,-24.303167,11.4,-1332,0.0386,36.4,0.04,26.200000000000003,109.4,-0.42,-0.05
103329,2114536,10.126167,-24.302667,11.3,-1331,0.0386,36.4,0.04,26.200000000000003,109.30000000000001,-0.42,-0.05
103329,2114537,10.126167,-24.302667,11.3,-1331,0.0386,36.4,0.04,26.200000000000003,109.30000000000001,-0.42,-0.05
103329,2114588,10.1245,-24.3005,11.4,-1331,0.04,36.4,0.04,26.200000000000003,109.2,-0.42,-0.05
103329,2114648,10.122667,-24.297833,11.2,-1330,0.040100000000000004,36.4,0.04,26.200000000000003,109.10000000000001,-0.42,-0.05
103329,2114667,10.122,-24.297,11.3,-1330,0.040100000000000004,36.4,0.04,26.200000000000003,109.10000000000001,-0.42,-0.05
103329,2114678,10.121667,-24.296667,11.3,-1330,0.040100000000000004,36.4,0.04,26.200000000000003,109.10000000000001,-0.42,-0.05
103329,2114687,10.1215,-24.296167,11.3,-1330,0.040100000000000004,36.4,0.04,26.200000000000003,109.,-0.42,-0.05
103329,2114746,10.119667,-24.293667,11.3,-1329,0.0402,36.4,0.04,26.200000000000003,108.9,-0.42,-0.05
103329,2114747,10.119667,-24.293667,11.3,-1329,0.0402,36.4,0.04,26.200000000000003,108.9,-0.42,-0.05
103329,2114767,10.119,-24.292667,11.2,-1329,0.0402,36.4,0.04,26.200000000000003,108.9,-0.42,-0.05
103329,2114787,10.118333,-24.291833,11.1,-1329,0.0402,36.4,0.04,26.200000000000003,108.80000000000001,-0.42,-0.05
103329,2114806,10.117833,-24.291,11.1,-1328,0.038700000000000005,36.4,0.04,26.200000000000003,108.80000000000001,-0.42,-0.05
103329,2114807,10.117833,-24.291,11.1,-1328,0.038700000000000005,36.4,0.04,26.200000000000003,108.80000000000001,-0.42,-0.05
103329,2114818,10.1175,-24.2905,11.1,-1328,0.038700000000000005,36.4,0.04,26.200000000000003,108.80000000000001,-0.42,-0.05
103329,2114968,10.113167,-24.284333,10.7,-1327,0.039,36.4,0.04,26.200000000000003,108.5,-0.42,-0.04
103329,2114977,10.113,-24.283833,10.9,-1327,0.039,36.4,0.04,26.200000000000003,108.4,-0.42,-0.04
103329,2114987,10.112667,-24.2835,11.,-1327,0.039,36.4,0.04,26.200000000000003,108.4,-0.42,-0.04
103329,2114988,10.112667,-24.2835,11.,-1327,0.039,36.4,0.04,26.200000000000003,108.4,-0.42,-0.04
103329,2117509,10.036333,-24.176833,3.5,-1278,0.0422,36.4,0.03,26.1,106.2,-0.42,0.
103329,2118670,10.032333,-24.172,0.9,-1275,0.0422,36.4,0.03,26.1,106.10000000000001,-0.42,0.
103329,2120220,10.028,-24.167,0.5,-1272,0.042100000000000005,36.4,0.03,26.1,106.,-0.42,0.01
103329,2147088,10.244833,-24.416,5.7,-1340,0.0386,36.4,0.05,26.200000000000003,109.,-0.39,-0.12
103329,2148380,10.267667,-24.4415,6.,-1343,0.0379,36.4,0.05,26.200000000000003,108.10000000000001,-0.39,-0.14
103329,2149086,10.278833,-24.453333,2.5,-1343,0.0376,36.4,0.05,26.200000000000003,107.9,-0.39,-0.14
103329,2149289,10.281,-24.455667,4.9,-1343,0.0375,36.4,0.05,26.200000000000003,107.9,-0.39,-0.14
103329,2149540,10.2855,-24.461,5.8,-1344,0.0398,36.4,0.05,26.200000000000003,107.80000000000001,-0.39,-0.15
103329,2149828,10.289667,-24.4665,4.6,-1345,0.0397,36.4,0.05,26.200000000000003,107.80000000000001,-0.39,-0.15
103329,2150562,10.3005,-24.481667,3.3,-1347,0.0397,36.4,0.05,26.200000000000003,107.9,-0.39,-0.16
103329,2150910,10.305,-24.486333,5.2,-1348,0.0402,36.5,0.05,26.200000000000003,107.80000000000001,-0.39,-0.16
103329,2151718,10.317,-24.499333,3.6,-1351,0.0415,36.5,0.05,26.200000000000003,107.60000000000001,-0.39,-0.17
103329,2152018,10.321,-24.505333,5.7,-1325,0.040400000000000005,36.5,0.05,26.200000000000003,107.5,-0.39,-0.17
103329,2152266,10.324833,-24.510667,5.5,-1325,0.0409,36.5,0.05,26.200000000000003,107.5,-0.39,-0.17
103329,2153209,10.342167,-24.528,6.,-1349,0.0431,36.5,0.05,26.200000000000003,107.4,-0.38,-0.18
103329,2153328,10.3445,-24.530833,6.4,-1348,0.0432,36.5,0.05,26.200000000000003,107.4,-0.38,-0.18
103329,2155449,10.374333,-24.571333,4.4,-1340,0.043300000000000005,36.5,0.05,26.200000000000003,107.60000000000001,-0.38,-0.2
103329,2156828,10.389667,-24.596833,4.,-1333,0.043300000000000005,36.5,0.05,26.200000000000003,108.60000000000001,-0.37,-0.21
103329,2158289,10.410833,-24.626833,5.6,-1339,0.0436,36.5,0.05,26.200000000000003,109.2,-0.37,-0.23
103329,2158313,10.411167,-24.6275,5.5,-1339,0.043500000000000004,36.5,0.05,26.200000000000003,109.10000000000001,-0.37,-0.23
103329,2158406,10.4125,-24.629333,5.3,-1339,0.043500000000000004,36.5,0.05,26.200000000000003,109.10000000000001,-0.37,-0.23
103329,2158407,10.4125,-24.629333,5.3,-1339,0.043500000000000004,36.5,0.05,26.200000000000003,109.10000000000001,-0.37,-0.23
103329,2158436,10.412833,-24.630167,5.8,-1339,0.043500000000000004,36.5,0.05,26.200000000000003,109.10000000000001,-0.37,-0.23
103329,2158437,10.412833,-24.630167,5.8,-1339,0.043500000000000004,36.5,0.05,26.200000000000003,109.10000000000001,-0.37,-0.23
103329,2158467,10.4135,-24.631167,6.9,-1340,0.043500000000000004,36.5,0.05,26.200000000000003,109.10000000000001,-0.37,-0.23
103329,2158522,10.414333,-24.631833,3.9,-1340,0.043500000000000004,36.5,0.05,26.200000000000003,109.,-0.37,-0.23
103329,2158523,10.414333,-24.631833,3.9,-1340,0.043500000000000004,36.5,0.05,26.200000000000003,109.,-0.37,-0.23
103329,2158556,10.4145,-24.631833,2.3,-1340,0.043500000000000004,36.5,0.05,26.200000000000003,109.,-0.37,-0.23
103329,2158559,10.4145,-24.632,2.3,-1340,0.0434,36.5,0.05,26.200000000000003,109.,-0.37,-0.23
103329,2158560,10.4145,-24.632,2.3,-1340,0.0434,36.5,0.05,26.200000000000003,109.,-0.37,-0.23
103329,2158563,10.4145,-24.631833,2.2,-1340,0.043500000000000004,36.5,0.05,26.200000000000003,109.,-0.37,-0.23
103329,2158592,10.414833,-24.632,1.9,-1340,0.0434,36.5,0.05,26.200000000000003,109.,-0.37,-0.23
103329,2158597,10.414833,-24.632,1.8,-1340,0.0434,36.5,0.05,26.200000000000003,109.,-0.37,-0.23
103329,2158599,10.414833,-24.632,1.8,-1340,0.0434,36.5,0.05,26.200000000000003,109.,-0.37,-0.23
103329,2158613,10.414833,-24.631833,1.5,-1340,0.043500000000000004,36.5,0.05,26.200000000000003,109.,-0.37,-0.23
103329,2158622,10.414833,-24.631833,1.3,-1340,0.043500000000000004,36.5,0.05,26.200000000000003,109.,-0.37,-0.23
103329,2158653,10.415,-24.632,1.,-1340,0.0434,36.5,0.05,26.200000000000003,109.,-0.37,-0.23
103329,2158657,10.415,-24.632,1.,-1340,0.0434,36.5,0.05,26.200000000000003,109.,-0.37,-0.23
103329,2158659,10.415,-24.632,1.,-1340,0.0434,36.5,0.05,26.200000000000003,109.,-0.37,-0.23
103329,2158660,10.415,-24.632,1.,-1340,0.0434,36.5,0.05,26.200000000000003,109.,-0.37,-0.23
103329,2158663,10.415,-24.632,1.,-1340,0.0434,36.5,0.05,26.200000000000003,109.,-0.37,-0.23
103329,2158665,10.415,-24.632,1.,-1340,0.0434,36.5,0.05,26.200000000000003,109.,-0.37,-0.23
103329,2158676,10.415,-24.632,0.9,-1340,0.0434,36.5,0.05,26.200000000000003,109.,-0.37,-0.23
103329,2158677,10.415,-24.632,0.9,-1340,0.0434,36.5,0.05,26.200000000000003,109.,-0.37,-0.23
103329,2158722,10.415,-24.6325,1.7,-1340,0.0434,36.5,0.05,26.200000000000003,109.,-0.37,-0.23
103329,2158725,10.415,-24.6325,1.8,-1340,0.0434,36.5,0.05,26.200000000000003,109.,-0.37,-0.23
103329,2158739,10.415,-24.632833,2.6,-1340,0.0434,36.5,0.05,26.200000000000003,109.,-0.37,-0.23
103329,2158740,10.415,-24.632833,2.6,-1340,0.0434,36.5,0.05,26.200000000000003,109.,-0.37,-0.23
103329,2158752,10.415,-24.633167,3.3,-1340,0.0434,36.5,0.05,26.200000000000003,109.,-0.37,-0.23
103329,2158753,10.415,-24.633167,3.3,-1340,0.0434,36.5,0.05,26.200000000000003,109.,-0.37,-0.23
103329,2158763,10.415,-24.6335,3.8,-1340,0.0434,36.5,0.05,26.200000000000003,109.,-0.37,-0.23
103329,2158785,10.415167,-24.634,3.9,-1340,0.0434,36.5,0.05,26.200000000000003,109.,-0.37,-0.23
103329,2158837,10.416,-24.635167,5.2,-1341,0.0434,36.5,0.05,26.200000000000003,108.9,-0.37,-0.23
103329,2158845,10.416,-24.635333,5.6,-1341,0.0434,36.5,0.05,26.200000000000003,108.9,-0.37,-0.23
103329,2158896,10.416833,-24.6365,5.2,-1337,0.0431,36.5,0.05,26.200000000000003,108.9,-0.37,-0.23
103329,2158897,10.416833,-24.6365,5.2,-1337,0.0431,36.5,0.05,26.200000000000003,108.9,-0.37,-0.23
103329,2158917,10.417,-24.636833,5.,-1337,0.0431,36.5,0.05,26.200000000000003,108.9,-0.37,-0.23
103329,2162076,10.430833,-24.712333,5.,-1346,0.0432,36.5,0.05,26.200000000000003,110.2,-0.37,-0.27
103329,2189538,10.417333,-24.8735,11.2,-1329,0.0424,36.4,0.05,26.200000000000003,107.2,-0.36,-0.35000000000000003
103329,2190609,10.417167,-24.816,11.2,-1342,0.0424,36.4,0.05,26.200000000000003,107.80000000000001,-0.37,-0.33
103329,2191609,10.418333,-24.763167,11.2,-1342,0.0436,36.4,0.05,26.200000000000003,109.,-0.37,-0.31
103329,2192989,10.4165,-24.689333,11.2,-1338,0.043300000000000005,36.5,0.05,26.200000000000003,109.80000000000001,-0.36,-0.27
103329,2193139,10.416333,-24.681333,11.1,-1337,0.0434,36.5,0.05,26.200000000000003,109.60000000000001,-0.36,-0.26
103329,2194029,10.396667,-24.6405,11.3,-1339,0.043300000000000005,36.5,0.05,26.200000000000003,110.2,-0.36,-0.24
103329,2194280,10.388667,-24.63,11.2,-1337,0.0434,36.5,0.05,26.200000000000003,109.4,-0.36,-0.23
103329,2195330,10.356333,-24.584333,11.4,-1329,0.0432,36.5,0.05,26.200000000000003,107.2,-0.37,-0.21
103329,2196698,10.313833,-24.525667,11.1,-1328,0.0413,36.4,0.05,26.200000000000003,106.9,-0.37,-0.18
103329,2196946,10.305833,-24.515167,11.2,-1329,0.0403,36.4,0.05,26.200000000000003,107.,-0.37,-0.18
103329,2196987,10.3045,-24.513333,11.2,-1329,0.040100000000000004,36.4,0.05,26.200000000000003,107.10000000000001,-0.37,-0.18
103329,2197006,10.304,-24.5125,11.3,-1329,0.040100000000000004,36.4,0.05,26.200000000000003,107.10000000000001,-0.37,-0.18
103329,2197017,10.303667,-24.512167,11.2,-1329,0.04,36.4,0.05,26.200000000000003,107.10000000000001,-0.37,-0.18
103329,2197037,10.302833,-24.511167,11.2,-1329,0.039900000000000005,36.4,0.05,26.200000000000003,107.10000000000001,-0.38,-0.18
103329,2197047,10.302667,-24.510833,11.2,-1329,0.039900000000000005,36.4,0.05,26.200000000000003,107.10000000000001,-0.37,-0.18
103329,2197066,10.302,-24.51,11.2,-1329,0.0398,36.4,0.05,26.200000000000003,107.10000000000001,-0.38,-0.18
103329,2197067,10.302,-24.51,11.2,-1329,0.0398,36.4,0.05,26.200000000000003,107.10000000000001,-0.38,-0.18
103329,2197076,10.301667,-24.5095,11.2,-1329,0.0397,36.4,0.05,26.200000000000003,107.10000000000001,-0.37,-0.18
103329,2197079,10.301667,-24.5095,11.2,-1329,0.0397,36.4,0.05,26.200000000000003,107.10000000000001,-0.37,-0.18
103329,2197117,10.300333,-24.507833,11.2,-1329,0.0396,36.4,0.05,26.200000000000003,107.10000000000001,-0.38,-0.18
103329,2197127,10.300167,-24.5075,11.2,-1329,0.0395,36.4,0.05,26.200000000000003,107.10000000000001,-0.38,-0.17
103329,2197137,10.299667,-24.507,11.3,-1329,0.0395,36.4,0.05,26.200000000000003,107.2,-0.38,-0.17
103329,2197138,10.299667,-24.507,11.3,-1329,0.0395,36.4,0.05,26.200000000000003,107.2,-0.38,-0.17
103329,2197167,10.298667,-24.505667,11.3,-1329,0.0393,36.4,0.05,26.200000000000003,107.2,-0.38,-0.17
103329,2197186,10.298167,-24.504833,11.2,-1329,0.0392,36.4,0.05,26.200000000000003,107.2,-0.38,-0.17
103329,2197187,10.298167,-24.504833,11.2,-1329,0.0392,36.4,0.05,26.200000000000003,107.2,-0.38,-0.17
103329,2197197,10.297667,-24.504333,11.2,-1329,0.0392,36.4,0.05,26.200000000000003,107.2,-0.38,-0.17
103329,2197198,10.297667,-24.504333,11.2,-1329,0.0392,36.4,0.05,26.200000000000003,107.2,-0.38,-0.17
103329,2197217,10.297167,-24.503667,11.2,-1329,0.0391,36.4,0.05,26.200000000000003,107.2,-0.38,-0.17
103329,2197227,10.296833,-24.503167,11.2,-1329,0.039,36.4,0.05,26.200000000000003,107.2,-0.38,-0.17
103329,2197237,10.2965,-24.502833,11.1,-1329,0.039,36.4,0.05,26.200000000000003,107.2,-0.38,-0.17
103329,2197246,10.296167,-24.502333,11.1,-1329,0.038900000000000004,36.4,0.05,26.200000000000003,107.2,-0.38,-0.17
103329,2197247,10.296167,-24.502333,11.1,-1329,0.038900000000000004,36.4,0.05,26.200000000000003,107.2,-0.38,-0.17
103329,2197257,10.295833,-24.501833,11.1,-1329,0.038900000000000004,36.4,0.05,26.200000000000003,107.2,-0.38,-0.17
103329,2197258,10.295833,-24.501833,11.1,-1329,0.038900000000000004,36.4,0.05,26.200000000000003,107.2,-0.38,-0.17
103329,2197267,10.2955,-24.5015,11.1,-1329,0.0388,36.4,0.05,26.200000000000003,107.30000000000001,-0.38,-0.17
103329,2197277,10.295167,-24.501,11.1,-1329,0.0388,36.4,0.05,26.200000000000003,107.30000000000001,-0.38,-0.17
103329,2197287,10.294833,-24.500667,11.1,-1329,0.038700000000000005,36.4,0.05,26.200000000000003,107.30000000000001,-0.38,-0.17
103329,2197317,10.294,-24.499333,11.2,-1348,0.041,36.4,0.05,26.200000000000003,107.30000000000001,-0.38,-0.17
103329,2197318,10.294,-24.499333,11.2,-1348,0.041,36.4,0.05,26.200000000000003,107.30000000000001,-0.38,-0.17
103329,2197327,10.293667,-24.498833,11.2,-1348,0.041,36.4,0.05,26.200000000000003,107.30000000000001,-0.38,-0.17
103329,2197328,10.293667,-24.498833,11.2,-1348,0.041,36.4,0.05,26.200000000000003,107.30000000000001,-0.38,-0.17
103329,2197377,10.292,-24.496667,11.4,-1347,0.0407,36.4,0.05,26.200000000000003,107.4,-0.37,-0.17
103329,2197378,10.292,-24.496667,11.4,-1347,0.0407,36.4,0.05,26.200000000000003,107.4,-0.37,-0.17
103329,2197387,10.291667,-24.496333,11.4,-1347,0.0407,36.4,0.05,26.200000000000003,107.4,-0.38,-0.17
103329,2197406,10.291167,-24.4955,11.3,-1347,0.038700000000000005,36.4,0.05,26.200000000000003,107.4,-0.37,-0.17
103329,2197456,10.2895,-24.493333,11.3,-1347,0.038700000000000005,36.4,0.05,26.200000000000003,107.4,-0.37,-0.17
103329,2197498,10.288167,-24.491667,11.3,-1347,0.038700000000000005,36.4,0.05,26.200000000000003,107.5,-0.37,-0.17
103329,2199139,10.235833,-24.421333,11.4,-1318,0.0408,36.4,0.05,26.1,108.80000000000001,-0.37,-0.14
103329,2200449,10.194667,-24.365333,11.1,-1327,0.0386,36.4,0.05,26.1,109.10000000000001,-0.37,-0.11
103329,2201588,10.184167,-24.307667,11.2,-1283,0.0383,36.4,0.05,26.1,108.80000000000001,-0.36,-0.1
103329,2201779,10.184333,-24.297333,11.3,-1293,0.038700000000000005,36.4,0.05,26.1,108.9,-0.36,-0.1
103329,2203015,10.1835,-24.229667,11.4,-1270,0.0388,36.4,0.05,26.1,109.5,-0.36,-0.09
103329,2203016,10.1835,-24.229667,11.4,-1270,0.0388,36.4,0.05,26.1,109.5,-0.36,-0.09
103329,2203036,10.1835,-24.228333,11.4,-1271,0.0388,36.4,0.05,26.1,109.5,-0.36,-0.09
103329,2203197,10.183333,-24.22,11.1,-1280,0.038900000000000004,36.4,0.05,26.1,109.5,-0.36,-0.09
103329,2203236,10.183167,-24.217833,11.2,-1283,0.038900000000000004,36.4,0.05,26.1,109.5,-0.36,-0.08
103329,2203288,10.183167,-24.216333,11.1,-1284,0.038900000000000004,36.4,0.05,26.1,109.4,-0.36,-0.08
103329,2203860,10.183667,-24.185667,11.6,-1318,0.0391,36.4,0.05,26.1,109.30000000000001,-0.36,-0.08
103329,2204390,10.184667,-24.165,4.9,-1284,0.042,36.4,0.05,26.1,109.10000000000001,-0.35000000000000003,-0.07
103329,2204502,10.186333,-24.163167,3.9,-1285,0.041800000000000004,36.4,0.05,26.1,109.2,-0.35000000000000003,-0.07
103329,2209049,10.203167,-24.157833,1.,-1280,0.040600000000000004,36.4,0.05,26.1,109.4,-0.35000000000000003,-0.08
103329,2231188,10.265833,-24.427,3.7,-1342,0.0385,36.4,0.05,26.1,108.,-0.35000000000000003,-0.16
103329,2233869,10.310333,-24.482833,5.8,-1348,0.04,36.4,0.05,26.200000000000003,107.2,-0.35000000000000003,-0.18
103329,2234179,10.316167,-24.49,6.5,-1349,0.0407,36.4,0.05,26.200000000000003,107.10000000000001,-0.35000000000000003,-0.19
103329,2234777,10.327833,-24.503333,6.4,-1324,0.0407,36.4,0.05,26.200000000000003,106.9,-0.35000000000000003,-0.19
103329,2235118,10.331667,-24.507333,5.2,-1323,0.041100000000000005,36.4,0.05,26.200000000000003,106.80000000000001,-0.35000000000000003,-0.19
103329,2236300,10.351667,-24.534,6.,-1346,0.043300000000000005,36.5,0.05,26.200000000000003,106.60000000000001,-0.34,-0.2
103329,2236579,10.355667,-24.539833,6.3,-1345,0.0434,36.5,0.05,26.200000000000003,106.60000000000001,-0.34,-0.21
103329,2237318,10.365333,-24.552667,5.6,-1342,0.0431,36.5,0.05,26.200000000000003,106.5,-0.34,-0.21
103329,2237389,10.366,-24.553167,2.1,-1342,0.0431,36.5,0.05,26.200000000000003,106.5,-0.34,-0.21
103329,2237738,10.370333,-24.558333,5.9,-1341,0.0432,36.5,0.05,26.200000000000003,106.5,-0.34,-0.21
103329,2238636,10.383,-24.577667,3.3,-1338,0.0429,36.5,0.05,26.200000000000003,107.2,-0.34,-0.22
103329,2238768,10.383667,-24.578833,2.3,-1338,0.0429,36.5,0.05,26.200000000000003,107.2,-0.34,-0.22
103329,2239700,10.390667,-24.597833,4.3,-1333,0.043300000000000005,36.5,0.05,26.200000000000003,108.10000000000001,-0.34,-0.23
103329,2241138,10.4095,-24.618667,5.,-1338,0.0434,36.5,0.05,26.200000000000003,108.60000000000001,-0.33,-0.24
103329,2241238,10.411333,-24.620667,5.2,-1338,0.0434,36.5,0.05,26.200000000000003,108.5,-0.33,-0.24
103329,2245663,10.433833,-24.722667,6.2,-1346,0.0434,36.4,0.05,26.200000000000003,110.2,-0.33,-0.29
103329,2246808,10.436167,-24.753833,6.4,-1341,0.043000000000000003,36.4,0.05,26.200000000000003,108.80000000000001,-0.33,-0.31
103329,2246868,10.436333,-24.755667,6.5,-1341,0.043000000000000003,36.4,0.05,26.200000000000003,108.7,-0.33,-0.31
103329,2246904,10.4365,-24.756667,6.4,-1341,0.043000000000000003,36.4,0.05,26.200000000000003,108.7,-0.33,-0.31
103329,2246957,10.436667,-24.758333,6.6,-1341,0.043000000000000003,36.4,0.05,26.200000000000003,108.60000000000001,-0.33,-0.31
103329,2247001,10.436833,-24.759667,6.4,-1341,0.043000000000000003,36.4,0.05,26.200000000000003,108.5,-0.33,-0.31
103329,2247021,10.436833,-24.760333,6.4,-1341,0.043000000000000003,36.4,0.05,26.200000000000003,108.5,-0.33,-0.31
103329,2247024,10.436833,-24.760333,6.4,-1341,0.043000000000000003,36.4,0.05,26.200000000000003,108.5,-0.33,-0.31
103329,2247026,10.436833,-24.760333,6.4,-1341,0.043000000000000003,36.4,0.05,26.200000000000003,108.5,-0.33,-0.31
103329,2247031,10.437,-24.7605,6.4,-1341,0.043000000000000003,36.4,0.05,26.200000000000003,108.5,-0.33,-0.31
103329,2251059,10.433333,-24.865333,6.,-1329,0.0425,36.4,0.05,26.200000000000003,107.4,-0.32,-0.35000000000000003
103329,2277185,10.404167,-24.619333,11.3,-1337,0.0434,36.5,0.05,26.1,108.9,-0.32,-0.25
103329,2277604,10.390667,-24.601333,11.3,-1334,0.043300000000000005,36.5,0.05,26.1,108.,-0.32,-0.24
103329,2278484,10.363167,-24.563167,11.2,-1342,0.0432,36.4,0.05,26.200000000000003,106.10000000000001,-0.33,-0.23
103329,2278914,10.349667,-24.544833,11.1,-1346,0.042800000000000005,36.4,0.05,26.200000000000003,106.10000000000001,-0.33,-0.22
103329,2279762,10.322167,-24.508667,11.3,-1325,0.0407,36.4,0.05,26.1,106.4,-0.33,-0.2
103329,2279881,10.318333,-24.503667,11.2,-1325,0.0402,36.4,0.05,26.1,106.5,-0.33,-0.2
103329,2279882,10.318333,-24.503667,11.2,-1325,0.0402,36.4,0.05,26.1,106.5,-0.33,-0.2
103329,2279892,10.317833,-24.503167,11.2,-1325,0.040100000000000004,36.4,0.05,26.1,106.5,-0.33,-0.2
103329,2279893,10.317833,-24.503167,11.2,-1325,0.040100000000000004,36.4,0.05,26.1,106.5,-0.33,-0.2
103329,2280235,10.307,-24.489167,10.9,-1348,0.0405,36.4,0.05,26.1,106.80000000000001,-0.33,-0.2
103329,2280983,10.283,-24.457667,11.4,-1344,0.0375,36.4,0.05,26.1,107.4,-0.33,-0.18
103329,2281174,10.277,-24.449333,11.3,-1343,0.037700000000000004,36.4,0.05,26.1,107.5,-0.33,-0.18
103329,2282234,10.2445,-24.403,11.,-1338,0.0392,36.4,0.05,26.1,108.5,-0.33,-0.16
103329,2282424,10.238667,-24.3945,11.3,-1335,0.0392,36.4,0.05,26.1,108.60000000000001,-0.33,-0.16
103329,2283593,10.203833,-24.342333,11.3,-1333,0.039900000000000005,36.4,0.05,26.1,108.7,-0.32,-0.14
103329,2283636,10.202833,-24.340167,11.1,-1334,0.04,36.4,0.05,26.1,108.7,-0.32,-0.14
103329,2284904,10.202667,-24.272,11.4,-1321,0.0383,36.4,0.05,26.1,109.7,-0.31,-0.13
103329,2285503,10.201833,-24.24,11.1,-1258,0.0383,36.4,0.05,26.1,110.5,-0.3,-0.12
103329,2285622,10.201667,-24.233833,11.1,-1265,0.0386,36.4,0.05,26.1,110.4,-0.3,-0.12
103329,2285662,10.2015,-24.2315,11.3,-1268,0.0386,36.4,0.05,26.1,110.4,-0.3,-0.12
103329,2285663,10.2015,-24.2315,11.3,-1268,0.0386,36.4,0.05,26.1,110.4,-0.3,-0.12
103329,2285712,10.201333,-24.228833,11.2,-1271,0.038700000000000005,36.4,0.05,26.1,110.4,-0.3,-0.12
103329,2285723,10.201333,-24.228333,11.2,-1271,0.0388,36.4,0.05,26.1,110.4,-0.3,-0.12
103329,2285732,10.201333,-24.228,11.1,-1272,0.0388,36.4,0.05,26.1,110.4,-0.3,-0.12
103329,2285742,10.201333,-24.227333,11.1,-1272,0.0388,36.4,0.05,26.1,110.4,-0.3,-0.12
103329,2285772,10.2015,-24.225833,11.2,-1274,0.038900000000000004,36.4,0.05,26.1,110.4,-0.3,-0.12
103329,2285783,10.2015,-24.225167,11.2,-1275,0.038900000000000004,36.4,0.05,26.1,110.4,-0.3,-0.12
103329,2285792,10.2015,-24.224667,11.2,-1275,0.038900000000000004,36.4,0.05,26.1,110.4,-0.3,-0.12
103329,2285903,10.201833,-24.218667,11.2,-1282,0.0391,36.4,0.05,26.1,110.30000000000001,-0.3,-0.12
103329,2285904,10.201833,-24.218667,11.2,-1282,0.0391,36.4,0.05,26.1,110.30000000000001,-0.3,-0.12
103329,2285922,10.201833,-24.217833,11.2,-1283,0.0392,36.4,0.05,26.1,110.30000000000001,-0.3,-0.12
103329,2286002,10.202,-24.2135,11.2,-1288,0.0393,36.4,0.05,26.1,110.30000000000001,-0.3,-0.12
103329,2286444,10.203333,-24.19,11.1,-1314,0.039,36.4,0.05,26.1,110.10000000000001,-0.3,-0.11
103329,2287354,10.204,-24.141667,11.3,-1293,0.039400000000000004,36.4,0.05,26.,108.7,-0.3,-0.11
103329,2288533,10.202833,-24.078667,11.4,-1320,0.042300000000000004,36.4,0.05,26.,104.9,-0.29,-0.1
103329,2288805,10.202667,-24.064,11.1,-1322,0.0417,36.4,0.05,26.,104.7,-0.29,-0.1
103329,2292556,10.204333,-23.905,0.6,-1277,0.042100000000000005,36.4,0.05,26.,107.,-0.28,-0.09
103329,2314775,10.2095,-24.089167,4.8,-1334,0.041800000000000004,36.4,0.05,26.,105.30000000000001,-0.27,-0.11
103329,2315854,10.212333,-24.116833,5.3,-1311,0.0374,36.4,0.05,26.,107.2,-0.27,-0.12
103329,2315963,10.212333,-24.119833,5.7,-1308,0.0369,36.4,0.05,26.,107.4,-0.27,-0.12
103329,2316825,10.213167,-24.142667,5.6,-1288,0.0408,36.4,0.05,26.,108.9,-0.27,-0.12
103329,2317871,10.2155,-24.169833,5.6,-1336,0.0405,36.4,0.05,26.,110.2,-0.28,-0.13
103329,2318384,10.215333,-24.183,5.2,-1321,0.0397,36.4,0.05,26.,110.30000000000001,-0.28,-0.13
103329,2319174,10.214667,-24.201333,5.5,-1301,0.038700000000000005,36.4,0.05,26.,110.5,-0.28,-0.13
103329,2319477,10.214167,-24.207,2.2,-1295,0.038400000000000004,36.4,0.05,26.,110.5,-0.28,-0.13
103329,2320404,10.2155,-24.230833,5.9,-1269,0.038200000000000005,36.4,0.05,26.1,110.7,-0.28,-0.14
103329,2320543,10.2155,-24.234333,5.6,-1265,0.0381,36.4,0.05,26.1,110.80000000000001,-0.28,-0.14
103329,2320720,10.215167,-24.239,5.2,-1260,0.0379,36.4,0.05,26.1,110.80000000000001,-0.28,-0.14
103329,2321482,10.2175,-24.256167,4.9,-1336,0.0376,36.4,0.05,26.1,110.4,-0.28,-0.14
103329,2322032,10.219833,-24.2705,5.7,-1325,0.0375,36.4,0.05,26.1,110.,-0.28,-0.15
103329,2322964,10.222833,-24.294,5.7,-1308,0.0373,36.4,0.05,26.1,109.30000000000001,-0.29,-0.15
103329,2323014,10.223,-24.295333,5.7,-1308,0.0373,36.4,0.05,26.1,109.30000000000001,-0.29,-0.15
103329,2323662,10.229833,-24.311,5.7,-1299,0.036500000000000005,36.4,0.05,26.1,108.7,-0.29,-0.16
103329,2323663,10.229833,-24.311,5.7,-1299,0.036500000000000005,36.4,0.05,26.1,108.7,-0.29,-0.16
103329,2323671,10.23,-24.311167,5.7,-1299,0.036500000000000005,36.4,0.05,26.1,108.7,-0.29,-0.16
103329,2323731,10.230833,-24.3125,5.7,-1298,0.036500000000000005,36.4,0.05,26.1,108.7,-0.29,-0.16
103329,2323732,10.230833,-24.3125,5.7,-1298,0.036500000000000005,36.4,0.05,26.1,108.7,-0.29,-0.16
103329,2324102,10.236333,-24.320833,5.7,-1295,0.0361,36.4,0.05,26.1,108.4,-0.28,-0.16
103329,2324693,10.242,-24.3285,2.2,-1293,0.0357,36.4,0.05,26.1,108.4,-0.28,-0.16
103329,2329281,10.314833,-24.4195,5.2,-1339,0.0375,36.4,0.05,26.1,107.2,-0.28,-0.2
103329,2329391,10.315333,-24.4205,1.5,-1339,0.0376,36.4,0.05,26.1,107.2,-0.28,-0.2
103329,2329392,10.315333,-24.4205,1.5,-1339,0.0376,36.4,0.05,26.1,107.2,-0.28,-0.2
103329,2329401,10.315333,-24.4205,1.3,-1339,0.0376,36.4,0.05,26.1,107.2,-0.28,-0.2
103329,2329402,10.315333,-24.4205,1.3,-1339,0.0376,36.4,0.05,26.1,107.2,-0.28,-0.2
103329,2329411,10.315333,-24.420667,1.2,-1339,0.0376,36.4,0.05,26.1,107.2,-0.28,-0.2
103329,2329432,10.315333,-24.420667,0.9,-1339,0.0376,36.4,0.05,26.1,107.2,-0.28,-0.2
103329,2329471,10.315333,-24.420667,0.4,-1339,0.0376,36.4,0.05,26.1,107.2,-0.28,-0.2
103329,2329502,10.315333,-24.420833,0.4,-1339,0.0376,36.4,0.05,26.1,107.2,-0.28,-0.2
103329,2329503,10.315333,-24.420833,0.4,-1339,0.0376,36.4,0.05,26.1,107.2,-0.28,-0.2
103329,2329548,10.315333,-24.421333,1.9,-1340,0.0376,36.4,0.05,26.1,107.2,-0.28,-0.2
103329,2329549,10.315333,-24.421333,1.9,-1340,0.0376,36.4,0.05,26.1,107.2,-0.28,-0.2
103329,2329590,10.316,-24.422333,4.5,-1340,0.037700000000000004,36.4,0.05,26.1,107.10000000000001,-0.28,-0.2
103329,2329591,10.316,-24.422333,4.5,-1340,0.037700000000000004,36.4,0.05,26.1,107.10000000000001,-0.28,-0.2
103329,2329594,10.316167,-24.422333,4.6,-1340,0.037700000000000004,36.4,0.05,26.1,107.10000000000001,-0.28,-0.2
103329,2329595,10.316167,-24.422333,4.6,-1340,0.037700000000000004,36.4,0.05,26.1,107.10000000000001,-0.28,-0.2
103329,2329598,10.316167,-24.4225,4.9,-1340,0.037700000000000004,36.4,0.05,26.1,107.10000000000001,-0.28,-0.2
103329,2329599,10.316167,-24.4225,4.9,-1340,0.037700000000000004,36.4,0.05,26.1,107.10000000000001,-0.28,-0.2
103329,2329603,10.316333,-24.4225,5.,-1340,0.037700000000000004,36.4,0.05,26.1,107.10000000000001,-0.28,-0.2
103329,2329608,10.3165,-24.422667,5.1,-1340,0.037700000000000004,36.4,0.05,26.1,107.10000000000001,-0.28,-0.2
103329,2329611,10.3165,-24.422667,5.2,-1340,0.037700000000000004,36.4,0.05,26.1,107.10000000000001,-0.28,-0.2
103329,2329612,10.3165,-24.422667,5.2,-1340,0.037700000000000004,36.4,0.05,26.1,107.10000000000001,-0.28,-0.2
103329,2329615,10.316667,-24.422667,5.2,-1340,0.0378,36.4,0.05,26.1,107.10000000000001,-0.28,-0.2
103329,2329622,10.316833,-24.422833,5.3,-1340,0.0378,36.4,0.05,26.1,107.10000000000001,-0.28,-0.2
103329,2329623,10.316833,-24.422833,5.3,-1340,0.0378,36.4,0.05,26.1,107.10000000000001,-0.28,-0.2
103329,2329648,10.317333,-24.423333,5.5,-1340,0.0378,36.4,0.05,26.1,107.10000000000001,-0.28,-0.2
103329,2329649,10.317333,-24.423333,5.5,-1340,0.0378,36.4,0.05,26.1,107.10000000000001,-0.28,-0.2
103329,2329650,10.317333,-24.4235,5.5,-1340,0.0378,36.4,0.05,26.1,107.10000000000001,-0.28,-0.2
103329,2329651,10.317333,-24.4235,5.5,-1340,0.0378,36.4,0.05,26.1,107.10000000000001,-0.28,-0.2
103329,2329682,10.317833,-24.424,5.,-1340,0.0379,36.4,0.05,26.1,107.10000000000001,-0.28,-0.2
103329,2329683,10.317833,-24.424,5.,-1340,0.0379,36.4,0.05,26.1,107.10000000000001,-0.28,-0.2
103329,2329729,10.3185,-24.425,5.6,-1340,0.038,36.4,0.05,26.1,107.10000000000001,-0.28,-0.2
103329,2329731,10.318667,-24.425,5.6,-1340,0.038,36.4,0.05,26.1,107.10000000000001,-0.28,-0.2
103329,2329732,10.318667,-24.425,5.6,-1340,0.038,36.4,0.05,26.1,107.10000000000001,-0.28,-0.2
103329,2329735,10.318667,-24.425167,5.7,-1340,0.038,36.4,0.05,26.1,107.10000000000001,-0.28,-0.2
103329,2329736,10.318667,-24.425167,5.7,-1340,0.038,36.4,0.05,26.1,107.10000000000001,-0.28,-0.2
103329,2329741,10.318667,-24.425167,5.7,-1340,0.038,36.4,0.05,26.1,107.10000000000001,-0.28,-0.2
103329,2329770,10.319167,-24.426167,6.2,-1340,0.0381,36.4,0.05,26.1,107.10000000000001,-0.28,-0.2
103329,2329771,10.319167,-24.426167,6.2,-1340,0.0381,36.4,0.05,26.1,107.10000000000001,-0.28,-0.2
103329,2329802,10.319667,-24.427,6.6,-1340,0.0381,36.4,0.05,26.1,107.10000000000001,-0.28,-0.2
103329,2329889,10.321,-24.429167,6.,-1340,0.0383,36.4,0.05,26.1,107.,-0.28,-0.21
103329,2334708,10.3935,-24.534667,5.3,-1335,0.0429,36.5,0.05,26.1,106.,-0.28,-0.24
103329,2340098,10.436833,-24.622167,6.6,-1338,0.0417,36.5,0.05,26.1,105.30000000000001,-0.27,-0.27
103329,2360774,10.739,-25.0755,10.5,-1329,0.0413,36.5,0.05,26.1,120.2,-0.15,-0.48
103329,2361682,10.717833,-25.032333,11.4,-1302,0.042100000000000005,36.5,0.05,26.1,124.30000000000001,-0.16,-0.46
103329,2362794,10.687833,-24.982667,11.1,-1251,0.0427,36.5,0.06,26.1,116.10000000000001,-0.18,-0.41000000000000003
103329,2364253,10.641833,-24.921333,11.1,-1250,0.0439,36.5,0.06,26.1,101.10000000000001,-0.19,-0.37
103329,2364512,10.633167,-24.9105,11.2,-1265,0.0442,36.5,0.06,26.1,101.60000000000001,-0.19,-0.36
103329,2365314,10.607,-24.876667,11.2,-1279,0.043300000000000005,36.5,0.06,26.1,102.5,-0.2,-0.35000000000000003
103329,2365523,10.600333,-24.868,11.1,-1283,0.043000000000000003,36.5,0.06,26.1,102.60000000000001,-0.2,-0.34
103329,2366673,10.564167,-24.818667,11.1,-1308,0.0425,36.5,0.06,26.1,102.10000000000001,-0.21,-0.34
103329,2367144,10.549667,-24.798333,11.2,-1319,0.042800000000000005,36.5,0.06,26.1,102.10000000000001,-0.22,-0.33
103329,2367752,10.531167,-24.772167,11.1,-1330,0.043300000000000005,36.5,0.06,26.1,103.5,-0.23,-0.32
103329,2367971,10.5245,-24.762667,11.1,-1334,0.0434,36.5,0.06,26.1,104.2,-0.23,-0.32
103329,2368002,10.523667,-24.7615,11.,-1334,0.0434,36.5,0.06,26.1,104.30000000000001,-0.23,-0.32
103329,2368003,10.523667,-24.7615,11.,-1334,0.0434,36.5,0.06,26.1,104.30000000000001,-0.23,-0.32
103329,2368022,10.523,-24.760667,11.,-1335,0.0434,36.5,0.06,26.1,104.4,-0.23,-0.32
103329,2368160,10.518667,-24.754667,11.1,-1337,0.043500000000000004,36.5,0.06,26.1,104.9,-0.23,-0.32
103329,2368161,10.518667,-24.754667,11.1,-1337,0.043500000000000004,36.5,0.06,26.1,104.9,-0.23,-0.32
103329,2368273,10.515333,-24.750167,11.1,-1338,0.043500000000000004,36.5,0.06,26.1,105.30000000000001,-0.23,-0.32
103329,2368281,10.515,-24.749667,11.1,-1345,0.0442,36.5,0.06,26.1,105.4,-0.23,-0.32
103329,2368292,10.514667,-24.749167,11.1,-1345,0.0442,36.5,0.06,26.1,105.4,-0.23,-0.32
103329,2368342,10.513167,-24.747167,11.2,-1346,0.0442,36.5,0.06,26.1,105.60000000000001,-0.23,-0.32
103329,2368371,10.512333,-24.745833,11.2,-1346,0.0442,36.5,0.06,26.1,105.7,-0.23,-0.32
103329,2368382,10.512,-24.745333,11.2,-1346,0.0442,36.5,0.06,26.1,105.80000000000001,-0.23,-0.32
103329,2368392,10.511667,-24.745,11.2,-1346,0.0442,36.5,0.06,26.1,105.80000000000001,-0.23,-0.32
103329,2368431,10.5105,-24.743333,11.1,-1346,0.0442,36.5,0.06,26.1,106.,-0.23,-0.31
103329,2369283,10.484333,-24.706667,11.1,-1343,0.0436,36.5,0.06,26.1,107.9,-0.24,-0.3
103329,2369574,10.475167,-24.6945,11.2,-1343,0.043500000000000004,36.4,0.06,26.1,106.80000000000001,-0.24,-0.3
103329,2370703,10.438333,-24.6465,11.4,-1341,0.0429,36.4,0.05,26.1,105.2,-0.26,-0.28
103329,2371515,10.412,-24.613167,11.1,-1337,0.0434,36.4,0.05,26.1,107.4,-0.27,-0.27
103329,2373013,10.367167,-24.549167,11.1,-1342,0.0431,36.4,0.05,26.1,105.2,-0.28,-0.25
103329,2373960,10.3395,-24.509167,10.9,-1351,0.0424,36.4,0.05,26.1,105.7,-0.28,-0.23
103329,2373982,10.339,-24.508333,11.,-1351,0.042300000000000004,36.4,0.05,26.1,105.7,-0.28,-0.23
103329,2374001,10.338333,-24.5075,11.,-1351,0.042300000000000004,36.4,0.05,26.1,105.7,-0.28,-0.23
103329,2374002,10.338333,-24.5075,11.,-1351,0.042300000000000004,36.4,0.05,26.1,105.7,-0.28,-0.23
103329,2374040,10.337333,-24.505833,11.,-1351,0.0422,36.4,0.05,26.1,105.80000000000001,-0.28,-0.23
103329,2374042,10.337333,-24.505833,11.,-1351,0.0422,36.4,0.05,26.1,105.80000000000001,-0.28,-0.23
103329,2374063,10.336667,-24.505,10.9,-1352,0.0422,36.4,0.05,26.1,105.80000000000001,-0.28,-0.23
103329,2374101,10.335333,-24.503333,10.7,-1352,0.042100000000000005,36.4,0.05,26.1,105.80000000000001,-0.28,-0.23
103329,2374122,10.334833,-24.5025,10.7,-1352,0.042,36.4,0.05,26.1,105.80000000000001,-0.28,-0.23
103329,2374123,10.334833,-24.5025,10.7,-1352,0.042,36.4,0.05,26.1,105.80000000000001,-0.28,-0.23
103329,2374182,10.333,-24.5,10.9,-1353,0.0419,36.4,0.05,26.1,105.9,-0.28,-0.23
103329,2374194,10.332667,-24.4995,10.9,-1353,0.0419,36.4,0.05,26.1,105.9,-0.28,-0.23
103329,2374242,10.331167,-24.4975,11.,-1352,0.0417,36.4,0.05,26.1,105.9,-0.28,-0.23
103329,2374243,10.331167,-24.4975,11.,-1352,0.0417,36.4,0.05,26.1,105.9,-0.28,-0.23
103329,2374292,10.329833,-24.495333,10.9,-1352,0.0415,36.4,0.05,26.1,105.9,-0.28,-0.23
103329,2374293,10.329833,-24.495333,10.9,-1352,0.0415,36.4,0.05,26.1,105.9,-0.28,-0.23
103329,2374302,10.3295,-24.495,10.7,-1352,0.0414,36.4,0.05,26.1,106.,-0.28,-0.23
103329,2374303,10.3295,-24.495,10.7,-1352,0.0414,36.4,0.05,26.1,106.,-0.28,-0.23
103329,2374362,10.327833,-24.4925,10.5,-1351,0.0412,36.4,0.05,26.1,106.,-0.28,-0.23
103329,2374372,10.3275,-24.492,10.5,-1351,0.041100000000000005,36.4,0.05,26.1,106.,-0.28,-0.23
103329,2374412,10.326333,-24.490333,10.9,-1350,0.041,36.4,0.05,26.1,106.,-0.28,-0.23
103329,2375554,10.29,-24.443333,11.1,-1343,0.038200000000000005,36.4,0.05,26.1,107.2,-0.28,-0.21
103329,2381294,10.202,-24.173667,11.,-1332,0.0386,36.300000000000004,0.05,26.,110.4,-0.24,-0.15
103329,2401433,10.214333,-24.281667,6.4,-1316,0.0375,36.300000000000004,0.05,26.,110.2,-0.24,-0.17
103329,2401572,10.2145,-24.285333,5.5,-1313,0.0375,36.300000000000004,0.05,26.,110.2,-0.24,-0.17
103329,2402423,10.216833,-24.308833,5.6,-1295,0.0368,36.300000000000004,0.05,26.,109.80000000000001,-0.25,-0.18
103329,2402874,10.2185,-24.321,5.8,-1287,0.0363,36.300000000000004,0.05,26.,109.60000000000001,-0.25,-0.18
103329,2403734,10.232333,-24.333,5.,-1285,0.0357,36.300000000000004,0.05,26.,109.5,-0.25,-0.19
103329,2403883,10.235333,-24.335667,5.1,-1331,0.038,36.300000000000004,0.05,26.,109.4,-0.25,-0.19
103329,2404653,10.249,-24.3495,5.6,-1331,0.0379,36.4,0.05,26.,109.2,-0.25,-0.19
103329,2404713,10.250167,-24.350833,6.,-1285,0.036000000000000004,36.4,0.05,26.,109.10000000000001,-0.25,-0.19
103329,2405103,10.257333,-24.3585,5.7,-1286,0.0363,36.4,0.05,26.,109.,-0.25,-0.2
103329,2405934,10.272833,-24.376833,6.4,-1290,0.0378,36.4,0.05,26.,108.5,-0.25,-0.2
103329,2406243,10.278167,-24.384,6.4,-1292,0.0378,36.4,0.05,26.1,108.4,-0.25,-0.21
103329,2406494,10.282333,-24.390333,5.9,-1294,0.0378,36.4,0.05,26.1,108.2,-0.25,-0.21
103329,2407147,10.2915,-24.407333,5.7,-1298,0.0373,36.4,0.05,26.1,107.80000000000001,-0.25,-0.22
103329,2407413,10.296833,-24.412833,6.4,-1302,0.038200000000000005,36.4,0.05,26.1,107.7,-0.25,-0.22
103329,2408783,10.324833,-24.442,5.8,-1342,0.039400000000000004,36.4,0.05,26.1,107.,-0.25,-0.23
103329,2408944,10.328,-24.445667,6.4,-1343,0.0398,36.4,0.05,26.1,106.9,-0.25,-0.23
103329,2409714,10.3435,-24.4635,6.4,-1343,0.0415,36.4,0.05,26.1,106.5,-0.25,-0.24
103329,2411133,10.364667,-24.494167,3.2,-1344,0.043300000000000005,36.4,0.05,26.1,105.80000000000001,-0.25,-0.24
103329,2417774,10.459167,-24.640833,5.,-1343,0.0422,36.5,0.06,26.1,101.2,-0.23,-0.29
103329,2417842,10.460167,-24.641833,4.4,-1343,0.0422,36.5,0.06,26.1,101.10000000000001,-0.23,-0.29
103329,2417902,10.461167,-24.643167,5.7,-1343,0.0422,36.5,0.06,26.1,101.2,-0.23,-0.29
103329,2417932,10.461667,-24.643833,5.5,-1343,0.0422,36.5,0.06,26.1,101.2,-0.23,-0.29
103329,2417943,10.461833,-24.644,5.3,-1343,0.0422,36.5,0.06,26.1,101.2,-0.23,-0.29
103329,2417984,10.4625,-24.644667,4.5,-1343,0.0422,36.5,0.06,26.1,101.10000000000001,-0.23,-0.29
103329,2418044,10.4635,-24.645667,5.1,-1343,0.042300000000000004,36.5,0.06,26.1,101.10000000000001,-0.23,-0.29
103329,2418063,10.463833,-24.646,5.5,-1343,0.042300000000000004,36.5,0.06,26.1,101.10000000000001,-0.23,-0.29
103329,2418064,10.463833,-24.646,5.5,-1343,0.042300000000000004,36.5,0.06,26.1,101.10000000000001,-0.23,-0.29
103329,2418112,10.464833,-24.647167,6.4,-1344,0.042300000000000004,36.5,0.06,26.1,101.10000000000001,-0.23,-0.29
103329,2418132,10.465333,-24.647667,6.5,-1344,0.042300000000000004,36.5,0.06,26.1,101.10000000000001,-0.23,-0.29
103329,2423384,10.5505,-24.751833,5.6,-1330,0.0439,36.5,0.06,26.1,102.10000000000001,-0.2,-0.31
103329,2445843,10.736333,-25.360667,11.3,-1275,0.04,36.7,0.,25.5,104.60000000000001,-0.04,-0.5
103329,2448383,10.7345,-25.496667,11.3,-1258,0.040100000000000004,36.7,-0.01,25.3,104.9,0.01,-0.27
103329,2449915,10.7345,-25.578667,11.1,-1364,0.0396,36.6,-0.01,25.400000000000002,102.30000000000001,0.05,-0.19
103329,2450863,10.7395,-25.628,11.3,-1392,0.039400000000000004,36.6,-0.01,25.6,103.10000000000001,0.06,-0.2
103329,2451063,10.744167,-25.6375,11.1,-1393,0.0392,36.6,-0.01,25.6,104.4,0.06,-0.21
103329,2452143,10.77,-25.689333,11.1,-1394,0.038900000000000004,36.6,-0.02,25.8,112.30000000000001,0.07,-0.26
103329,2452292,10.773667,-25.696167,11.,-1394,0.039,36.6,-0.02,25.8,113.60000000000001,0.07,-0.27
103329,2453363,10.802167,-25.744833,11.3,-1396,0.0393,36.6,-0.02,25.8,121.5,0.07,-0.29
103329,2453824,10.814333,-25.766,11.2,-1400,0.0405,36.6,-0.03,25.8,122.80000000000001,0.07,-0.29
103329,2454513,10.832833,-25.797833,11.3,-1404,0.0403,36.6,-0.03,25.700000000000003,119.4,0.08,-0.24
103329,2454784,10.839833,-25.8105,11.2,-1398,0.0405,36.7,-0.03,25.700000000000003,117.9,0.09,-0.23
103329,2456164,10.850333,-25.881333,11.1,-1406,0.040400000000000005,36.7,-0.04,25.6,111.7,0.14,-0.13
103329,2456442,10.850167,-25.896167,11.2,-1406,0.040100000000000004,36.7,-0.04,25.6,110.9,0.15,-0.11
103329,2456443,10.850167,-25.896167,11.2,-1406,0.040100000000000004,36.7,-0.04,25.6,110.9,0.15,-0.11
103329,2456453,10.850167,-25.896833,11.2,-1406,0.040100000000000004,36.7,-0.04,25.6,110.80000000000001,0.15,-0.11
103329,2456542,10.85,-25.9015,11.2,-1406,0.04,36.6,-0.04,25.6,110.60000000000001,0.15,-0.11
103329,2456562,10.85,-25.902667,11.2,-1406,0.04,36.6,-0.04,25.6,110.5,0.15,-0.1
103329,2456563,10.85,-25.902667,11.2,-1406,0.04,36.6,-0.04,25.6,110.5,0.15,-0.1
103329,2456572,10.85,-25.903333,11.2,-1406,0.039900000000000005,36.6,-0.04,25.6,110.5,0.16,-0.1
103329,2456573,10.85,-25.903333,11.2,-1406,0.039900000000000005,36.6,-0.04,25.6,110.5,0.16,-0.1
103329,2456591,10.85,-25.904167,11.2,-1406,0.039900000000000005,36.6,-0.04,25.6,110.4,0.16,-0.1
103329,2456592,10.85,-25.904167,11.2,-1406,0.039900000000000005,36.6,-0.04,25.6,110.4,0.16,-0.1
103329,2456612,10.849833,-25.905333,11.3,-1406,0.039900000000000005,36.6,-0.04,25.6,110.4,0.16,-0.1
103329,2456613,10.849833,-25.905333,11.3,-1406,0.039900000000000005,36.6,-0.04,25.6,110.4,0.16,-0.1
103329,2456622,10.849833,-25.905833,11.3,-1406,0.039900000000000005,36.6,-0.04,25.6,110.4,0.16,-0.1
103329,2456632,10.849833,-25.906333,11.3,-1406,0.039900000000000005,36.6,-0.04,25.6,110.30000000000001,0.16,-0.1
103329,2456633,10.849833,-25.906333,11.3,-1406,0.039900000000000005,36.6,-0.04,25.6,110.30000000000001,0.16,-0.1
103329,2456682,10.849833,-25.909167,11.3,-1406,0.0398,36.6,-0.04,25.6,110.2,0.16,-0.1
103329,2456683,10.849833,-25.909167,11.3,-1406,0.0398,36.6,-0.04,25.6,110.2,0.16,-0.1
103329,2456692,10.849833,-25.909667,11.3,-1406,0.0398,36.6,-0.04,25.6,110.10000000000001,0.16,-0.1
103329,2456693,10.849833,-25.909667,11.3,-1406,0.0398,36.6,-0.04,25.6,110.10000000000001,0.16,-0.1
103329,2456711,10.849833,-25.910667,11.3,-1406,0.0398,36.6,-0.04,25.6,110.10000000000001,0.16,-0.09
103329,2456742,10.849833,-25.912333,11.3,-1406,0.0398,36.6,-0.04,25.6,110.,0.16,-0.09
103329,2456752,10.849833,-25.913,11.3,-1406,0.0397,36.6,-0.04,25.6,110.,0.16,-0.09
103329,2456753,10.849833,-25.913,11.3,-1406,0.0397,36.6,-0.04,25.6,110.,0.16,-0.09
103329,2456763,10.849833,-25.9135,11.3,-1406,0.0397,36.6,-0.04,25.6,109.9,0.16,-0.09
103329,2456772,10.849833,-25.913833,11.3,-1406,0.0397,36.6,-0.04,25.6,109.9,0.16,-0.09
103329,2456812,10.85,-25.916167,11.3,-1406,0.0397,36.6,-0.04,25.6,109.80000000000001,0.17,-0.09
103329,2456813,10.85,-25.916167,11.3,-1406,0.0397,36.6,-0.04,25.6,109.80000000000001,0.17,-0.09
103329,2457011,10.850167,-25.926833,11.2,-1395,0.0408,36.6,-0.04,25.6,110.,0.17,-0.08
103329,2457354,10.8505,-25.945,11.2,-1396,0.0405,36.6,-0.04,25.700000000000003,111.,0.18,-0.09
103329,2457424,10.8505,-25.948833,11.2,-1396,0.040400000000000005,36.6,-0.04,25.700000000000003,111.2,0.18,-0.09
103329,2462400,10.8545,-26.1905,0.5,-1342,0.042800000000000005,36.7,-0.04,25.700000000000003,124.,0.26,-0.07
103329,2462401,10.8545,-26.1905,0.5,-1342,0.042800000000000005,36.7,-0.04,25.700000000000003,124.,0.26,-0.07
103329,2462430,10.854333,-26.1905,0.5,-1341,0.042800000000000005,36.7,-0.04,25.700000000000003,124.,0.26,-0.07
103329,2462602,10.854167,-26.190167,0.3,-1342,0.042800000000000005,36.6,-0.04,25.700000000000003,124.,0.26,-0.07
103329,2462603,10.854167,-26.190167,0.3,-1342,0.042800000000000005,36.6,-0.04,25.700000000000003,124.,0.26,-0.07
103329,2462671,10.854167,-26.19,0.3,-1342,0.042800000000000005,36.6,-0.04,25.700000000000003,124.,0.26,-0.07
103329,2462672,10.854167,-26.19,0.3,-1342,0.042800000000000005,36.6,-0.04,25.700000000000003,124.,0.26,-0.07
103329,2464636,10.852667,-26.189167,0.3,-1341,0.042800000000000005,36.6,-0.04,25.700000000000003,124.,0.25,-0.07
103329,2470394,10.845833,-26.191333,0.3,-1333,0.042,36.6,-0.04,25.700000000000003,124.,0.25,-0.07
103329,2485313,10.830667,-25.913333,5.9,-1401,0.0408,36.6,-0.03,25.6,111.60000000000001,0.17,-0.07
103329,2486847,10.827,-25.8725,2.9,-1403,0.0403,36.6,-0.03,25.6,113.60000000000001,0.14,-0.12
103329,2487840,10.823667,-25.847667,6.3,-1404,0.04,36.7,-0.03,25.6,114.7,0.12,-0.15
103329,2488977,10.815833,-25.820833,5.1,-1405,0.0409,36.6,-0.03,25.700000000000003,117.7,0.1,-0.18
103329,2489124,10.814,-25.817167,5.7,-1404,0.0409,36.6,-0.03,25.700000000000003,118.2,0.1,-0.19
103329,2489414,10.809667,-25.8095,6.6,-1403,0.0408,36.6,-0.03,25.700000000000003,119.10000000000001,0.1,-0.2
103329,2489704,10.806333,-25.804667,3.,-1402,0.0408,36.6,-0.02,25.700000000000003,119.7,0.1,-0.21
103329,2490183,10.8,-25.793833,6.4,-1401,0.0407,36.6,-0.02,25.8,120.9,0.09,-0.22
103329,2490243,10.799,-25.792167,6.6,-1401,0.0407,36.6,-0.02,25.8,121.2,0.09,-0.22
103329,2490515,10.795333,-25.784667,6.6,-1400,0.04,36.6,-0.02,25.8,122.,0.09,-0.23
103329,2490835,10.790833,-25.775667,6.6,-1399,0.0407,36.6,-0.02,25.8,122.80000000000001,0.08,-0.24
103329,2491509,10.781833,-25.756833,6.5,-1398,0.0405,36.6,-0.02,25.900000000000002,123.,0.08,-0.26
103329,2491804,10.779,-25.751167,4.9,-1398,0.0405,36.6,-0.02,25.8,122.,0.07,-0.26
103329,2492153,10.775,-25.742833,4.5,-1394,0.0396,36.6,-0.02,25.8,120.4,0.07,-0.25
103329,2492663,10.771167,-25.735167,6.4,-1394,0.0396,36.6,-0.02,25.8,119.,0.07,-0.25
103329,2492903,10.768333,-25.728667,6.5,-1394,0.0395,36.6,-0.01,25.8,117.80000000000001,0.07,-0.25
103329,2493133,10.765333,-25.722333,6.,-1394,0.039400000000000004,36.6,-0.01,25.8,116.60000000000001,0.07,-0.24
103329,2493972,10.754,-25.7,6.4,-1393,0.0388,36.6,-0.01,25.8,112.30000000000001,0.07,-0.23
103329,2494252,10.751167,-25.695,4.6,-1393,0.038700000000000005,36.6,-0.01,25.8,111.30000000000001,0.07,-0.23
103329,2496860,10.726,-25.630333,5.9,-1392,0.0393,36.6,-0.01,25.6,102.,0.05,-0.17
103329,2500241,10.717833,-25.543833,5.9,-1334,0.040100000000000004,36.7,-0.01,25.400000000000002,104.9,0.02,-0.18
103329,2500320,10.718,-25.541667,5.9,-1335,0.040100000000000004,36.7,-0.01,25.400000000000002,105.10000000000001,0.02,-0.18
103329,2500321,10.718,-25.541667,5.9,-1335,0.040100000000000004,36.7,-0.01,25.400000000000002,105.10000000000001,0.02,-0.18
103329,2500392,10.718167,-25.539667,6.4,-1335,0.0402,36.7,-0.01,25.400000000000002,105.30000000000001,0.02,-0.19
103329,2500427,10.718167,-25.5385,6.6,-1335,0.0402,36.7,-0.01,25.400000000000002,105.4,0.02,-0.19
103329,2500433,10.718167,-25.538333,6.4,-1335,0.0402,36.7,-0.01,25.400000000000002,105.4,0.02,-0.19
103329,2500434,10.718167,-25.538333,6.4,-1335,0.0402,36.7,-0.01,25.400000000000002,105.4,0.02,-0.19
103329,2500450,10.718167,-25.537833,5.8,-1335,0.0402,36.7,-0.01,25.400000000000002,105.5,0.02,-0.19
103329,2500451,10.718167,-25.537833,5.8,-1335,0.0402,36.7,-0.01,25.400000000000002,105.5,0.02,-0.19
103329,2500492,10.718167,-25.537333,3.9,-1335,0.0402,36.7,-0.01,25.400000000000002,105.5,0.02,-0.19
103329,2500500,10.718333,-25.537167,3.8,-1335,0.0402,36.7,-0.01,25.400000000000002,105.5,0.02,-0.19
103329,2500509,10.718333,-25.537,3.8,-1335,0.0402,36.7,-0.01,25.400000000000002,105.5,0.02,-0.19
103329,2500510,10.718333,-25.537,3.9,-1335,0.0402,36.7,-0.01,25.400000000000002,105.5,0.02,-0.19
103329,2500511,10.718333,-25.537,3.9,-1335,0.0402,36.7,-0.01,25.400000000000002,105.5,0.02,-0.19
103329,2500519,10.718333,-25.536833,3.8,-1335,0.0402,36.7,-0.01,25.400000000000002,105.5,0.02,-0.19
103329,2500520,10.718333,-25.536833,3.8,-1335,0.0402,36.7,-0.01,25.400000000000002,105.5,0.02,-0.19
103329,2500528,10.718333,-25.536667,3.9,-1335,0.0402,36.7,-0.01,25.400000000000002,105.60000000000001,0.02,-0.19
103329,2500538,10.718333,-25.5365,4.2,-1335,0.0402,36.7,-0.01,25.400000000000002,105.60000000000001,0.02,-0.19
103329,2500543,10.718333,-25.536333,4.3,-1335,0.0402,36.7,-0.01,25.400000000000002,105.60000000000001,0.02,-0.19
103329,2500544,10.718333,-25.536333,4.3,-1335,0.0402,36.7,-0.01,25.400000000000002,105.60000000000001,0.02,-0.19
103329,2500548,10.718333,-25.536167,4.3,-1335,0.0402,36.7,-0.01,25.400000000000002,105.60000000000001,0.02,-0.19
103329,2500549,10.718333,-25.536167,4.3,-1335,0.0402,36.7,-0.01,25.400000000000002,105.60000000000001,0.02,-0.19
103329,2500550,10.718333,-25.536167,4.3,-1335,0.0402,36.7,-0.01,25.400000000000002,105.60000000000001,0.02,-0.19
103329,2500551,10.718333,-25.536167,4.4,-1335,0.0402,36.7,-0.01,25.400000000000002,105.60000000000001,0.02,-0.19
103329,2500552,10.718333,-25.536167,4.4,-1335,0.0402,36.7,-0.01,25.400000000000002,105.60000000000001,0.02,-0.19
103329,2500553,10.718333,-25.536,4.3,-1335,0.0402,36.7,-0.01,25.400000000000002,105.60000000000001,0.02,-0.19
103329,2500555,10.718333,-25.536,4.4,-1335,0.0402,36.7,-0.01,25.400000000000002,105.60000000000001,0.02,-0.19
103329,2500556,10.718333,-25.536,4.4,-1335,0.0402,36.7,-0.01,25.400000000000002,105.60000000000001,0.02,-0.19
103329,2500557,10.718333,-25.536,4.4,-1335,0.0402,36.7,-0.01,25.400000000000002,105.60000000000001,0.02,-0.19
103329,2500559,10.718333,-25.536,4.4,-1335,0.0402,36.7,-0.01,25.400000000000002,105.60000000000001,0.02,-0.19
103329,2500561,10.718333,-25.535833,4.4,-1335,0.0402,36.7,-0.01,25.400000000000002,105.60000000000001,0.02,-0.19
103329,2500564,10.718333,-25.535833,4.4,-1335,0.0402,36.7,-0.01,25.400000000000002,105.60000000000001,0.02,-0.19
103329,2500568,10.718333,-25.535833,4.4,-1335,0.0402,36.7,-0.01,25.400000000000002,105.60000000000001,0.02,-0.19
103329,2500570,10.718333,-25.535667,4.5,-1335,0.0402,36.7,-0.01,25.400000000000002,105.7,0.02,-0.19
103329,2500571,10.718333,-25.535667,4.5,-1335,0.0402,36.7,-0.01,25.400000000000002,105.7,0.02,-0.19
103329,2500572,10.718333,-25.535667,4.5,-1335,0.0402,36.7,-0.01,25.400000000000002,105.7,0.02,-0.19
103329,2500588,10.718333,-25.535333,4.8,-1335,0.0402,36.7,-0.01,25.400000000000002,105.7,0.02,-0.19
103329,2500598,10.7185,-25.535,5.,-1335,0.0402,36.7,-0.01,25.400000000000002,105.7,0.02,-0.19
103329,2500599,10.7185,-25.534833,5.,-1335,0.0402,36.7,-0.01,25.400000000000002,105.7,0.02,-0.19
103329,2500600,10.7185,-25.534833,5.,-1335,0.0402,36.7,-0.01,25.400000000000002,105.7,0.02,-0.19
103329,2500601,10.7185,-25.534833,5.1,-1335,0.0402,36.7,-0.01,25.400000000000002,105.7,0.02,-0.19
103329,2500603,10.7185,-25.534833,5.2,-1335,0.0402,36.7,-0.01,25.400000000000002,105.7,0.02,-0.19
103329,2500604,10.7185,-25.534833,5.2,-1335,0.0402,36.7,-0.01,25.400000000000002,105.7,0.02,-0.19
103329,2500609,10.7185,-25.534667,5.3,-1335,0.0402,36.7,-0.01,25.400000000000002,105.80000000000001,0.02,-0.19
103329,2500610,10.7185,-25.534667,5.3,-1335,0.0402,36.7,-0.01,25.400000000000002,105.80000000000001,0.02,-0.19
103329,2500611,10.7185,-25.5345,5.3,-1335,0.0402,36.7,-0.01,25.400000000000002,105.80000000000001,0.02,-0.19
103329,2500613,10.7185,-25.5345,5.5,-1335,0.0402,36.7,-0.01,25.400000000000002,105.80000000000001,0.02,-0.19
103329,2500614,10.7185,-25.5345,5.5,-1335,0.0402,36.7,-0.01,25.400000000000002,105.80000000000001,0.02,-0.19
103329,2500616,10.7185,-25.5345,5.5,-1335,0.0402,36.7,-0.01,25.400000000000002,105.80000000000001,0.02,-0.19
103329,2500621,10.7185,-25.534167,5.7,-1335,0.0402,36.7,-0.01,25.400000000000002,105.80000000000001,0.02,-0.19
103329,2500646,10.7185,-25.5335,6.2,-1335,0.0402,36.7,-0.01,25.400000000000002,105.9,0.02,-0.19
103329,2500658,10.7185,-25.533167,6.3,-1335,0.0402,36.7,-0.01,25.400000000000002,105.9,0.02,-0.19
103329,2500659,10.7185,-25.533,6.3,-1335,0.0402,36.7,-0.01,25.400000000000002,105.9,0.02,-0.19
103329,2500660,10.7185,-25.533,6.3,-1335,0.0402,36.7,-0.01,25.400000000000002,105.9,0.02,-0.19
103329,2500663,10.7185,-25.533,6.3,-1335,0.0402,36.7,-0.01,25.400000000000002,105.9,0.02,-0.19
103329,2500664,10.7185,-25.533,6.3,-1335,0.0402,36.7,-0.01,25.400000000000002,105.9,0.02,-0.19
103329,2500665,10.7185,-25.532833,6.3,-1335,0.0402,36.7,-0.01,25.400000000000002,105.9,0.02,-0.19
103329,2500666,10.7185,-25.532833,6.3,-1335,0.0402,36.7,-0.01,25.400000000000002,105.9,0.02,-0.19
103329,2500668,10.7185,-25.532833,6.2,-1335,0.0402,36.7,-0.01,25.400000000000002,105.9,0.02,-0.19
103329,2500669,10.7185,-25.532667,6.2,-1335,0.0402,36.7,-0.01,25.400000000000002,106.,0.02,-0.19
103329,2500670,10.7185,-25.532667,6.2,-1335,0.0402,36.7,-0.01,25.400000000000002,106.,0.02,-0.19
103329,2500672,10.7185,-25.532667,6.2,-1335,0.0402,36.7,-0.01,25.400000000000002,106.,0.02,-0.19
103329,2500673,10.7185,-25.532667,6.,-1335,0.0402,36.7,-0.01,25.400000000000002,106.,0.02,-0.19
103329,2500674,10.7185,-25.532667,6.,-1335,0.0402,36.7,-0.01,25.400000000000002,106.,0.02,-0.19
103329,2500675,10.7185,-25.532667,6.,-1335,0.0402,36.7,-0.01,25.400000000000002,106.,0.02,-0.19
103329,2500676,10.7185,-25.532667,6.,-1335,0.0402,36.7,-0.01,25.400000000000002,106.,0.02,-0.19
103329,2500678,10.7185,-25.5325,6.,-1335,0.0402,36.7,-0.01,25.400000000000002,106.,0.02,-0.19
103329,2500680,10.7185,-25.5325,5.9,-1335,0.0402,36.7,-0.01,25.400000000000002,106.,0.02,-0.19
103329,2500681,10.7185,-25.5325,5.9,-1335,0.0402,36.7,-0.01,25.400000000000002,106.,0.02,-0.19
103329,2500682,10.7185,-25.5325,5.9,-1335,0.0402,36.7,-0.01,25.400000000000002,106.,0.02,-0.19
103329,2500688,10.7185,-25.532333,5.7,-1335,0.0402,36.7,-0.01,25.400000000000002,106.,0.02,-0.19
103329,2500689,10.7185,-25.532333,5.7,-1335,0.0402,36.7,-0.01,25.400000000000002,106.,0.02,-0.19
103329,2500690,10.7185,-25.532333,5.7,-1335,0.0402,36.7,-0.01,25.400000000000002,106.,0.02,-0.19
103329,2500692,10.7185,-25.532333,5.6,-1335,0.0402,36.7,-0.01,25.400000000000002,106.,0.02,-0.19
103329,2500695,10.7185,-25.532167,5.3,-1335,0.0402,36.7,-0.01,25.400000000000002,106.,0.02,-0.19
103329,2500696,10.7185,-25.532167,5.3,-1335,0.0402,36.7,-0.01,25.400000000000002,106.,0.02,-0.19
103329,2500697,10.7185,-25.532167,5.3,-1335,0.0402,36.7,-0.01,25.400000000000002,106.,0.02,-0.19
103329,2500698,10.7185,-25.532167,5.2,-1335,0.0402,36.7,-0.01,25.400000000000002,106.,0.02,-0.19
103329,2500704,10.7185,-25.532,5.,-1335,0.0402,36.7,-0.01,25.400000000000002,106.,0.02,-0.19
103329,2500706,10.7185,-25.532,5.,-1335,0.0402,36.7,-0.01,25.400000000000002,106.,0.02,-0.19
103329,2500707,10.7185,-25.532,5.,-1335,0.0402,36.7,-0.01,25.400000000000002,106.,0.02,-0.19
103329,2500718,10.718667,-25.531833,4.8,-1335,0.0402,36.7,-0.01,25.400000000000002,106.,0.02,-0.19
103329,2500720,10.718667,-25.531667,4.8,-1335,0.0402,36.7,-0.01,25.400000000000002,106.10000000000001,0.02,-0.19
103329,2500724,10.718667,-25.531667,4.8,-1335,0.0402,36.7,-0.01,25.400000000000002,106.10000000000001,0.02,-0.19
103329,2500725,10.718667,-25.531667,4.8,-1335,0.0402,36.7,-0.01,25.400000000000002,106.10000000000001,0.02,-0.19
103329,2500726,10.718667,-25.531667,4.8,-1335,0.0402,36.7,-0.01,25.400000000000002,106.10000000000001,0.02,-0.19
103329,2500731,10.718667,-25.5315,4.8,-1335,0.0402,36.7,-0.01,25.400000000000002,106.10000000000001,0.02,-0.19
103329,2500786,10.718833,-25.530167,5.2,-1335,0.0402,36.7,-0.01,25.400000000000002,106.2,0.02,-0.19
103329,2500787,10.718833,-25.53,5.2,-1335,0.0402,36.7,-0.01,25.400000000000002,106.2,0.02,-0.19
103329,2500788,10.718833,-25.53,5.2,-1335,0.0402,36.7,-0.01,25.400000000000002,106.2,0.02,-0.19
103329,2500789,10.718833,-25.53,5.2,-1335,0.0402,36.7,-0.01,25.400000000000002,106.2,0.02,-0.19
103329,2500790,10.718833,-25.53,5.2,-1335,0.0402,36.7,-0.01,25.400000000000002,106.2,0.02,-0.19
103329,2500791,10.718833,-25.53,5.2,-1335,0.0402,36.7,-0.01,25.400000000000002,106.2,0.02,-0.19
103329,2500792,10.718833,-25.53,5.2,-1335,0.0402,36.7,-0.01,25.400000000000002,106.2,0.02,-0.19
103329,2500793,10.718833,-25.529833,5.2,-1335,0.0402,36.7,-0.01,25.400000000000002,106.2,0.02,-0.19
103329,2500795,10.718833,-25.529833,5.2,-1335,0.0402,36.7,-0.01,25.400000000000002,106.2,0.02,-0.19
103329,2500796,10.718833,-25.529833,5.2,-1335,0.0402,36.7,-0.01,25.400000000000002,106.2,0.02,-0.19
103329,2500804,10.718833,-25.529667,5.2,-1335,0.0402,36.7,-0.01,25.400000000000002,106.2,0.02,-0.19
103329,2500805,10.719,-25.529667,5.3,-1336,0.0402,36.7,-0.01,25.400000000000002,106.2,0.02,-0.19
103329,2500826,10.719,-25.529,5.7,-1336,0.040100000000000004,36.7,-0.01,25.3,106.30000000000001,0.02,-0.19
103329,2500840,10.719,-25.5285,6.2,-1336,0.040100000000000004,36.7,-0.01,25.3,106.4,0.02,-0.19
103329,2500849,10.719,-25.528167,6.4,-1336,0.040100000000000004,36.7,-0.01,25.3,106.4,0.02,-0.19
103329,2500867,10.719167,-25.527667,6.5,-1336,0.040100000000000004,36.7,-0.01,25.3,106.4,0.02,-0.19
103329,2500941,10.719333,-25.526167,4.3,-1336,0.040100000000000004,36.7,-0.01,25.3,106.60000000000001,0.02,-0.19
103329,2500942,10.719333,-25.526167,4.3,-1336,0.040100000000000004,36.7,-0.01,25.3,106.60000000000001,0.02,-0.19
103329,2506163,10.7315,-25.3915,4.6,-1285,0.039900000000000005,36.7,0.,25.5,101.7,-0.04,-0.42
103329,2506166,10.7315,-25.3915,4.6,-1285,0.039900000000000005,36.7,0.,25.5,101.7,-0.04,-0.42
103329,2506280,10.731833,-25.388333,5.6,-1284,0.0398,36.7,0.,25.5,101.9,-0.04,-0.43
103329,2506283,10.731833,-25.388333,5.6,-1284,0.0398,36.7,0.,25.5,101.9,-0.04,-0.43
103329,2506287,10.731833,-25.388167,5.3,-1284,0.0398,36.7,0.,25.5,101.9,-0.04,-0.43
103329,2506290,10.731833,-25.388167,5.3,-1284,0.0398,36.7,0.,25.5,101.9,-0.04,-0.43
103329,2506353,10.732,-25.386667,5.,-1284,0.0398,36.7,0.,25.5,102.,-0.04,-0.43
103329,2506356,10.732,-25.386667,5.,-1284,0.0398,36.7,0.,25.5,102.,-0.04,-0.43
103329,2506374,10.732167,-25.386167,4.9,-1283,0.0398,36.7,0.,25.5,102.10000000000001,-0.04,-0.43
103329,2506377,10.732167,-25.386167,4.9,-1283,0.0398,36.7,0.,25.5,102.10000000000001,-0.04,-0.43
103329,2506413,10.732167,-25.385333,4.9,-1283,0.0398,36.7,0.,25.5,102.2,-0.04,-0.43
103329,2506416,10.732167,-25.385333,4.9,-1283,0.0398,36.7,0.,25.5,102.2,-0.04,-0.43
103329,2506423,10.732333,-25.385,5.2,-1283,0.0398,36.7,0.,25.5,102.2,-0.04,-0.43
103329,2506426,10.732333,-25.385,5.2,-1283,0.0398,36.7,0.,25.5,102.2,-0.04,-0.43
103329,2506476,10.732333,-25.3835,6.,-1283,0.0397,36.7,0.,25.5,102.30000000000001,-0.04,-0.44
103329,2506690,10.732833,-25.377667,6.2,-1281,0.0396,36.7,0.,25.5,102.80000000000001,-0.04,-0.44
103329,2530314,10.703833,-25.605667,10.9,-1391,0.039400000000000004,36.6,-0.01,25.5,101.5,0.04,-0.13
103329,2531404,10.705,-25.661,11.,-1391,0.0396,36.6,0.,25.700000000000003,106.2,0.06,-0.16
103329,2531655,10.712167,-25.671833,10.9,-1391,0.0395,36.6,0.,25.8,106.60000000000001,0.06,-0.17
103329,2535264,10.802833,-25.8355,11.1,-1403,0.04,36.6,-0.02,25.700000000000003,119.,0.11,-0.14
103329,2535625,10.812667,-25.851833,11.1,-1403,0.0402,36.6,-0.02,25.700000000000003,117.60000000000001,0.12,-0.12
103329,2536379,10.833333,-25.886333,11.1,-1402,0.039900000000000005,36.6,-0.03,25.6,114.7,0.14,-0.09
103329,2536770,10.844,-25.904667,11.3,-1407,0.0398,36.6,-0.03,25.6,113.,0.15,-0.08
103329,2537564,10.865,-25.940667,11.1,-1392,0.040600000000000004,36.6,-0.03,25.6,111.7,0.17,-0.07
103329,2538035,10.877167,-25.962,11.,-1393,0.0402,36.6,-0.04,25.700000000000003,111.4,0.18,-0.08
103329,2538834,10.8955,-25.998667,10.9,-1400,0.040100000000000004,36.6,-0.04,25.700000000000003,113.30000000000001,0.19,-0.09
103329,2539094,10.8965,-26.012333,11.1,-1335,0.0402,36.6,-0.04,25.700000000000003,113.2,0.19,-0.09
103329,2539095,10.8965,-26.012333,11.1,-1335,0.0402,36.6,-0.04,25.700000000000003,113.2,0.19,-0.09
103329,2539113,10.8965,-26.0135,11.2,-1333,0.0402,36.6,-0.04,25.700000000000003,113.2,0.19,-0.09
103329,2539173,10.896667,-26.016667,11.1,-1329,0.0402,36.6,-0.04,25.700000000000003,113.2,0.19,-0.09
103329,2539223,10.896833,-26.019167,11.1,-1326,0.040100000000000004,36.6,-0.04,25.700000000000003,113.10000000000001,0.19,-0.1
103329,2539242,10.897,-26.020333,11.1,-1324,0.040100000000000004,36.6,-0.04,25.700000000000003,113.10000000000001,0.19,-0.1
103329,2540115,10.9,-26.066167,11.1,-1258,0.039900000000000005,36.6,-0.04,25.700000000000003,112.10000000000001,0.2,-0.11
103329,2540375,10.900833,-26.079833,11.1,-1237,0.0398,36.6,-0.04,25.700000000000003,111.7,0.2,-0.11
103329,2541405,10.903667,-26.1345,11.,-1289,0.039400000000000004,36.7,-0.04,25.6,117.7,0.22,-0.1
103329,2541714,10.9045,-26.150667,11.1,-1271,0.039400000000000004,36.7,-0.04,25.6,119.4,0.22,-0.1
103329,2542904,10.909167,-26.212833,11.,-1390,0.04,36.7,-0.04,25.700000000000003,123.60000000000001,0.25,-0.05
103329,2544365,10.914667,-26.290333,11.3,-1398,0.0409,36.7,-0.04,25.700000000000003,122.10000000000001,0.29,0.
103329,2544724,10.916,-26.309333,11.1,-1397,0.038900000000000004,36.7,-0.03,25.700000000000003,120.80000000000001,0.29,0.01
103329,2544783,10.916333,-26.3125,11.,-1397,0.0392,36.7,-0.03,25.700000000000003,120.60000000000001,0.29,0.02
103329,2544784,10.916333,-26.3125,11.,-1397,0.0392,36.7,-0.03,25.700000000000003,120.60000000000001,0.29,0.02
103329,2544792,10.916333,-26.313,11.,-1397,0.0392,36.7,-0.03,25.700000000000003,120.60000000000001,0.29,0.02
103329,2544824,10.9165,-26.314667,11.,-1397,0.0393,36.7,-0.03,25.700000000000003,120.5,0.3,0.02
103329,2544889,10.917333,-26.317833,10.6,-1398,0.0413,36.7,-0.03,25.700000000000003,120.2,0.3,0.02
103329,2544890,10.917333,-26.317833,10.6,-1398,0.0413,36.7,-0.03,25.700000000000003,120.2,0.3,0.02
103329,2544896,10.9175,-26.318,10.6,-1398,0.0413,36.7,-0.03,25.700000000000003,120.2,0.3,0.02
103329,2544897,10.9175,-26.318,10.6,-1398,0.0413,36.7,-0.03,25.700000000000003,120.2,0.3,0.02
103329,2544933,10.9185,-26.319833,11.,-1398,0.0414,36.7,-0.03,25.700000000000003,120.,0.3,0.02
103329,2544934,10.9185,-26.319833,11.,-1398,0.0414,36.7,-0.03,25.700000000000003,120.,0.3,0.02
103329,2544943,10.918833,-26.320167,11.1,-1398,0.0414,36.7,-0.03,25.700000000000003,120.,0.3,0.02
103329,2544983,10.919833,-26.322,11.2,-1398,0.0414,36.7,-0.03,25.700000000000003,119.9,0.3,0.02
103329,2545003,10.9205,-26.323,11.2,-1398,0.0415,36.7,-0.03,25.700000000000003,119.9,0.3,0.02
103329,2545013,10.920833,-26.3235,11.2,-1398,0.0415,36.7,-0.03,25.700000000000003,119.9,0.3,0.02
103329,2545014,10.920833,-26.3235,11.2,-1398,0.0415,36.7,-0.03,25.700000000000003,119.9,0.3,0.02
103329,2545042,10.921667,-26.324833,11.2,-1397,0.0415,36.7,-0.03,25.700000000000003,119.9,0.3,0.02
103329,2545043,10.921667,-26.324833,11.2,-1397,0.0415,36.7,-0.03,25.700000000000003,119.9,0.3,0.02
103329,2545073,10.9225,-26.326167,11.2,-1397,0.041600000000000005,36.7,-0.03,25.700000000000003,119.80000000000001,0.3,0.02
103329,2545074,10.9225,-26.326167,11.2,-1397,0.041600000000000005,36.7,-0.03,25.700000000000003,119.80000000000001,0.3,0.02
103329,2545102,10.923167,-26.3275,11.2,-1397,0.041600000000000005,36.7,-0.03,25.700000000000003,119.80000000000001,0.3,0.02
103329,2545103,10.923167,-26.3275,11.2,-1397,0.041600000000000005,36.7,-0.03,25.700000000000003,119.80000000000001,0.3,0.02
103329,2545123,10.923667,-26.3285,11.3,-1397,0.041600000000000005,36.7,-0.03,25.700000000000003,119.80000000000001,0.3,0.02
103329,2545134,10.924,-26.329,11.3,-1397,0.041600000000000005,36.7,-0.03,25.700000000000003,119.80000000000001,0.3,0.02
103329,2545162,10.924833,-26.330333,11.3,-1397,0.0417,36.7,-0.03,25.700000000000003,119.80000000000001,0.3,0.02
103329,2545163,10.924833,-26.330333,11.3,-1397,0.0417,36.7,-0.03,25.700000000000003,119.80000000000001,0.3,0.02
103329,2545183,10.925333,-26.331167,11.2,-1397,0.0417,36.7,-0.03,25.700000000000003,119.80000000000001,0.3,0.02
103329,2545235,10.926833,-26.333667,11.2,-1396,0.0408,36.7,-0.03,25.700000000000003,119.7,0.3,0.02
103329,2545254,10.927333,-26.3345,11.3,-1396,0.0409,36.7,-0.03,25.700000000000003,119.7,0.3,0.02
103329,2545264,10.927667,-26.335,11.3,-1396,0.0409,36.7,-0.03,25.700000000000003,119.7,0.3,0.02
103329,2545283,10.928,-26.335833,11.3,-1396,0.041,36.7,-0.03,25.700000000000003,119.7,0.3,0.02
103329,2545314,10.929,-26.337333,11.3,-1395,0.041,36.7,-0.03,25.700000000000003,119.60000000000001,0.3,0.02
103329,2545342,10.929833,-26.338667,11.4,-1395,0.041100000000000005,36.7,-0.03,25.700000000000003,119.60000000000001,0.3,0.02
103329,2545415,10.931667,-26.342167,11.6,-1395,0.0413,36.7,-0.03,25.700000000000003,119.60000000000001,0.3,0.02
103329,2553516,11.164667,-26.700167,11.1,-1376,0.043300000000000005,36.9,-0.05,25.3,111.2,0.07,0.19
103329,2571195,11.108333,-26.626,6.3,-1371,0.0497,36.9,-0.05,25.400000000000002,115.30000000000001,0.17,0.16
103329,2572222,11.095167,-26.604167,3.8,-1384,0.045000000000000005,36.9,-0.05,25.5,115.30000000000001,0.19,0.15
103329,2573176,11.083167,-26.583167,4.3,-1396,0.044700000000000004,36.9,-0.05,25.5,115.,0.21,0.14
103329,2573372,11.081,-26.579667,4.3,-1396,0.0444,36.9,-0.05,25.5,115.,0.21,0.14
103329,2573735,11.076833,-26.573,5.2,-1397,0.0439,36.9,-0.05,25.5,114.80000000000001,0.21,0.13
103329,2574552,11.067833,-26.557,4.6,-1399,0.0429,36.9,-0.05,25.5,114.30000000000001,0.23,0.13
103329,2574658,11.0665,-26.554833,5.1,-1400,0.0427,36.9,-0.05,25.5,114.2,0.23,0.12
103329,2575156,11.060333,-26.544167,5.6,-1401,0.0422,36.9,-0.05,25.5,113.9,0.24,0.12
103329,2575923,11.052667,-26.529,1.9,-1403,0.039,36.9,-0.05,25.5,113.4,0.24,0.11
103329,2576196,11.051667,-26.526333,4.,-1403,0.038900000000000004,36.9,-0.05,25.5,113.30000000000001,0.24,0.11
103329,2576490,11.048,-26.52,4.8,-1404,0.0386,36.9,-0.05,25.5,113.10000000000001,0.25,0.1
103329,2577049,11.0415,-26.507,5.6,-1405,0.0426,36.9,-0.04,25.5,112.5,0.25,0.1
103329,2577192,11.040667,-26.503,6.4,-1406,0.042800000000000005,36.9,-0.05,25.5,112.4,0.25,0.1
103329,2577482,11.0365,-26.497,3.1,-1397,0.0376,36.9,-0.04,25.5,112.7,0.26,0.09
103329,2578396,11.022167,-26.48,6.,-1397,0.039,36.800000000000004,-0.04,25.6,114.30000000000001,0.26,0.08
103329,2578736,11.017,-26.4725,5.,-1397,0.0396,36.800000000000004,-0.04,25.6,115.2,0.27,0.07
103329,2580045,10.999833,-26.449667,4.3,-1399,0.041100000000000005,36.800000000000004,-0.04,25.6,117.60000000000001,0.28,0.06
103329,2581337,10.9815,-26.4205,5.3,-1395,0.0426,36.7,-0.04,25.6,119.10000000000001,0.29,0.04
103329,2583144,10.956667,-26.382833,5.3,-1393,0.0429,36.7,-0.03,25.6,119.7,0.3,0.03
103329,2583145,10.956667,-26.382833,5.3,-1393,0.0429,36.7,-0.03,25.6,119.7,0.3,0.03
103329,2583163,10.9565,-26.382333,5.3,-1393,0.0429,36.7,-0.03,25.6,119.7,0.3,0.03
103329,2583170,10.956333,-26.382167,5.3,-1393,0.0429,36.7,-0.03,25.6,119.7,0.3,0.03
103329,2583171,10.956333,-26.382167,5.3,-1393,0.0429,36.7,-0.03,25.6,119.7,0.3,0.03
103329,2583174,10.956333,-26.382167,5.3,-1393,0.0429,36.7,-0.03,25.6,119.7,0.3,0.03
103329,2583182,10.956167,-26.382,5.5,-1393,0.0429,36.7,-0.03,25.6,119.7,0.3,0.03
103329,2583183,10.956167,-26.382,5.5,-1393,0.0429,36.7,-0.03,25.6,119.7,0.3,0.03
103329,2583274,10.955,-26.380167,5.,-1393,0.042800000000000005,36.7,-0.03,25.6,119.7,0.3,0.03
103329,2583343,10.954,-26.378833,5.1,-1394,0.0427,36.7,-0.03,25.6,119.7,0.3,0.02
103329,2583344,10.954,-26.378833,5.1,-1394,0.0427,36.7,-0.03,25.6,119.7,0.3,0.02
103329,2588713,10.914667,-26.256,5.2,-1399,0.038900000000000004,36.7,-0.03,25.700000000000003,124.4,0.27,-0.02
103329,2588714,10.914667,-26.256,5.2,-1399,0.038900000000000004,36.7,-0.03,25.700000000000003,124.4,0.27,-0.02
103329,2588743,10.914667,-26.255167,5.6,-1399,0.0388,36.7,-0.03,25.700000000000003,124.5,0.26,-0.02
103329,2588755,10.914667,-26.254833,5.7,-1399,0.0388,36.7,-0.03,25.700000000000003,124.5,0.26,-0.02
103329,2588763,10.914667,-26.254667,5.7,-1399,0.0388,36.7,-0.03,25.700000000000003,124.5,0.26,-0.02
103329,2588764,10.914667,-26.254667,5.7,-1399,0.0388,36.7,-0.03,25.700000000000003,124.5,0.26,-0.02
103329,2588774,10.914667,-26.254167,5.9,-1399,0.0388,36.7,-0.03,25.700000000000003,124.5,0.26,-0.02
103329,2588852,10.9145,-26.252,6.,-1399,0.038700000000000005,36.7,-0.03,25.700000000000003,124.60000000000001,0.26,-0.02
103329,2588853,10.9145,-26.252,6.,-1399,0.038700000000000005,36.7,-0.03,25.700000000000003,124.60000000000001,0.26,-0.02
103329,2588863,10.9145,-26.251667,5.9,-1399,0.0386,36.7,-0.03,25.700000000000003,124.7,0.26,-0.02
103329,2588874,10.9145,-26.251333,5.8,-1399,0.0386,36.7,-0.03,25.700000000000003,124.7,0.26,-0.02
103329,2588875,10.9145,-26.251333,5.8,-1399,0.0386,36.7,-0.03,25.700000000000003,124.7,0.26,-0.02
103329,2588884,10.914333,-26.251167,5.8,-1399,0.0386,36.7,-0.03,25.700000000000003,124.7,0.26,-0.02
103329,2588885,10.914333,-26.251167,5.8,-1399,0.0386,36.7,-0.03,25.700000000000003,124.7,0.26,-0.02
103329,2588894,10.914333,-26.250833,5.7,-1399,0.0386,36.7,-0.03,25.700000000000003,124.7,0.26,-0.02
103329,2588934,10.914333,-26.249667,5.7,-1395,0.0414,36.7,-0.03,25.700000000000003,124.80000000000001,0.26,-0.02
103329,2588935,10.914333,-26.249667,5.7,-1395,0.0414,36.7,-0.03,25.700000000000003,124.80000000000001,0.26,-0.02
103329,2588965,10.914167,-26.248833,5.9,-1395,0.0413,36.7,-0.03,25.700000000000003,124.80000000000001,0.26,-0.02
103329,2588994,10.914167,-26.248,5.8,-1395,0.0413,36.7,-0.03,25.700000000000003,124.9,0.26,-0.02
103329,2588995,10.914167,-26.248,5.8,-1395,0.0413,36.7,-0.03,25.700000000000003,124.9,0.26,-0.02
103329,2589004,10.914167,-26.247667,6.,-1395,0.0413,36.7,-0.03,25.700000000000003,124.9,0.26,-0.02
103329,2589005,10.914167,-26.247667,6.,-1395,0.0413,36.7,-0.03,25.700000000000003,124.9,0.26,-0.02
103329,2589064,10.914,-26.246,5.8,-1395,0.0412,36.7,-0.03,25.700000000000003,125.,0.26,-0.02
103329,2589065,10.914,-26.246,5.8,-1395,0.0412,36.7,-0.03,25.700000000000003,125.,0.26,-0.02
103329,2589115,10.913833,-26.244833,5.5,-1394,0.0412,36.7,-0.03,25.700000000000003,125.10000000000001,0.26,-0.02
103329,2589134,10.913833,-26.244333,5.7,-1394,0.041100000000000005,36.7,-0.03,25.700000000000003,125.10000000000001,0.26,-0.03
103329,2589245,10.9135,-26.241,6.9,-1394,0.041,36.7,-0.03,25.700000000000003,125.30000000000001,0.26,-0.03
103329,2595577,10.881333,-26.065667,6.6,-1296,0.039900000000000005,36.6,-0.03,25.700000000000003,114.9,0.2,-0.09
103329,2617056,10.741167,-25.725,10.4,-1395,0.0407,36.6,0.,25.8,116.5,0.06,-0.16
103329,2619527,10.7895,-25.837167,10.9,-1402,0.0398,36.6,-0.01,25.700000000000003,125.5,0.1,-0.1
103329,2620657,10.802333,-25.893333,10.6,-1403,0.04,36.6,-0.01,25.700000000000003,119.,0.14,-0.04
103329,2620918,10.805333,-25.906167,10.7,-1403,0.0403,36.6,-0.01,25.700000000000003,117.4,0.15,-0.03
103329,2621955,10.817,-25.957667,10.9,-1388,0.041,36.6,-0.01,25.8,118.,0.17,-0.03
103329,2622297,10.821167,-25.974333,10.6,-1382,0.0408,36.6,-0.02,25.8,118.80000000000001,0.17,-0.03
103329,2623137,10.830833,-26.016,11.,-1390,0.0413,36.6,-0.02,25.8,119.30000000000001,0.19,-0.05
103329,2623486,10.835,-26.0335,11.1,-1379,0.040600000000000004,36.6,-0.02,25.8,118.7,0.19,-0.06
103329,2624536,10.847167,-26.086333,10.9,-1340,0.0403,36.6,-0.02,25.8,118.4,0.2,-0.08
103329,2624796,10.850333,-26.099333,10.9,-1319,0.04,36.6,-0.02,25.700000000000003,119.30000000000001,0.2,-0.08
103329,2625876,10.863,-26.153833,10.9,-1238,0.0403,36.6,-0.02,25.700000000000003,123.9,0.22,-0.07
103329,2626195,10.866833,-26.170167,11.1,-1365,0.0472,36.6,-0.02,25.700000000000003,124.7,0.22,-0.07
103329,2626957,10.876,-26.209,11.1,-1353,0.041100000000000005,36.6,-0.02,25.700000000000003,125.9,0.24,-0.04
103329,2627257,10.8795,-26.224,10.7,-1350,0.0408,36.7,-0.02,25.700000000000003,126.5,0.25,-0.03
103329,2627324,10.8805,-26.227333,10.7,-1350,0.0408,36.7,-0.02,25.700000000000003,126.60000000000001,0.26,-0.03
103329,2627344,10.880667,-26.2285,10.7,-1350,0.0408,36.7,-0.02,25.700000000000003,126.60000000000001,0.26,-0.03
103329,2627375,10.881,-26.23,10.9,-1350,0.0407,36.7,-0.02,25.700000000000003,126.60000000000001,0.26,-0.02
103329,2627384,10.881167,-26.2305,10.9,-1350,0.0407,36.7,-0.02,25.700000000000003,126.60000000000001,0.26,-0.02
103329,2627385,10.881167,-26.2305,10.9,-1350,0.0407,36.7,-0.02,25.700000000000003,126.60000000000001,0.26,-0.02
103329,2627444,10.882,-26.2335,10.9,-1350,0.0407,36.7,-0.02,25.700000000000003,126.7,0.26,-0.02
103329,2627445,10.882,-26.2335,10.9,-1350,0.0407,36.7,-0.02,25.700000000000003,126.7,0.26,-0.02
103329,2627455,10.882,-26.234,10.7,-1349,0.0407,36.7,-0.02,25.700000000000003,126.7,0.26,-0.02
103329,2627515,10.882833,-26.237,10.9,-1349,0.0407,36.7,-0.02,25.700000000000003,126.80000000000001,0.26,-0.02
103329,2627595,10.883667,-26.241167,10.9,-1349,0.0407,36.7,-0.02,25.700000000000003,126.80000000000001,0.26,-0.02
103329,2627605,10.883833,-26.241667,11.,-1349,0.0407,36.7,-0.02,25.700000000000003,126.7,0.26,-0.02
103329,2627624,10.884,-26.2425,11.,-1349,0.0407,36.7,-0.02,25.700000000000003,126.7,0.26,-0.02
103329,2627625,10.884,-26.2425,11.,-1349,0.0407,36.7,-0.02,25.700000000000003,126.7,0.26,-0.02
103329,2627685,10.884833,-26.2455,10.9,-1349,0.0407,36.7,-0.02,25.700000000000003,126.5,0.26,-0.02
103329,2627695,10.885,-26.246,10.9,-1349,0.0407,36.7,-0.02,25.700000000000003,126.5,0.26,-0.02
103329,2627725,10.885333,-26.247667,11.,-1349,0.0407,36.7,-0.02,25.700000000000003,126.4,0.26,-0.02
103329,2627784,10.886,-26.250667,10.9,-1399,0.0393,36.7,-0.02,25.700000000000003,126.2,0.26,-0.01
103329,2627785,10.886,-26.250667,10.9,-1399,0.0393,36.7,-0.02,25.700000000000003,126.2,0.26,-0.01
103329,2628326,10.892,-26.278,11.1,-1399,0.0405,36.7,-0.02,25.700000000000003,124.5,0.27,0.
103329,2628606,10.897,-26.291667,11.1,-1398,0.038,36.7,-0.02,25.700000000000003,123.60000000000001,0.28,0.
103329,2629756,10.928167,-26.3415,10.7,-1395,0.0412,36.7,-0.03,25.700000000000003,120.7,0.29,0.01
103329,2633174,11.024833,-26.489667,11.2,-1397,0.0383,36.800000000000004,-0.04,25.6,116.4,0.28,0.07
103329,2633214,11.025833,-26.491333,11.1,-1397,0.0381,36.800000000000004,-0.04,25.6,116.30000000000001,0.28,0.08
103329,2633264,11.027333,-26.493667,11.1,-1397,0.038,36.800000000000004,-0.04,25.6,116.2,0.28,0.08
103329,2633324,11.029,-26.496333,11.1,-1397,0.0378,36.800000000000004,-0.04,25.6,116.10000000000001,0.27,0.08
103329,2633343,11.029667,-26.497167,11.1,-1397,0.037700000000000004,36.800000000000004,-0.04,25.6,116.,0.27,0.08
103329,2633364,11.030167,-26.498,11.1,-1397,0.0376,36.800000000000004,-0.04,25.6,116.,0.27,0.08
103329,2633403,11.031333,-26.499667,11.1,-1397,0.0375,36.800000000000004,-0.04,25.6,115.9,0.27,0.08
103329,2633493,11.033833,-26.503667,11.1,-1405,0.042300000000000004,36.800000000000004,-0.04,25.6,115.7,0.27,0.08
103329,2633574,11.036167,-26.507167,11.1,-1405,0.0422,36.800000000000004,-0.04,25.6,115.5,0.27,0.08
103329,2633602,11.037,-26.5085,11.1,-1405,0.0422,36.800000000000004,-0.04,25.6,115.4,0.27,0.09
103329,2633603,11.037,-26.5085,11.1,-1405,0.0422,36.800000000000004,-0.04,25.6,115.4,0.27,0.09
103329,2633774,11.042,-26.515833,11.,-1404,0.0381,36.800000000000004,-0.04,25.6,115.30000000000001,0.27,0.09
103329,2633775,11.042,-26.515833,11.,-1404,0.0381,36.800000000000004,-0.04,25.6,115.30000000000001,0.27,0.09
103329,2633784,11.042167,-26.516333,11.,-1404,0.0381,36.800000000000004,-0.04,25.6,115.30000000000001,0.27,0.09
103329,2637077,11.132167,-26.660333,10.6,-1352,0.043300000000000005,36.9,-0.05,25.400000000000002,115.60000000000001,0.17,0.17
103329,2642436,11.294333,-26.848667,0.3,-1328,0.052700000000000004,36.9,-0.05,25.200000000000003,107.4,-0.1,0.22
103329,2655693,11.269333,-26.850833,3.6,-1313,0.054700000000000006,36.9,-0.05,25.200000000000003,108.4,-0.05,0.22
103329,2656587,11.255167,-26.846167,4.5,-1309,0.0539,36.9,-0.05,25.200000000000003,109.60000000000001,-0.02,0.22
103329,2657805,11.231,-26.834833,5.7,-1367,0.0531,36.9,-0.05,25.3,111.5,0.02,0.21
103329,2658805,11.21,-26.819,6.4,-1310,0.0453,36.9,-0.05,25.3,113.,0.06,0.21
103329,2659212,11.204667,-26.814333,3.2,-1311,0.0497,36.9,-0.05,25.3,113.4,0.07,0.21
103329,2659395,11.202,-26.8105,6.2,-1312,0.0489,36.9,-0.05,25.3,113.5,0.07,0.21
103329,2660035,11.193167,-26.7955,5.6,-1320,0.046200000000000005,36.9,-0.05,25.3,113.7,0.08,0.2
103329,2660084,11.1925,-26.7945,5.2,-1320,0.0461,36.9,-0.05,25.3,113.7,0.08,0.2
103329,2660435,11.187833,-26.786667,6.3,-1324,0.041600000000000005,36.9,-0.04,25.3,113.7,0.09,0.2
103329,2660688,11.184167,-26.7805,4.9,-1328,0.041100000000000005,36.9,-0.04,25.3,113.7,0.1,0.2
103329,2661245,11.183,-26.779833,3.7,-1328,0.041,36.9,-0.04,25.3,113.80000000000001,0.1,0.2
103329,2661375,11.181333,-26.777167,5.6,-1329,0.0408,36.9,-0.04,25.3,113.80000000000001,0.1,0.2
103329,2661695,11.177333,-26.7705,5.1,-1334,0.0402,36.9,-0.04,25.3,113.9,0.11,0.2
103329,2662840,11.1645,-26.752167,1.2,-1392,0.0409,36.9,-0.04,25.3,114.2,0.14,0.19
103329,2663176,11.160167,-26.7465,4.9,-1350,0.0392,36.9,-0.04,25.400000000000002,114.30000000000001,0.14,0.19
103329,2664294,11.139833,-26.722333,6.4,-1363,0.0427,36.9,-0.04,25.400000000000002,115.2,0.18,0.18
103329,2665366,11.123833,-26.698333,6.3,-1377,0.0473,36.9,-0.04,25.400000000000002,116.9,0.21,0.17
103329,2665517,11.121833,-26.694833,5.9,-1379,0.0476,36.9,-0.04,25.400000000000002,117.2,0.22,0.17
103329,2666706,11.105833,-26.666833,6.,-1395,0.050300000000000004,36.9,-0.04,25.5,118.5,0.23,0.16
103329,2671274,11.053333,-26.564833,6.3,-1398,0.0415,36.800000000000004,-0.04,25.5,118.2,0.28,0.11
103329,2671275,11.053333,-26.564833,6.3,-1398,0.0415,36.800000000000004,-0.04,25.5,118.2,0.28,0.11
103329,2671295,11.053167,-26.564333,6.,-1398,0.0415,36.800000000000004,-0.04,25.5,118.2,0.28,0.11
103329,2671296,11.053167,-26.564333,6.,-1398,0.0415,36.800000000000004,-0.04,25.5,118.2,0.28,0.11
103329,2671325,11.052667,-26.563833,5.7,-1399,0.0414,36.800000000000004,-0.04,25.5,118.2,0.28,0.11
103329,2671326,11.052667,-26.563833,5.7,-1399,0.0414,36.800000000000004,-0.04,25.5,118.2,0.28,0.11
103329,2671344,11.052333,-26.563333,5.7,-1399,0.0414,36.800000000000004,-0.04,25.5,118.10000000000001,0.28,0.11
103329,2671345,11.052333,-26.563333,5.7,-1399,0.0414,36.800000000000004,-0.04,25.5,118.10000000000001,0.28,0.11
103329,2671364,11.052,-26.562833,5.9,-1399,0.0413,36.800000000000004,-0.04,25.5,118.10000000000001,0.28,0.11
103329,2671365,11.052,-26.562833,5.9,-1399,0.0413,36.800000000000004,-0.04,25.5,118.10000000000001,0.28,0.11
103329,2671394,11.0515,-26.562167,6.,-1399,0.0413,36.800000000000004,-0.04,25.5,118.10000000000001,0.28,0.11
103329,2671395,11.0515,-26.562167,6.,-1399,0.0413,36.800000000000004,-0.04,25.5,118.10000000000001,0.28,0.11
103329,2671405,11.051167,-26.562,6.,-1399,0.0413,36.800000000000004,-0.04,25.5,118.10000000000001,0.28,0.11
103329,2671406,11.051167,-26.562,6.,-1399,0.0413,36.800000000000004,-0.04,25.5,118.10000000000001,0.28,0.11
103329,2671484,11.05,-26.560667,4.3,-1399,0.0412,36.800000000000004,-0.04,25.6,118.10000000000001,0.28,0.1
103329,2671485,11.05,-26.560667,4.3,-1399,0.0412,36.800000000000004,-0.04,25.6,118.10000000000001,0.28,0.1
103329,2671507,11.049833,-26.5605,3.3,-1399,0.0412,36.800000000000004,-0.04,25.6,118.10000000000001,0.28,0.1
103329,2671509,11.049833,-26.5605,3.3,-1399,0.0412,36.800000000000004,-0.04,25.6,118.10000000000001,0.28,0.1
103329,2671519,11.049833,-26.560333,3.,-1399,0.0412,36.800000000000004,-0.04,25.6,118.10000000000001,0.28,0.1
103329,2671521,11.049833,-26.560333,3.,-1399,0.0412,36.800000000000004,-0.04,25.6,118.10000000000001,0.28,0.1
103329,2671522,11.049833,-26.560333,3.,-1399,0.0412,36.800000000000004,-0.04,25.6,118.10000000000001,0.28,0.1
103329,2671525,11.049833,-26.560333,3.,-1399,0.0412,36.800000000000004,-0.04,25.6,118.10000000000001,0.28,0.1
103329,2671528,11.049833,-26.560333,2.8,-1399,0.0412,36.800000000000004,-0.04,25.6,118.10000000000001,0.28,0.1
103329,2671529,11.049833,-26.560333,2.8,-1399,0.0412,36.800000000000004,-0.04,25.6,118.10000000000001,0.28,0.1
103329,2671531,11.049667,-26.560333,2.6,-1399,0.041100000000000005,36.800000000000004,-0.04,25.6,118.10000000000001,0.28,0.1
103329,2671544,11.049667,-26.560167,2.3,-1399,0.041100000000000005,36.800000000000004,-0.04,25.6,118.10000000000001,0.28,0.1
103329,2671545,11.049667,-26.560167,2.3,-1399,0.041100000000000005,36.800000000000004,-0.04,25.6,118.10000000000001,0.28,0.1
103329,2671586,11.049167,-26.56,2.4,-1399,0.041100000000000005,36.800000000000004,-0.04,25.6,118.10000000000001,0.28,0.1
103329,2671598,11.049167,-26.559833,2.9,-1399,0.041100000000000005,36.800000000000004,-0.04,25.6,118.10000000000001,0.28,0.1
103329,2671599,11.049167,-26.559833,2.9,-1399,0.041100000000000005,36.800000000000004,-0.04,25.6,118.10000000000001,0.28,0.1
103329,2671604,11.049,-26.559667,3.,-1399,0.041100000000000005,36.800000000000004,-0.04,25.6,118.10000000000001,0.28,0.1
103329,2671605,11.049,-26.559667,3.,-1399,0.041100000000000005,36.800000000000004,-0.04,25.6,118.10000000000001,0.28,0.1
103329,2671619,11.049,-26.5595,3.2,-1399,0.041100000000000005,36.800000000000004,-0.04,25.6,118.10000000000001,0.28,0.1
103329,2671645,11.048833,-26.558833,3.8,-1399,0.041100000000000005,36.800000000000004,-0.04,25.6,118.,0.28,0.1
103329,2671664,11.0485,-26.5585,4.2,-1399,0.041,36.800000000000004,-0.04,25.6,118.,0.28,0.1
103329,2671702,11.048167,-26.557833,4.9,-1399,0.041,36.800000000000004,-0.04,25.6,118.,0.28,0.1
103329,2671706,11.048,-26.557667,5.,-1399,0.041,36.800000000000004,-0.04,25.6,118.,0.28,0.1
103329,2671711,11.048,-26.5575,5.,-1399,0.041,36.800000000000004,-0.04,25.6,118.,0.28,0.1
103329,2671725,11.047667,-26.557167,5.2,-1399,0.041,36.800000000000004,-0.04,25.6,118.,0.28,0.1
103329,2671728,11.0475,-26.557167,5.3,-1399,0.041,36.800000000000004,-0.04,25.6,118.,0.29,0.1
103329,2671768,11.046833,-26.5565,5.7,-1399,0.0409,36.800000000000004,-0.04,25.6,118.,0.29,0.1
103329,2671889,11.046,-26.554667,2.6,-1400,0.0408,36.800000000000004,-0.03,25.6,118.,0.29,0.1
103329,2677057,10.976833,-26.450167,5.,-1397,0.0417,36.7,-0.02,25.700000000000003,122.5,0.3,0.04
103329,2677077,10.976667,-26.449833,4.9,-1397,0.0417,36.7,-0.02,25.700000000000003,122.5,0.3,0.04
103329,2677108,10.976167,-26.449167,5.,-1397,0.0417,36.7,-0.02,25.700000000000003,122.5,0.3,0.04
103329,2677117,10.976,-26.449,5.,-1397,0.0417,36.7,-0.02,25.700000000000003,122.5,0.3,0.04
103329,2677137,10.975833,-26.448667,5.,-1397,0.0417,36.7,-0.02,25.700000000000003,122.5,0.3,0.04
103329,2677156,10.9755,-26.448333,5.,-1397,0.0417,36.7,-0.02,25.700000000000003,122.60000000000001,0.3,0.04
103329,2677157,10.9755,-26.448333,5.,-1397,0.0417,36.7,-0.02,25.700000000000003,122.60000000000001,0.3,0.04
103329,2677167,10.975333,-26.448,5.2,-1397,0.0417,36.7,-0.02,25.700000000000003,122.60000000000001,0.3,0.04
103329,2677168,10.975333,-26.448,5.2,-1397,0.0417,36.7,-0.02,25.700000000000003,122.60000000000001,0.3,0.04
103329,2677223,10.974333,-26.446833,5.7,-1397,0.0417,36.7,-0.02,25.700000000000003,122.60000000000001,0.3,0.04
103329,2677224,10.974333,-26.446833,5.7,-1397,0.0417,36.7,-0.02,25.700000000000003,122.60000000000001,0.3,0.04
103329,2677235,10.974167,-26.446667,5.6,-1397,0.0417,36.7,-0.02,25.700000000000003,122.60000000000001,0.3,0.04
103329,2677236,10.974167,-26.446667,5.6,-1397,0.0417,36.7,-0.02,25.700000000000003,122.60000000000001,0.3,0.04
103329,2677287,10.973333,-26.4455,5.1,-1397,0.0417,36.7,-0.02,25.700000000000003,122.7,0.3,0.04
103329,2677288,10.973333,-26.4455,5.1,-1397,0.0417,36.7,-0.02,25.700000000000003,122.7,0.3,0.04
103329,2677295,10.973333,-26.445333,5.,-1397,0.0417,36.7,-0.02,25.700000000000003,122.7,0.3,0.04
103329,2677296,10.973333,-26.445333,5.,-1397,0.0417,36.7,-0.02,25.700000000000003,122.7,0.3,0.04
103329,2677348,10.9725,-26.444333,5.1,-1397,0.0417,36.7,-0.02,25.700000000000003,122.7,0.3,0.04
103329,2677445,10.970833,-26.4425,5.,-1396,0.0417,36.7,-0.02,25.700000000000003,122.80000000000001,0.3,0.04
103329,2677446,10.970833,-26.4425,5.,-1396,0.0417,36.7,-0.02,25.700000000000003,122.80000000000001,0.3,0.04
103329,2677459,10.970833,-26.442167,4.8,-1396,0.0417,36.7,-0.02,25.700000000000003,122.80000000000001,0.3,0.04
103329,2677460,10.970833,-26.442167,4.8,-1396,0.0417,36.7,-0.02,25.700000000000003,122.80000000000001,0.3,0.04
103329,2677465,10.970667,-26.442167,4.6,-1396,0.0417,36.7,-0.02,25.700000000000003,122.80000000000001,0.3,0.04
103329,2677466,10.970667,-26.442167,4.6,-1396,0.0417,36.7,-0.02,25.700000000000003,122.80000000000001,0.3,0.04
103329,2677489,10.970333,-26.441667,4.4,-1396,0.0417,36.7,-0.02,25.700000000000003,122.80000000000001,0.3,0.04
103329,2677490,10.970333,-26.441667,4.4,-1396,0.0417,36.7,-0.02,25.700000000000003,122.80000000000001,0.3,0.04
103329,2679048,10.9465,-26.4095,5.,-1393,0.0407,36.7,-0.02,25.700000000000003,122.2,0.3,0.02
103329,2684828,10.866167,-26.2895,6.6,-1399,0.0454,36.6,-0.01,25.8,124.5,0.26,0.01
103329,2699178,10.743167,-25.981,1.1,-1400,-99999,36.5,0.01,25.8,127.60000000000001,0.15,0.01
103329,2700200,10.738667,-25.963167,5.9,-1400,-99999,36.5,0.01,25.8,126.60000000000001,0.14,0.02
103329,2700589,10.735167,-25.9525,6.2,-1400,0.0488,36.5,0.01,25.8,126.,0.13,0.02
103329,2701809,10.7285,-25.924333,4.3,-1400,0.0545,36.5,0.01,25.8,124.30000000000001,0.12,0.03
103329,2703760,10.720333,-25.880167,1.9,-1401,0.0521,36.6,0.01,25.8,125.30000000000001,0.1,0.
103329,2704170,10.719167,-25.873,1.8,-1401,0.0472,36.6,0.01,25.8,125.4,0.1,-0.01
103329,2705020,10.715333,-25.853167,5.5,-1400,0.0483,36.6,0.01,25.8,125.9,0.09,-0.02
103329,2705262,10.713667,-25.846833,6.,-1399,0.0487,36.6,0.01,25.8,126.,0.08,-0.03
103329,2706259,10.705667,-25.827667,8.4,-1398,0.0489,36.6,0.01,25.8,124.80000000000001,0.07,-0.04
103329,2706840,10.709,-25.8045,8.5,-1397,0.047900000000000005,36.6,0.01,25.8,122.2,0.07,-0.06
103329,2707599,10.7115,-25.773833,8.4,-1396,0.044700000000000004,36.6,0.01,25.900000000000002,118.60000000000001,0.05,-0.08
103329,2707769,10.711833,-25.766833,8.5,-1395,0.0444,36.6,0.01,25.900000000000002,117.80000000000001,0.05,-0.09
103329,2709029,10.715333,-25.716,8.5,-1394,0.0436,36.6,0.01,25.8,114.60000000000001,0.04,-0.09
103329,2709089,10.7155,-25.7135,8.5,-1393,0.0434,36.6,0.01,25.8,114.4,0.04,-0.09
103329,2710058,10.717833,-25.674167,8.5,-1391,0.0443,36.6,0.01,25.8,111.9,0.03,-0.08
103329,2710238,10.718333,-25.666833,8.6,-1391,0.0432,36.6,0.01,25.700000000000003,110.7,0.03,-0.08
103329,2711388,10.7225,-25.620167,8.5,-1391,-99999,36.6,0.,25.6,103.30000000000001,0.01,-0.07
103329,2711718,10.723667,-25.606833,8.5,-1391,-99999,36.6,0.,25.6,101.30000000000001,0.01,-0.07
103329,2712619,10.7275,-25.569,10.2,-1352,-99999,36.6,0.,25.5,101.30000000000001,0.,-0.08
103329,2713848,10.735667,-25.510333,10.2,-1364,0.041100000000000005,36.7,0.,25.5,102.30000000000001,-0.02,-0.12
103329,2715419,10.738167,-25.434833,10.,-1247,0.039900000000000005,36.7,0.,25.5,100.4,-0.05,-0.24
103329,2715528,10.738667,-25.4295,10.,-1246,0.039900000000000005,36.7,0.,25.5,100.60000000000001,-0.05,-0.25
103329,2715698,10.7395,-25.421333,10.,-1244,0.04,36.7,0.,25.5,100.9,-0.05,-0.26
103329,2715699,10.7395,-25.421333,10.,-1244,0.04,36.7,0.,25.5,100.9,-0.05,-0.26
103329,2715758,10.739667,-25.4185,10.,-1244,0.04,36.7,0.,25.5,101.,-0.05,-0.27
103329,2715807,10.74,-25.416333,10.,-1290,0.0392,36.7,0.,25.5,101.10000000000001,-0.06,-0.27
103329,2715818,10.74,-25.415667,10.,-1290,0.0392,36.7,0.,25.5,101.10000000000001,-0.06,-0.27
103329,2715820,10.74,-25.415667,10.,-1290,0.0392,36.7,0.,25.5,101.10000000000001,-0.06,-0.27
103329,2715839,10.740167,-25.414667,10.,-1290,0.0392,36.7,0.,25.5,101.2,-0.06,-0.28
103329,2715856,10.740167,-25.413833,10.,-1289,0.0392,36.7,0.,25.5,101.2,-0.06,-0.28
103329,2715857,10.740167,-25.413833,10.,-1289,0.0392,36.7,0.,25.5,101.2,-0.06,-0.28
103329,2715866,10.740333,-25.413333,10.2,-1289,0.0392,36.7,0.,25.5,101.2,-0.06,-0.28
103329,2715867,10.740333,-25.413333,10.2,-1289,0.0392,36.7,0.,25.5,101.2,-0.06,-0.28
103329,2715878,10.740333,-25.412833,10.2,-1289,0.0392,36.7,0.,25.5,101.2,-0.06,-0.28
103329,2715879,10.740333,-25.412833,10.2,-1289,0.0392,36.7,0.,25.5,101.2,-0.06,-0.28
103329,2715916,10.7405,-25.411,10.,-1289,0.0393,36.7,0.,25.5,101.30000000000001,-0.06,-0.28
103329,2715917,10.7405,-25.411,10.,-1289,0.0393,36.7,0.,25.5,101.30000000000001,-0.06,-0.28
103329,2715926,10.7405,-25.4105,10.2,-1288,0.0393,36.7,0.,25.5,101.30000000000001,-0.06,-0.28
103329,2715937,10.740667,-25.41,10.,-1288,0.0393,36.7,0.,25.5,101.30000000000001,-0.06,-0.28
103329,2715938,10.740667,-25.41,10.,-1288,0.0393,36.7,0.,25.5,101.30000000000001,-0.06,-0.28
103329,2715986,10.740833,-25.407667,10.,-1288,0.0393,36.7,0.,25.5,101.4,-0.06,-0.29
103329,2715987,10.740833,-25.407667,10.,-1288,0.0393,36.7,0.,25.5,101.4,-0.06,-0.29
103329,2715999,10.740833,-25.407,10.,-1287,0.0393,36.7,0.,25.5,101.4,-0.06,-0.29
103329,2716017,10.741,-25.406167,10.,-1287,0.0393,36.7,0.,25.5,101.5,-0.06,-0.29
103329,2716037,10.741,-25.405333,10.,-1287,0.0393,36.7,0.,25.5,101.5,-0.06,-0.29
103329,2716047,10.741167,-25.404833,10.,-1287,0.039400000000000004,36.7,0.,25.5,101.5,-0.06,-0.29
103329,2716077,10.741167,-25.403333,10.,-1286,0.039400000000000004,36.7,0.,25.5,101.60000000000001,-0.06,-0.29
103329,2716097,10.741333,-25.4025,9.9,-1286,0.039400000000000004,36.7,0.,25.5,101.60000000000001,-0.06,-0.29
103329,2716137,10.741333,-25.400667,9.9,-1285,0.039400000000000004,36.7,0.,25.5,101.7,-0.06,-0.3
103329,2716208,10.741833,-25.397333,9.9,-1284,0.0395,36.7,0.,25.5,101.80000000000001,-0.06,-0.3
103329,2716227,10.741833,-25.396333,10.,-1284,0.0395,36.7,0.,25.5,101.9,-0.06,-0.3
103329,2716267,10.742,-25.394333,10.2,-1283,0.0395,36.7,0.,25.5,101.9,-0.06,-0.31
103329,2720560,10.766333,-25.181833,10.7,-1344,0.0396,36.5,0.03,25.900000000000002,105.2,-0.12,-0.37
103329,2721938,10.771,-25.112167,10.4,-1343,0.0397,36.5,0.03,25.900000000000002,107.10000000000001,-0.14,-0.37
103329,2722018,10.771167,-25.108333,10.4,-1343,0.039400000000000004,36.5,0.03,25.900000000000002,107.30000000000001,-0.14,-0.37
103329,2725780,10.775667,-24.914333,10.9,-1277,0.0482,36.5,0.05,26.,102.5,-0.19,-0.29
103329,2741040,10.809333,-24.116,11.2,-1342,0.038700000000000005,36.800000000000004,0.03,25.8,118.4,-0.12,0.03
103329,2742679,10.8115,-24.028667,11.1,-1338,0.0489,36.800000000000004,0.03,25.6,107.4,-0.12,0.04
103329,2743248,10.812,-23.997833,11.6,-1345,0.050300000000000004,36.800000000000004,0.03,25.6,113.10000000000001,-0.13,0.04
103329,2743678,10.8125,-23.974667,11.1,-1342,0.05,36.800000000000004,0.03,25.6,113.4,-0.13,0.04
103329,2744720,10.813167,-23.9185,11.3,-1335,0.049,36.800000000000004,0.02,25.5,114.2,-0.14,0.03
103329,2744968,10.813167,-23.905167,11.3,-1346,0.0485,36.800000000000004,0.02,25.5,114.4,-0.14,0.03
103329,2745710,10.814167,-23.865667,11.,-1343,0.048600000000000004,36.7,0.02,25.400000000000002,114.9,-0.14,0.02
103329,2746059,10.814833,-23.8475,11.,-1342,0.0502,36.7,0.02,25.400000000000002,115.2,-0.14,0.02
103329,2746258,10.815333,-23.837,11.1,-1341,0.0511,36.7,0.02,25.400000000000002,115.80000000000001,-0.14,0.02
103329,2747138,10.817167,-23.791,11.,-1351,0.049600000000000005,36.7,0.02,25.400000000000002,124.10000000000001,-0.14,0.
103329,2747378,10.817667,-23.7785,11.1,-1351,0.0494,36.7,0.02,25.400000000000002,126.4,-0.14,0.
103329,2748299,10.819,-23.729833,11.3,-1357,0.0499,36.7,0.02,25.400000000000002,131.,-0.13,-0.02
103329,2748570,10.8195,-23.715167,11.3,-1358,0.0494,36.7,0.02,25.400000000000002,131.6,-0.13,-0.02
103329,2749520,10.820667,-23.6635,11.8,-1360,0.0557,36.7,0.02,25.5,133.20000000000002,-0.12,-0.04
103329,2749869,10.821167,-23.644167,11.7,-1362,0.055200000000000006,36.7,0.02,25.5,133.4,-0.12,-0.05
103329,2754016,10.825667,-23.421167,11.1,-1365,0.050100000000000006,36.7,0.02,25.700000000000003,133.6,-0.06,-0.19
103329,2754042,10.825667,-23.419833,11.1,-1365,0.050100000000000006,36.7,0.02,25.700000000000003,133.6,-0.06,-0.19
103329,2754168,10.825833,-23.413167,11.1,-1345,0.0472,36.7,0.02,25.700000000000003,133.4,-0.06,-0.19
103329,2754202,10.825833,-23.411333,11.1,-1345,0.0472,36.7,0.02,25.700000000000003,133.3,-0.06,-0.19
103329,2754203,10.825833,-23.411333,11.1,-1345,0.0472,36.7,0.02,25.700000000000003,133.3,-0.06,-0.19
103329,2754217,10.825833,-23.4105,11.1,-1345,0.0473,36.7,0.02,25.700000000000003,133.3,-0.06,-0.19
103329,2754228,10.825833,-23.41,11.1,-1345,0.0473,36.7,0.02,25.700000000000003,133.20000000000002,-0.06,-0.19
103329,2759610,10.827833,-23.1215,11.3,-1305,0.0485,36.7,0.02,25.700000000000003,131.70000000000002,-0.07,-0.18
103329,2759640,10.827833,-23.119833,11.3,-1306,0.0485,36.7,0.02,25.700000000000003,131.70000000000002,-0.07,-0.18
103329,2759701,10.827833,-23.116667,11.2,-1306,0.0485,36.7,0.02,25.700000000000003,131.6,-0.07,-0.18
103329,2759750,10.828,-23.114,11.2,-1306,0.0485,36.7,0.02,25.700000000000003,131.6,-0.08,-0.18
103329,2759769,10.828,-23.113,11.2,-1306,0.0485,36.7,0.02,25.700000000000003,131.5,-0.08,-0.18
103329,2759829,10.828167,-23.109833,11.2,-1307,0.0485,36.7,0.02,25.700000000000003,131.5,-0.08,-0.18
103329,2759830,10.828167,-23.109833,11.2,-1307,0.0485,36.7,0.02,25.700000000000003,131.5,-0.08,-0.18
103329,2759840,10.828167,-23.109167,11.1,-1307,0.0485,36.7,0.02,25.700000000000003,131.5,-0.08,-0.18
103329,2759849,10.828167,-23.108667,11.1,-1307,0.0485,36.7,0.02,25.700000000000003,131.5,-0.08,-0.18
103329,2759850,10.828167,-23.108667,11.1,-1307,0.0485,36.7,0.02,25.700000000000003,131.5,-0.08,-0.18
103329,2759881,10.828167,-23.107333,10.5,-1307,0.0485,36.7,0.02,25.700000000000003,131.4,-0.08,-0.18
103329,2759909,10.828333,-23.105833,10.,-1307,0.0485,36.7,0.02,25.700000000000003,131.4,-0.08,-0.18
103329,2759910,10.828333,-23.105833,10.,-1307,0.0485,36.7,0.02,25.700000000000003,131.4,-0.08,-0.18
103329,2759921,10.828333,-23.1055,9.9,-1307,0.0485,36.7,0.02,25.700000000000003,131.4,-0.08,-0.18
103329,2759941,10.828333,-23.104667,9.7,-1307,0.0485,36.7,0.02,25.700000000000003,131.4,-0.08,-0.18
103329,2759950,10.828333,-23.104167,9.7,-1307,0.0485,36.7,0.02,25.700000000000003,131.4,-0.08,-0.18
103329,2759960,10.828333,-23.1035,9.7,-1307,0.0485,36.7,0.02,25.700000000000003,131.4,-0.08,-0.18
103329,2759961,10.828333,-23.1035,9.7,-1307,0.0485,36.7,0.02,25.700000000000003,131.4,-0.08,-0.18
103329,2759969,10.828333,-23.103333,9.6,-1307,0.0485,36.7,0.02,25.700000000000003,131.4,-0.08,-0.18
103329,2759970,10.828333,-23.103333,9.6,-1307,0.0485,36.7,0.02,25.700000000000003,131.4,-0.08,-0.18
103329,2760010,10.828333,-23.1015,9.4,-1308,0.0485,36.7,0.02,25.700000000000003,131.3,-0.08,-0.18
103329,2760020,10.828333,-23.101,9.4,-1308,0.0485,36.7,0.02,25.700000000000003,131.3,-0.08,-0.18
103329,2760040,10.828333,-23.100167,9.1,-1308,0.0485,36.7,0.02,25.700000000000003,131.3,-0.08,-0.18
103329,2760051,10.828333,-23.099833,9.1,-1308,0.0485,36.7,0.02,25.700000000000003,131.3,-0.08,-0.18
103329,2760070,10.828333,-23.099,8.7,-1308,0.0485,36.7,0.02,25.700000000000003,131.3,-0.08,-0.18
103329,2760071,10.828333,-23.099,8.7,-1308,0.0485,36.7,0.02,25.700000000000003,131.3,-0.08,-0.18
103329,2760080,10.828333,-23.0985,8.6,-1308,0.048400000000000006,36.7,0.02,25.700000000000003,131.3,-0.08,-0.18
103329,2760081,10.828333,-23.0985,8.6,-1308,0.048400000000000006,36.7,0.02,25.700000000000003,131.3,-0.08,-0.18
103329,2760089,10.828333,-23.098167,8.6,-1308,0.048400000000000006,36.7,0.02,25.700000000000003,131.20000000000002,-0.08,-0.18
103329,2760099,10.828333,-23.097833,8.5,-1308,0.048400000000000006,36.7,0.02,25.700000000000003,131.20000000000002,-0.08,-0.18
103329,2760100,10.828333,-23.097833,8.5,-1308,0.048400000000000006,36.7,0.02,25.700000000000003,131.20000000000002,-0.08,-0.18
103329,2760120,10.8285,-23.097,8.4,-1308,0.048400000000000006,36.7,0.02,25.700000000000003,131.20000000000002,-0.08,-0.18
103329,2760131,10.8285,-23.096667,8.4,-1308,0.048400000000000006,36.7,0.02,25.700000000000003,131.20000000000002,-0.08,-0.18
103329,2760141,10.8285,-23.096167,8.4,-1308,0.048400000000000006,36.7,0.02,25.700000000000003,131.20000000000002,-0.08,-0.18
103329,2760150,10.8285,-23.095833,8.4,-1308,0.048400000000000006,36.7,0.02,25.700000000000003,131.20000000000002,-0.08,-0.18
103329,2765638,10.846,-23.064833,1.1,-1283,0.0471,36.7,0.02,25.700000000000003,131.4,-0.08,-0.17
103329,2765698,10.846167,-23.0645,1.,-1283,0.0471,36.7,0.02,25.700000000000003,131.4,-0.08,-0.17
103329,2765699,10.846167,-23.0645,1.,-1283,0.0471,36.7,0.02,25.700000000000003,131.4,-0.08,-0.17
103329,2765758,10.846333,-23.064167,1.1,-1283,0.0472,36.7,0.02,25.700000000000003,131.4,-0.08,-0.17
103329,2765759,10.846333,-23.064167,1.1,-1283,0.0472,36.7,0.02,25.700000000000003,131.4,-0.08,-0.17
103329,2765769,10.846333,-23.064167,1.1,-1283,0.0472,36.7,0.02,25.700000000000003,131.4,-0.08,-0.17
103329,2765770,10.846333,-23.064167,1.1,-1283,0.0472,36.7,0.02,25.700000000000003,131.4,-0.08,-0.17
103329,2765819,10.8465,-23.063833,1.2,-1283,0.0472,36.7,0.02,25.700000000000003,131.4,-0.08,-0.17
103329,2767793,10.852833,-23.054333,1.,-1284,0.047400000000000005,36.7,0.02,25.700000000000003,131.4,-0.08,-0.17
103329,2784620,10.882833,-22.980833,0.9,-1277,0.0466,36.7,0.02,25.700000000000003,130.70000000000002,-0.09,-0.16
103329,2788252,10.891167,-22.960833,1.9,-1280,0.0456,36.7,0.02,25.700000000000003,130.4,-0.09,-0.16
103329,2788762,10.894167,-22.957167,1.7,-1280,0.0472,36.7,0.02,25.700000000000003,130.3,-0.09,-0.15
103329,2789621,10.8985,-22.9505,2.1,-1281,0.046900000000000004,36.7,0.02,25.700000000000003,129.9,-0.09,-0.15
103329,2790831,10.905167,-22.939833,2.1,-1283,0.046200000000000005,36.7,0.02,25.700000000000003,129.1,-0.1,-0.15
103329,2790920,10.905667,-22.939167,1.9,-1283,0.0461,36.7,0.02,25.700000000000003,129.1,-0.1,-0.15
103329,2792092,10.9115,-22.929,2.3,-1284,0.045200000000000004,36.7,0.02,25.6,128.20000000000002,-0.1,-0.15
103329,2793342,10.916167,-22.917167,2.1,-1286,0.044000000000000004,36.7,0.02,25.6,127.2,-0.1,-0.15
103329,2794352,10.920333,-22.908333,1.9,-1262,0.045700000000000005,36.7,0.02,25.6,126.4,-0.1,-0.15
103329,2794480,10.920833,-22.907167,2.1,-1262,0.045700000000000005,36.7,0.02,25.6,126.2,-0.1,-0.15
103329,2795692,10.926167,-22.8965,1.9,-1263,0.0458,36.7,0.02,25.6,125.2,-0.1,-0.15
103329,2795963,10.9275,-22.894333,1.8,-1263,0.0459,36.7,0.02,25.6,124.9,-0.11,-0.15
103329,2797181,10.933333,-22.885167,1.8,-1263,0.0458,36.7,0.02,25.6,123.9,-0.11,-0.15
103329,2798409,10.939667,-22.875167,1.9,-1264,0.0456,36.7,0.02,25.6,123.30000000000001,-0.11,-0.14
103329,2798442,10.939833,-22.874833,1.9,-1264,0.0443,36.7,0.02,25.6,123.30000000000001,-0.11,-0.14
103329,2798500,10.940167,-22.874333,1.9,-1264,0.0443,36.7,0.02,25.6,123.30000000000001,-0.11,-0.14
103329,2798560,10.9405,-22.873833,1.8,-1264,0.0443,36.7,0.02,25.6,123.30000000000001,-0.11,-0.14
103329,2798610,10.940667,-22.8735,1.7,-1264,0.0443,36.7,0.02,25.6,123.30000000000001,-0.11,-0.14
103329,2798629,10.940833,-22.873333,1.7,-1264,0.0443,36.7,0.02,25.6,123.30000000000001,-0.11,-0.14
103329,2798671,10.941,-22.873167,1.7,-1264,0.0444,36.7,0.02,25.6,123.30000000000001,-0.11,-0.14
103329,2798689,10.941,-22.873,1.6,-1264,0.0444,36.7,0.02,25.6,123.30000000000001,-0.11,-0.14
103329,2799662,10.945833,-22.865333,1.9,-1265,0.044500000000000005,36.7,0.02,25.6,123.4,-0.11,-0.14
103329,2804099,11.069167,-22.797,11.4,-1260,0.044500000000000005,36.7,0.02,25.6,130.20000000000002,-0.13,-0.12
103329,2804109,11.069667,-22.796833,11.4,-1260,0.044500000000000005,36.7,0.02,25.6,130.20000000000002,-0.13,-0.12
103329,2804161,11.072167,-22.7955,11.4,-1260,0.044500000000000005,36.7,0.02,25.6,130.3,-0.13,-0.12
103329,2804229,11.0755,-22.793833,11.2,-1260,0.0444,36.7,0.02,25.6,130.4,-0.13,-0.12
103329,2804230,11.0755,-22.793833,11.2,-1260,0.0444,36.7,0.02,25.6,130.4,-0.13,-0.12
103329,2804232,11.075667,-22.793833,11.2,-1260,0.0444,36.7,0.02,25.6,130.4,-0.13,-0.12
103329,2804233,11.075667,-22.793833,11.2,-1260,0.0444,36.7,0.02,25.6,130.4,-0.13,-0.12
103329,2804280,11.077833,-22.792667,11.2,-1260,0.0444,36.7,0.02,25.6,130.5,-0.13,-0.12
103329,2804281,11.077833,-22.792667,11.2,-1260,0.0444,36.7,0.02,25.6,130.5,-0.13,-0.12
103329,2804289,11.078333,-22.7925,11.3,-1260,0.0444,36.7,0.02,25.6,130.5,-0.13,-0.12
103329,2804290,11.078333,-22.7925,11.3,-1260,0.0444,36.7,0.02,25.6,130.5,-0.13,-0.12
103329,2804296,11.078667,-22.792167,11.3,-1260,0.0444,36.7,0.02,25.6,130.5,-0.13,-0.12
103329,2804302,11.079,-22.792167,11.3,-1261,0.0444,36.7,0.02,25.6,130.5,-0.13,-0.12
103329,2804320,11.079833,-22.791667,11.4,-1261,0.0443,36.7,0.02,25.6,130.5,-0.13,-0.12
103329,2804321,11.079833,-22.791667,11.4,-1261,0.0443,36.7,0.02,25.6,130.5,-0.13,-0.12
103329,2804329,11.080333,-22.7915,11.4,-1261,0.045000000000000005,36.7,0.02,25.6,130.5,-0.13,-0.12
103329,2804330,11.080333,-22.7915,11.4,-1261,0.045000000000000005,36.7,0.02,25.6,130.5,-0.13,-0.12
103329,2804340,11.080833,-22.791167,11.6,-1261,0.045000000000000005,36.7,0.02,25.6,130.5,-0.13,-0.12
103329,2804341,11.080833,-22.791167,11.6,-1261,0.045000000000000005,36.7,0.02,25.6,130.5,-0.13,-0.12
103329,2804349,11.081333,-22.791,11.6,-1261,0.045000000000000005,36.7,0.02,25.6,130.6,-0.13,-0.12
103329,2804350,11.081333,-22.791,11.6,-1261,0.045000000000000005,36.7,0.02,25.6,130.6,-0.13,-0.12
103329,2804400,11.083667,-22.789833,11.4,-1255,0.0483,36.7,0.01,25.6,130.6,-0.13,-0.12
103329,2804409,11.084167,-22.789667,11.4,-1255,0.0483,36.7,0.01,25.6,130.6,-0.13,-0.12
103329,2804419,11.084667,-22.7895,11.6,-1255,0.0483,36.7,0.01,25.6,130.70000000000002,-0.13,-0.12
103329,2804420,11.084667,-22.7895,11.6,-1255,0.0483,36.7,0.01,25.6,130.70000000000002,-0.13,-0.12
103329,2804440,11.085667,-22.789,11.6,-1256,0.0483,36.7,0.01,25.6,130.70000000000002,-0.13,-0.12
103329,2804441,11.085667,-22.789,11.6,-1256,0.0483,36.7,0.01,25.6,130.70000000000002,-0.13,-0.12
103329,2804451,11.086167,-22.788833,11.4,-1256,0.0483,36.7,0.01,25.6,130.70000000000002,-0.13,-0.12
103329,2804460,11.086667,-22.7885,11.6,-1256,0.0483,36.7,0.01,25.6,130.70000000000002,-0.13,-0.12
103329,2804461,11.086667,-22.7885,11.6,-1256,0.0483,36.7,0.01,25.6,130.70000000000002,-0.13,-0.12
103329,2804469,11.087167,-22.788333,11.6,-1256,0.0483,36.7,0.01,25.6,130.70000000000002,-0.13,-0.12
103329,2804479,11.087667,-22.788167,11.4,-1256,0.0483,36.800000000000004,0.01,25.6,130.70000000000002,-0.13,-0.12
103329,2804480,11.087667,-22.788167,11.4,-1256,0.0483,36.800000000000004,0.01,25.6,130.70000000000002,-0.13,-0.12
103329,2804489,11.088167,-22.788,11.6,-1256,0.0483,36.800000000000004,0.01,25.6,130.8,-0.13,-0.12
103329,2804490,11.088167,-22.788,11.6,-1256,0.0483,36.800000000000004,0.01,25.6,130.8,-0.13,-0.12
103329,2804500,11.088667,-22.787667,11.6,-1256,0.0483,36.800000000000004,0.01,25.6,130.8,-0.13,-0.12
103329,2804510,11.089167,-22.7875,11.6,-1256,0.0483,36.800000000000004,0.01,25.6,130.8,-0.13,-0.12
103329,2804511,11.089167,-22.7875,11.6,-1256,0.0483,36.800000000000004,0.01,25.6,130.8,-0.13,-0.12
103329,2804521,11.089667,-22.787333,11.6,-1256,0.0483,36.800000000000004,0.01,25.6,130.8,-0.13,-0.12
103329,2804529,11.090167,-22.787167,11.7,-1256,0.0483,36.800000000000004,0.01,25.6,130.8,-0.13,-0.12
103329,2804560,11.091667,-22.7865,11.6,-1256,0.0483,36.800000000000004,0.01,25.5,130.9,-0.13,-0.12
103329,2804571,11.092333,-22.786333,11.6,-1256,0.0483,36.800000000000004,0.01,25.5,130.9,-0.13,-0.12
103329,2804616,11.0945,-22.785333,11.7,-1256,0.0483,36.800000000000004,0.01,25.5,130.9,-0.13,-0.12
103329,2804617,11.0945,-22.785333,11.7,-1256,0.0483,36.800000000000004,0.01,25.5,130.9,-0.13,-0.12
103329,2804620,11.094667,-22.785167,11.6,-1256,0.0482,36.800000000000004,0.01,25.5,130.9,-0.13,-0.12
103329,2804650,11.096167,-22.7845,11.6,-1256,0.0482,36.800000000000004,0.01,25.5,131.,-0.13,-0.12
103329,2804659,11.096667,-22.784333,11.7,-1256,0.0482,36.800000000000004,0.01,25.5,131.,-0.13,-0.12
103329,2804660,11.096667,-22.784333,11.7,-1256,0.0482,36.800000000000004,0.01,25.5,131.,-0.13,-0.12
103329,2809312,11.3245,-22.682,11.8,-1253,0.0443,36.7,0.01,25.3,139.8,-0.17,-0.07
103329,2814652,11.5815,-22.5565,11.1,-1250,0.0455,36.7,0.,24.8,134.20000000000002,-0.23,-0.03
103329,2825581,12.088833,-22.305667,11.3,-1234,0.0391,36.6,0.02,24.5,146.6,-0.35000000000000003,0.01
103329,2826533,12.134167,-22.283667,11.1,-1236,0.0361,36.6,0.02,24.400000000000002,154.5,-0.34,0.02
103329,2827591,12.184833,-22.2595,11.4,-1233,0.0373,36.6,0.02,24.400000000000002,154.5,-0.34,0.03
103329,2828752,12.242333,-22.234667,11.4,-1230,0.039400000000000004,36.6,0.02,24.400000000000002,149.,-0.33,0.04
103329,2828822,12.2455,-22.232833,11.3,-1230,0.039400000000000004,36.6,0.02,24.400000000000002,149.5,-0.32,0.04
103329,2830101,12.3045,-22.199,11.1,-1227,0.0388,36.6,0.02,24.3,160.10000000000002,-0.32,0.05
103329,2830392,12.317833,-22.191333,11.1,-1228,0.0391,36.6,0.03,24.3,162.60000000000002,-0.31,0.05
103329,2830733,12.333333,-22.1825,11.1,-1229,0.039400000000000004,36.6,0.03,24.3,163.5,-0.31,0.06
103329,2831451,12.365833,-22.163833,11.1,-1218,0.0385,36.6,0.03,24.3,164.60000000000002,-0.31,0.06
103329,2831752,12.379667,-22.156,11.1,-1219,0.0369,36.6,0.03,24.3,164.9,-0.31,0.07
103329,2832530,12.415167,-22.135833,11.1,-1221,0.0386,36.5,0.03,24.3,165.4,-0.3,0.07
103329,2832923,12.432833,-22.1255,11.1,-1216,0.0371,36.5,0.03,24.200000000000003,165.60000000000002,-0.3,0.08
103329,2834202,12.492167,-22.092333,11.1,-1219,0.0369,36.5,0.03,24.200000000000003,167.60000000000002,-0.29,0.09
103329,2835151,12.537167,-22.068667,11.4,-1205,0.0375,36.5,0.03,24.200000000000003,170.9,-0.28,0.1
103329,2835391,12.548833,-22.062833,11.4,-1207,0.0378,36.5,0.03,24.200000000000003,172.,-0.28,0.1
103329,2836762,12.614167,-22.029333,11.2,-1202,0.038200000000000005,36.5,0.04,24.1,173.8,-0.26,0.11
103329,2842418,12.885667,-21.890167,11.6,-1153,0.035500000000000004,36.5,0.04,24.200000000000003,173.70000000000002,-0.13,0.14
103329,2848059,13.152167,-21.756167,11.1,-1155,0.0368,36.5,0.03,24.200000000000003,173.20000000000002,-0.02,0.16
103329,2848060,13.152167,-21.756167,11.1,-1155,0.0368,36.5,0.03,24.200000000000003,173.20000000000002,-0.02,0.16
103329,2848071,13.1525,-21.755833,11.1,-1155,0.0368,36.5,0.03,24.200000000000003,173.20000000000002,-0.02,0.16
103329,2848099,13.154,-21.755167,11.1,-1155,0.0368,36.5,0.03,24.200000000000003,173.20000000000002,-0.02,0.16
103329,2848100,13.154,-21.755167,11.1,-1155,0.0368,36.5,0.03,24.200000000000003,173.20000000000002,-0.02,0.16
103329,2848119,13.154833,-21.754667,11.1,-1155,0.0368,36.5,0.03,24.200000000000003,173.20000000000002,-0.02,0.16
103329,2848120,13.154833,-21.754667,11.1,-1155,0.0368,36.5,0.03,24.200000000000003,173.20000000000002,-0.02,0.16
103329,2848159,13.1565,-21.753667,11.1,-1155,0.0368,36.5,0.03,24.200000000000003,173.20000000000002,-0.02,0.16
103329,2848169,13.157167,-21.753333,11.1,-1155,0.0367,36.5,0.03,24.200000000000003,173.20000000000002,-0.02,0.16
103329,2848170,13.157167,-21.753333,11.1,-1155,0.0367,36.5,0.03,24.200000000000003,173.20000000000002,-0.02,0.16
103329,2848190,13.158,-21.752833,11.1,-1155,0.0367,36.5,0.03,24.200000000000003,173.10000000000002,-0.02,0.16
103329,2848191,13.158,-21.752833,11.1,-1155,0.0367,36.5,0.03,24.200000000000003,173.10000000000002,-0.02,0.16
103329,2848198,13.158333,-21.752667,11.1,-1155,0.0367,36.5,0.03,24.200000000000003,173.10000000000002,-0.02,0.16
103329,2848199,13.158333,-21.752667,11.1,-1155,0.0367,36.5,0.03,24.200000000000003,173.10000000000002,-0.02,0.16
103329,2848219,13.159333,-21.752,11.1,-1155,0.0367,36.5,0.03,24.200000000000003,173.10000000000002,-0.02,0.16
103329,2848220,13.159333,-21.752,11.1,-1155,0.0367,36.5,0.03,24.200000000000003,173.10000000000002,-0.02,0.16
103329,2848239,13.160333,-21.7515,11.1,-1155,0.0367,36.5,0.03,24.200000000000003,173.10000000000002,-0.02,0.16
103329,2848240,13.160333,-21.7515,11.1,-1155,0.0367,36.5,0.03,24.200000000000003,173.10000000000002,-0.02,0.16
103329,2848251,13.160833,-21.751333,11.1,-1155,0.0367,36.5,0.03,24.200000000000003,173.10000000000002,-0.02,0.16
103329,2848279,13.162167,-21.7505,11.1,-1155,0.0367,36.5,0.03,24.200000000000003,173.10000000000002,-0.02,0.16
103329,2848281,13.162167,-21.7505,11.1,-1155,0.0367,36.5,0.03,24.200000000000003,173.10000000000002,-0.02,0.16
103329,2848288,13.1625,-21.750333,11.1,-1155,0.0367,36.5,0.03,24.200000000000003,173.10000000000002,-0.02,0.16
103329,2848289,13.1625,-21.750333,11.1,-1155,0.0367,36.5,0.03,24.200000000000003,173.10000000000002,-0.02,0.16
103329,2848379,13.166667,-21.748167,11.1,-1158,0.038700000000000005,36.5,0.03,24.200000000000003,173.10000000000002,-0.02,0.16
103329,2848409,13.168,-21.747333,11.2,-1158,0.038700000000000005,36.5,0.03,24.200000000000003,173.10000000000002,-0.02,0.16
103329,2848429,13.169,-21.746833,11.1,-1158,0.038700000000000005,36.5,0.03,24.200000000000003,173.10000000000002,-0.02,0.16
103329,2848439,13.169333,-21.746667,11.1,-1158,0.038700000000000005,36.5,0.03,24.200000000000003,173.10000000000002,-0.02,0.16
103329,2848459,13.1705,-21.746,11.1,-1158,0.038700000000000005,36.5,0.03,24.200000000000003,173.10000000000002,-0.02,0.16
103329,2848460,13.1705,-21.746,11.1,-1158,0.038700000000000005,36.5,0.03,24.200000000000003,173.10000000000002,-0.02,0.16
103329,2848479,13.171333,-21.7455,11.1,-1158,0.038700000000000005,36.5,0.03,24.200000000000003,173.10000000000002,-0.02,0.16
103329,2848481,13.171333,-21.7455,11.1,-1158,0.038700000000000005,36.5,0.03,24.200000000000003,173.10000000000002,-0.02,0.16
103329,2848489,13.171667,-21.745333,11.1,-1158,0.038700000000000005,36.5,0.03,24.200000000000003,173.10000000000002,-0.02,0.16
103329,2848498,13.172167,-21.745167,11.1,-1158,0.0386,36.5,0.03,24.200000000000003,173.10000000000002,-0.02,0.16
103329,2848500,13.172167,-21.745167,11.1,-1158,0.0386,36.5,0.03,24.200000000000003,173.10000000000002,-0.02,0.16
103329,2848520,13.173167,-21.7445,11.1,-1158,0.0386,36.5,0.03,24.200000000000003,173.10000000000002,-0.02,0.16
103329,2848540,13.174167,-21.744,11.2,-1158,0.0386,36.5,0.03,24.200000000000003,173.10000000000002,-0.02,0.16
103329,2848548,13.1745,-21.743833,11.2,-1158,0.0386,36.5,0.03,24.200000000000003,173.10000000000002,-0.02,0.16
103329,2848549,13.1745,-21.743833,11.2,-1158,0.0386,36.5,0.03,24.200000000000003,173.10000000000002,-0.02,0.16
103329,2848580,13.176,-21.743,11.1,-1158,0.0386,36.5,0.03,24.200000000000003,173.10000000000002,-0.02,0.16
103329,2848609,13.177333,-21.742333,11.1,-1158,0.0386,36.5,0.03,24.200000000000003,173.10000000000002,-0.01,0.16
103329,2848621,13.177833,-21.742,11.1,-1158,0.0386,36.5,0.03,24.200000000000003,173.10000000000002,-0.01,0.16
103329,2851492,13.310167,-21.673167,10.9,-1155,0.0374,36.5,0.01,24.1,166.8,0.05,0.16
103329,2856753,13.556667,-21.5475,11.6,-1150,0.0395,36.5,-0.02,23.8,160.60000000000002,0.24,0.19
103329,2873773,14.373833,-21.122333,11.6,-1088,0.0711,36.7,-0.06,23.400000000000002,128.9,-0.17,-0.08
103329,2874402,14.404833,-21.108667,11.3,-1092,0.0709,36.7,-0.06,23.3,127.10000000000001,-0.18,-0.08
103329,2875152,14.442333,-21.092667,11.6,-1082,0.0731,36.7,-0.06,23.200000000000003,131.70000000000002,-0.18,-0.07
103329,2876331,14.500833,-21.067167,11.2,-1064,0.1043,36.7,-0.06,23.1,136.4,-0.19,-0.05
103329,2876491,14.508667,-21.063833,11.2,-1065,0.10360000000000001,36.7,-0.06,23.1,136.3,-0.19,-0.05
103329,2877501,14.557333,-21.041833,11.1,-1068,0.10550000000000001,36.6,-0.06,23.,136.3,-0.18,-0.04
103329,2877650,14.5645,-21.038667,11.1,-1069,0.1078,36.6,-0.06,23.,136.20000000000002,-0.18,-0.04
103329,2878872,14.623833,-21.012,11.3,-1063,0.1078,36.6,-0.05,23.,135.70000000000002,-0.17,-0.03
103329,2879081,14.634,-21.007333,11.3,-1064,0.1116,36.6,-0.05,23.,136.,-0.16,-0.03
103329,2880362,14.696667,-20.980167,11.4,-1050,0.10890000000000001,36.6,-0.05,23.,138.9,-0.15,-0.02
103329,2881461,14.751333,-20.957167,11.4,-1048,0.1037,36.6,-0.05,23.,139.8,-0.13,-0.02
103329,2881521,14.754333,-20.955833,11.6,-1048,0.10260000000000001,36.6,-0.05,23.,139.8,-0.13,-0.02
103329,2882681,14.811833,-20.931833,11.4,-1049,0.093,36.6,-0.05,23.,140.1,-0.11,-0.02
103329,2884090,14.881667,-20.902833,11.2,-1043,0.1073,36.6,-0.05,23.,144.1,-0.08,-0.02
103329,2885351,14.9435,-20.876,11.3,-1041,0.09910000000000001,36.6,-0.05,22.900000000000002,156.60000000000002,-0.05,-0.02
103329,2886730,15.012833,-20.846333,11.7,-1039,0.097,36.6,-0.05,22.900000000000002,158.20000000000002,-0.03,-0.01
103329,2886870,15.019833,-20.843333,11.7,-1040,0.0978,36.6,-0.05,22.900000000000002,157.8,-0.02,0.
103329,2886871,15.019833,-20.843333,11.7,-1040,0.0978,36.6,-0.05,22.900000000000002,157.8,-0.02,0.
103329,2886880,15.020333,-20.843,11.8,-1040,0.098,36.6,-0.05,22.900000000000002,157.8,-0.02,0.
103329,2886889,15.020833,-20.842833,11.8,-1040,0.098,36.6,-0.05,22.900000000000002,157.70000000000002,-0.02,0.
103329,2886890,15.020833,-20.842833,11.8,-1040,0.098,36.6,-0.05,22.900000000000002,157.70000000000002,-0.02,0.
103329,2886930,15.023,-20.841833,11.8,-1040,0.0983,36.6,-0.05,22.900000000000002,157.60000000000002,-0.02,0.
103329,2886931,15.023,-20.841833,11.8,-1040,0.0983,36.6,-0.05,22.900000000000002,157.60000000000002,-0.02,0.
103329,2886950,15.024,-20.8415,11.8,-1040,0.0983,36.6,-0.05,22.900000000000002,157.5,-0.02,0.
103329,2886990,15.026,-20.8405,11.8,-1040,0.09860000000000001,36.6,-0.05,22.900000000000002,157.4,-0.02,0.
103329,2887010,15.026833,-20.840167,11.8,-1040,0.09870000000000001,36.6,-0.05,22.900000000000002,157.4,-0.02,0.
103329,2887050,15.029,-20.839333,11.8,-1040,0.0988,36.6,-0.05,22.900000000000002,157.20000000000002,-0.02,0.
103329,2892690,15.318333,-20.735667,11.7,-1011,0.07970000000000001,36.7,-0.07,23.200000000000003,145.8,0.12,-0.02
103329,2892739,15.321,-20.735,11.7,-1011,0.0799,36.7,-0.07,23.200000000000003,145.5,0.12,-0.02
103329,2892750,15.3215,-20.734667,11.6,-1011,0.0799,36.7,-0.07,23.200000000000003,145.5,0.12,-0.02
103329,2892751,15.3215,-20.734667,11.6,-1011,0.0799,36.7,-0.07,23.200000000000003,145.5,0.12,-0.02
103329,2892780,15.323167,-20.734333,11.4,-1011,0.08,36.7,-0.07,23.200000000000003,145.3,0.12,-0.02
103329,2892840,15.326167,-20.7335,11.7,-1012,0.08020000000000001,36.7,-0.07,23.200000000000003,145.,0.12,-0.02
103329,2892880,15.328333,-20.732833,11.6,-1012,0.08030000000000001,36.7,-0.07,23.200000000000003,144.8,0.12,-0.02
103329,2892919,15.3305,-20.732333,11.7,-1013,0.0804,36.7,-0.07,23.200000000000003,144.5,0.12,-0.02
103329,2892940,15.3315,-20.732,11.7,-1013,0.0804,36.7,-0.07,23.200000000000003,144.4,0.12,-0.02
103329,2892990,15.334167,-20.731333,11.4,-998,0.0833,36.7,-0.07,23.200000000000003,144.1,0.12,-0.02
103329,2893030,15.336167,-20.730833,11.4,-999,0.08320000000000001,36.7,-0.07,23.200000000000003,143.9,0.12,-0.02
103329,2893031,15.336167,-20.730833,11.4,-999,0.08320000000000001,36.7,-0.07,23.200000000000003,143.9,0.12,-0.02
103329,2893050,15.337333,-20.7305,11.6,-999,0.08320000000000001,36.7,-0.07,23.200000000000003,143.8,0.12,-0.02
103329,2893060,15.337833,-20.730333,11.6,-999,0.08320000000000001,36.7,-0.07,23.200000000000003,143.8,0.12,-0.02
103329,2898022,15.592,-20.667167,11.1,-978,0.08800000000000001,36.800000000000004,-0.08,23.200000000000003,134.70000000000002,0.11,-0.11
103329,2909901,16.2,-20.543833,11.1,-934,0.060700000000000004,36.800000000000004,-0.08,22.8,129.4,-0.06,-0.23
103329,2912400,16.331333,-20.515,11.7,-924,0.06520000000000001,36.800000000000004,-0.08,22.700000000000003,129.5,-0.07,-0.23
103329,2913111,16.369167,-20.506667,11.7,-910,0.06470000000000001,36.800000000000004,-0.07,22.700000000000003,129.70000000000002,-0.07,-0.22
103329,2914341,16.434667,-20.491667,11.4,-890,0.059300000000000005,36.800000000000004,-0.07,22.700000000000003,129.20000000000002,-0.06,-0.21
103329,2914581,16.447167,-20.489,11.4,-891,0.058600000000000006,36.800000000000004,-0.07,22.700000000000003,129.20000000000002,-0.06,-0.2
103329,2914831,16.460333,-20.4865,11.1,-891,0.057800000000000004,36.800000000000004,-0.07,22.700000000000003,129.3,-0.05,-0.2
103329,2915860,16.513833,-20.476167,11.1,-883,0.0567,36.800000000000004,-0.07,22.700000000000003,130.4,-0.04,-0.18
103329,2915920,16.516833,-20.4755,11.1,-883,0.0567,36.800000000000004,-0.07,22.700000000000003,130.4,-0.04,-0.18
103329,2917360,16.591167,-20.461167,11.4,-877,0.0562,36.800000000000004,-0.07,22.8,130.4,-0.01,-0.14
103329,2918191,16.634667,-20.453,11.4,-880,0.054900000000000004,36.800000000000004,-0.06,22.8,129.8,0.01,-0.12
103329,2918611,16.656833,-20.448667,11.2,-881,0.0553,36.800000000000004,-0.06,22.900000000000002,129.20000000000002,0.01,-0.12
103329,2919963,16.7275,-20.435333,11.1,-875,0.0529,36.800000000000004,-0.06,22.900000000000002,127.4,0.02,-0.09
103329,2919971,16.728,-20.435167,11.2,-875,0.0529,36.800000000000004,-0.06,22.900000000000002,127.4,0.02,-0.09
103329,2930379,17.274,-20.338833,11.6,-828,0.0512,36.7,-0.06,22.6,134.8,-0.16,0.
103329,2930561,17.284167,-20.336833,11.6,-829,0.051300000000000005,36.7,-0.06,22.6,134.9,-0.17,0.
103329,2930612,17.286833,-20.336167,11.4,-829,0.051300000000000005,36.7,-0.06,22.6,134.9,-0.17,0.
103329,2930613,17.286833,-20.336167,11.4,-829,0.051300000000000005,36.7,-0.06,22.6,134.9,-0.17,0.
103329,2930621,17.287333,-20.336167,11.4,-829,0.051300000000000005,36.7,-0.06,22.6,134.9,-0.17,0.
103329,2930622,17.287333,-20.336167,11.4,-829,0.051300000000000005,36.7,-0.06,22.6,134.9,-0.17,0.
103329,2930771,17.295333,-20.3345,11.6,-829,0.0514,36.7,-0.06,22.5,134.9,-0.17,0.
103329,2930772,17.295333,-20.3345,11.6,-829,0.0514,36.7,-0.06,22.5,134.9,-0.17,0.
103329,2930841,17.299,-20.333833,11.3,-829,0.0514,36.7,-0.06,22.5,134.9,-0.17,0.
103329,2931033,17.309167,-20.331833,11.6,-820,0.052000000000000005,36.7,-0.06,22.5,134.9,-0.18,0.
103329,2931091,17.312333,-20.331333,11.6,-820,0.0521,36.7,-0.06,22.5,134.9,-0.18,0.
103329,2931635,17.3415,-20.326167,11.8,-814,0.0529,36.6,-0.06,22.5,134.9,-0.19,0.
103329,2932655,17.395833,-20.317167,11.6,-815,0.0531,36.6,-0.05,22.5,134.8,-0.2,0.
103329,2935474,17.544667,-20.291333,11.1,-805,0.0453,36.6,-0.04,22.400000000000002,134.8,-0.2,0.03
103329,2936350,17.589333,-20.283333,11.1,-801,0.0461,36.6,-0.04,22.3,136.3,-0.2,0.04
103329,2936395,17.591333,-20.283,11.1,-801,0.046200000000000005,36.6,-0.04,22.3,136.4,-0.2,0.04
103329,2936462,17.594833,-20.282167,11.1,-801,0.046200000000000005,36.6,-0.04,22.3,136.5,-0.2,0.05
103329,2936470,17.595333,-20.282167,11.1,-801,0.046200000000000005,36.6,-0.04,22.3,136.6,-0.2,0.05
103329,2936480,17.595833,-20.282167,11.1,-801,0.046200000000000005,36.6,-0.04,22.3,136.6,-0.2,0.05
103329,2936531,17.598333,-20.281667,11.1,-801,0.0463,36.6,-0.04,22.3,136.70000000000002,-0.2,0.05
103329,2936592,17.6015,-20.281,10.7,-801,0.046400000000000004,36.6,-0.04,22.3,136.70000000000002,-0.2,0.05
103329,2936632,17.6035,-20.280667,11.,-801,0.046400000000000004,36.6,-0.04,22.3,136.70000000000002,-0.2,0.05
103329,2936633,17.6035,-20.280667,11.,-801,0.046400000000000004,36.6,-0.04,22.3,136.70000000000002,-0.2,0.05
103329,2936652,17.604333,-20.2805,10.9,-801,0.046400000000000004,36.6,-0.04,22.3,136.70000000000002,-0.2,0.05
103329,2936672,17.6055,-20.280333,10.9,-801,0.046400000000000004,36.6,-0.04,22.3,136.70000000000002,-0.2,0.05
103329,2936692,17.6065,-20.280167,10.9,-801,0.0465,36.6,-0.04,22.3,136.6,-0.2,0.05
103329,2936701,17.606833,-20.28,11.,-801,0.0465,36.6,-0.04,22.3,136.6,-0.2,0.05
103329,2936732,17.6085,-20.279667,11.1,-801,0.0465,36.6,-0.04,22.3,136.6,-0.19,0.05
103329,2936780,17.611,-20.279167,11.1,-801,0.0466,36.6,-0.04,22.3,136.5,-0.19,0.05
103329,2936792,17.611667,-20.279167,11.1,-801,0.0466,36.6,-0.04,22.3,136.5,-0.19,0.05
103329,2940095,17.780167,-20.245167,11.2,-795,0.0459,36.5,-0.02,22.200000000000003,135.20000000000002,-0.15,0.06
103329,2950525,18.3065,-20.138167,11.,-794,0.039900000000000005,36.5,0.,22.1,174.9,-0.2,0.18
103329,2951485,18.354333,-20.129167,10.5,-796,0.0398,36.5,0.,22.1,168.20000000000002,-0.21,0.18
103329,2952478,18.403667,-20.12,11.,-795,0.048100000000000004,36.5,0.,22.,164.,-0.23,0.18
103329,2953989,18.478833,-20.106167,10.4,-797,0.0494,36.5,0.01,22.,169.4,-0.29,0.16
103329,2960666,18.806333,-20.052167,10.6,-806,0.048100000000000004,36.6,0.03,22.,190.9,-0.16,0.07
103329,2960727,18.8095,-20.051667,10.9,-806,0.048,36.6,0.03,22.,190.9,-0.16,0.07
103329,2961927,18.8685,-20.042833,10.4,-807,0.0463,36.6,0.03,22.,191.70000000000002,-0.15,0.05
103329,2962146,18.879333,-20.041833,10.4,-807,0.0529,36.6,0.03,21.900000000000002,191.9,-0.14,0.04
103329,2963185,18.931667,-20.034333,11.1,-808,0.051800000000000006,36.6,0.03,21.900000000000002,191.3,-0.15,0.02
103329,2963574,18.951333,-20.031667,11.,-809,0.0524,36.6,0.03,21.900000000000002,191.10000000000002,-0.15,0.01
103329,2964737,19.009333,-20.0205,11.1,-810,0.0511,36.6,0.03,21.8,193.8,-0.16,-0.03
103329,2965665,19.054667,-20.0115,10.7,-811,0.0523,36.6,0.03,21.700000000000003,193.70000000000002,-0.17,-0.06
103329,2965926,19.066833,-20.008833,10.4,-811,0.052700000000000004,36.5,0.03,21.700000000000003,196.4,-0.17,-0.06
103329,2966308,19.0855,-20.005,10.6,-814,0.0529,36.5,0.03,21.700000000000003,201.10000000000002,-0.17,-0.08
103329,2967056,19.121667,-19.998333,10.4,-817,0.0519,36.5,0.03,21.700000000000003,211.70000000000002,-0.18,-0.1
103329,2967207,19.129167,-19.997,10.4,-817,0.0536,36.5,0.03,21.700000000000003,211.70000000000002,-0.18,-0.1
103329,2967349,19.135833,-19.995667,10.4,-817,0.0534,36.5,0.03,21.700000000000003,211.8,-0.18,-0.1
103329,2968246,19.178833,-19.987333,10.4,-820,0.053700000000000005,36.5,0.04,21.6,211.60000000000002,-0.19,-0.11
103329,2968338,19.183,-19.9865,10.5,-821,0.0538,36.5,0.04,21.6,211.5,-0.2,-0.11
103329,2968445,19.188167,-19.985667,9.2,-821,0.054,36.5,0.04,21.6,211.60000000000002,-0.2,-0.11
103329,2969378,19.233,-19.978833,10.2,-822,0.0536,36.6,0.04,21.700000000000003,213.10000000000002,-0.2,-0.11
103329,2969506,19.239167,-19.977833,10.2,-822,0.053700000000000005,36.6,0.04,21.700000000000003,213.20000000000002,-0.2,-0.11
103329,2969695,19.248167,-19.976833,10.,-823,0.0538,36.6,0.04,21.8,213.60000000000002,-0.2,-0.11
103329,2970966,19.309333,-19.967167,10.5,-827,0.053200000000000004,36.6,0.04,21.900000000000002,203.3,-0.18,-0.11
103329,2971661,19.341833,-19.959167,10.,-828,0.052500000000000005,36.6,0.04,22.,193.60000000000002,-0.17,-0.11
103329,2972216,19.368333,-19.952333,10.9,-829,0.0523,36.6,0.04,22.,188.,-0.17,-0.11
103329,2972577,19.3855,-19.947833,11.,-830,0.0531,36.6,0.04,22.1,184.8,-0.17,-0.11
103329,2973545,19.431667,-19.935667,10.5,-832,0.053500000000000006,36.6,0.04,22.1,178.20000000000002,-0.16,-0.11
103329,2975192,19.512167,-19.914,10.9,-835,0.053700000000000005,36.6,0.04,22.1,172.8,-0.14,-0.11
103329,2975252,19.515167,-19.913167,11.1,-835,0.0538,36.6,0.04,22.1,172.70000000000002,-0.14,-0.11
103329,2975254,19.515167,-19.913167,11.1,-835,0.0538,36.6,0.04,22.1,172.70000000000002,-0.14,-0.11
103329,2975283,19.516667,-19.912833,11.1,-835,0.0538,36.6,0.04,22.1,172.70000000000002,-0.14,-0.11
103329,2975284,19.516667,-19.912833,11.1,-835,0.0538,36.6,0.04,22.1,172.70000000000002,-0.14,-0.11
103329,2975312,19.518,-19.912333,10.7,-835,0.0539,36.6,0.04,22.1,172.8,-0.14,-0.11
103329,2975314,19.518,-19.912333,10.7,-835,0.0539,36.6,0.04,22.1,172.8,-0.14,-0.11
103329,2975343,19.519667,-19.912,10.5,-836,0.0539,36.6,0.04,22.1,172.8,-0.14,-0.11
103329,2975344,19.519667,-19.912,10.5,-836,0.0539,36.6,0.04,22.1,172.8,-0.14,-0.11
103329,2975363,19.5205,-19.911833,10.6,-836,0.0539,36.6,0.04,22.1,172.8,-0.14,-0.11
103329,2975364,19.5205,-19.911833,10.6,-836,0.0539,36.6,0.04,22.1,172.8,-0.14,-0.11
103329,2975384,19.521667,-19.9115,11.,-836,0.0539,36.6,0.04,22.1,172.70000000000002,-0.14,-0.11
103329,2975386,19.521667,-19.9115,11.,-836,0.0539,36.6,0.04,22.1,172.70000000000002,-0.14,-0.11
103329,2975404,19.5225,-19.9115,10.9,-836,0.054,36.6,0.04,22.1,172.70000000000002,-0.14,-0.11
103329,2975424,19.5235,-19.911167,10.7,-836,0.054,36.6,0.04,22.1,172.70000000000002,-0.14,-0.11
103329,2975454,19.525167,-19.910833,11.,-836,0.054,36.6,0.04,22.1,172.70000000000002,-0.14,-0.11
103329,2975543,19.529667,-19.9095,11.3,-836,0.0541,36.6,0.04,22.1,172.60000000000002,-0.14,-0.11
103329,2975544,19.529667,-19.9095,11.3,-836,0.0541,36.6,0.04,22.1,172.60000000000002,-0.14,-0.11
103329,2975554,19.530167,-19.9095,11.1,-836,0.0541,36.6,0.04,22.1,172.60000000000002,-0.14,-0.11
103329,2975565,19.530833,-19.909167,10.9,-836,0.0541,36.6,0.04,22.1,172.60000000000002,-0.14,-0.11
103329,2975574,19.531167,-19.909167,10.7,-836,0.054200000000000005,36.6,0.04,22.1,172.60000000000002,-0.14,-0.11
103329,2975604,19.532667,-19.908667,11.,-836,0.054200000000000005,36.6,0.04,22.1,172.60000000000002,-0.14,-0.11
103329,2975614,19.533167,-19.9085,11.1,-837,0.054200000000000005,36.6,0.04,22.1,172.60000000000002,-0.14,-0.11
103329,2975625,19.533833,-19.908333,11.1,-837,0.054200000000000005,36.6,0.04,22.1,172.60000000000002,-0.14,-0.11
103329,2975664,19.535667,-19.907833,11.1,-837,0.054200000000000005,36.6,0.04,22.1,172.60000000000002,-0.14,-0.11
103329,2986700,20.0565,-19.739833,10.5,-856,0.0487,36.4,0.07,22.1,225.8,-0.06,0.15
103329,2986877,20.065,-19.736667,10.4,-857,0.0487,36.4,0.07,22.1,226.8,-0.05,0.16
103329,2989478,20.187667,-19.6935,10.4,-860,0.0449,36.4,0.06,22.3,248.60000000000002,-0.01,0.26
103329,2990547,20.236833,-19.676833,10.3,-864,0.0476,36.5,0.06,22.3,252.,-0.01,0.29
103329,2991579,20.285333,-19.660333,10.4,-862,0.0489,36.5,0.05,22.3,230.9,0.,0.3
103329,2992500,20.329333,-19.646333,10.9,-865,0.049800000000000004,36.5,0.05,22.3,198.70000000000002,-0.01,0.3
103329,2993905,20.395667,-19.624333,10.6,-868,0.0489,36.4,0.04,22.200000000000003,234.8,-0.03,0.3
103329,2995386,20.464667,-19.602667,10.5,-871,0.047,36.4,0.04,22.200000000000003,249.70000000000002,-0.08,0.29
103329,2996197,20.502,-19.590833,10.4,-868,0.045700000000000005,36.4,0.04,22.200000000000003,242.20000000000002,-0.1,0.29
103329,2996796,20.528667,-19.581667,9.4,-867,0.046700000000000005,36.4,0.04,22.200000000000003,240.8,-0.12,0.29
103329,2997357,20.554,-19.573333,10.4,-870,0.0482,36.4,0.04,22.200000000000003,246.4,-0.13,0.28
103329,2997377,20.555,-19.573167,10.3,-870,0.0482,36.4,0.04,22.200000000000003,246.70000000000002,-0.13,0.28
103329,2997948,20.580833,-19.564667,9.4,-873,0.0483,36.5,0.04,22.1,248.5,-0.14,0.28
103329,2998706,20.614167,-19.551667,9.6,-872,0.0488,36.5,0.04,22.200000000000003,249.3,-0.16,0.27
103329,2998901,20.6225,-19.5485,9.9,-873,0.0492,36.5,0.04,22.200000000000003,249.60000000000002,-0.17,0.27
103329,2998937,20.624333,-19.547667,10.,-873,0.049300000000000004,36.5,0.04,22.200000000000003,249.70000000000002,-0.17,0.27
103329,3000075,20.676167,-19.529,9.9,-873,0.047900000000000005,36.5,0.04,22.1,250.10000000000002,-0.19,0.27
103329,3000335,20.687833,-19.5245,9.7,-874,0.0478,36.5,0.04,22.1,251.,-0.19,0.27
103329,3001227,20.727167,-19.509167,10.4,-880,0.0477,36.4,0.04,22.1,245.20000000000002,-0.2,0.27
103329,3001516,20.7405,-19.504,9.9,-882,0.0478,36.4,0.04,22.1,236.3,-0.19,0.26
103329,3003907,20.849167,-19.462,9.9,-869,0.0476,36.4,0.05,22.1,226.,-0.14,0.25
103329,3004046,20.855333,-19.4595,10.,-870,0.047400000000000005,36.4,0.05,22.1,230.,-0.14,0.24
103329,3013423,21.281167,-19.297,10.2,-861,0.045000000000000005,36.4,0.03,22.,172.20000000000002,0.09,0.08
103329,3013424,21.281167,-19.297,10.2,-861,0.045000000000000005,36.4,0.03,22.,172.20000000000002,0.09,0.08
103329,3018983,21.537167,-19.194167,11.1,-857,0.043300000000000005,36.4,0.03,21.8,129.70000000000002,-0.07,0.07
103329,3019054,21.540833,-19.193,11.1,-858,0.043300000000000005,36.4,0.03,21.8,130.1,-0.07,0.07
103329,3019104,21.543,-19.192167,11.,-858,0.0449,36.4,0.03,21.8,130.3,-0.07,0.07
103329,3019114,21.543667,-19.191833,11.,-858,0.0448,36.4,0.03,21.8,130.4,-0.07,0.07
103329,3019124,21.544167,-19.191667,11.1,-859,0.0448,36.4,0.03,21.8,130.5,-0.07,0.07
103329,3019135,21.544667,-19.1915,11.,-859,0.0448,36.4,0.03,21.8,130.5,-0.07,0.07
103329,3019144,21.545167,-19.191333,11.1,-859,0.0448,36.4,0.03,21.8,130.6,-0.08,0.07
103329,3019145,21.545167,-19.191333,11.1,-859,0.0448,36.4,0.03,21.8,130.6,-0.08,0.07
103329,3019164,21.546167,-19.191,11.,-859,0.044700000000000004,36.4,0.03,21.8,130.70000000000002,-0.08,0.07
103329,3019174,21.546667,-19.190833,11.,-859,0.044700000000000004,36.4,0.03,21.8,130.70000000000002,-0.08,0.07
103329,3019195,21.5475,-19.1905,11.,-859,0.0446,36.4,0.03,21.8,130.8,-0.08,0.07
103329,3019204,21.548167,-19.190333,11.1,-859,0.0446,36.4,0.03,21.8,130.9,-0.08,0.07
103329,3019205,21.548167,-19.190333,11.1,-859,0.0446,36.4,0.03,21.8,130.9,-0.08,0.07
103329,3019224,21.549,-19.19,11.1,-859,0.0446,36.4,0.03,21.8,131.,-0.08,0.07
103329,3019235,21.5495,-19.189833,11.,-859,0.0446,36.4,0.03,21.8,131.1,-0.08,0.07
103329,3019265,21.551,-19.189333,10.9,-860,0.044500000000000005,36.4,0.03,21.8,131.20000000000002,-0.08,0.07
103329,3019284,21.552,-19.189,11.1,-860,0.0444,36.4,0.03,21.8,131.4,-0.08,0.08
103329,3019303,21.552833,-19.188667,11.1,-860,0.0444,36.4,0.03,21.8,131.5,-0.08,0.08
103329,3019344,21.555,-19.188,11.1,-860,0.0443,36.4,0.03,21.8,131.70000000000002,-0.08,0.08
103329,3019355,21.5555,-19.188,11.1,-861,0.0443,36.4,0.03,21.8,131.70000000000002,-0.08,0.08
103329,3019374,21.5565,-19.1875,11.1,-861,0.0443,36.4,0.03,21.8,131.9,-0.08,0.08
103329,3019443,21.559833,-19.1865,11.,-861,0.0441,36.4,0.03,21.8,132.3,-0.08,0.08
103329,3019454,21.560333,-19.186333,11.1,-861,0.0441,36.4,0.03,21.8,132.3,-0.08,0.08
103329,3023687,21.759667,-19.105833,10.7,-852,0.043300000000000005,36.5,0.05,21.8,164.8,-0.21,0.12
103329,3024935,21.819,-19.083167,10.7,-848,0.0448,36.4,0.06,21.8,151.5,-0.14,0.13
103329,3024964,21.820333,-19.0825,10.7,-849,0.044700000000000004,36.4,0.06,21.8,151.20000000000002,-0.14,0.13
103329,3029226,22.019,-18.990167,11.1,-831,0.0453,36.300000000000004,0.05,21.6,160.9,0.01,0.14
103329,3046426,22.808667,-18.593167,11.1,-798,0.048,36.5,-0.08,21.6,143.5,0.01,-0.27
103329,3047665,22.865,-18.5585,11.1,-774,0.0475,36.5,-0.07,21.700000000000003,140.1,0.04,-0.24
103329,3047866,22.874,-18.552833,10.9,-776,0.0477,36.5,-0.07,21.700000000000003,144.8,0.05,-0.23
103329,3048825,22.916,-18.5265,10.9,-785,0.0468,36.5,-0.07,21.6,149.70000000000002,0.06,-0.18
103329,3048996,22.9235,-18.522,10.9,-764,0.0466,36.5,-0.07,21.5,150.20000000000002,0.06,-0.17
103329,3050105,22.971667,-18.492167,10.6,-751,0.048,36.5,-0.08,21.400000000000002,151.9,0.06,-0.13
103329,3050277,22.979333,-18.487667,10.7,-752,0.047900000000000005,36.5,-0.08,21.400000000000002,150.8,0.06,-0.13
103329,3051298,23.024667,-18.4605,10.9,-749,0.0482,36.5,-0.08,21.3,130.6,0.04,-0.12
103329,3051627,23.039333,-18.451833,10.7,-750,0.0487,36.5,-0.08,21.3,119.5,0.03,-0.12
103329,3052727,23.0875,-18.424,10.4,-749,0.050100000000000006,36.6,-0.08,21.3,124.4,0.03,-0.13
103329,3052847,23.092833,-18.421,10.5,-749,0.049800000000000004,36.6,-0.08,21.3,126.5,0.03,-0.14
103329,3054097,23.147167,-18.389,10.5,-742,0.0516,36.6,-0.08,21.400000000000002,124.7,0.04,-0.14
103329,3055198,23.196333,-18.3615,10.4,-728,0.049800000000000004,36.7,-0.08,21.400000000000002,100.30000000000001,0.03,-0.13
103329,3058024,23.322,-18.284333,10.4,-713,0.0495,36.7,-0.08,21.3,114.60000000000001,0.01,-0.1
103329,3058055,23.323,-18.283667,9.4,-713,0.0495,36.7,-0.08,21.3,115.2,0.01,-0.1
103329,3058065,23.3235,-18.2835,9.3,-713,0.0495,36.7,-0.08,21.3,115.5,0.01,-0.1
103329,3058591,23.3415,-18.272,8.6,-699,0.0495,36.7,-0.08,21.200000000000003,126.4,0.01,-0.1
103329,3060476,23.4035,-18.229667,8.2,-695,0.049600000000000005,36.6,-0.08,21.1,132.4,0.02,-0.1
103329,3063694,23.499167,-18.163167,8.6,-675,0.051000000000000004,36.7,-0.07,21.200000000000003,104.30000000000001,0.03,-0.14
103329,3063695,23.499167,-18.163167,8.6,-675,0.051000000000000004,36.7,-0.07,21.200000000000003,104.30000000000001,0.03,-0.14
103329,3063724,23.500167,-18.162333,8.6,-652,0.0507,36.7,-0.07,21.200000000000003,104.30000000000001,0.03,-0.14
103329,3063734,23.5005,-18.162167,8.6,-652,0.0507,36.7,-0.07,21.200000000000003,104.30000000000001,0.03,-0.14
103329,3063735,23.5005,-18.162167,8.6,-652,0.0507,36.7,-0.07,21.200000000000003,104.30000000000001,0.03,-0.14
103329,3063754,23.501167,-18.161667,8.6,-652,0.050800000000000005,36.7,-0.07,21.200000000000003,104.4,0.03,-0.14
103329,3063794,23.5025,-18.160667,8.5,-653,0.050800000000000005,36.7,-0.07,21.200000000000003,104.4,0.03,-0.14
103329,3063795,23.5025,-18.160667,8.5,-653,0.050800000000000005,36.7,-0.07,21.200000000000003,104.4,0.03,-0.14
103329,3063815,23.503333,-18.160167,8.6,-653,0.050800000000000005,36.7,-0.07,21.200000000000003,104.5,0.03,-0.14
103329,3063824,23.503667,-18.16,8.6,-653,0.050800000000000005,36.7,-0.07,21.200000000000003,104.5,0.03,-0.14
103329,3063874,23.505333,-18.158833,8.7,-654,0.050800000000000005,36.7,-0.07,21.200000000000003,104.7,0.03,-0.15
103329,3063904,23.506333,-18.158167,8.5,-654,0.050800000000000005,36.7,-0.07,21.200000000000003,104.80000000000001,0.03,-0.15
103329,3063905,23.506333,-18.158167,8.5,-654,0.050800000000000005,36.7,-0.07,21.200000000000003,104.80000000000001,0.03,-0.15
103329,3063914,23.506833,-18.157833,8.5,-654,0.050800000000000005,36.7,-0.07,21.200000000000003,104.80000000000001,0.03,-0.15
103329,3063915,23.506833,-18.157833,8.5,-654,0.050800000000000005,36.7,-0.07,21.200000000000003,104.80000000000001,0.03,-0.15
103329,3063934,23.507333,-18.157333,8.5,-654,0.0509,36.7,-0.07,21.200000000000003,104.9,0.03,-0.15
103329,3063944,23.507667,-18.157167,8.5,-654,0.0509,36.7,-0.07,21.200000000000003,104.9,0.03,-0.15
103329,3063975,23.508833,-18.1565,8.6,-655,0.0509,36.7,-0.07,21.200000000000003,105.,0.03,-0.15
103329,3063995,23.5095,-18.156,8.6,-655,0.0509,36.7,-0.07,21.200000000000003,105.10000000000001,0.03,-0.15
103329,3064004,23.509833,-18.155833,8.6,-655,0.0509,36.7,-0.07,21.200000000000003,105.10000000000001,0.03,-0.15
103329,3064015,23.510167,-18.1555,8.6,-655,0.0509,36.7,-0.07,21.200000000000003,105.10000000000001,0.03,-0.15
103329,3064035,23.510833,-18.155,8.5,-655,0.0509,36.7,-0.07,21.200000000000003,105.2,0.03,-0.15
103329,3064054,23.5115,-18.154667,8.4,-656,0.0509,36.7,-0.07,21.200000000000003,105.2,0.03,-0.15
103329,3064055,23.5115,-18.154667,8.4,-656,0.0509,36.7,-0.07,21.200000000000003,105.2,0.03,-0.15
103329,3064165,23.515167,-18.152,8.5,-657,0.0509,36.7,-0.07,21.3,105.4,0.03,-0.15
103329,3064195,23.516167,-18.151333,8.5,-657,0.0509,36.7,-0.07,21.3,105.5,0.03,-0.15
103329,3067578,23.632833,-18.074167,9.1,-659,0.0489,36.7,-0.06,21.400000000000002,96.,0.01,-0.16
103329,3070148,23.727,-18.018,9.1,-662,0.049600000000000005,36.6,-0.05,21.5,95.30000000000001,0.02,-0.19
103329,3070939,23.757,-18.0025,9.1,-651,0.0504,36.6,-0.05,21.5,94.7,0.02,-0.2
103329,3076287,23.974333,-17.851333,10.4,-609,0.0475,36.5,-0.02,21.400000000000002,87.30000000000001,0.05,-0.18
103329,3077777,24.034167,-17.8085,9.9,-580,0.0534,36.5,-0.02,21.400000000000002,84.9,0.06,-0.16
103329,3081646,24.184167,-17.697833,9.8,-568,0.062400000000000004,36.5,-0.01,21.400000000000002,93.2,0.15,-0.12
103329,3084028,24.274833,-17.631167,9.7,-571,0.06280000000000001,36.6,-0.02,21.3,93.10000000000001,0.17,-0.12
103329,3084456,24.291167,-17.6195,10.,-572,0.0637,36.6,-0.02,21.3,92.2,0.17,-0.12
103329,3084576,24.295833,-17.616333,9.7,-572,0.0627,36.6,-0.02,21.3,92.,0.17,-0.12
103329,3084966,24.310333,-17.606167,9.7,-573,0.063,36.6,-0.02,21.3,91.4,0.17,-0.12
103329,3085656,24.338,-17.587333,9.6,-576,0.0616,36.6,-0.02,21.3,91.,0.16,-0.12
103329,3085876,24.346667,-17.581833,9.6,-581,0.062,36.6,-0.02,21.3,90.9,0.16,-0.12
103329,3086722,24.379167,-17.561,9.2,-581,0.0626,36.6,-0.02,21.200000000000003,90.,0.16,-0.12
103329,3087077,24.393,-17.551833,9.6,-581,0.062200000000000005,36.5,-0.03,21.200000000000003,89.30000000000001,0.15,-0.12
103329,3088306,24.4395,-17.519667,9.4,-587,0.0604,36.5,-0.03,21.1,90.,0.12,-0.12
103329,3089463,24.483,-17.490333,9.6,-593,0.0502,36.5,-0.03,21.1,92.10000000000001,0.09,-0.12
103329,3097462,24.7835,-17.263833,10.,-630,0.0546,36.4,-0.02,20.6,84.10000000000001,0.02,-0.14
103329,3101578,24.941333,-17.139833,10.3,-654,0.050800000000000005,36.300000000000004,-0.01,20.400000000000002,90.60000000000001,0.04,-0.11
103329,3101638,24.943667,-17.138,10.4,-654,0.051000000000000004,36.300000000000004,-0.01,20.400000000000002,90.80000000000001,0.04,-0.11
103329,3101689,24.945667,-17.1365,10.5,-654,0.0511,36.300000000000004,-0.01,20.400000000000002,91.,0.04,-0.11
103329,3104865,25.071167,-17.041167,9.8,-662,0.049800000000000004,36.2,-0.01,20.200000000000003,109.2,0.08,-0.06
103329,3107081,25.1575,-16.978333,10.2,-671,0.049800000000000004,36.2,-0.01,20.,132.70000000000002,0.09,-0.02
103329,3107121,25.158833,-16.977333,10.2,-671,0.049800000000000004,36.2,-0.01,20.,133.,0.09,-0.02
103329,3107398,25.170333,-16.9695,10.2,-679,0.0488,36.2,-0.01,20.,135.5,0.1,-0.01
103329,3107399,25.170333,-16.9695,10.2,-679,0.0488,36.2,-0.01,20.,135.5,0.1,-0.01
103329,3107419,25.171167,-16.969,10.3,-679,0.0488,36.2,-0.01,20.,135.70000000000002,0.1,-0.01
103329,3107430,25.171667,-16.968667,10.4,-679,0.0488,36.2,-0.01,20.,135.8,0.1,-0.01
103329,3107439,25.172,-16.968333,10.4,-679,0.0488,36.2,-0.01,20.,135.9,0.1,-0.01
103329,3107449,25.1725,-16.968167,10.4,-679,0.0488,36.2,-0.01,20.,136.,0.1,-0.01
103329,3107458,25.172833,-16.967833,10.4,-679,0.0488,36.2,-0.01,20.,136.1,0.1,-0.01
103329,3107459,25.172833,-16.967833,10.4,-679,0.0488,36.2,-0.01,20.,136.1,0.1,-0.01
103329,3107600,25.178667,-16.964,10.2,-679,0.0488,36.2,0.,20.,137.5,0.1,-0.01
103329,3107609,25.179,-16.963833,10.3,-679,0.0488,36.2,0.,20.,137.6,0.1,-0.01
103329,3107619,25.179333,-16.9635,10.2,-679,0.0488,36.2,0.,20.,137.6,0.1,-0.01
103329,3107629,25.18,-16.963167,10.3,-679,0.0488,36.2,0.,20.,137.8,0.1,-0.01
103329,3107630,25.18,-16.963167,10.3,-679,0.0488,36.2,0.,20.,137.8,0.1,-0.01
103329,3107648,25.180667,-16.962667,10.3,-679,0.0488,36.2,0.,20.,138.,0.1,-0.01
103329,3107649,25.180667,-16.962667,10.3,-679,0.0488,36.2,0.,20.,138.,0.1,-0.01
103329,3107680,25.182,-16.961833,10.4,-678,0.0488,36.2,0.,20.,138.3,0.1,-0.01
103329,3107720,25.183667,-16.960667,10.3,-678,0.0488,36.2,0.,20.,138.70000000000002,0.1,-0.01
103329,3107749,25.185,-16.959833,10.3,-678,0.0488,36.2,0.,20.,139.1,0.1,-0.01
103329,3107750,25.185,-16.959833,10.3,-678,0.0488,36.2,0.,20.,139.1,0.1,-0.01
103329,3107771,25.185667,-16.959333,10.4,-678,0.0488,36.2,0.,20.,139.3,0.1,-0.01
103329,3107780,25.186167,-16.959,10.4,-678,0.0488,36.2,0.,20.,139.5,0.1,-0.01
103329,3108745,25.225333,-16.932667,10.3,-680,0.046700000000000005,36.2,0.,19.900000000000002,144.4,0.11,0.01
103329,3109663,25.2625,-16.9065,10.2,-688,0.0476,36.2,-0.01,19.900000000000002,144.5,0.13,0.02
103329,3112432,25.373167,-16.833167,9.8,-717,0.046900000000000004,36.2,-0.01,19.8,112.60000000000001,0.17,0.05
103329,3115721,25.497333,-16.7385,9.7,-736,0.047900000000000005,36.2,-0.01,19.8,82.2,0.17,0.03
103329,3116942,25.5405,-16.6995,9.9,-725,0.0489,36.2,-0.01,19.700000000000003,88.4,0.15,0.01
103329,3118242,25.586,-16.656,10.4,-737,0.0502,36.2,-0.01,19.700000000000003,100.10000000000001,0.13,-0.01
103329,3125493,25.860333,-16.461667,9.7,-811,0.0487,36.2,0.01,19.900000000000002,85.9,0.06,-0.07
103329,3127091,25.9225,-16.4265,9.1,-825,0.045200000000000004,36.2,0.02,19.900000000000002,86.5,0.1,-0.07
103329,3128104,25.961,-16.403333,8.7,-831,0.0446,36.2,0.02,19.900000000000002,95.,0.12,-0.07
103329,3129613,26.016833,-16.37,8.9,-830,0.044500000000000005,36.2,0.02,19.8,104.60000000000001,0.14,-0.06
103329,3132202,26.104167,-16.318167,7.3,-813,0.0478,36.2,0.02,19.900000000000002,101.30000000000001,0.13,-0.05
103329,3133181,26.134,-16.299833,7.1,-826,0.0488,36.2,0.02,19.900000000000002,111.30000000000001,0.12,-0.04
103329,3133275,26.1365,-16.298333,7.,-827,0.0488,36.2,0.02,19.900000000000002,111.9,0.12,-0.04
103329,3134195,26.164333,-16.280833,7.7,-837,0.049,36.2,0.03,19.900000000000002,116.9,0.11,-0.04
103329,3134422,26.171,-16.276333,7.2,-819,0.0489,36.2,0.03,19.900000000000002,117.30000000000001,0.12,-0.04
103329,3134690,26.178833,-16.271,7.2,-820,0.0489,36.2,0.03,19.900000000000002,117.80000000000001,0.12,-0.03
103329,3135812,26.211833,-16.248667,7.2,-841,0.046200000000000005,36.2,0.03,19.8,122.10000000000001,0.12,-0.03
103329,3136865,26.2435,-16.226167,7.6,-835,0.0485,36.2,0.03,19.8,125.30000000000001,0.13,-0.03
103329,3137050,26.249,-16.221833,7.5,-834,0.0487,36.2,0.03,19.8,124.80000000000001,0.12,-0.03
103329,3137179,26.252833,-16.218833,7.6,-843,0.046400000000000004,36.2,0.03,19.8,124.60000000000001,0.12,-0.03
103329,3137814,26.272,-16.205167,7.7,-845,0.0468,36.2,0.03,19.8,123.80000000000001,0.11,-0.03
103329,3139540,26.3235,-16.165333,7.7,-849,0.0471,36.2,0.03,19.8,126.30000000000001,0.07,-0.03
103329,3140587,26.354,-16.1375,8.3,-852,0.046700000000000005,36.2,0.03,19.8,134.5,0.05,-0.03
103329,3140840,26.361667,-16.1305,8.3,-852,0.047,36.2,0.03,19.8,136.4,0.04,-0.03
103329,3142072,26.398,-16.097,8.2,-851,0.0468,36.2,0.04,19.8,144.5,0.02,-0.03
103329,3146249,26.528333,-15.975333,9.2,-858,0.049100000000000005,36.2,0.05,19.900000000000002,150.5,0.02,-0.02
103329,3146250,26.528333,-15.975333,9.2,-858,0.049100000000000005,36.2,0.05,19.900000000000002,150.5,0.02,-0.02
103329,3146269,26.529,-15.974667,9.1,-858,0.049100000000000005,36.2,0.05,19.900000000000002,150.6,0.02,-0.02
103329,3146270,26.529,-15.974667,9.1,-858,0.049100000000000005,36.2,0.05,19.900000000000002,150.6,0.02,-0.02
103329,3146369,26.532167,-15.9715,9.1,-858,0.0488,36.2,0.05,19.900000000000002,150.70000000000002,0.02,-0.02
103329,3146370,26.532167,-15.9715,9.1,-858,0.0488,36.2,0.05,19.900000000000002,150.70000000000002,0.02,-0.02
103329,3146379,26.5325,-15.971167,9.1,-858,0.0488,36.2,0.05,19.900000000000002,150.8,0.02,-0.02
103329,3146468,26.535333,-15.9685,9.1,-857,0.0485,36.2,0.05,19.900000000000002,150.9,0.02,-0.02
103329,3146499,26.536333,-15.9675,9.1,-857,0.048400000000000006,36.2,0.05,19.900000000000002,150.9,0.02,-0.02
103329,3146559,26.538167,-15.965667,9.,-857,0.0483,36.2,0.05,19.900000000000002,151.,0.02,-0.02
103329,3146578,26.538833,-15.965,8.6,-857,0.0482,36.2,0.05,19.900000000000002,151.,0.02,-0.02
103329,3146588,26.539,-15.964833,8.6,-857,0.0482,36.2,0.05,19.900000000000002,151.,0.02,-0.02
103329,3146627,26.540167,-15.9635,8.5,-857,0.048100000000000004,36.2,0.05,19.900000000000002,151.1,0.02,-0.02
103329,3146639,26.5405,-15.963333,8.6,-856,0.048,36.2,0.05,19.900000000000002,151.1,0.02,-0.02
103329,3146651,26.541,-15.962833,8.7,-856,0.048,36.2,0.05,19.900000000000002,151.1,0.02,-0.02
103329,3146746,26.543833,-15.959833,8.9,-856,0.051000000000000004,36.2,0.05,19.900000000000002,151.20000000000002,0.02,-0.02
103329,3146747,26.543833,-15.959833,8.9,-856,0.051000000000000004,36.2,0.05,19.900000000000002,151.20000000000002,0.02,-0.02
103329,3153517,26.753,-15.779333,6.7,-853,0.047900000000000005,36.2,0.06,20.1,117.5,0.,-0.06
103329,3159198,26.911,-15.655333,7.3,-840,0.048100000000000004,36.2,0.07,20.3,89.7,0.01,-0.07
103329,3165039,27.081667,-15.542833,6.9,-816,0.051300000000000005,36.2,0.07,20.200000000000003,98.10000000000001,0.08,-0.09
103329,3165118,27.084,-15.5415,6.5,-789,0.050300000000000004,36.2,0.07,20.200000000000003,98.,0.08,-0.09
103329,3168677,27.1805,-15.468667,7.,-754,0.049100000000000005,36.1,0.07,20.1,99.2,0.08,-0.08
103329,3169036,27.19,-15.462,6.4,-757,0.0494,36.1,0.07,20.1,97.10000000000001,0.08,-0.08
103329,3170107,27.220167,-15.4475,6.3,-765,0.046,36.1,0.07,20.1,99.7,0.08,-0.09
103329,3170108,27.220167,-15.4475,6.3,-765,0.046,36.1,0.07,20.1,99.7,0.08,-0.09
103329,3170112,27.220167,-15.4475,6.3,-765,0.046,36.1,0.07,20.1,99.7,0.08,-0.09
103329,3171228,27.250667,-15.432667,5.9,-737,0.045000000000000005,36.1,0.07,20.,109.80000000000001,0.09,-0.09
103329,3171232,27.250667,-15.432667,5.8,-737,0.045000000000000005,36.1,0.07,20.,109.80000000000001,0.09,-0.09
103329,3171397,27.2555,-15.430333,6.3,-739,0.0451,36.1,0.07,20.,111.10000000000001,0.09,-0.09
103329,3173082,27.301333,-15.410667,6.4,-685,0.043300000000000005,36.1,0.06,20.,118.30000000000001,0.1,-0.09
103329,3173213,27.305,-15.409167,6.3,-688,0.043500000000000004,36.1,0.06,20.,118.9,0.1,-0.08
103329,3174025,27.327,-15.401333,6.4,-704,0.0443,36.1,0.06,19.900000000000002,124.4,0.11,-0.08
103329,3174062,27.328,-15.400833,6.4,-705,0.0443,36.1,0.06,19.900000000000002,124.7,0.11,-0.08
103329,3175267,27.360167,-15.385,6.4,-657,0.0442,36.1,0.06,19.900000000000002,136.,0.11,-0.08
103329,3180989,27.494,-15.2965,5.6,-621,0.0475,36.,0.06,19.8,139.70000000000002,0.14,-0.08
103329,3183987,27.565833,-15.2565,5.5,-594,0.0475,36.,0.05,19.6,115.5,0.16,-0.08
103329,3185028,27.590667,-15.242667,5.6,-522,0.0441,36.,0.05,19.5,112.5,0.17,-0.08
103329,3186028,27.614833,-15.228833,5.6,-524,0.0442,36.,0.05,19.5,117.7,0.17,-0.08
103329,3187149,27.641167,-15.2145,5.5,-525,0.043000000000000003,36.,0.05,19.400000000000002,121.7,0.17,-0.08
103329,3188169,27.664,-15.2025,5.,-527,0.043500000000000004,36.,0.04,19.400000000000002,121.10000000000001,0.16,-0.09
103329,3189410,27.688833,-15.1885,4.9,-496,0.0438,35.9,0.04,19.3,117.9,0.15,-0.09
103329,3189802,27.697,-15.1835,4.9,-495,0.0434,35.9,0.04,19.3,117.5,0.15,-0.08
103329,3190686,27.7145,-15.172833,4.8,-497,0.0449,35.9,0.04,19.3,116.60000000000001,0.14,-0.08
103329,3191668,27.734333,-15.161333,4.5,-494,0.0461,35.9,0.04,19.3,115.5,0.13,-0.08
103329,3192687,27.755833,-15.1495,5.,-490,0.0461,35.9,0.04,19.3,114.2,0.12,-0.08
103329,3193847,27.783333,-15.151167,5.1,-489,0.046400000000000004,35.9,0.04,19.200000000000003,114.30000000000001,0.11,-0.08
103329,3194619,27.801667,-15.156333,5.1,-488,0.0465,35.9,0.04,19.200000000000003,114.4,0.11,-0.07
103329,3194767,27.805167,-15.157167,5.,-488,0.046200000000000005,35.9,0.04,19.200000000000003,114.5,0.1,-0.07
103329,3195675,27.827167,-15.161833,5.2,-487,0.0438,35.9,0.04,19.200000000000003,114.5,0.1,-0.07
103329,3195743,27.828667,-15.162167,5.,-486,0.0436,35.9,0.04,19.200000000000003,114.5,0.1,-0.07
103329,3195755,27.829,-15.162167,5.1,-486,0.043500000000000004,35.9,0.04,19.200000000000003,114.5,0.1,-0.07
103329,3195774,27.8295,-15.162333,5.1,-486,0.043500000000000004,35.9,0.04,19.200000000000003,114.5,0.1,-0.07
103329,3195823,27.830667,-15.1625,5.2,-486,0.043300000000000005,35.9,0.04,19.200000000000003,114.5,0.1,-0.07
103329,3195855,27.8315,-15.162667,5.2,-486,0.0432,35.9,0.04,19.200000000000003,114.5,0.1,-0.07
103329,3195907,27.832667,-15.162833,5.2,-486,0.0431,35.9,0.04,19.200000000000003,114.5,0.1,-0.07
103329,3196599,27.85,-15.1655,5.5,-459,0.042800000000000005,35.9,0.04,19.200000000000003,113.9,0.09,-0.07
103329,3196868,27.857167,-15.1665,5.5,-447,0.042800000000000005,35.9,0.04,19.200000000000003,113.5,0.09,-0.06
103329,3197537,27.874667,-15.1715,5.9,-340,0.0448,35.9,0.04,19.200000000000003,112.30000000000001,0.09,-0.06
103329,3197808,27.882,-15.174,6.,-313,0.0438,35.9,0.04,19.1,111.80000000000001,0.09,-0.06
103329,3198485,27.900167,-15.180333,5.7,-251,0.0451,35.800000000000004,0.04,19.1,110.60000000000001,0.09,-0.06
103329,3198789,27.908167,-15.183,5.9,-225,0.0456,35.800000000000004,0.04,19.1,110.10000000000001,0.09,-0.06
103329,3199425,27.925167,-15.188667,5.7,-336,0.0446,35.800000000000004,0.04,19.1,107.80000000000001,0.09,-0.05
103329,3200289,27.9485,-15.196,5.9,-299,0.0451,35.800000000000004,0.04,19.1,101.30000000000001,0.1,-0.05
103329,3200333,27.949833,-15.1965,6.,-297,0.045200000000000004,35.800000000000004,0.04,19.1,100.9,0.1,-0.05
103329,3201226,27.974833,-15.204333,6.2,-261,0.0443,35.800000000000004,0.04,19.,94.,0.12,-0.05
103329,3201278,27.975333,-15.2045,6.,-260,0.0443,35.800000000000004,0.04,19.,93.80000000000001,0.12,-0.05
103329,3202127,28.000167,-15.212333,6.4,-374,0.0446,35.800000000000004,0.04,19.,86.60000000000001,0.13,-0.04
103329,3202190,28.001833,-15.212833,6.3,-373,0.0446,35.800000000000004,0.04,19.,86.5,0.13,-0.04
103329,3203067,28.023667,-15.220333,4.2,-358,0.0456,35.800000000000004,0.03,18.900000000000002,86.30000000000001,0.14,-0.03
103329,3203142,28.024833,-15.220667,4.3,-358,0.0456,35.800000000000004,0.03,18.900000000000002,86.30000000000001,0.14,-0.03
103329,3203986,28.041167,-15.227333,3.9,-348,0.0465,35.800000000000004,0.03,18.900000000000002,86.30000000000001,0.14,-0.02
103329,3204062,28.042333,-15.227833,3.7,-348,0.0483,35.800000000000004,0.03,18.900000000000002,86.30000000000001,0.14,-0.02
103329,3204888,28.056167,-15.232333,3.7,-339,0.0485,35.800000000000004,0.03,18.900000000000002,86.5,0.15,-0.02
103329,3205029,28.058333,-15.233167,3.6,-338,0.0485,35.800000000000004,0.03,18.900000000000002,86.60000000000001,0.15,-0.02
103329,3205829,28.070333,-15.2395,3.1,-333,0.0485,35.800000000000004,0.03,18.900000000000002,86.80000000000001,0.15,-0.01
103329,3206001,28.0725,-15.240833,3.,-333,0.0485,35.800000000000004,0.03,18.900000000000002,86.80000000000001,0.15,-0.01
103329,3206766,28.081833,-15.2465,2.1,-330,0.0483,35.800000000000004,0.03,18.900000000000002,87.5,0.16,0.
103329,3206906,28.083,-15.247167,2.1,-329,0.0482,35.800000000000004,0.03,18.900000000000002,87.80000000000001,0.16,0.
103329,3207727,28.0895,-15.25,1.6,-498,0.051300000000000005,35.800000000000004,0.03,18.900000000000002,89.5,0.16,0.
103329,3207846,28.090667,-15.2505,1.8,-321,0.0478,35.800000000000004,0.03,18.900000000000002,89.7,0.16,0.
103329,3208667,28.097667,-15.252,1.8,-314,0.0475,35.800000000000004,0.03,18.900000000000002,91.5,0.16,0.
103329,3208798,28.098833,-15.252333,1.9,-312,0.0475,35.800000000000004,0.03,18.900000000000002,91.80000000000001,0.16,0.01
103329,3209586,28.100333,-15.2565,1.1,-319,0.0477,35.800000000000004,0.03,18.900000000000002,92.10000000000001,0.15,0.01
103329,3209722,28.1,-15.257,0.9,-321,0.0477,35.800000000000004,0.03,18.900000000000002,92.,0.15,0.01
103329,3210488,28.097,-15.257333,0.8,-326,0.047900000000000005,35.800000000000004,0.03,18.900000000000002,91.2,0.15,0.01
103329,3210668,28.0965,-15.256833,0.8,-326,0.047900000000000005,35.800000000000004,0.03,18.900000000000002,91.10000000000001,0.15,0.01
103329,3211408,28.099167,-15.253167,0.5,-314,0.0475,35.800000000000004,0.03,18.900000000000002,91.7,0.15,0.01
103329,3211604,28.098333,-15.253167,1.5,-315,0.0476,35.800000000000004,0.03,18.900000000000002,91.5,0.15,0.01
103329,3212556,28.097333,-15.281667,5.8,-377,0.0494,35.800000000000004,0.03,18.8,92.80000000000001,0.15,0.03
103329,3212628,28.097667,-15.283667,5.7,-381,0.0495,35.800000000000004,0.03,18.8,94.80000000000001,0.15,0.03
103329,3213504,28.102667,-15.308167,5.2,-427,0.0471,35.800000000000004,0.03,18.8,116.9,0.15,0.04
103329,3213548,28.103,-15.3095,4.3,-429,0.0472,35.800000000000004,0.03,18.8,117.9,0.15,0.04
103329,3214497,28.101833,-15.315667,0.8,-444,0.0476,35.800000000000004,0.03,18.8,123.60000000000001,0.15,0.04
103329,3214510,28.101833,-15.315667,0.8,-444,0.0476,35.800000000000004,0.03,18.8,123.60000000000001,0.15,0.04
103329,3215124,28.099833,-15.318667,3.1,-453,0.047900000000000005,35.800000000000004,0.03,18.8,127.,0.14,0.04
103329,3215418,28.100833,-15.326833,5.9,-469,0.048400000000000006,35.800000000000004,0.03,18.8,134.,0.14,0.05
103329,3215446,28.100833,-15.327833,6.,-471,0.0485,35.800000000000004,0.03,18.8,134.9,0.14,0.05
103329,3216371,28.106,-15.3585,8.,-299,0.0468,35.800000000000004,0.04,18.8,157.60000000000002,0.14,0.06
103329,3216378,28.106167,-15.359,8.,-300,0.0468,35.800000000000004,0.04,18.8,157.9,0.14,0.06
103329,3217304,28.1135,-15.394167,7.7,-395,0.0461,35.800000000000004,0.04,18.8,159.9,0.13,0.05
103329,3217309,28.113667,-15.3945,7.7,-396,0.0461,35.800000000000004,0.04,18.8,159.9,0.13,0.05
103329,3217856,28.125833,-15.414667,9.,-456,0.046200000000000005,35.800000000000004,0.04,18.7,153.1,0.13,0.05
103329,3218249,28.1355,-15.419,5.5,-250,0.046700000000000005,35.800000000000004,0.04,18.7,145.,0.13,0.05
103329,3218856,28.142,-15.422833,1.8,-238,0.0466,35.800000000000004,0.04,18.7,139.70000000000002,0.14,0.05
103329,3218985,28.142833,-15.4235,1.5,-236,0.0466,35.800000000000004,0.04,18.7,139.1,0.14,0.05
103329,3219207,28.144167,-15.423833,1.3,-233,0.0466,35.800000000000004,0.04,18.7,137.9,0.14,0.05
103329,3219215,28.144333,-15.423833,1.2,-233,0.0466,35.800000000000004,0.04,18.7,137.70000000000002,0.14,0.05
103329,3220127,28.144667,-15.424167,0.,-232,0.0466,35.800000000000004,0.04,18.7,137.4,0.14,0.05
103329,3220159,28.144667,-15.424167,0.,-232,0.0466,35.800000000000004,0.04,18.7,137.4,0.14,0.05
103329,3220265,28.144667,-15.424167,0.,-232,0.0466,35.800000000000004,0.04,18.7,137.4,0.14,0.05
103329,3221067,28.144667,-15.424167,0.,-232,0.0466,35.800000000000004,0.04,18.7,137.4,0.13,0.05
103329,3221099,28.144667,-15.424167,0.,-232,0.0466,35.800000000000004,0.04,18.7,137.4,0.13,0.05
103329,3222045,28.1445,-15.424167,0.,-233,0.0466,35.800000000000004,0.04,18.7,137.5,0.13,0.05
103329,3222988,28.1445,-15.424167,0.,-233,0.0466,35.800000000000004,0.04,18.7,137.4,0.13,0.06
103329,3222999,28.1445,-15.424167,0.,-233,0.0466,35.800000000000004,0.04,18.7,137.4,0.13,0.06
103329,3223948,28.1445,-15.424,0.,-233,0.0466,35.800000000000004,0.04,18.7,137.3,0.13,0.06
103329,3223968,28.1445,-15.424,0.,-233,0.0466,35.800000000000004,0.04,18.7,137.3,0.13,0.06
103329,3224045,28.1445,-15.424,0.,-233,0.0466,35.800000000000004,0.04,18.7,137.3,0.13,0.06
103329,3224888,28.1445,-15.424,0.,-233,0.0466,35.800000000000004,0.04,18.7,137.3,0.13,0.06
103329,3225824,28.1445,-15.424167,0.1,-233,0.0466,35.800000000000004,0.04,18.7,137.3,0.13,0.06
103329,3225848,28.1445,-15.424167,0.1,-233,0.0466,35.800000000000004,0.04,18.7,137.3,0.13,0.06
103329,3226748,28.1445,-15.424167,0.,-233,0.0466,35.800000000000004,0.04,18.7,137.20000000000002,0.13,0.06
103329,3226816,28.1445,-15.424167,0.,-233,0.0466,35.800000000000004,0.04,18.7,137.20000000000002,0.13,0.06
103329,3227758,28.1445,-15.424167,0.,-233,0.0466,35.800000000000004,0.04,18.7,137.20000000000002,0.13,0.06
103329,3227947,28.1445,-15.424167,0.,-233,0.0466,35.800000000000004,0.04,18.7,137.20000000000002,0.13,0.06
103329,3228699,28.144667,-15.424167,0.,-232,0.0466,35.800000000000004,0.04,18.7,136.9,0.13,0.06
103329,3228850,28.144667,-15.424167,0.,-232,0.0466,35.800000000000004,0.04,18.7,136.9,0.13,0.06
103329,3228894,28.144667,-15.424167,0.,-232,0.0466,35.800000000000004,0.04,18.7,136.9,0.13,0.06
103329,3228964,28.144667,-15.424167,0.,-232,0.0466,35.800000000000004,0.04,18.7,136.9,0.13,0.06
103329,3228973,28.144667,-15.424167,0.,-232,0.0466,35.800000000000004,0.04,18.7,136.9,0.13,0.06
103329,3229024,28.144667,-15.424167,0.,-232,0.0466,35.800000000000004,0.04,18.7,136.9,0.13,0.06
103329,3229029,28.144667,-15.424167,0.,-232,0.0466,35.800000000000004,0.04,18.7,136.9,0.13,0.06
103329,3229063,28.144667,-15.424167,0.,-232,0.0466,35.800000000000004,0.04,18.7,136.9,0.13,0.06
103329,3229658,28.144667,-15.424167,0.,-232,0.0466,35.800000000000004,0.04,18.7,136.9,0.13,0.06
103329,3229809,28.144667,-15.424167,0.,-232,0.0466,35.800000000000004,0.04,18.7,136.9,0.13,0.06
103329,3230678,28.1445,-15.424167,0.,-233,0.0466,35.800000000000004,0.04,18.7,137.,0.13,0.06
103329,3230727,28.1445,-15.424167,0.,-233,0.0466,35.800000000000004,0.04,18.7,137.,0.13,0.06
103329,3231627,28.144667,-15.424,0.,-232,0.0466,35.800000000000004,0.04,18.7,136.70000000000002,0.13,0.06
103329,3231647,28.144667,-15.424,0.,-232,0.0466,35.800000000000004,0.04,18.7,136.70000000000002,0.13,0.06
103329,3232567,28.1445,-15.424167,0.,-233,0.0466,35.800000000000004,0.04,18.7,136.9,0.13,0.06
103329,3232575,28.1445,-15.424167,0.,-233,0.0466,35.800000000000004,0.04,18.7,136.9,0.13,0.06
103329,3233488,28.1445,-15.424167,0.,-233,0.0466,35.800000000000004,0.04,18.7,136.9,0.13,0.06
103329,3233528,28.1445,-15.424167,0.,-233,0.0466,35.800000000000004,0.04,18.7,136.9,0.13,0.06
103329,3234409,28.1445,-15.424167,0.1,-233,0.0466,35.800000000000004,0.04,18.7,136.8,0.13,0.06
103329,3234469,28.1445,-15.424167,0.1,-233,0.0466,35.800000000000004,0.04,18.7,136.8,0.13,0.06
103329,3234873,28.1445,-15.424167,0.,-233,0.0466,35.800000000000004,0.04,18.7,136.8,0.13,0.06
103329,3234874,28.1445,-15.424167,0.,-233,0.0466,35.800000000000004,0.04,18.7,136.8,0.13,0.06
103329,3234894,28.1445,-15.424167,0.,-233,0.0466,35.800000000000004,0.04,18.7,136.8,0.13,0.06
103329,3234904,28.1445,-15.424167,0.,-233,0.0466,35.800000000000004,0.04,18.7,136.8,0.13,0.06
103329,3234984,28.1445,-15.424167,0.,-233,0.0466,35.800000000000004,0.04,18.7,136.8,0.13,0.06
103329,3235034,28.1445,-15.424167,0.,-233,0.0466,35.800000000000004,0.04,18.7,136.8,0.13,0.06
103329,3235366,28.1445,-15.424167,0.1,-233,0.0466,35.800000000000004,0.04,18.7,136.8,0.13,0.06
103329,3235426,28.1445,-15.424167,0.1,-233,0.0466,35.800000000000004,0.04,18.7,136.8,0.13,0.06
103329,3236330,28.1445,-15.424167,0.,-233,0.0466,35.800000000000004,0.04,18.7,136.70000000000002,0.13,0.06
103329,3236366,28.1445,-15.424167,0.,-233,0.0466,35.800000000000004,0.04,18.7,136.70000000000002,0.13,0.06
103329,3237267,28.1445,-15.424,0.,-233,0.0466,35.800000000000004,0.04,18.7,136.6,0.13,0.06
103329,3237308,28.1445,-15.424,0.,-233,0.0466,35.800000000000004,0.04,18.7,136.6,0.13,0.06
103329,3238168,28.1445,-15.424,0.,-233,0.0466,35.800000000000004,0.04,18.7,136.6,0.13,0.06
103329,3238256,28.1445,-15.424,0.,-233,0.0466,35.800000000000004,0.04,18.7,136.6,0.13,0.06
103329,3239128,28.1445,-15.424167,0.,-233,0.0466,35.800000000000004,0.04,18.7,136.6,0.13,0.06
103329,3239209,28.1445,-15.424167,0.,-233,0.0466,35.800000000000004,0.04,18.7,136.5,0.13,0.06
103329,3240068,28.1445,-15.424167,0.,-233,0.0466,35.800000000000004,0.04,18.7,136.5,0.13,0.07
103329,3240168,28.1445,-15.424167,0.,-233,0.0466,35.800000000000004,0.04,18.7,136.5,0.13,0.07
103329,3241026,28.1445,-15.424167,0.,-233,0.0466,35.800000000000004,0.04,18.7,136.4,0.13,0.07
103329,3241118,28.1445,-15.424167,0.,-233,0.0466,35.800000000000004,0.04,18.7,136.4,0.13,0.07
103329,3241947,28.144667,-15.424,0.,-232,0.0466,35.800000000000004,0.04,18.7,136.20000000000002,0.13,0.07
103329,3242087,28.144667,-15.424167,0.,-232,0.0466,35.800000000000004,0.04,18.7,136.20000000000002,0.13,0.07
103329,3242286,28.144667,-15.424167,0.,-232,0.0466,35.800000000000004,0.04,18.7,136.20000000000002,0.13,0.07
103329,3242867,28.1445,-15.424,0.,-233,0.0466,35.800000000000004,0.04,18.7,136.3,0.13,0.07
103329,3243039,28.1445,-15.424,0.,-233,0.0466,35.800000000000004,0.04,18.7,136.3,0.13,0.07
103329,3243807,28.1445,-15.424,0.,-233,0.0466,35.800000000000004,0.04,18.7,136.3,0.13,0.07
103329,3243988,28.1445,-15.424,0.,-233,0.0466,35.800000000000004,0.04,18.7,136.20000000000002,0.13,0.07
103329,3244727,28.1445,-15.424,0.,-233,0.0466,35.800000000000004,0.04,18.7,136.20000000000002,0.12,0.07
103329,3244931,28.1445,-15.424,0.,-233,0.0466,35.800000000000004,0.04,18.7,136.20000000000002,0.12,0.07
103329,3245648,28.1445,-15.424,0.,-233,0.0466,35.800000000000004,0.04,18.7,136.20000000000002,0.12,0.07
103329,3245876,28.1445,-15.424,0.,-233,0.0466,35.800000000000004,0.04,18.7,136.1,0.12,0.07
103329,3246566,28.1445,-15.424,0.,-233,0.0466,35.800000000000004,0.04,18.7,136.1,0.12,0.07
103329,3246838,28.1445,-15.424,0.,-233,0.0466,35.800000000000004,0.04,18.7,136.1,0.12,0.07
103329,3247490,28.1445,-15.424167,0.,-233,0.0466,35.800000000000004,0.04,18.7,136.1,0.12,0.07
103329,3247787,28.1445,-15.424167,0.,-233,0.0466,35.800000000000004,0.04,18.7,136.1,0.12,0.07
103329,3248408,28.1445,-15.424167,0.,-233,0.0466,35.800000000000004,0.04,18.7,136.,0.12,0.07
103329,3248745,28.1445,-15.424,0.,-233,0.0466,35.800000000000004,0.04,18.7,136.,0.12,0.07
103329,3249329,28.1445,-15.424167,0.,-233,0.0466,35.800000000000004,0.04,18.7,136.,0.12,0.07
103329,3249677,28.1445,-15.424167,0.,-233,0.0466,35.800000000000004,0.04,18.7,136.,0.12,0.07
103329,3250266,28.1445,-15.424167,0.,-233,0.0466,35.800000000000004,0.04,18.7,135.9,0.12,0.07
103329,3250616,28.1445,-15.424167,0.,-233,0.0466,35.800000000000004,0.04,18.7,135.9,0.12,0.07
103329,3250618,28.1445,-15.424167,0.,-233,0.0466,35.800000000000004,0.04,18.7,135.9,0.12,0.07
103329,3251226,28.1445,-15.424,0.,-233,0.0466,35.800000000000004,0.04,18.7,135.9,0.12,0.07
103329,3251578,28.144667,-15.424,0.,-232,0.0466,35.800000000000004,0.04,18.7,135.70000000000002,0.12,0.07
103329,3252096,28.144667,-15.424,0.,-232,0.0466,35.800000000000004,0.04,18.7,135.6,0.12,0.07
103329,3252167,28.144667,-15.424,0.,-232,0.0466,35.800000000000004,0.04,18.7,135.6,0.12,0.07
103329,3252539,28.144667,-15.424,0.,-232,0.0466,35.800000000000004,0.04,18.7,135.6,0.12,0.07
103329,3253087,28.1445,-15.424167,0.,-233,0.0466,35.800000000000004,0.04,18.7,135.8,0.12,0.07
103329,3253305,28.1445,-15.424167,0.,-233,0.0466,35.800000000000004,0.04,18.7,135.8,0.12,0.07
103329,3253479,28.1445,-15.424167,0.,-233,0.0466,35.800000000000004,0.04,18.7,135.8,0.12,0.07
103329,3254029,28.1445,-15.424,0.,-233,0.0466,35.800000000000004,0.04,18.7,135.70000000000002,0.12,0.07
103329,3254335,28.1445,-15.424,0.,-233,0.0466,35.800000000000004,0.04,18.7,135.70000000000002,0.12,0.07
103329,3254445,28.1445,-15.424,0.,-233,0.0466,35.800000000000004,0.04,18.7,135.70000000000002,0.12,0.07
103329,3254536,28.1445,-15.424,0.,-233,0.0466,35.800000000000004,0.04,18.7,135.70000000000002,0.12,0.07
103329,3254966,28.1445,-15.424,0.,-233,0.0466,35.800000000000004,0.04,18.7,135.70000000000002,0.12,0.07
103329,3255426,28.1445,-15.424,0.,-233,0.0466,35.800000000000004,0.04,18.7,135.6,0.12,0.07
103329,3255867,28.1445,-15.424,0.,-233,0.0466,35.800000000000004,0.04,18.7,135.6,0.12,0.07
103329,3256336,28.1445,-15.424167,0.,-233,0.0466,35.800000000000004,0.04,18.7,135.6,0.12,0.07
103329,3256808,28.1445,-15.424167,0.,-233,0.0466,35.800000000000004,0.04,18.7,135.6,0.12,0.07
103329,3257316,28.1445,-15.424167,0.,-233,0.0466,35.800000000000004,0.04,18.7,135.6,0.12,0.07
103329,3258008,28.1445,-15.424167,0.,-233,0.0466,35.800000000000004,0.04,18.7,135.5,0.12,0.08
103329,3258237,28.1445,-15.424167,0.,-233,0.0466,35.800000000000004,0.04,18.7,135.5,0.12,0.08
103329,3258930,28.1445,-15.424167,0.,-233,0.0466,35.800000000000004,0.04,18.7,135.5,0.12,0.08
103329,3259178,28.1445,-15.424167,0.,-233,0.0466,35.800000000000004,0.04,18.7,135.5,0.12,0.08
103329,3259887,28.1445,-15.424167,0.,-233,0.0466,35.800000000000004,0.04,18.7,135.4,0.12,0.08
103329,3260129,28.1445,-15.424167,0.,-233,0.0466,35.800000000000004,0.04,18.7,135.4,0.12,0.08
103329,3261087,28.144667,-15.424167,0.,-232,0.0466,35.800000000000004,0.04,18.7,135.20000000000002,0.12,0.08
103329,3262026,28.1445,-15.424167,0.,-233,0.0466,35.800000000000004,0.04,18.7,135.3,0.12,0.08
103329,3262046,28.1445,-15.424167,0.,-233,0.0466,35.800000000000004,0.04,18.7,135.3,0.12,0.08
103329,3262959,28.1445,-15.424167,0.,-233,0.0466,35.800000000000004,0.04,18.7,135.3,0.12,0.08
103329,3262967,28.1445,-15.424167,0.,-233,0.0466,35.800000000000004,0.04,18.7,135.3,0.12,0.08
103329,3263885,28.1445,-15.424167,0.,-233,0.0466,35.800000000000004,0.04,18.7,135.20000000000002,0.12,0.08
103329,3263921,28.1445,-15.424167,0.,-233,0.0466,35.800000000000004,0.04,18.7,135.20000000000002,0.12,0.08
103329,3264809,28.144667,-15.424167,0.,-232,0.0466,35.800000000000004,0.04,18.7,135.,0.12,0.08
103329,3264842,28.144667,-15.424167,0.,-232,0.0466,35.800000000000004,0.04,18.7,135.,0.12,0.08
103329,3265837,28.144667,-15.424167,0.,-232,0.0466,35.800000000000004,0.04,18.7,134.9,0.12,0.08
103329,3266009,28.144667,-15.424167,0.,-232,0.0466,35.800000000000004,0.04,18.7,134.9,0.12,0.08
103329,3266809,28.1445,-15.424167,0.,-233,0.0466,35.800000000000004,0.04,18.7,135.1,0.12,0.08
103329,3266929,28.1445,-15.424167,0.,-233,0.0466,35.800000000000004,0.04,18.7,135.,0.12,0.08
103329,3267753,28.1445,-15.424167,0.,-233,0.0466,35.800000000000004,0.04,18.7,135.,0.11,0.08
103329,3267849,28.1445,-15.424167,0.,-233,0.0466,35.800000000000004,0.04,18.7,135.,0.11,0.08
103329,3268685,28.1445,-15.424167,0.,-233,0.0466,35.800000000000004,0.04,18.7,135.,0.11,0.08
103329,3268769,28.1445,-15.424167,0.,-233,0.0466,35.800000000000004,0.04,18.7,134.9,0.11,0.08
103329,3269609,28.1445,-15.424167,0.1,-233,0.0466,35.800000000000004,0.04,18.7,134.9,0.11,0.08
103329,3269686,28.1445,-15.424167,0.1,-233,0.0466,35.800000000000004,0.04,18.7,134.9,0.11,0.08
103329,3270537,28.144667,-15.424167,0.,-232,0.0466,35.800000000000004,0.04,18.7,134.70000000000002,0.11,0.08
103329,3270589,28.144667,-15.424167,0.,-232,0.0466,35.800000000000004,0.04,18.7,134.6,0.11,0.08
103329,3271496,28.1445,-15.424167,0.,-233,0.0466,35.800000000000004,0.04,18.7,134.8,0.11,0.08
103329,3271508,28.1445,-15.424167,0.,-233,0.0466,35.800000000000004,0.04,18.7,134.8,0.11,0.08
103329,3272480,28.1445,-15.424167,0.,-233,0.0466,35.800000000000004,0.04,18.7,134.70000000000002,0.11,0.08
103329,3272725,28.1445,-15.424167,0.,-233,0.0466,35.800000000000004,0.04,18.7,134.70000000000002,0.11,0.08
103329,3273398,28.144667,-15.424167,0.,-232,0.0466,35.800000000000004,0.04,18.7,134.5,0.11,0.08
103329,3273667,28.144667,-15.424167,0.,-232,0.0466,35.800000000000004,0.04,18.7,134.5,0.11,0.08
103329,3274349,28.144667,-15.424167,0.,-232,0.0466,35.800000000000004,0.04,18.7,134.4,0.11,0.08
103329,3274609,28.144667,-15.424167,0.,-232,0.0466,35.800000000000004,0.04,18.7,134.4,0.11,0.08
103329,3275321,28.144667,-15.424167,0.,-232,0.0466,35.800000000000004,0.04,18.7,134.4,0.11,0.08
103329,3276249,28.144667,-15.424,0.,-232,0.0466,35.800000000000004,0.04,18.7,134.3,0.11,0.09
103329,3276429,28.144667,-15.424,0.,-232,0.0466,35.800000000000004,0.04,18.7,134.3,0.11,0.09
103329,3277347,28.144667,-15.424,0.,-232,0.0466,35.800000000000004,0.04,18.7,134.20000000000002,0.11,0.09
103329,3277374,28.144667,-15.424,0.,-232,0.0466,35.800000000000004,0.04,18.7,134.20000000000002,0.11,0.09
103329,3278266,28.144667,-15.424,0.,-232,0.0466,35.800000000000004,0.04,18.7,134.20000000000002,0.11,0.09
103329,3278326,28.144667,-15.424,0.,-232,0.0466,35.800000000000004,0.04,18.7,134.20000000000002,0.11,0.09
103329,3278333,28.144667,-15.424,0.,-232,0.0466,35.800000000000004,0.04,18.7,134.20000000000002,0.11,0.09
103329,3278393,28.144667,-15.424,0.,-232,0.0466,35.800000000000004,0.04,18.7,134.20000000000002,0.11,0.09
103329,3278414,28.144667,-15.424,0.,-232,0.0466,35.800000000000004,0.04,18.7,134.20000000000002,0.11,0.09
103329,3278432,28.144667,-15.424,0.,-232,0.0466,35.800000000000004,0.04,18.7,134.20000000000002,0.11,0.09
103329,3278433,28.144667,-15.424,0.,-232,0.0466,35.800000000000004,0.04,18.7,134.20000000000002,0.11,0.09
103329,3278463,28.1445,-15.424,0.,-233,0.0466,35.800000000000004,0.04,18.7,134.4,0.11,0.09
103329,3278474,28.1445,-15.424,0.,-233,0.0466,35.800000000000004,0.04,18.7,134.4,0.11,0.09
103329,3278483,28.1445,-15.424,0.,-233,0.0466,35.800000000000004,0.04,18.7,134.4,0.11,0.09
103329,3278484,28.1445,-15.424,0.,-233,0.0466,35.800000000000004,0.04,18.7,134.4,0.11,0.09
103329,3278544,28.1445,-15.424,0.,-233,0.0466,35.800000000000004,0.04,18.7,134.4,0.11,0.09
103329,3278594,28.1445,-15.424,0.,-233,0.0466,35.800000000000004,0.04,18.7,134.4,0.11,0.09
103329,3279206,28.1445,-15.424,0.,-233,0.0466,35.800000000000004,0.04,18.7,134.3,0.11,0.09
103329,3279266,28.1445,-15.424,0.,-233,0.0466,35.800000000000004,0.04,18.7,134.3,0.11,0.09
103329,3280167,28.1445,-15.424,0.,-233,0.0466,35.800000000000004,0.04,18.7,134.3,0.11,0.09
103329,3280187,28.1445,-15.424,0.,-233,0.0466,35.800000000000004,0.04,18.7,134.3,0.11,0.09
103329,3281068,28.1445,-15.424,0.,-233,0.0466,35.800000000000004,0.04,18.7,134.20000000000002,0.11,0.09
103329,3281130,28.1445,-15.424,0.,-233,0.0466,35.800000000000004,0.04,18.7,134.20000000000002,0.11,0.09
103329,3282010,28.1445,-15.424,0.,-233,0.0466,35.800000000000004,0.04,18.7,134.20000000000002,0.11,0.09
103329,3282066,28.1445,-15.424,0.,-233,0.0466,35.800000000000004,0.04,18.7,134.20000000000002,0.11,0.09
103329,3282947,28.1445,-15.424,0.,-233,0.0466,35.800000000000004,0.04,18.7,134.1,0.11,0.09
103329,3283019,28.1445,-15.424,0.,-233,0.0466,35.800000000000004,0.04,18.7,134.1,0.11,0.09
103329,3283848,28.1445,-15.424,0.,-233,0.0466,35.800000000000004,0.04,18.7,134.1,0.11,0.09
103329,3283989,28.1445,-15.424,0.,-233,0.0466,35.800000000000004,0.04,18.7,134.1,0.11,0.09
103329,3284686,28.1445,-15.424,0.,-233,0.0466,35.800000000000004,0.04,18.7,134.1,0.11,0.09
103329,3284768,28.144667,-15.424,0.,-232,0.0466,35.800000000000004,0.04,18.7,133.8,0.11,0.09
103329,3284920,28.144667,-15.424,0.,-232,0.0466,35.800000000000004,0.04,18.7,133.8,0.11,0.09
103329,3285689,28.144667,-15.424,0.,-232,0.0466,35.800000000000004,0.04,18.7,133.8,0.11,0.09
103329,3285880,28.144667,-15.424,0.,-232,0.0466,35.800000000000004,0.04,18.7,133.8,0.11,0.09
103329,3286808,28.1445,-15.424,0.,-233,0.0466,35.800000000000004,0.04,18.7,133.9,0.11,0.09
103329,3286828,28.1445,-15.424,0.,-233,0.0466,35.800000000000004,0.04,18.7,133.9,0.11,0.09
103329,3287725,28.1445,-15.424,0.,-233,0.0466,35.800000000000004,0.04,18.7,133.9,0.11,0.09
103329,3287785,28.1445,-15.424,0.,-233,0.0466,35.800000000000004,0.04,18.7,133.9,0.11,0.09
103329,3288650,28.1445,-15.424,0.,-233,0.0466,35.800000000000004,0.04,18.7,133.8,0.11,0.09
103329,3288734,28.1445,-15.424,0.,-233,0.0466,35.800000000000004,0.04,18.7,133.8,0.11,0.09
103329,3289566,28.1445,-15.424,0.,-233,0.0466,35.800000000000004,0.04,18.7,133.8,0.11,0.09
103329,3289758,28.1445,-15.424,0.,-233,0.0466,35.800000000000004,0.04,18.7,133.8,0.11,0.09
103329,3290508,28.144667,-15.424,0.,-232,0.0466,35.800000000000004,0.04,18.7,133.5,0.11,0.09
103329,3290697,28.1445,-15.424167,0.,-233,0.0466,35.800000000000004,0.04,18.7,133.8,0.11,0.09
103329,3291409,28.1445,-15.424167,0.,-233,0.0466,35.800000000000004,0.04,18.7,133.70000000000002,0.1,0.09
103329,3291679,28.1445,-15.424167,0.,-233,0.0466,35.800000000000004,0.04,18.7,133.70000000000002,0.1,0.09
103329,3292367,28.1445,-15.424167,0.,-233,0.0466,35.800000000000004,0.04,18.7,133.70000000000002,0.1,0.09
103329,3292627,28.1445,-15.424167,0.,-233,0.0466,35.800000000000004,0.04,18.7,133.70000000000002,0.1,0.09
103329,3293309,28.1445,-15.424,0.,-233,0.0466,35.800000000000004,0.04,18.7,133.6,0.1,0.09
103329,3293557,28.1445,-15.424,0.,-233,0.0466,35.800000000000004,0.04,18.7,133.6,0.1,0.09
103329,3294226,28.144667,-15.424,0.,-232,0.0466,35.800000000000004,0.04,18.7,133.3,0.1,0.1
103329,3294518,28.1445,-15.424,0.,-233,0.0466,35.800000000000004,0.04,18.7,133.5,0.1,0.1
103329,3295146,28.1445,-15.424167,0.,-233,0.0466,35.800000000000004,0.04,18.7,133.5,0.1,0.1
103329,3295490,28.1445,-15.424167,0.,-233,0.0466,35.800000000000004,0.04,18.7,133.5,0.1,0.1
103329,3296086,28.144667,-15.424167,0.,-232,0.0466,35.800000000000004,0.04,18.7,133.3,0.1,0.1
103329,3296391,28.144667,-15.424167,0.,-232,0.0466,35.800000000000004,0.04,18.7,133.20000000000002,0.1,0.1
103329,3297007,28.1445,-15.424167,0.,-233,0.0466,35.800000000000004,0.04,18.7,133.4,0.1,0.1
103329,3297339,28.1445,-15.424167,0.,-233,0.0466,35.800000000000004,0.04,18.7,133.4,0.1,0.1
103329,3297927,28.1445,-15.424167,0.,-233,0.0466,35.800000000000004,0.04,18.7,133.4,0.1,0.1
103329,3298288,28.1445,-15.424167,0.,-233,0.0466,35.800000000000004,0.04,18.6,133.4,0.1,0.1
103329,3298848,28.144667,-15.424,0.,-232,0.0466,35.800000000000004,0.04,18.6,133.1,0.1,0.1
103329,3299237,28.144667,-15.424167,0.,-232,0.0466,35.800000000000004,0.04,18.6,133.1,0.1,0.1
103329,3299808,28.1445,-15.424167,0.,-233,0.0466,35.800000000000004,0.04,18.6,133.3,0.1,0.1
103329,3300200,28.1445,-15.424167,0.,-233,0.0466,35.800000000000004,0.04,18.6,133.20000000000002,0.1,0.1
103329,3301008,28.144667,-15.424167,0.,-232,0.0466,35.800000000000004,0.04,18.6,133.,0.1,0.1
103329,3301135,28.144667,-15.424167,0.,-232,0.0466,35.800000000000004,0.04,18.6,133.,0.1,0.1
103329,3301948,28.144667,-15.424167,0.,-232,0.0466,35.800000000000004,0.04,18.6,132.9,0.1,0.1
103329,3302096,28.144667,-15.424167,0.,-232,0.0466,35.800000000000004,0.04,18.6,132.9,0.1,0.1
103329,3302888,28.144667,-15.424167,0.1,-232,0.0466,35.800000000000004,0.04,18.6,132.9,0.1,0.1
103329,3303060,28.144667,-15.424167,0.1,-232,0.0466,35.800000000000004,0.04,18.6,132.9,0.1,0.1
103329,3303989,28.144667,-15.424333,0.,-232,0.0466,35.800000000000004,0.04,18.6,132.9,0.1,0.1
103329,3304086,28.144667,-15.424167,0.,-232,0.0466,35.800000000000004,0.04,18.6,132.8,0.1,0.1
103329,3304766,28.144667,-15.424167,0.,-232,0.0466,35.800000000000004,0.04,18.6,132.8,0.1,0.1
103329,3305327,28.144667,-15.424167,0.,-232,0.0466,35.800000000000004,0.04,18.6,132.70000000000002,0.1,0.1
103329,3305883,28.144667,-15.424167,0.,-232,0.0466,35.800000000000004,0.04,18.6,132.70000000000002,0.1,0.1
103329,3306526,28.144667,-15.424167,0.,-232,0.0466,35.800000000000004,0.04,18.6,132.70000000000002,0.1,0.1
103329,3306794,28.144667,-15.424167,0.,-232,0.0466,35.800000000000004,0.04,18.6,132.70000000000002,0.1,0.1
103329,3307446,28.144667,-15.424167,0.,-232,0.0466,35.800000000000004,0.04,18.6,132.6,0.1,0.1
103329,3307748,28.144667,-15.424167,0.,-232,0.0466,35.800000000000004,0.04,18.6,132.6,0.1,0.1
103329,3308367,28.144667,-15.424167,0.,-232,0.0466,35.800000000000004,0.04,18.6,132.6,0.1,0.1
103329,3308687,28.144667,-15.424167,0.,-232,0.0466,35.800000000000004,0.04,18.6,132.6,0.1,0.1
103329,3309327,28.1445,-15.424167,0.,-233,0.0466,35.800000000000004,0.04,18.6,132.8,0.1,0.1
103329,3309639,28.1445,-15.424167,0.,-233,0.0466,35.800000000000004,0.04,18.6,132.70000000000002,0.1,0.1
103329,3310267,28.1445,-15.424,0.,-233,0.0466,35.800000000000004,0.04,18.6,132.70000000000002,0.1,0.1
103329,3310587,28.1445,-15.424,0.,-233,0.0466,35.800000000000004,0.04,18.6,132.70000000000002,0.1,0.1
103329,3311486,28.1445,-15.424,0.,-233,0.0466,35.800000000000004,0.04,18.6,132.6,0.1,0.1
103329,3311550,28.1445,-15.424,0.,-233,0.0466,35.800000000000004,0.04,18.6,132.6,0.1,0.1
103329,3312410,28.1445,-15.424167,0.,-233,0.0466,35.800000000000004,0.04,18.6,132.6,0.1,0.11
103329,3312647,28.1445,-15.424167,0.,-233,0.0466,35.800000000000004,0.04,18.6,132.6,0.1,0.11
103329,3313366,28.1445,-15.424167,0.,-233,0.0466,35.800000000000004,0.04,18.6,132.5,0.1,0.11
103329,3313598,28.1445,-15.424167,0.,-233,0.0466,35.800000000000004,0.04,18.6,132.5,0.1,0.11
103329,3314267,28.1445,-15.424167,0.,-233,0.0466,35.800000000000004,0.04,18.6,132.5,0.1,0.11
103329,3314544,28.1445,-15.424167,0.,-233,0.0466,35.800000000000004,0.04,18.6,132.5,0.09,0.11
103329,3314610,28.1445,-15.424167,0.,-233,0.0466,35.800000000000004,0.04,18.6,132.5,0.09,0.11
103329,3315233,28.1445,-15.424167,0.,-233,0.0466,35.800000000000004,0.04,18.6,132.4,0.09,0.11
103329,3315470,28.1445,-15.424167,0.,-233,0.0466,35.800000000000004,0.04,18.6,132.4,0.09,0.11
103329,3316170,28.1445,-15.424167,0.,-233,0.0466,35.800000000000004,0.04,18.6,132.4,0.09,0.11
103329,3316410,28.1445,-15.424167,0.,-233,0.0466,35.800000000000004,0.04,18.6,132.4,0.09,0.11
103329,3317225,28.1445,-15.424167,0.,-233,0.0466,35.800000000000004,0.04,18.6,132.3,0.09,0.11
103329,3317318,28.1445,-15.424167,0.,-233,0.0466,35.800000000000004,0.04,18.6,132.3,0.09,0.11
103329,3317346,28.1445,-15.424167,0.,-233,0.0466,35.800000000000004,0.04,18.6,132.3,0.09,0.11
103329,3317356,28.1445,-15.424167,0.,-233,0.0466,35.800000000000004,0.04,18.6,132.3,0.09,0.11
103329,3317357,28.1445,-15.424167,0.,-233,0.0466,35.800000000000004,0.04,18.6,132.3,0.09,0.11
103329,3317367,28.1445,-15.424167,0.,-233,0.0466,35.800000000000004,0.04,18.6,132.3,0.09,0.11
103329,3317371,28.1445,-15.424167,0.,-233,0.0466,35.800000000000004,0.04,18.6,132.3,0.09,0.11
103329,3317372,28.1445,-15.424167,0.,-233,0.0466,35.800000000000004,0.04,18.6,132.3,0.09,0.11
103329,3317398,28.1445,-15.424167,0.,-233,0.0466,35.800000000000004,0.04,18.6,132.3,0.09,0.11
103329,3317406,28.1445,-15.424167,0.,-233,0.0466,35.800000000000004,0.04,18.6,132.3,0.09,0.11
103329,3317427,28.1445,-15.424167,0.,-233,0.0466,35.800000000000004,0.04,18.6,132.3,0.09,0.11
103329,3317428,28.1445,-15.424167,0.,-233,0.0466,35.800000000000004,0.04,18.6,132.3,0.09,0.11
103329,3317438,28.1445,-15.424167,0.,-233,0.0466,35.800000000000004,0.04,18.6,132.3,0.09,0.11
103329,3318312,28.1445,-15.424,0.,-233,0.0466,35.800000000000004,0.04,18.6,132.20000000000002,0.09,0.11
103329,3319261,28.1445,-15.424167,0.,-233,0.0466,35.800000000000004,0.04,18.6,132.20000000000002,0.09,0.11
103329,3319531,28.1445,-15.424167,0.,-233,0.0466,35.800000000000004,0.04,18.6,132.20000000000002,0.09,0.11
103329,3320202,28.1445,-15.424167,0.,-233,0.0466,35.800000000000004,0.04,18.6,132.20000000000002,0.09,0.11
103329,3320474,28.1445,-15.424167,0.,-233,0.0466,35.800000000000004,0.04,18.6,132.20000000000002,0.09,0.11
103329,3321153,28.1445,-15.424,0.,-233,0.0466,35.800000000000004,0.04,18.6,132.1,0.09,0.11
103329,3321433,28.1445,-15.424,0.,-233,0.0466,35.800000000000004,0.04,18.6,132.1,0.09,0.11
103329,3322102,28.1445,-15.424167,0.,-233,0.0466,35.7,0.04,18.6,132.1,0.09,0.11
103329,3322630,28.1445,-15.424167,0.,-233,0.0466,35.7,0.04,18.6,132.,0.09,0.11
103329,3323070,28.1445,-15.424167,0.,-233,0.0466,35.7,0.04,18.6,132.,0.09,0.11
103329,3323276,28.1445,-15.424,0.,-233,0.0466,35.7,0.04,18.6,132.,0.09,0.11
103329,3323277,28.1445,-15.424,0.,-233,0.0466,35.7,0.04,18.6,132.,0.09,0.11
103329,3323297,28.1445,-15.424,0.,-233,0.0466,35.7,0.04,18.6,132.,0.09,0.11
103329,3323298,28.1445,-15.424,0.,-233,0.0466,35.7,0.04,18.6,132.,0.09,0.11
103329,3323348,28.1445,-15.424,0.,-233,0.0466,35.7,0.04,18.6,132.,0.09,0.11
103329,3323358,28.1445,-15.424,0.,-233,0.0466,35.7,0.04,18.6,132.,0.09,0.11
103329,3323571,28.1445,-15.424167,0.,-233,0.0466,35.7,0.04,18.6,132.,0.09,0.11
103329,3324030,28.1445,-15.424167,0.,-233,0.0466,35.7,0.04,18.6,132.,0.09,0.11
103329,3324491,28.1445,-15.424167,0.,-233,0.0466,35.7,0.04,18.6,131.9,0.09,0.11
103329,3325011,28.1445,-15.424167,0.,-233,0.0466,35.7,0.04,18.6,131.9,0.09,0.11
103329,3325491,28.1445,-15.424167,0.,-233,0.0466,35.7,0.04,18.6,131.9,0.09,0.11
103329,3325831,28.1445,-15.424167,0.,-233,0.0466,35.7,0.04,18.6,131.9,0.09,0.11
103329,3325972,28.1445,-15.424167,0.,-233,0.0466,35.7,0.04,18.6,131.9,0.09,0.11
103329,3326412,28.1445,-15.424167,0.,-233,0.0466,35.7,0.04,18.6,131.8,0.09,0.11
103329,3326921,28.144667,-15.424167,0.,-232,0.0466,35.7,0.04,18.6,131.6,0.09,0.11
103329,3327351,28.144667,-15.424167,0.,-232,0.0466,35.7,0.04,18.6,131.5,0.09,0.11
103329,3327863,28.144667,-15.424167,0.,-232,0.0466,35.7,0.04,18.6,131.5,0.09,0.11
103329,3329511,28.1445,-15.424,0.,-233,0.0466,35.7,0.04,18.6,131.6,0.09,0.11
103329,3329772,28.1445,-15.424,0.,-233,0.0466,35.7,0.04,18.6,131.6,0.09,0.11
103329,3330451,28.1445,-15.424,0.,-233,0.0466,35.7,0.04,18.6,131.6,0.09,0.12
103329,3330703,28.1445,-15.424,0.,-233,0.0466,35.7,0.04,18.6,131.6,0.09,0.12
103329,3331270,28.1445,-15.424,0.,-233,0.0466,35.7,0.04,18.6,131.5,0.09,0.12
103329,3331392,28.1445,-15.424,0.,-233,0.0466,35.7,0.04,18.6,131.5,0.09,0.12
103329,3331509,28.1445,-15.424,0.,-233,0.0466,35.7,0.04,18.6,131.5,0.09,0.12
103329,3331651,28.1445,-15.424,0.,-233,0.0466,35.7,0.04,18.6,131.5,0.09,0.12
103329,3332592,28.1445,-15.424167,0.,-233,0.0466,35.7,0.04,18.6,131.5,0.09,0.12
103329,3332603,28.1445,-15.424167,0.,-233,0.0466,35.7,0.04,18.6,131.5,0.09,0.12
103329,3332789,28.1445,-15.424,0.,-233,0.0466,35.7,0.04,18.6,131.5,0.09,0.12
103329,3333493,28.1445,-15.424167,0.,-233,0.0466,35.7,0.04,18.6,131.4,0.09,0.12
103329,3333553,28.1445,-15.424167,0.,-233,0.0466,35.7,0.04,18.6,131.4,0.09,0.12
103329,3334412,28.1445,-15.424167,0.,-233,0.0466,35.7,0.04,18.6,131.4,0.09,0.12
103329,3334511,28.1445,-15.424167,0.,-233,0.0466,35.7,0.04,18.6,131.4,0.09,0.12
103329,3335332,28.1445,-15.424167,0.,-233,0.0466,35.7,0.04,18.6,131.3,0.09,0.12
103329,3335409,28.1445,-15.424167,0.,-233,0.0466,35.7,0.04,18.6,131.3,0.09,0.12
103329,3335453,28.1445,-15.424167,0.,-233,0.0466,35.7,0.04,18.6,131.3,0.09,0.12
103329,3336252,28.1445,-15.424167,0.,-233,0.0466,35.7,0.04,18.6,131.3,0.09,0.12
103329,3336432,28.1445,-15.424,0.,-233,0.0466,35.7,0.04,18.6,131.3,0.09,0.12
103329,3337173,28.1445,-15.424,0.,-233,0.0466,35.7,0.04,18.6,131.20000000000002,0.09,0.12
103329,3337382,28.1445,-15.424,0.,-233,0.0466,35.7,0.04,18.6,131.20000000000002,0.09,0.12
103329,3337830,28.1445,-15.424,0.,-233,0.0466,35.7,0.04,18.6,131.20000000000002,0.09,0.12
103329,3338091,28.1445,-15.424,0.,-233,0.0466,35.7,0.04,18.6,131.20000000000002,0.08,0.12
103329,3338330,28.144667,-15.424,0.,-232,0.0466,35.7,0.04,18.6,130.9,0.08,0.12
103329,3338719,28.144667,-15.424,0.,-232,0.0466,35.7,0.04,18.6,130.9,0.08,0.12
103329,3339012,28.1445,-15.424167,0.,-233,0.0466,35.7,0.04,18.6,131.1,0.08,0.12
103329,3339292,28.144667,-15.424167,0.,-232,0.0466,35.7,0.04,18.6,130.9,0.08,0.12
103329,3339973,28.144667,-15.424,0.,-232,0.0466,35.7,0.04,18.6,130.8,0.08,0.12
103329,3340060,28.144667,-15.424,0.,-232,0.0466,35.7,0.04,18.6,130.8,0.08,0.12
103329,3340241,28.144667,-15.424,0.,-232,0.0466,35.7,0.04,18.6,130.8,0.08,0.12
103329,3340931,28.1445,-15.424,0.,-233,0.0466,35.7,0.04,18.6,131.,0.08,0.12
103329,3341199,28.1445,-15.424,0.,-233,0.0466,35.7,0.04,18.6,131.,0.08,0.12
103329,3341851,28.1445,-15.424,0.,-233,0.0466,35.7,0.04,18.6,131.,0.08,0.12
103329,3342110,28.1445,-15.424,0.,-233,0.0466,35.7,0.04,18.6,131.,0.08,0.12
103329,3342793,28.1445,-15.424167,0.,-233,0.0466,35.7,0.04,18.6,130.9,0.08,0.12
103329,3343061,28.1445,-15.424167,0.,-233,0.0466,35.7,0.04,18.6,130.9,0.08,0.12
103329,3343712,28.1445,-15.424167,0.,-233,0.0466,35.7,0.04,18.6,130.9,0.08,0.12
103329,3344000,28.1445,-15.424167,0.,-233,0.0466,35.7,0.04,18.6,130.9,0.08,0.12
103329,3344672,28.1445,-15.424167,0.,-233,0.0466,35.7,0.04,18.6,130.8,0.08,0.12
103329,3344920,28.1445,-15.424167,0.1,-233,0.0466,35.7,0.04,18.6,130.8,0.08,0.12
103329,3345592,28.1445,-15.424167,0.,-233,0.0466,35.7,0.04,18.6,130.8,0.08,0.12
103329,3345872,28.1445,-15.424,0.,-233,0.0466,35.7,0.04,18.6,130.70000000000002,0.08,0.12
103329,3346532,28.144667,-15.424167,0.,-232,0.0466,35.7,0.04,18.6,130.5,0.08,0.12
103329,3346820,28.144667,-15.424167,0.,-232,0.0466,35.7,0.04,18.6,130.5,0.08,0.12
103329,3347452,28.144667,-15.424167,0.,-232,0.0466,35.7,0.04,18.6,130.4,0.08,0.12
103329,3347977,28.1445,-15.424167,0.,-233,0.0466,35.7,0.04,18.6,130.70000000000002,0.08,0.13
103329,3348675,28.1445,-15.424167,0.,-233,0.0466,35.7,0.04,18.6,130.6,0.08,0.13
103329,3348982,28.1445,-15.424167,0.,-233,0.0466,35.7,0.04,18.6,130.6,0.08,0.13
103329,3349611,28.1445,-15.424167,0.,-233,0.0466,35.7,0.04,18.6,130.6,0.08,0.13
103329,3349975,28.1445,-15.424167,0.,-233,0.0466,35.7,0.04,18.6,130.6,0.08,0.13
103329,3350531,28.1445,-15.424167,0.,-233,0.0466,35.7,0.04,18.6,130.5,0.08,0.13
103329,3350996,28.144667,-15.424167,0.,-232,0.0466,35.7,0.04,18.6,130.20000000000002,0.08,0.13
103329,3351452,28.144667,-15.424167,0.,-232,0.0466,35.7,0.04,18.6,130.20000000000002,0.08,0.13
103329,3351959,28.144667,-15.424167,0.,-232,0.0466,35.7,0.04,18.6,130.20000000000002,0.08,0.13
103329,3352393,28.1445,-15.424167,0.,-233,0.0466,35.7,0.04,18.6,130.4,0.08,0.13
103329,3352873,28.1445,-15.424167,0.,-233,0.0466,35.7,0.04,18.6,130.4,0.08,0.13
103329,3353349,28.1445,-15.424167,0.,-233,0.0466,35.7,0.04,18.6,130.4,0.08,0.13
103329,3353830,28.1445,-15.424167,0.,-233,0.0466,35.7,0.04,18.6,130.3,0.08,0.13
103329,3354273,28.1445,-15.424167,0.,-233,0.0466,35.7,0.04,18.6,130.3,0.08,0.13
103329,3354774,28.1445,-15.424167,0.,-233,0.0466,35.7,0.04,18.6,130.3,0.08,0.13
103329,3355194,28.1445,-15.424167,0.,-233,0.0466,35.7,0.04,18.6,130.3,0.08,0.13
103329,3355703,28.1445,-15.424167,0.,-233,0.0466,35.7,0.04,18.6,130.20000000000002,0.08,0.13
103329,3356132,28.1445,-15.424167,0.,-233,0.0466,35.7,0.04,18.6,130.20000000000002,0.08,0.13
103329,3356653,28.1445,-15.424167,0.,-233,0.0466,35.7,0.04,18.6,130.20000000000002,0.08,0.13
103329,3357052,28.1445,-15.424167,0.,-233,0.0466,35.7,0.04,18.6,130.20000000000002,0.08,0.13
103329,3357632,28.1445,-15.424167,0.,-233,0.0466,35.7,0.04,18.6,130.1,0.08,0.13
103329,3357991,28.1445,-15.424167,0.,-233,0.0466,35.7,0.04,18.6,130.1,0.08,0.13
103329,3358543,28.1445,-15.424167,0.,-233,0.0466,35.7,0.04,18.6,130.1,0.08,0.13
103329,3358892,28.1445,-15.424167,0.,-233,0.0466,35.7,0.04,18.6,130.1,0.08,0.13
103329,3359719,28.144667,-15.424167,0.,-232,0.0466,35.7,0.04,18.6,129.8,0.08,0.13
103329,3359831,28.144667,-15.424167,0.,-232,0.0466,35.7,0.04,18.6,129.8,0.08,0.13
103329,3360639,28.144667,-15.424167,0.,-232,0.0466,35.7,0.04,18.6,129.70000000000002,0.08,0.13
103329,3360826,28.144667,-15.424167,0.,-232,0.0466,35.7,0.04,18.6,129.70000000000002,0.08,0.13
103329,3360987,28.144667,-15.424167,0.,-232,0.0466,35.7,0.04,18.6,129.70000000000002,0.08,0.13
103329,3361031,28.144667,-15.424167,0.,-232,0.0466,35.7,0.04,18.6,129.70000000000002,0.08,0.13
103329,3361248,28.144667,-15.424167,0.,-232,0.0466,35.7,0.04,18.6,129.70000000000002,0.08,0.13
103329,3361587,28.144667,-15.424167,0.,-232,0.0466,35.7,0.04,18.6,129.70000000000002,0.07,0.13
103329,3361971,28.144667,-15.424167,0.,-232,0.0466,35.7,0.04,18.6,129.6,0.07,0.13
103329,3362707,28.144667,-15.424,0.,-232,0.0466,35.7,0.04,18.6,129.6,0.07,0.13
103329,3362892,28.144667,-15.424,0.,-232,0.0466,35.7,0.04,18.6,129.6,0.07,0.13
103329,3363692,28.1445,-15.424167,0.,-233,0.0466,35.7,0.04,18.6,129.8,0.07,0.13
103329,3363833,28.1445,-15.424167,0.,-233,0.0466,35.7,0.04,18.6,129.8,0.07,0.13
103329,3364646,28.144667,-15.424,0.,-232,0.0466,35.7,0.04,18.6,129.5,0.07,0.13
103329,3364750,28.144667,-15.424,0.,-232,0.0466,35.7,0.04,18.6,129.5,0.07,0.13
103329,3365580,28.1445,-15.424,0.,-233,0.0466,35.7,0.04,18.6,129.70000000000002,0.07,0.13
103329,3365672,28.1445,-15.424,0.,-233,0.0466,35.7,0.04,18.6,129.70000000000002,0.07,0.13
103329,3366540,28.1445,-15.424,0.,-233,0.0466,35.7,0.04,18.6,129.6,0.07,0.14
103329,3366648,28.1445,-15.424,0.,-233,0.0466,35.7,0.04,18.6,129.6,0.07,0.14
103329,3366708,28.1445,-15.424,0.,-233,0.0466,35.7,0.04,18.6,129.6,0.07,0.14
103329,3366747,28.1445,-15.424,0.,-233,0.0466,35.7,0.04,18.6,129.6,0.07,0.14
103329,3366748,28.1445,-15.424,0.,-233,0.0466,35.7,0.04,18.6,129.6,0.07,0.14
103329,3366828,28.1445,-15.424,0.,-233,0.0466,35.7,0.04,18.6,129.6,0.07,0.14
103329,3366829,28.1445,-15.424,0.,-233,0.0466,35.7,0.04,18.6,129.6,0.07,0.14
103329,3366858,28.1445,-15.424,0.,-233,0.0466,35.7,0.04,18.6,129.6,0.07,0.14
103329,3366893,28.1445,-15.424,0.,-233,0.0466,35.7,0.04,18.6,129.6,0.07,0.14
103329,3366909,28.1445,-15.424,0.,-233,0.0466,35.7,0.04,18.6,129.6,0.07,0.14
103329,3366978,28.1445,-15.424,0.,-233,0.0466,35.7,0.04,18.6,129.6,0.07,0.14
103329,3367491,28.1445,-15.424,0.,-233,0.0466,35.7,0.04,18.6,129.6,0.07,0.14
103329,3367814,28.1445,-15.424,0.,-233,0.0466,35.7,0.04,18.6,129.6,0.07,0.14
103329,3368051,28.1445,-15.424,0.,-233,0.0466,35.7,0.04,18.6,129.6,0.07,0.14
103329,3368450,28.1445,-15.424,0.,-233,0.0466,35.7,0.04,18.6,129.5,0.07,0.14
103329,3368730,28.1445,-15.424,0.,-233,0.0466,35.7,0.04,18.6,129.5,0.07,0.14
103329,3369426,28.1445,-15.424,0.,-233,0.0466,35.7,0.04,18.6,129.5,0.07,0.14
103329,3369690,28.1445,-15.424,0.,-233,0.0466,35.7,0.04,18.6,129.5,0.07,0.14
103329,3370351,28.1445,-15.424,0.,-233,0.0466,35.7,0.04,18.6,129.4,0.07,0.14
103329,3370612,28.1445,-15.424,0.,-233,0.0466,35.7,0.04,18.6,129.4,0.07,0.14
103329,3371472,28.144667,-15.424,0.,-232,0.0466,35.7,0.04,18.6,129.1,0.07,0.14
103329,3371812,28.144667,-15.424,0.,-232,0.0466,35.7,0.04,18.6,129.1,0.07,0.14
103329,3372412,28.1445,-15.424,0.,-233,0.0466,35.7,0.04,18.6,129.3,0.07,0.14
103329,3372952,28.144667,-15.424,0.,-232,0.0466,35.7,0.04,18.6,129.,0.07,0.14
103329,3373368,28.144667,-15.424,0.,-232,0.0466,35.7,0.04,18.6,129.,0.07,0.14
103329,3373860,28.1445,-15.424,0.,-233,0.0466,35.7,0.04,18.6,129.20000000000002,0.07,0.14
103329,3373872,28.1445,-15.424,0.,-233,0.0466,35.7,0.04,18.6,129.20000000000002,0.07,0.14
103329,3374328,28.1445,-15.424,0.,-233,0.0466,35.7,0.04,18.6,129.20000000000002,0.07,0.14
103329,3374792,28.1445,-15.424,0.,-233,0.0466,35.7,0.04,18.6,129.20000000000002,0.07,0.14
103329,3375252,28.1445,-15.424,0.,-233,0.0466,35.7,0.04,18.6,129.20000000000002,0.07,0.14
103329,3375712,28.1445,-15.424,0.,-233,0.0466,35.7,0.04,18.6,129.1,0.07,0.14
103329,3376293,28.1445,-15.424,0.,-233,0.0466,35.7,0.04,18.6,129.1,0.07,0.14
103329,3376629,28.144667,-15.424167,0.,-232,0.0466,35.7,0.04,18.6,128.8,0.07,0.14
103329,3377277,28.1445,-15.424,0.,-233,0.0466,35.7,0.04,18.6,129.1,0.07,0.14
103329,3377589,28.1445,-15.424167,0.,-233,0.0466,35.7,0.04,18.6,129.1,0.07,0.14
103329,3378229,28.1445,-15.424167,0.,-233,0.0466,35.7,0.04,18.6,129.,0.07,0.14
103329,3378513,28.1445,-15.424167,0.,-233,0.0466,35.7,0.04,18.6,129.,0.07,0.14
103329,3379157,28.1445,-15.424,0.,-233,0.0466,35.7,0.04,18.6,129.,0.07,0.14
103329,3379453,28.1445,-15.424,0.,-233,0.0466,35.7,0.04,18.6,128.9,0.07,0.14
103329,3380097,28.1445,-15.424,0.,-233,0.0466,35.7,0.04,18.6,128.9,0.07,0.14
103329,3380370,28.1445,-15.424,0.,-233,0.0466,35.7,0.04,18.6,128.9,0.07,0.14
103329,3381062,28.144667,-15.424,0.,-232,0.0466,35.7,0.04,18.6,128.6,0.07,0.14
103329,3381310,28.1445,-15.424167,0.,-233,0.0466,35.7,0.04,18.6,128.9,0.07,0.14
103329,3382004,28.1445,-15.424167,0.,-233,0.0466,35.7,0.04,18.6,128.8,0.07,0.14
103329,3382251,28.1445,-15.424167,0.,-233,0.0466,35.7,0.04,18.6,128.8,0.07,0.14
103329,3382959,28.144667,-15.424167,0.,-232,0.0466,35.7,0.04,18.6,128.5,0.07,0.14
103329,3383191,28.1445,-15.424167,0.,-233,0.0466,35.7,0.04,18.6,128.8,0.07,0.14
103329,3383955,28.144667,-15.424167,0.,-232,0.0466,35.7,0.04,18.6,128.4,0.07,0.15
103329,3384131,28.144667,-15.424167,0.,-232,0.0466,35.7,0.04,18.6,128.4,0.07,0.15
103329,3384896,28.1445,-15.424,0.,-233,0.0466,35.7,0.04,18.6,128.6,0.06,0.15
103329,3385090,28.1445,-15.424,0.,-233,0.0466,35.7,0.04,18.6,128.6,0.06,0.15
103329,3385331,28.1445,-15.424,0.,-233,0.0466,35.7,0.04,18.6,128.6,0.06,0.15
103329,3385831,28.1445,-15.424,0.,-233,0.0466,35.7,0.04,18.6,128.6,0.06,0.15
103329,3386271,28.1445,-15.424,0.,-233,0.0466,35.7,0.04,18.6,128.6,0.06,0.15
103329,3386764,28.1445,-15.424167,0.,-233,0.0466,35.7,0.04,18.6,128.6,0.06,0.15
103329,3387233,28.1445,-15.424167,0.,-233,0.0466,35.7,0.04,18.6,128.5,0.06,0.15
103329,3387708,28.144667,-15.424167,0.,-232,0.0466,35.7,0.04,18.6,128.20000000000002,0.06,0.15
103329,3387759,28.144667,-15.424167,0.,-232,0.0466,35.7,0.04,18.6,128.20000000000002,0.06,0.15
103329,3388152,28.144667,-15.424167,0.,-232,0.0466,35.7,0.04,18.6,128.20000000000002,0.06,0.15
103329,3388652,28.144667,-15.424167,0.,-232,0.0466,35.7,0.04,18.6,128.20000000000002,0.06,0.15
103329,3389092,28.1445,-15.424167,0.,-233,0.0466,35.7,0.04,18.6,128.4,0.06,0.15
103329,3389588,28.144667,-15.424167,0.,-232,0.0466,35.7,0.04,18.6,128.1,0.06,0.15
103329,3390033,28.1445,-15.424167,0.,-233,0.0466,35.7,0.04,18.6,128.4,0.06,0.15
103329,3390260,28.144667,-15.424167,0.,-232,0.0466,35.7,0.04,18.6,128.1,0.06,0.15
103329,3390549,28.1445,-15.424167,0.,-233,0.0466,35.7,0.04,18.6,128.4,0.06,0.15
103329,3390953,28.1445,-15.424167,0.,-233,0.0466,35.7,0.04,18.6,128.3,0.06,0.15
103329,3391457,28.1445,-15.424167,0.,-233,0.0466,35.7,0.04,18.6,128.3,0.06,0.15
103329,3391869,28.1445,-15.424167,0.,-233,0.0466,35.7,0.04,18.6,128.3,0.06,0.15
103329,3392482,28.1445,-15.424167,0.,-233,0.0466,35.7,0.04,18.6,128.3,0.06,0.15
103329,3392790,28.1445,-15.424167,0.,-233,0.0466,35.7,0.04,18.6,128.20000000000002,0.06,0.15
103329,3392794,28.1445,-15.424167,0.,-233,0.0466,35.7,0.04,18.6,128.20000000000002,0.06,0.15
103329,3393391,28.144667,-15.424167,0.,-232,0.0466,35.7,0.04,18.6,127.9,0.06,0.15
103329,3393711,28.144667,-15.424167,0.,-232,0.0466,35.7,0.04,18.6,127.9,0.06,0.15
103329,3393969,28.144667,-15.424167,0.,-232,0.0466,35.7,0.04,18.6,127.9,0.06,0.15
103329,3394339,28.144667,-15.424167,0.,-232,0.0466,35.7,0.04,18.6,127.9,0.06,0.15
103329,3394632,28.144667,-15.424167,0.,-232,0.0466,35.7,0.04,18.6,127.80000000000001,0.06,0.15
103329,3395341,28.1445,-15.424167,0.,-233,0.0466,35.7,0.04,18.6,128.1,0.06,0.15
103329,3395553,28.1445,-15.424167,0.,-233,0.0466,35.7,0.04,18.6,128.1,0.06,0.15
103329,4696206,28.14448,-15.423948,0.,-233,0.0466,35.800000000000004,0.04,18.400000000000002,193.4,0.16,0.2
103329,4698756,28.144667,-15.423833,0.1,-232,0.0466,35.800000000000004,0.04,18.400000000000002,194.20000000000002,0.16,0.21
103329,4698769,28.144667,-15.423833,0.,-232,0.0466,35.800000000000004,0.04,18.400000000000002,194.20000000000002,0.16,0.21
103329,4699436,28.144667,-15.424,0.,-232,0.0466,35.800000000000004,0.04,18.400000000000002,194.60000000000002,0.16,0.21
103329,4699698,28.1445,-15.424,0.1,-233,0.0466,35.800000000000004,0.04,18.400000000000002,194.4,0.16,0.21
103329,4699970,28.1445,-15.424,0.,-233,0.0466,35.800000000000004,0.04,18.400000000000002,194.4,0.16,0.21
103329,4700516,28.1445,-15.424,0.,-233,0.0466,35.800000000000004,0.04,18.400000000000002,194.60000000000002,0.16,0.21
103329,4700638,28.1445,-15.424,0.,-233,0.0466,35.800000000000004,0.04,18.400000000000002,194.60000000000002,0.16,0.21
103329,4700886,28.1445,-15.424,0.,-233,0.0466,35.800000000000004,0.04,18.400000000000002,194.70000000000002,0.16,0.21
103329,4701559,28.1445,-15.424,0.,-233,0.0466,35.800000000000004,0.04,18.400000000000002,194.9,0.16,0.21
103329,4701787,28.1445,-15.424,0.,-233,0.0466,35.800000000000004,0.04,18.400000000000002,194.9,0.16,0.21
103329,4702443,28.1445,-15.424,0.,-233,0.0466,35.800000000000004,0.04,18.400000000000002,195.10000000000002,0.16,0.21
103329,4702444,28.1445,-15.424,0.,-233,0.0466,35.800000000000004,0.04,18.400000000000002,195.10000000000002,0.16,0.21
103329,4702516,28.1445,-15.424,0.,-233,0.0466,35.800000000000004,0.04,18.400000000000002,195.10000000000002,0.16,0.21
103329,4702523,28.1445,-15.424,0.,-233,0.0466,35.800000000000004,0.04,18.400000000000002,195.10000000000002,0.16,0.21
103329,4702524,28.1445,-15.424,0.,-233,0.0466,35.800000000000004,0.04,18.400000000000002,195.10000000000002,0.16,0.21
103329,4702533,28.1445,-15.424,0.,-233,0.0466,35.800000000000004,0.04,18.400000000000002,195.10000000000002,0.16,0.21
103329,4702593,28.1445,-15.424,0.,-233,0.0466,35.800000000000004,0.04,18.400000000000002,195.10000000000002,0.16,0.21
103329,4702623,28.1445,-15.424,0.,-233,0.0466,35.800000000000004,0.04,18.400000000000002,195.10000000000002,0.16,0.21
103329,4702633,28.1445,-15.424,0.,-233,0.0466,35.800000000000004,0.04,18.400000000000002,195.10000000000002,0.16,0.21
103329,4702634,28.1445,-15.424,0.,-233,0.0466,35.800000000000004,0.04,18.400000000000002,195.10000000000002,0.16,0.21
103329,4702652,28.1445,-15.424,0.,-233,0.0466,35.800000000000004,0.04,18.400000000000002,195.10000000000002,0.16,0.21
103329,4702653,28.1445,-15.424,0.,-233,0.0466,35.800000000000004,0.04,18.400000000000002,195.10000000000002,0.16,0.21
103329,4702664,28.1445,-15.424,0.,-233,0.0466,35.800000000000004,0.04,18.400000000000002,195.10000000000002,0.16,0.21
103329,4702708,28.1445,-15.424,0.,-233,0.0466,35.800000000000004,0.04,18.400000000000002,195.10000000000002,0.16,0.21
103329,4702712,28.1445,-15.424,0.,-233,0.0466,35.800000000000004,0.04,18.400000000000002,195.20000000000002,0.16,0.21
103329,4702713,28.1445,-15.424,0.,-233,0.0466,35.800000000000004,0.04,18.400000000000002,195.20000000000002,0.16,0.21
103329,4702772,28.1445,-15.424,0.,-233,0.0466,35.800000000000004,0.04,18.400000000000002,195.20000000000002,0.16,0.21
103329,4703469,28.1445,-15.424,0.,-233,0.0466,35.800000000000004,0.04,18.400000000000002,195.3,0.16,0.21
103329,4703685,28.1445,-15.424,0.,-233,0.0466,35.800000000000004,0.04,18.400000000000002,195.4,0.16,0.21
103329,4704427,28.1445,-15.424,0.,-233,0.0466,35.800000000000004,0.04,18.400000000000002,195.60000000000002,0.16,0.21
103329,7556674,28.144885,-15.425285,0.1,-231,0.0618,35.9,0.19,19.1,257.5,-0.07,-0.12
103329,7556682,28.144885,-15.425288,0.1,-231,0.0618,35.9,0.19,19.1,257.5,-0.07,-0.12
103329,7557059,28.14485,-15.425282,0.,-231,0.0618,35.9,0.19,19.1,257.3,-0.06,-0.12
103329,7557606,28.144833,-15.425283,0.,-231,0.0618,35.9,0.19,19.1,257.1,-0.06,-0.12
103329,7557614,28.144833,-15.425283,0.,-231,0.0618,35.9,0.19,19.1,257.1,-0.06,-0.12
103329,7557635,28.144833,-15.425267,0.,-231,0.0618,35.9,0.19,19.1,257.1,-0.06,-0.12
103329,7558098,28.14485,-15.425267,0.,-231,0.0618,35.9,0.19,19.1,256.90000000000003,-0.06,-0.12
103329,7558527,28.144833,-15.425283,0.,-231,0.0618,35.9,0.19,19.1,256.8,-0.06,-0.12
103329,7558563,28.144833,-15.425283,0.,-231,0.0618,35.9,0.19,19.1,256.8,-0.06,-0.12
103329,7558584,28.144833,-15.425283,0.,-231,0.0618,35.9,0.19,19.1,256.8,-0.06,-0.12
103329,7559304,28.144867,-15.425282,0.,-231,0.0618,35.9,0.19,19.1,256.5,-0.06,-0.12
103329,7559516,28.144867,-15.425283,0.,-231,0.0618,35.9,0.19,19.1,256.40000000000003,-0.06,-0.12
103329,7559724,28.144867,-15.425283,0.,-231,0.0618,35.9,0.19,19.1,256.40000000000003,-0.06,-0.12
103329,7559993,28.144883,-15.425267,0.,-231,0.0618,35.9,0.19,19.1,256.2,-0.06,-0.12
103329,7560456,28.144883,-15.425233,0.,-231,0.0618,35.9,0.19,19.1,256.,-0.06,-0.12
103329,7560500,28.144882,-15.425232,0.,-231,0.0618,35.9,0.19,19.1,256.,-0.06,-0.12
103329,7560665,28.144867,-15.425233,0.,-231,0.0618,35.9,0.19,19.1,256.,-0.06,-0.12
103329,7561313,28.144867,-15.425233,0.,-231,0.0618,35.9,0.19,19.1,255.70000000000002,-0.06,-0.12
103329,7900290,28.14485,-15.425283,0.,-231,0.0618,35.9,0.18,19.,158.9,-0.03,-0.07
103329,7900298,28.14485,-15.425283,0.,-231,0.0618,35.9,0.18,19.,158.9,-0.03,-0.07
103329,7900318,28.14485,-15.4253,0.,-231,0.0618,35.9,0.18,19.,158.9,-0.03,-0.07
103329,7900539,28.144832,-15.425282,0.,-231,0.0618,35.9,0.18,19.,159.,-0.03,-0.07
103329,7901219,28.144833,-15.425283,0.,-231,0.0618,35.9,0.18,19.,159.20000000000002,-0.03,-0.07
103329,7901243,28.144833,-15.425283,0.,-231,0.0618,35.9,0.18,19.,159.20000000000002,-0.03,-0.07
103329,7901499,28.14485,-15.425283,0.,-231,0.0618,35.9,0.18,19.,159.3,-0.03,-0.07
103329,7901775,28.144832,-15.425282,0.,-231,0.0618,35.9,0.18,19.,159.3,-0.03,-0.07
103329,7902169,28.14485,-15.4253,0.,-231,0.0618,35.9,0.18,19.,159.4,-0.03,-0.07
103329,7902284,28.14485,-15.4253,0.,-231,0.0618,35.9,0.18,19.,159.5,-0.03,-0.07
103329,7902437,28.14485,-15.4253,0.,-231,0.0618,35.9,0.18,19.,159.5,-0.03,-0.07
103329,7902899,28.14485,-15.425282,0.,-231,0.0618,35.9,0.18,19.,159.60000000000002,-0.03,-0.07
103329,7903107,28.14485,-15.425283,0.,-231,0.0618,35.9,0.18,19.,159.70000000000002,-0.03,-0.07
103329,7903116,28.14485,-15.425283,0.,-231,0.0618,35.9,0.18,19.,159.70000000000002,-0.03,-0.07
103329,7903339,28.14485,-15.425267,0.,-231,0.0618,35.9,0.18,19.,159.8,-0.03,-0.07
103329,7904059,28.144867,-15.425267,0.,-231,0.0618,35.9,0.18,19.,160.,-0.03,-0.07
103329,7904067,28.144867,-15.425267,0.,-231,0.0618,35.9,0.18,19.,160.,-0.03,-0.07
103329,7904071,28.144867,-15.425267,0.,-231,0.0618,35.9,0.18,19.,160.,-0.03,-0.07
103329,7904259,28.14485,-15.425267,0.,-231,0.0618,35.9,0.18,19.,160.,-0.03,-0.07
103329,7904866,28.144867,-15.425283,0.,-231,0.0618,35.9,0.18,19.,160.20000000000002,-0.03,-0.07
103329,7905007,28.144867,-15.425283,0.,-231,0.0618,35.9,0.18,19.,160.20000000000002,-0.03,-0.07
103329,7905179,28.144867,-15.425267,0.,-231,0.0618,35.9,0.18,19.,160.3,-0.03,-0.07
103329,7905639,28.144867,-15.425232,0.,-231,0.0618,35.9,0.18,19.,160.4,-0.03,-0.07
103329,7905959,28.14485,-15.425233,0.,-231,0.0618,35.9,0.18,19.,160.5,-0.03,-0.07
103329,7906419,28.14485,-15.425267,0.,-231,0.0618,35.9,0.18,19.,160.60000000000002,-0.03,-0.07
103329,7906627,28.14485,-15.42525,0.,-231,0.0618,35.9,0.18,19.,160.70000000000002,-0.03,-0.07
103329,7906900,28.144833,-15.425267,0.,-231,0.0618,35.9,0.18,19.,160.8,-0.03,-0.07
103329,7906904,28.144833,-15.425267,0.,-231,0.0618,35.9,0.18,19.,160.8,-0.03,-0.07
103329,7907376,28.144833,-15.42525,0.,-231,0.0618,35.9,0.18,19.,160.9,-0.03,-0.07
103329,7907629,28.14485,-15.425267,0.,-231,0.0618,35.9,0.18,19.,161.,-0.03,-0.07
103329,7907848,28.144833,-15.42525,0.,-231,0.0618,35.9,0.18,19.,161.,-0.03,-0.07
103329,7908297,28.144833,-15.425267,0.,-231,0.0618,35.9,0.18,19.,161.20000000000002,-0.03,-0.07
103329,7908790,28.144833,-15.425267,0.,-231,0.0618,35.9,0.18,19.,161.3,-0.03,-0.07
103329,7908795,28.144833,-15.425267,0.,-231,0.0618,35.9,0.18,19.,161.3,-0.03,-0.07
103329,7908866,28.144832,-15.425267,0.,-231,0.0618,35.9,0.18,19.,161.3,-0.03,-0.07
103329,7909218,28.144833,-15.425267,0.,-231,0.0618,35.9,0.18,19.,161.4,-0.03,-0.07
103329,7909750,28.144867,-15.425283,0.,-231,0.0618,35.9,0.18,19.,161.5,-0.03,-0.07
103329,7909778,28.144867,-15.425283,0.,-231,0.0618,35.9,0.18,19.,161.60000000000002,-0.03,-0.07
103329,7909822,28.144867,-15.425282,0.,-231,0.0618,35.9,0.18,19.,161.60000000000002,-0.03,-0.07
103329,7910178,28.14485,-15.4253,0.,-231,0.0618,35.9,0.18,19.,161.70000000000002,-0.03,-0.07
103329,7910682,28.144867,-15.425283,0.,-231,0.0618,35.9,0.18,19.,161.8,-0.03,-0.08
103329,7910715,28.14485,-15.4253,0.,-231,0.0618,35.9,0.18,19.,161.8,-0.03,-0.08
103329,7910947,28.144867,-15.4253,0.,-231,0.0618,35.9,0.18,19.,161.9,-0.03,-0.08
103329,7911079,28.144867,-15.4253,0.,-231,0.0618,35.9,0.18,19.,161.9,-0.03,-0.08
103329,7911138,28.144867,-15.4253,0.,-231,0.0618,35.9,0.18,19.,161.9,-0.03,-0.08
103329,7911610,28.14485,-15.425283,0.,-231,0.0618,35.9,0.18,19.,162.10000000000002,-0.03,-0.08
103329,7911638,28.14485,-15.425283,0.,-231,0.0618,35.9,0.18,19.,162.10000000000002,-0.03,-0.08
103329,7912086,28.144867,-15.4253,0.,-231,0.0618,35.9,0.18,19.,162.20000000000002,-0.03,-0.08
103329,7912102,28.144867,-15.4253,0.,-231,0.0618,35.9,0.18,19.,162.20000000000002,-0.03,-0.08
103329,7912558,28.144883,-15.425283,0.,-231,0.0618,35.9,0.18,19.,162.3,-0.03,-0.08
103329,7912587,28.144883,-15.425283,0.,-231,0.0618,35.9,0.18,19.,162.3,-0.03,-0.08
103329,7913019,28.144867,-15.425283,0.,-231,0.0618,35.9,0.18,19.,162.4,-0.03,-0.08
103329,7913159,28.144867,-15.425282,0.,-231,0.0618,35.9,0.18,19.,162.5,-0.03,-0.08
103329,7913467,28.144867,-15.425283,0.,-231,0.0618,35.9,0.18,19.,162.5,-0.03,-0.08
103329,7913526,28.144867,-15.425283,0.,-231,0.0618,35.9,0.18,19.,162.60000000000002,-0.03,-0.08
103329,7913978,28.14485,-15.425283,0.,-231,0.0618,35.9,0.18,19.,162.70000000000002,-0.03,-0.08
103329,7914290,28.14485,-15.425282,0.,-231,0.0618,35.9,0.18,19.,162.8,-0.03,-0.08
103329,7914406,28.14485,-15.425283,0.,-231,0.0618,35.9,0.18,19.,162.8,-0.03,-0.08
103329,7914478,28.14485,-15.425283,0.,-231,0.0618,35.9,0.18,19.,162.8,-0.03,-0.08
103329,7914938,28.144833,-15.425267,0.,-231,0.0618,35.9,0.18,19.,162.9,-0.03,-0.08
103329,7915298,28.14485,-15.425267,0.,-231,0.0618,35.9,0.18,19.,163.,-0.03,-0.08
103329,7915330,28.14485,-15.425267,0.,-231,0.0618,35.9,0.18,19.,163.,-0.03,-0.08
103329,7915426,28.144833,-15.425283,0.,-231,0.0618,35.9,0.18,19.,163.10000000000002,-0.03,-0.08
103329,7915955,28.144867,-15.425267,0.,-231,0.0618,35.9,0.18,19.,163.20000000000002,-0.03,-0.08
103329,7916279,28.144883,-15.425267,0.,-231,0.0618,35.9,0.18,19.,163.3,-0.03,-0.08
103329,7916311,28.144882,-15.425267,0.,-231,0.0618,35.9,0.18,19.,163.3,-0.03,-0.08
103329,7916407,28.144883,-15.425267,0.,-231,0.0618,35.9,0.18,19.,163.3,-0.03,-0.08
103329,7916919,28.144867,-15.425233,0.,-231,0.0618,35.9,0.18,19.,163.5,-0.03,-0.08
103329,7917231,28.144867,-15.42525,0.,-231,0.0618,35.9,0.18,19.,163.5,-0.03,-0.08
103329,7917319,28.144882,-15.42525,0.,-231,0.0618,35.9,0.18,19.,163.60000000000002,-0.03,-0.08
103329,7917347,28.144883,-15.42525,0.,-231,0.0618,35.9,0.18,19.,163.60000000000002,-0.03,-0.08
103329,7917899,28.1449,-15.42525,0.,-231,0.0618,35.9,0.18,19.,163.70000000000002,-0.03,-0.08
103329,7918171,28.144883,-15.425233,0.,-231,0.0618,35.9,0.18,19.,163.8,-0.03,-0.08
103329,7918271,28.144882,-15.425232,0.,-231,0.0618,35.9,0.18,19.,163.8,-0.03,-0.08
103329,7918295,28.144883,-15.425233,0.,-231,0.0618,35.9,0.18,19.,163.8,-0.03,-0.08
103329,7918835,28.144883,-15.425267,0.,-231,0.0618,35.9,0.18,19.,164.,-0.03,-0.08
103329,7919169,28.144883,-15.42525,0.,-231,0.0618,35.9,0.18,19.,164.,-0.03,-0.08
103329,7919276,28.144883,-15.425267,0.,-231,0.0618,35.9,0.18,19.,164.10000000000002,-0.03,-0.08
103329,7919588,28.144867,-15.425282,0.,-231,0.0618,35.9,0.18,19.,164.20000000000002,-0.03,-0.08
103329,7919796,28.144867,-15.425283,0.,-231,0.0618,35.9,0.18,19.,164.20000000000002,-0.03,-0.08
103329,7920120,28.144883,-15.425283,0.,-231,0.0618,35.9,0.18,19.,164.3,-0.03,-0.08
103329,7920220,28.144883,-15.425283,0.,-231,0.0618,35.9,0.18,19.,164.3,-0.03,-0.08
103329,7920572,28.144882,-15.425282,0.,-231,0.0618,35.9,0.18,19.,164.4,-0.03,-0.08
103329,7920780,28.144883,-15.425283,0.,-231,0.0618,35.9,0.18,19.,164.5,-0.03,-0.08
103329,7921056,28.144883,-15.425267,0.,-231,0.0618,35.9,0.18,19.,164.5,-0.03,-0.08
103329,7921168,28.144867,-15.425267,0.,-231,0.0618,35.9,0.18,19.,164.60000000000002,-0.03,-0.08
103329,7921580,28.144867,-15.425267,0.,-231,0.0618,35.9,0.18,19.,164.70000000000002,-0.03,-0.08
103329,7921777,28.144883,-15.425267,0.,-231,0.0618,35.9,0.18,19.,164.70000000000002,-0.03,-0.08
103329,7922008,28.1449,-15.425267,0.,-231,0.0618,35.9,0.18,19.,164.8,-0.03,-0.08
103329,7922116,28.1449,-15.425267,0.,-231,0.0618,35.9,0.18,19.,164.8,-0.03,-0.08
103329,7922560,28.14485,-15.425267,0.,-231,0.0618,35.9,0.18,19.,164.9,-0.03,-0.08
103329,7922697,28.144867,-15.425267,0.,-231,0.0618,35.9,0.18,19.,164.9,-0.03,-0.08
103329,7922940,28.144867,-15.425267,0.,-231,0.0618,35.9,0.18,19.,165.,-0.03,-0.08
103329,7923060,28.144883,-15.425283,0.,-231,0.0618,35.9,0.18,19.,165.,-0.03,-0.08
103329,7923537,28.144867,-15.425267,0.,-231,0.0618,35.9,0.18,19.,165.20000000000002,-0.03,-0.08
103329,7923657,28.144867,-15.425283,0.,-231,0.0618,35.9,0.18,19.,165.20000000000002,-0.03,-0.08
103329,7923857,28.144867,-15.425283,0.,-231,0.0618,35.9,0.18,19.,165.20000000000002,-0.03,-0.08
103329,7924010,28.144867,-15.425283,0.,-231,0.0618,35.9,0.18,19.,165.3,-0.03,-0.08
103329,7924577,28.144867,-15.425283,0.,-231,0.0618,35.9,0.18,19.,165.4,-0.03,-0.08
103329,7924581,28.144867,-15.425282,0.,-231,0.0618,35.9,0.18,19.,165.4,-0.03,-0.08
103329,7924777,28.14485,-15.425267,0.,-231,0.0618,35.9,0.18,19.,165.5,-0.03,-0.08
103329,7924986,28.14485,-15.425283,0.,-231,0.0618,35.9,0.18,19.,165.5,-0.03,-0.08
103329,7925495,28.144867,-15.425267,0.,-231,0.0618,35.9,0.18,19.,165.60000000000002,-0.03,-0.08
103329,7925679,28.144867,-15.42525,0.,-231,0.0618,35.9,0.18,19.,165.70000000000002,-0.03,-0.08
103329,7925699,28.144867,-15.425233,0.,-231,0.0618,35.9,0.18,19.,165.70000000000002,-0.03,-0.08
103329,7925967,28.144867,-15.42525,0.,-231,0.0618,35.9,0.18,19.,165.8,-0.03,-0.08
103329,7926400,28.14485,-15.42525,0.,-231,0.0618,35.9,0.18,19.,165.9,-0.03,-0.08
103329,7926648,28.14485,-15.425233,0.,-231,0.0618,35.9,0.18,19.,165.9,-0.03,-0.08
103329,7926657,28.14485,-15.425232,0.,-231,0.0618,35.9,0.18,19.,165.9,-0.03,-0.08
103329,7926917,28.144867,-15.425267,0.,-231,0.0618,35.9,0.18,19.,166.,-0.03,-0.08
103329,7927337,28.14485,-15.42525,0.,-231,0.0618,35.9,0.18,19.,166.10000000000002,-0.03,-0.08
103329,7927597,28.144867,-15.425283,0.,-231,0.0618,35.9,0.18,19.,166.20000000000002,-0.03,-0.08
103329,7927887,28.144867,-15.425267,0.,-231,0.0618,35.9,0.18,19.,166.20000000000002,-0.03,-0.08
103329,7927890,28.144867,-15.425267,0.,-231,0.0618,35.9,0.18,19.,166.20000000000002,-0.03,-0.08
103329,7928278,28.144867,-15.425283,0.,-231,0.0618,35.9,0.18,19.,166.3,-0.03,-0.08
103329,7928546,28.14485,-15.425267,0.,-231,0.0618,35.9,0.18,19.,166.4,-0.03,-0.08
103329,7928834,28.14485,-15.425283,0.,-231,0.0618,35.9,0.18,19.,166.5,-0.03,-0.08
103329,7928878,28.14485,-15.425282,0.,-231,0.0618,35.9,0.18,19.,166.5,-0.03,-0.08
103329,7929025,28.14485,-15.425283,0.,-231,0.0618,35.9,0.18,19.,166.5,-0.03,-0.08
103329,7929218,28.14485,-15.425283,0.,-231,0.0618,35.9,0.18,19.,166.60000000000002,-0.03,-0.08
103329,7929499,28.144867,-15.425283,0.,-231,0.0618,35.9,0.18,19.,166.60000000000002,-0.03,-0.08
103329,7929819,28.144867,-15.425267,0.,-231,0.0618,35.9,0.18,19.,166.70000000000002,-0.03,-0.08
103329,7929880,28.144867,-15.425282,0.,-231,0.0618,35.9,0.18,19.,166.70000000000002,-0.03,-0.08
103329,7930179,28.144883,-15.425267,0.,-231,0.0618,35.9,0.18,19.,166.8,-0.03,-0.08
103329,7930439,28.144867,-15.425283,0.,-231,0.0618,35.9,0.18,19.,166.9,-0.03,-0.08
103329,7930555,28.144883,-15.425283,0.,-231,0.0618,35.9,0.18,19.,166.9,-0.03,-0.08
103329,7930757,28.144867,-15.425283,0.,-231,0.0618,35.9,0.18,19.,166.9,-0.03,-0.08
103329,7930856,28.144882,-15.425282,0.,-231,0.0618,35.9,0.18,19.,167.,-0.03,-0.08
103329,7931080,28.144833,-15.425283,0.,-231,0.0618,35.9,0.18,19.,167.,-0.03,-0.08
103329,7931380,28.14485,-15.425267,0.,-231,0.0618,35.9,0.18,19.,167.10000000000002,-0.03,-0.08
103329,7931676,28.144833,-15.425267,0.,-231,0.0618,35.9,0.18,19.,167.20000000000002,-0.03,-0.08
103329,7931812,28.144832,-15.425282,0.,-231,0.0618,35.9,0.18,19.,167.20000000000002,-0.03,-0.08
103329,7932001,28.144833,-15.425267,0.,-231,0.0618,35.9,0.18,19.,167.20000000000002,-0.03,-0.08
103329,7932285,28.144817,-15.425283,0.,-231,0.0618,35.9,0.18,19.,167.3,-0.03,-0.08
103329,7932626,28.144817,-15.425283,0.,-231,0.0618,35.9,0.18,19.,167.4,-0.03,-0.08
103329,7932694,28.144817,-15.425283,0.,-231,0.0618,35.9,0.18,19.,167.4,-0.03,-0.08
103329,7932821,28.144817,-15.425282,0.,-231,0.0618,35.9,0.18,19.,167.4,-0.03,-0.08
103329,7932938,28.14485,-15.425267,0.,-231,0.0618,35.9,0.18,19.,167.5,-0.03,-0.08
103329,7933267,28.144867,-15.425283,0.,-231,0.0618,35.9,0.18,19.,167.5,-0.03,-0.08
103329,7933566,28.144867,-15.425283,0.,-231,0.0618,35.9,0.18,19.,167.60000000000002,-0.03,-0.08
103329,7933830,28.144882,-15.425282,0.,-231,0.0618,35.9,0.18,19.,167.70000000000002,-0.03,-0.08
103329,7933858,28.144867,-15.425283,0.,-231,0.0618,35.9,0.18,19.,167.70000000000002,-0.03,-0.08
103329,7934076,28.144833,-15.425283,0.,-231,0.0618,35.9,0.18,19.,167.70000000000002,-0.03,-0.08
103329,7934230,28.14485,-15.425267,0.,-231,0.0618,35.9,0.18,19.,167.8,-0.03,-0.08
103329,7934518,28.14485,-15.425267,0.,-231,0.0618,35.9,0.18,19.,167.8,-0.03,-0.08
103329,7934798,28.14485,-15.425267,0.,-231,0.0618,35.9,0.18,19.,167.9,-0.03,-0.08
103329,7934838,28.14485,-15.425267,0.,-231,0.0618,35.9,0.18,19.,167.9,-0.03,-0.08
103329,7935178,28.144833,-15.425267,0.,-231,0.0618,35.9,0.18,19.,168.,-0.03,-0.08
103329,7935470,28.144867,-15.425283,0.,-231,0.0618,35.9,0.18,19.,168.10000000000002,-0.03,-0.08
103329,7935719,28.14485,-15.425283,0.,-231,0.0618,35.9,0.18,19.,168.10000000000002,-0.03,-0.08
103329,7936038,28.144867,-15.4253,0.,-231,0.0618,35.9,0.18,19.,168.20000000000002,-0.03,-0.08
103329,7936087,28.144867,-15.4253,0.,-231,0.0618,35.9,0.18,19.,168.20000000000002,-0.03,-0.08
103329,7936406,28.144883,-15.425283,0.,-231,0.0618,35.9,0.18,19.,168.3,-0.03,-0.08
103329,7936938,28.144883,-15.425283,0.,-231,0.0618,35.9,0.18,19.,168.4,-0.03,-0.08
103329,7937035,28.144883,-15.425283,0.,-231,0.0618,35.9,0.18,19.,168.4,-0.03,-0.08
103329,7937063,28.144882,-15.425282,0.,-231,0.0618,35.9,0.18,19.,168.4,-0.03,-0.08
103329,7937387,28.144867,-15.4253,0.,-231,0.0618,35.9,0.18,19.,168.5,-0.03,-0.08
103329,7937875,28.14485,-15.4253,0.,-231,0.0618,35.9,0.18,19.,168.60000000000002,-0.03,-0.08
103329,7938038,28.14485,-15.425283,0.,-231,0.0618,35.9,0.18,19.,168.70000000000002,-0.03,-0.08
103329,7938090,28.144832,-15.4253,0.,-231,0.0618,35.9,0.18,19.,168.70000000000002,-0.03,-0.08
103329,7938338,28.144833,-15.425283,0.,-231,0.0618,35.9,0.18,19.,168.70000000000002,-0.03,-0.08
103329,7938796,28.14485,-15.425267,0.,-231,0.0618,35.9,0.18,19.,168.8,-0.03,-0.08
103329,7938956,28.14485,-15.425267,0.,-231,0.0618,35.9,0.18,19.,168.9,-0.03,-0.08
103329,7939100,28.144867,-15.425282,0.,-231,0.0618,35.9,0.18,19.,168.9,-0.03,-0.08
103329,7939288,28.14485,-15.425267,0.,-231,0.0618,35.9,0.18,19.,169.,-0.03,-0.08
103329,7939736,28.144833,-15.425267,0.,-231,0.0618,35.9,0.18,19.,169.10000000000002,-0.03,-0.08
103329,7939917,28.144817,-15.425283,0.,-231,0.0618,35.9,0.18,19.,169.10000000000002,-0.03,-0.08
103329,7940081,28.144817,-15.425267,0.,-231,0.0618,35.9,0.18,19.,169.10000000000002,-0.03,-0.08
103329,7940226,28.14485,-15.425267,0.,-231,0.0618,35.9,0.18,19.,169.20000000000002,-0.03,-0.08
103329,7940698,28.14485,-15.425283,0.,-231,0.0618,35.9,0.18,19.,169.3,-0.03,-0.08
103329,7940793,28.14485,-15.425283,0.,-231,0.0618,35.9,0.18,19.,169.3,-0.03,-0.08
103329,7940870,28.14485,-15.425283,0.,-231,0.0618,35.9,0.18,19.,169.3,-0.03,-0.08
103329,7940994,28.1449,-15.425283,0.,-231,0.0618,35.9,0.18,19.,169.4,-0.03,-0.08
103329,7941118,28.144867,-15.425282,0.,-231,0.0618,35.9,0.18,19.,169.4,-0.03,-0.08
103329,7941147,28.144867,-15.425267,0.,-231,0.0618,35.9,0.18,19.,169.4,-0.03,-0.08
103329,7941638,28.144883,-15.425283,0.,-231,0.0618,35.9,0.18,19.,169.5,-0.03,-0.08
103329,7941818,28.144867,-15.425283,0.,-231,0.0618,35.9,0.18,19.,169.5,-0.03,-0.08
103329,7942058,28.144867,-15.42525,0.,-231,0.0618,35.9,0.18,19.,169.60000000000002,-0.03,-0.08
103329,7942130,28.14485,-15.42525,0.,-231,0.0618,35.9,0.18,19.,169.60000000000002,-0.03,-0.08
103329,7942769,28.144817,-15.425267,0.,-231,0.0618,35.9,0.18,19.,169.8,-0.03,-0.08
103329,7942840,28.144817,-15.425283,0.,-231,0.0618,35.9,0.18,19.,169.8,-0.03,-0.08
103329,7942977,28.144833,-15.425267,0.,-231,0.0618,35.9,0.18,19.,169.8,-0.03,-0.08
103329,7943140,28.144832,-15.425267,0.,-231,0.0618,35.9,0.18,19.,169.8,-0.03,-0.08
103329,7943677,28.144817,-15.425283,0.,-231,0.0618,35.9,0.18,19.,170.,-0.03,-0.08
103329,7943760,28.144817,-15.425267,0.,-231,0.0618,35.9,0.18,19.,170.,-0.03,-0.08
103329,7943916,28.144833,-15.425267,0.,-231,0.0618,35.9,0.18,19.,170.,-0.03,-0.08
103329,7944150,28.144832,-15.425267,0.,-231,0.0618,35.9,0.18,19.,170.10000000000002,-0.03,-0.08
103329,7944657,28.144817,-15.425283,0.,-231,0.0618,35.9,0.18,19.,170.20000000000002,-0.03,-0.08