TrackNumber,Time(seconds),Latitude,Longitude,SOG,Oceanic Depth,Chlorophyll Concentration,Salinity,Water Surface Elevation,Sea Temperature,Thermocline Depth,Eastward Water Velocity,Northward Water Velocity
122536,0,-45.083433,-60.127473,3.1,-4,0.159,31.1,-0.58,11.3,25.700000000000003,0.27,-0.1
122536,81,-45.08447,-60.127992,3.3,-4,0.159,31.1,-0.58,11.3,25.6,0.27,-0.1
122536,230,-45.086353,-60.129095,3.6,-4,0.15910000000000002,31.1,-0.58,11.3,25.400000000000002,0.27,-0.1
122536,231,-45.086353,-60.129095,3.6,-4,0.15910000000000002,31.1,-0.58,11.3,25.400000000000002,0.27,-0.1
122536,240,-45.086462,-60.129163,2.8,-4,0.15910000000000002,31.1,-0.58,11.3,25.400000000000002,0.27,-0.1
122536,321,-45.087428,-60.129808,3.1,-5,0.15910000000000002,31.1,-0.58,11.3,25.3,0.27,-0.1
122536,350,-45.08779,-60.130063,3.3,-5,0.15910000000000002,31.1,-0.58,11.3,25.200000000000003,0.27,-0.1
122536,351,-45.08779,-60.130063,3.3,-5,0.15910000000000002,31.1,-0.58,11.3,25.200000000000003,0.27,-0.1
122536,371,-45.088062,-60.130252,3.5,-5,0.15910000000000002,31.1,-0.58,11.3,25.200000000000003,0.27,-0.1
122536,372,-45.088062,-60.130252,3.5,-5,0.15910000000000002,31.1,-0.58,11.3,25.200000000000003,0.27,-0.1
122536,380,-45.088175,-60.130328,1.7,-5,0.15910000000000002,31.1,-0.58,11.3,25.200000000000003,0.27,-0.1
122536,410,-45.08854,-60.130615,2.6,-5,0.15910000000000002,31.1,-0.58,11.3,25.200000000000003,0.27,-0.1
122536,411,-45.08854,-60.130615,2.6,-5,0.15910000000000002,31.1,-0.58,11.3,25.200000000000003,0.27,-0.1
122536,432,-45.088802,-60.130797,3.,-5,0.15910000000000002,31.1,-0.58,11.3,25.1,0.27,-0.1
122536,440,-45.088913,-60.130868,2.3,-5,0.15910000000000002,31.1,-0.58,11.3,25.1,0.27,-0.1
122536,470,-45.08925,-60.131122,1.7,-5,0.159,31.1,-0.58,11.3,25.1,0.27,-0.1
122536,471,-45.08925,-60.131122,1.7,-5,0.159,31.1,-0.58,11.3,25.1,0.27,-0.1
122536,479,-45.089352,-60.13122,3.,-5,0.159,31.1,-0.58,11.3,25.1,0.27,-0.1
122536,500,-45.089608,-60.131387,2.8,-5,0.159,31.1,-0.58,11.3,25.,0.27,-0.1
122536,501,-45.089608,-60.131387,2.8,-5,0.159,31.1,-0.58,11.3,25.,0.27,-0.1
122536,522,-45.089918,-60.13151,3.8,-5,0.15910000000000002,31.1,-0.58,11.3,25.,0.27,-0.1
122536,530,-45.090033,-60.131573,3.1,-5,0.15910000000000002,31.1,-0.58,11.3,25.,0.27,-0.1
122536,531,-45.090033,-60.131573,3.1,-5,0.15910000000000002,31.1,-0.58,11.3,25.,0.27,-0.1
122536,540,-45.090163,-60.131672,3.2,-5,0.159,31.1,-0.58,11.3,25.,0.27,-0.1
122536,541,-45.090163,-60.131672,3.2,-5,0.159,31.1,-0.58,11.3,25.,0.27,-0.1
122536,551,-45.090293,-60.131768,3.,-5,0.159,31.1,-0.58,11.3,25.,0.27,-0.1
122536,552,-45.090293,-60.131768,3.,-5,0.159,31.1,-0.58,11.3,25.,0.27,-0.1
122536,560,-45.090415,-60.13185,3.1,-5,0.159,31.1,-0.58,11.3,25.,0.27,-0.1
122536,580,-45.09065,-60.131995,2.7,-6,0.159,31.1,-0.58,11.3,24.900000000000002,0.27,-0.1
122536,591,-45.09083,-60.132037,3.4,-6,0.15910000000000002,31.1,-0.58,11.3,24.900000000000002,0.27,-0.1
122536,601,-45.090958,-60.132097,3.4,-6,0.15910000000000002,31.1,-0.58,11.3,24.900000000000002,0.27,-0.1
122536,612,-45.09112,-60.13217,3.,-6,0.15910000000000002,31.1,-0.58,11.3,24.900000000000002,0.27,-0.1
122536,620,-45.091243,-60.132233,3.9,-6,0.15910000000000002,31.1,-0.58,11.3,24.900000000000002,0.27,-0.1
122536,621,-45.091243,-60.132233,3.9,-6,0.15910000000000002,31.1,-0.58,11.3,24.900000000000002,0.27,-0.1
122536,630,-45.091355,-60.132275,2.3,-6,0.15910000000000002,31.1,-0.58,11.3,24.900000000000002,0.27,-0.1
122536,640,-45.0915,-60.13232,3.2,-6,0.15910000000000002,31.1,-0.58,11.3,24.900000000000002,0.27,-0.1
122536,651,-45.091662,-60.132385,3.1,-6,0.15910000000000002,31.1,-0.58,11.3,24.8,0.27,-0.1
122536,652,-45.091662,-60.132385,3.1,-6,0.15910000000000002,31.1,-0.58,11.3,24.8,0.27,-0.1
122536,660,-45.091752,-60.132408,2.6,-6,0.15910000000000002,31.1,-0.58,11.3,24.8,0.27,-0.1
122536,661,-45.091752,-60.132408,2.6,-6,0.15910000000000002,31.1,-0.58,11.3,24.8,0.27,-0.1
122536,671,-45.091897,-60.132452,3.7,-6,0.15910000000000002,31.1,-0.58,11.3,24.8,0.27,-0.1
122536,672,-45.091897,-60.132452,3.7,-6,0.15910000000000002,31.1,-0.58,11.3,24.8,0.27,-0.1
122536,680,-45.09201,-60.1325,2.8,-6,0.15910000000000002,31.1,-0.58,11.3,24.8,0.27,-0.1
122536,5950,-45.158977,-60.170482,2.9,-5,0.1574,31.1,-0.58,11.4,22.200000000000003,0.25,-0.13
122536,5951,-45.158977,-60.170482,2.9,-5,0.1574,31.1,-0.58,11.4,22.200000000000003,0.25,-0.13
122536,6010,-45.159813,-60.170938,3.7,-5,0.1574,31.1,-0.58,11.4,22.200000000000003,0.25,-0.13
122536,6011,-45.159813,-60.170938,3.7,-5,0.1574,31.1,-0.58,11.4,22.200000000000003,0.25,-0.13
122536,6060,-45.160465,-60.17124,3.4,-5,0.1574,31.1,-0.58,11.4,22.200000000000003,0.25,-0.13
122536,6061,-45.160465,-60.17124,3.4,-5,0.1574,31.1,-0.58,11.4,22.200000000000003,0.25,-0.13
122536,6191,-45.16203,-60.172218,3.6,-5,0.1575,31.1,-0.58,11.4,22.3,0.25,-0.13
122536,6311,-45.163572,-60.172965,2.7,-5,0.1575,31.1,-0.58,11.4,22.3,0.24,-0.14
122536,6330,-45.163847,-60.17312,3.9,-5,0.1575,31.1,-0.58,11.4,22.3,0.24,-0.14
122536,6331,-45.163847,-60.17312,3.9,-5,0.1575,31.1,-0.58,11.4,22.3,0.24,-0.14
122536,6340,-45.163965,-60.173175,3.6,-5,0.1575,31.1,-0.58,11.4,22.3,0.24,-0.14
122536,6341,-45.163965,-60.173175,3.6,-5,0.1575,31.1,-0.58,11.4,22.3,0.24,-0.14
122536,6363,-45.164223,-60.173303,3.4,-5,0.1575,31.1,-0.58,11.4,22.3,0.24,-0.14
122536,6381,-45.164442,-60.173463,2.3,-5,0.15760000000000002,31.1,-0.58,11.4,22.400000000000002,0.24,-0.14
122536,6412,-45.164813,-60.173643,2.9,-5,0.15760000000000002,31.1,-0.58,11.4,22.400000000000002,0.24,-0.14
122536,6451,-45.16534,-60.173897,2.3,-5,0.15760000000000002,31.1,-0.58,11.4,22.400000000000002,0.24,-0.14
122536,6461,-45.165452,-60.173997,1.8,-5,0.15760000000000002,31.1,-0.58,11.4,22.400000000000002,0.24,-0.14
122536,6472,-45.165567,-60.174085,3.2,-5,0.15760000000000002,31.1,-0.58,11.4,22.400000000000002,0.24,-0.14
122536,6501,-45.165948,-60.174255,2.3,-5,0.15760000000000002,31.1,-0.5700000000000001,11.4,22.400000000000002,0.24,-0.14
122536,6521,-45.166195,-60.174382,1.6,-5,0.15760000000000002,31.1,-0.5700000000000001,11.4,22.400000000000002,0.24,-0.14
122536,6530,-45.166305,-60.174462,2.7,-5,0.15760000000000002,31.1,-0.5700000000000001,11.4,22.400000000000002,0.24,-0.14
122536,6531,-45.166305,-60.174462,2.7,-5,0.15760000000000002,31.1,-0.5700000000000001,11.4,22.400000000000002,0.24,-0.14
122536,6540,-45.16642,-60.174533,3.3,-5,0.15760000000000002,31.1,-0.5700000000000001,11.4,22.400000000000002,0.24,-0.14
122536,6541,-45.16642,-60.174533,3.3,-5,0.15760000000000002,31.1,-0.5700000000000001,11.4,22.400000000000002,0.24,-0.14
122536,12058,-45.234053,-60.212483,3.,-7,0.1472,31.,-0.5700000000000001,11.4,24.,0.18,-0.16
122536,12078,-45.23431,-60.212667,2.7,-7,0.1472,31.,-0.5700000000000001,11.4,24.,0.18,-0.16
122536,12079,-45.23431,-60.212667,2.7,-7,0.1472,31.,-0.5700000000000001,11.4,24.,0.18,-0.16
122536,12108,-45.234688,-60.212928,3.,-7,0.1472,31.,-0.5700000000000001,11.4,24.,0.18,-0.16
122536,12109,-45.234688,-60.212928,3.,-7,0.1472,31.,-0.5700000000000001,11.4,24.,0.18,-0.16
122536,12117,-45.2348,-60.213012,3.3,-7,0.1472,31.,-0.5700000000000001,11.4,24.,0.18,-0.16
122536,12118,-45.2348,-60.213012,3.3,-7,0.1472,31.,-0.5700000000000001,11.4,24.,0.18,-0.16
122536,12128,-45.234935,-60.213068,2.1,-7,0.1472,31.,-0.5700000000000001,11.4,24.,0.18,-0.16
122536,12129,-45.234935,-60.213068,2.1,-7,0.1472,31.,-0.5700000000000001,11.4,24.,0.18,-0.16
122536,12138,-45.235052,-60.213157,2.4,-7,0.1472,31.,-0.5700000000000001,11.4,24.,0.18,-0.16
122536,12148,-45.235172,-60.213245,3.1,-7,0.1472,31.,-0.5700000000000001,11.4,24.,0.18,-0.16
122536,12149,-45.235172,-60.213245,3.1,-7,0.1472,31.,-0.5700000000000001,11.4,24.,0.18,-0.16
122536,12168,-45.235432,-60.213412,3.4,-7,0.1472,31.,-0.5700000000000001,11.4,23.900000000000002,0.18,-0.16
122536,12169,-45.235432,-60.213412,3.4,-7,0.1472,31.,-0.5700000000000001,11.4,23.900000000000002,0.18,-0.16
122536,12178,-45.235542,-60.21349,2.2,-7,0.1472,31.,-0.5700000000000001,11.4,23.900000000000002,0.18,-0.16
122536,12188,-45.235665,-60.213563,2.7,-7,0.1472,31.,-0.5700000000000001,11.4,23.900000000000002,0.18,-0.16
122536,12189,-45.235665,-60.213563,2.7,-7,0.1472,31.,-0.5700000000000001,11.4,23.900000000000002,0.18,-0.16
122536,12199,-45.23578,-60.213637,2.5,-7,0.1472,31.,-0.5700000000000001,11.4,23.900000000000002,0.18,-0.16
122536,12208,-45.235902,-60.213698,2.5,-7,0.1472,31.,-0.5700000000000001,11.4,23.900000000000002,0.18,-0.16
122536,12209,-45.235902,-60.213698,2.5,-7,0.1472,31.,-0.5700000000000001,11.4,23.900000000000002,0.18,-0.16
122536,12228,-45.236125,-60.21382,2.9,-7,0.1472,31.,-0.5700000000000001,11.4,23.900000000000002,0.18,-0.16
122536,12229,-45.236125,-60.21382,2.9,-7,0.1472,31.,-0.5700000000000001,11.4,23.900000000000002,0.18,-0.16
122536,12237,-45.236222,-60.213888,3.1,-7,0.1472,31.,-0.5700000000000001,11.4,23.900000000000002,0.18,-0.16
122536,12238,-45.236222,-60.213888,3.1,-7,0.1472,31.,-0.5700000000000001,11.4,23.900000000000002,0.18,-0.16
122536,12248,-45.236315,-60.213968,2.8,-7,0.1472,31.,-0.5700000000000001,11.4,23.900000000000002,0.18,-0.16
122536,12256,-45.236437,-60.214043,3.5,-7,0.1472,31.,-0.5700000000000001,11.4,23.900000000000002,0.18,-0.16
122536,12258,-45.236437,-60.214043,3.5,-7,0.1472,31.,-0.5700000000000001,11.4,23.900000000000002,0.18,-0.16
122536,12268,-45.236582,-60.214138,2.6,-7,0.1472,31.,-0.5700000000000001,11.4,23.900000000000002,0.18,-0.16
122536,12269,-45.236582,-60.214138,2.6,-7,0.1472,31.,-0.5700000000000001,11.4,23.900000000000002,0.18,-0.16
122536,12290,-45.236802,-60.21429,1.8,-7,0.1472,31.,-0.5700000000000001,11.4,23.900000000000002,0.18,-0.16
122536,12298,-45.236897,-60.214367,2.8,-7,0.1472,31.,-0.5700000000000001,11.4,23.900000000000002,0.18,-0.16
122536,12307,-45.237002,-60.214448,2.3,-7,0.1472,31.,-0.5700000000000001,11.4,23.900000000000002,0.18,-0.16
122536,12317,-45.23712,-60.214532,3.2,-7,0.1472,31.,-0.5700000000000001,11.4,23.900000000000002,0.18,-0.16
122536,14131,-45.258125,-60.226547,3.5,-4,-99999,31.,-0.5700000000000001,11.3,23.6,0.15,-0.16
122536,19652,-45.322128,-60.259775,2.3,-2,-99999,31.,-0.56,11.200000000000001,27.3,0.09,-0.17
122536,77360,-46.219618,-60.717993,8.8,-2,-99999,-99999.,-99999.,-99999.,-99999.,-99999.,-99999.
122536,82767,-46.428418,-60.70789,6.8,-7,-99999,-99999.,-99999.,-99999.,-99999.,-99999.,-99999.
122536,82768,-46.428418,-60.70789,6.8,-7,-99999,-99999.,-99999.,-99999.,-99999.,-99999.,-99999.
122536,82778,-46.42875,-60.707893,7.,-7,-99999,-99999.,-99999.,-99999.,-99999.,-99999.,-99999.
122536,82787,-46.429182,-60.707905,7.6,-7,-99999,-99999.,-99999.,-99999.,-99999.,-99999.,-99999.
122536,82789,-46.429182,-60.707905,7.6,-7,-99999,-99999.,-99999.,-99999.,-99999.,-99999.,-99999.
122536,82797,-46.42956,-60.707838,9.5,-7,-99999,-99999.,-99999.,-99999.,-99999.,-99999.,-99999.
122536,82817,-46.430302,-60.707775,8.6,-7,-99999,-99999.,-99999.,-99999.,-99999.,-99999.,-99999.
122536,82818,-46.430302,-60.707775,8.6,-7,-99999,-99999.,-99999.,-99999.,-99999.,-99999.,-99999.
122536,82827,-46.430695,-60.707782,8.8,-7,-99999,-99999.,-99999.,-99999.,-99999.,-99999.,-99999.
122536,82828,-46.430695,-60.707782,8.8,-7,-99999,-99999.,-99999.,-99999.,-99999.,-99999.,-99999.
122536,82847,-46.431467,-60.707767,8.8,-7,-99999,-99999.,-99999.,-99999.,-99999.,-99999.,-99999.
122536,82848,-46.431467,-60.707767,8.8,-7,-99999,-99999.,-99999.,-99999.,-99999.,-99999.,-99999.
122536,82857,-46.431867,-60.707752,9.7,-8,-99999,-99999.,-99999.,-99999.,-99999.,-99999.,-99999.
122536,82858,-46.431867,-60.707752,9.7,-8,-99999,-99999.,-99999.,-99999.,-99999.,-99999.,-99999.
122536,82888,-46.433055,-60.707707,9.1,-8,-99999,-99999.,-99999.,-99999.,-99999.,-99999.,-99999.
122536,82897,-46.43342,-60.7077,9.3,-8,-99999,-99999.,-99999.,-99999.,-99999.,-99999.,-99999.
122536,82908,-46.433867,-60.707682,8.5,-8,-99999,-99999.,-99999.,-99999.,-99999.,-99999.,-99999.
122536,82917,-46.43426,-60.707673,8.7,-8,-99999,-99999.,-99999.,-99999.,-99999.,-99999.,-99999.
122536,82948,-46.435477,-60.707598,8.8,-8,-99999,-99999.,-99999.,-99999.,-99999.,-99999.,-99999.
122536,82967,-46.436212,-60.707538,7.5,-8,-99999,-99999.,-99999.,-99999.,-99999.,-99999.,-99999.
122536,82977,-46.436593,-60.707532,7.8,-8,-99999,-99999.,-99999.,-99999.,-99999.,-99999.,-99999.
122536,82998,-46.437398,-60.707495,7.8,-8,-99999,-99999.,-99999.,-99999.,-99999.,-99999.,-99999.
122536,83008,-46.437778,-60.707458,8.6,-8,-99999,-99999.,-99999.,-99999.,-99999.,-99999.,-99999.
122536,83017,-46.438108,-60.70745,9.,-8,-99999,-99999.,-99999.,-99999.,-99999.,-99999.,-99999.
122536,83037,-46.43893,-60.707415,8.3,-8,-99999,-99999.,-99999.,-99999.,-99999.,-99999.,-99999.
122536,83048,-46.439378,-60.707372,8.6,-8,-99999,-99999.,-99999.,-99999.,-99999.,-99999.,-99999.
122536,83058,-46.439787,-60.707348,8.2,-8,-99999,-99999.,-99999.,-99999.,-99999.,-99999.,-99999.
122536,83067,-46.440147,-60.707333,9.7,-8,-99999,-99999.,-99999.,-99999.,-99999.,-99999.,-99999.
122536,83077,-46.440538,-60.70731,8.5,-8,-99999,-99999.,-99999.,-99999.,-99999.,-99999.,-99999.
122536,83087,-46.440937,-60.707283,9.1,-8,-99999,-99999.,-99999.,-99999.,-99999.,-99999.,-99999.
122536,83097,-46.441333,-60.707263,9.4,-8,-99999,-99999.,-99999.,-99999.,-99999.,-99999.,-99999.
122536,83098,-46.441333,-60.707263,9.4,-8,-99999,-99999.,-99999.,-99999.,-99999.,-99999.,-99999.
122536,83109,-46.441765,-60.70726,8.3,-8,-99999,-99999.,-99999.,-99999.,-99999.,-99999.,-99999.
122536,83127,-46.442532,-60.707232,9.,-8,-99999,-99999.,-99999.,-99999.,-99999.,-99999.,-99999.
122536,83137,-46.44292,-60.707203,9.6,-9,-99999,-99999.,-99999.,-99999.,-99999.,-99999.,-99999.
122536,83147,-46.443295,-60.707193,8.4,-9,-99999,-99999.,-99999.,-99999.,-99999.,-99999.,-99999.
122536,83157,-46.443672,-60.70718,7.9,-9,-99999,-99999.,-99999.,-99999.,-99999.,-99999.,-99999.
122536,83158,-46.443672,-60.70718,7.9,-9,-99999,-99999.,-99999.,-99999.,-99999.,-99999.,-99999.
122536,83169,-46.444097,-60.707168,7.8,-9,-99999,-99999.,-99999.,-99999.,-99999.,-99999.,-99999.
122536,83178,-46.444492,-60.707125,8.9,-9,-99999,-99999.,-99999.,-99999.,-99999.,-99999.,-99999.
122536,83179,-46.444492,-60.707125,8.9,-9,-99999,-99999.,-99999.,-99999.,-99999.,-99999.,-99999.
122536,83187,-46.444842,-60.70707,7.7,-9,-99999,-99999.,-99999.,-99999.,-99999.,-99999.,-99999.
122536,88607,-46.65467,-60.700885,9.,-31,-99999,-99999.,-99999.,-99999.,-99999.,-99999.,-99999.
122536,88608,-46.65467,-60.700885,9.,-31,-99999,-99999.,-99999.,-99999.,-99999.,-99999.,-99999.
122536,88637,-46.655812,-60.700882,9.3,-31,-99999,-99999.,-99999.,-99999.,-99999.,-99999.,-99999.
122536,88708,-46.658525,-60.700905,8.7,-32,-99999,-99999.,-99999.,-99999.,-99999.,-99999.,-99999.
122536,88817,-46.662877,-60.70089,8.4,-32,-99999,-99999.,-99999.,-99999.,-99999.,-99999.,-99999.
122536,88818,-46.662877,-60.70089,8.4,-32,-99999,-99999.,-99999.,-99999.,-99999.,-99999.,-99999.
122536,88827,-46.663275,-60.700872,9.1,-32,-99999,-99999.,-99999.,-99999.,-99999.,-99999.,-99999.
122536,88828,-46.663275,-60.700872,9.1,-32,-99999,-99999.,-99999.,-99999.,-99999.,-99999.,-99999.
122536,88868,-46.664857,-60.70086,8.7,-32,-99999,-99999.,-99999.,-99999.,-99999.,-99999.,-99999.
122536,88869,-46.664857,-60.70086,8.7,-32,-99999,-99999.,-99999.,-99999.,-99999.,-99999.,-99999.
122536,88877,-46.665213,-60.700857,7.2,-32,-99999,-99999.,-99999.,-99999.,-99999.,-99999.,-99999.
122536,88878,-46.665213,-60.700857,7.2,-32,-99999,-99999.,-99999.,-99999.,-99999.,-99999.,-99999.
122536,88898,-46.666018,-60.700838,9.1,-32,-99999,-99999.,-99999.,-99999.,-99999.,-99999.,-99999.
122536,88909,-46.666433,-60.700807,8.5,-32,-99999,-99999.,-99999.,-99999.,-99999.,-99999.,-99999.
122536,88929,-46.667202,-60.700793,8.6,-33,-99999,-99999.,-99999.,-99999.,-99999.,-99999.,-99999.
122536,88937,-46.667572,-60.700785,9.,-33,-99999,-99999.,-99999.,-99999.,-99999.,-99999.,-99999.
122536,88947,-46.667992,-60.700793,9.4,-33,-99999,-99999.,-99999.,-99999.,-99999.,-99999.,-99999.
122536,88948,-46.667992,-60.700793,9.4,-33,-99999,-99999.,-99999.,-99999.,-99999.,-99999.,-99999.
122536,88959,-46.668412,-60.700802,8.6,-33,-99999,-99999.,-99999.,-99999.,-99999.,-99999.,-99999.
122536,88969,-46.668915,-60.700807,8.4,-33,-99999,-99999.,-99999.,-99999.,-99999.,-99999.,-99999.
122536,88988,-46.669692,-60.700808,8.3,-33,-99999,-99999.,-99999.,-99999.,-99999.,-99999.,-99999.
122536,88989,-46.669692,-60.700808,8.3,-33,-99999,-99999.,-99999.,-99999.,-99999.,-99999.,-99999.
122536,88997,-46.670052,-60.70078,7.8,-34,-99999,-99999.,-99999.,-99999.,-99999.,-99999.,-99999.
122536,88998,-46.670052,-60.70078,7.8,-34,-99999,-99999.,-99999.,-99999.,-99999.,-99999.,-99999.
122536,89029,-46.67125,-60.700668,7.9,-34,-99999,-99999.,-99999.,-99999.,-99999.,-99999.,-99999.
122536,89048,-46.671957,-60.700677,7.4,-34,-99999,-99999.,-99999.,-99999.,-99999.,-99999.,-99999.
122536,89049,-46.671957,-60.700677,7.4,-34,-99999,-99999.,-99999.,-99999.,-99999.,-99999.,-99999.
122536,89058,-46.672317,-60.700668,8.8,-34,-99999,-99999.,-99999.,-99999.,-99999.,-99999.,-99999.
122536,89059,-46.672317,-60.700668,8.8,-34,-99999,-99999.,-99999.,-99999.,-99999.,-99999.,-99999.
122536,89068,-46.672617,-60.700642,6.1,-34,-99999,-99999.,-99999.,-99999.,-99999.,-99999.,-99999.
122536,89078,-46.672948,-60.700618,6.3,-34,-99999,-99999.,-99999.,-99999.,-99999.,-99999.,-99999.
122536,89089,-46.67335,-60.700622,7.6,-34,-99999,-99999.,-99999.,-99999.,-99999.,-99999.,-99999.
122536,89097,-46.673642,-60.70064,8.4,-34,-99999,-99999.,-99999.,-99999.,-99999.,-99999.,-99999.
122536,89109,-46.674045,-60.700647,8.7,-34,-99999,-99999.,-99999.,-99999.,-99999.,-99999.,-99999.
122536,89119,-46.674397,-60.70066,7.6,-34,-99999,-99999.,-99999.,-99999.,-99999.,-99999.,-99999.
122536,89128,-46.674713,-60.700662,7.6,-34,-99999,-99999.,-99999.,-99999.,-99999.,-99999.,-99999.
122536,94327,-46.878595,-60.705617,8.3,-54,-99999,-99999.,-99999.,-99999.,-99999.,-99999.,-99999.
122536,94328,-46.878595,-60.705617,8.3,-54,-99999,-99999.,-99999.,-99999.,-99999.,-99999.,-99999.
122536,94357,-46.879675,-60.7057,8.8,-54,-99999,-99999.,-99999.,-99999.,-99999.,-99999.,-99999.
122536,94387,-46.88088,-60.705762,8.8,-54,-99999,30.700000000000003,-0.51,12.8,28.200000000000003,0.04,0.06
122536,94388,-46.88088,-60.705762,8.8,-54,-99999,30.700000000000003,-0.51,12.8,28.200000000000003,0.04,0.06
122536,94418,-46.882037,-60.705833,8.5,-54,-99999,30.700000000000003,-0.51,12.8,28.200000000000003,0.04,0.06
122536,94448,-46.883228,-60.705912,9.3,-54,-99999,30.700000000000003,-0.51,12.8,28.200000000000003,0.04,0.06
122536,94508,-46.885588,-60.706,8.,-55,-99999,30.700000000000003,-0.51,12.8,28.200000000000003,0.04,0.06
122536,94538,-46.886723,-60.706062,7.6,-55,-99999,30.700000000000003,-0.51,12.8,28.200000000000003,0.04,0.06
122536,94558,-46.887523,-60.706095,7.9,-55,-99999,30.700000000000003,-0.51,12.8,28.200000000000003,0.04,0.06
122536,94628,-46.890377,-60.706198,8.3,-55,-99999,30.700000000000003,-0.51,12.8,28.200000000000003,0.04,0.06
122536,94647,-46.891132,-60.706218,7.4,-55,-99999,30.700000000000003,-0.51,12.8,28.200000000000003,0.04,0.06
122536,94648,-46.891132,-60.706218,7.4,-55,-99999,30.700000000000003,-0.51,12.8,28.200000000000003,0.04,0.06
122536,94698,-46.893127,-60.706273,9.3,-55,-99999,30.700000000000003,-0.51,12.8,28.200000000000003,0.04,0.06
122536,94708,-46.893523,-60.706307,9.3,-55,-99999,30.700000000000003,-0.51,12.8,28.200000000000003,0.04,0.06
122536,94717,-46.893927,-60.706327,8.4,-55,-99999,30.700000000000003,-0.51,12.8,28.200000000000003,0.04,0.06
122536,94718,-46.893927,-60.706327,8.4,-55,-99999,30.700000000000003,-0.51,12.8,28.200000000000003,0.04,0.06
122536,94737,-46.894755,-60.70634,9.8,-56,-99999,30.700000000000003,-0.51,12.8,28.200000000000003,0.04,0.06
122536,94738,-46.894755,-60.70634,9.8,-56,-99999,30.700000000000003,-0.51,12.8,28.200000000000003,0.04,0.06
122536,94748,-46.895202,-60.70638,9.,-56,-99999,30.700000000000003,-0.51,12.8,28.200000000000003,0.04,0.06
122536,94777,-46.896342,-60.706407,8.5,-56,-99999,30.700000000000003,-0.51,12.8,28.200000000000003,0.04,0.06
122536,94778,-46.896342,-60.706407,8.5,-56,-99999,30.700000000000003,-0.51,12.8,28.200000000000003,0.04,0.06
122536,94788,-46.896732,-60.706408,7.8,-56,-99999,30.700000000000003,-0.51,12.8,28.200000000000003,0.04,0.06
122536,94808,-46.897575,-60.706423,9.,-56,-99999,30.700000000000003,-0.51,12.8,28.200000000000003,0.04,0.06
122536,94816,-46.897897,-60.706425,7.9,-56,-99999,30.700000000000003,-0.51,12.8,28.200000000000003,0.04,0.06
122536,94817,-46.897897,-60.706425,7.9,-56,-99999,30.700000000000003,-0.51,12.8,28.200000000000003,0.04,0.06
122536,94828,-46.898333,-60.706435,9.,-56,-99999,30.700000000000003,-0.51,12.8,28.200000000000003,0.04,0.06
122536,94838,-46.898722,-60.70648,7.6,-56,-99999,30.700000000000003,-0.51,12.8,28.200000000000003,0.04,0.06
122536,94858,-46.899517,-60.706555,8.7,-56,-99999,30.700000000000003,-0.51,12.8,28.200000000000003,0.04,0.06
122536,94868,-46.899937,-60.706565,8.5,-56,-99999,30.700000000000003,-0.51,12.8,28.200000000000003,0.04,0.06
122536,94887,-46.900693,-60.706625,7.8,-56,-99999,30.700000000000003,-0.51,12.8,28.200000000000003,0.04,0.06
122536,94907,-46.901503,-60.706672,8.9,-56,-99999,30.700000000000003,-0.51,12.8,28.200000000000003,0.04,0.06
122536,94918,-46.901925,-60.70667,9.5,-56,-99999,30.700000000000003,-0.51,12.8,28.200000000000003,0.04,0.06
122536,94928,-46.902378,-60.706702,8.,-56,-99999,30.700000000000003,-0.51,12.8,28.200000000000003,0.04,0.06
122536,94936,-46.902717,-60.706733,8.8,-56,-99999,30.700000000000003,-0.51,12.8,28.200000000000003,0.04,0.06
122536,94937,-46.902717,-60.706733,8.8,-56,-99999,30.700000000000003,-0.51,12.8,28.200000000000003,0.04,0.06
122536,94948,-46.903152,-60.706753,8.7,-56,-99999,30.700000000000003,-0.51,12.8,28.200000000000003,0.04,0.06
122536,94958,-46.903552,-60.706772,8.9,-56,-99999,30.700000000000003,-0.51,12.8,28.200000000000003,0.04,0.06
122536,94968,-46.903952,-60.706795,8.9,-56,-99999,30.700000000000003,-0.51,12.8,28.200000000000003,0.04,0.06
122536,97631,-47.008903,-60.710665,8.4,-63,-99999,30.700000000000003,-0.51,12.600000000000001,29.1,0.03,0.07
122536,100267,-47.11509,-60.711208,8.4,-72,-99999,30.700000000000003,-0.5,11.5,31.8,-0.07,0.03
122536,100268,-47.11509,-60.711208,8.4,-72,-99999,30.700000000000003,-0.5,11.5,31.8,-0.07,0.03
122536,100277,-47.115487,-60.711187,8.,-72,-99999,30.700000000000003,-0.5,11.5,31.8,-0.07,0.03
122536,100306,-47.11662,-60.711142,7.9,-72,-99999,30.700000000000003,-0.5,11.5,31.900000000000002,-0.07,0.03
122536,100308,-47.11662,-60.711142,7.9,-72,-99999,30.700000000000003,-0.5,11.5,31.900000000000002,-0.07,0.03
122536,100367,-47.11898,-60.71119,8.6,-72,-99999,30.700000000000003,-0.5,11.5,31.900000000000002,-0.07,0.03
122536,100407,-47.120473,-60.71126,7.8,-73,-99999,30.700000000000003,-0.5,11.4,32.,-0.08,0.03
122536,100426,-47.121238,-60.711285,7.7,-73,-99999,30.700000000000003,-0.5,11.4,32.,-0.07,0.03
122536,100427,-47.121238,-60.711285,7.7,-73,-99999,30.700000000000003,-0.5,11.4,32.,-0.07,0.03
122536,100447,-47.122013,-60.711285,8.9,-73,-99999,30.700000000000003,-0.5,11.4,32.,-0.07,0.03
122536,100457,-47.122405,-60.711273,7.8,-73,-99999,30.700000000000003,-0.5,11.4,32.,-0.07,0.03
122536,100468,-47.12281,-60.711243,7.2,-73,-99999,30.700000000000003,-0.5,11.4,32.,-0.07,0.03
122536,100486,-47.123543,-60.711257,8.6,-73,-99999,30.700000000000003,-0.5,11.4,32.,-0.07,0.03
122536,100496,-47.123863,-60.71126,8.3,-73,-99999,30.700000000000003,-0.5,11.4,32.,-0.07,0.03
122536,100507,-47.124263,-60.711255,8.8,-74,-99999,30.700000000000003,-0.5,11.4,32.,-0.07,0.03
122536,100546,-47.12572,-60.71124,8.1,-74,-99999,30.700000000000003,-0.5,11.4,32.,-0.07,0.02
122536,100556,-47.126042,-60.711253,7.2,-74,-99999,30.700000000000003,-0.5,11.4,32.,-0.07,0.02
122536,100567,-47.126442,-60.711258,7.8,-74,-99999,30.700000000000003,-0.5,11.4,32.,-0.07,0.02
122536,100577,-47.126815,-60.711253,6.6,-74,-99999,30.700000000000003,-0.5,11.4,32.,-0.07,0.02
122536,100606,-47.127928,-60.7112,8.4,-74,-99999,30.700000000000003,-0.5,11.4,32.,-0.07,0.02
122536,100607,-47.127928,-60.7112,8.4,-74,-99999,30.700000000000003,-0.5,11.4,32.,-0.07,0.02
122536,100616,-47.128275,-60.711188,8.6,-74,-99999,30.700000000000003,-0.5,11.4,32.,-0.07,0.02
122536,100626,-47.128697,-60.71119,8.8,-74,-99999,30.700000000000003,-0.5,11.4,32.,-0.07,0.02
122536,100627,-47.128697,-60.71119,8.8,-74,-99999,30.700000000000003,-0.5,11.4,32.,-0.07,0.02
122536,100657,-47.12989,-60.7112,8.8,-75,-99999,30.700000000000003,-0.5,11.4,32.,-0.07,0.02
122536,103041,-47.223043,-60.70679,8.,-81,-99999,30.700000000000003,-0.49,11.,31.,-0.01,-0.02
122536,108591,-47.439193,-60.708245,7.4,-82,-99999,30.700000000000003,-0.49,10.8,33.300000000000004,0.05,-0.11
122536,129860,-48.34304,-60.735238,9.9,-67,-99999,30.8,-0.56,10.200000000000001,19.3,0.03,-0.11
122536,131076,-48.375135,-60.740462,5.,-69,-99999,30.900000000000002,-0.56,10.200000000000001,19.3,0.04,-0.11
122536,131087,-48.375368,-60.740553,4.7,-69,-99999,30.900000000000002,-0.56,10.200000000000001,19.3,0.04,-0.11
122536,131098,-48.375583,-60.74062,4.4,-69,-99999,30.900000000000002,-0.56,10.200000000000001,19.3,0.04,-0.11
122536,131106,-48.375753,-60.740663,4.,-69,-99999,30.900000000000002,-0.56,10.200000000000001,19.3,0.04,-0.11
122536,131117,-48.37595,-60.740727,4.4,-69,-99999,30.900000000000002,-0.56,10.200000000000001,19.3,0.04,-0.11
122536,131127,-48.376135,-60.74078,4.3,-69,-99999,30.900000000000002,-0.56,10.200000000000001,19.3,0.04,-0.11
122536,131136,-48.376305,-60.740823,4.4,-69,-99999,30.900000000000002,-0.56,10.200000000000001,19.3,0.04,-0.11
122536,131158,-48.376712,-60.740947,4.4,-69,-99999,30.900000000000002,-0.56,10.200000000000001,19.3,0.04,-0.11
122536,131166,-48.376882,-60.740993,4.1,-69,-99999,30.900000000000002,-0.56,10.200000000000001,19.3,0.04,-0.11
122536,131167,-48.376882,-60.740993,4.1,-69,-99999,30.900000000000002,-0.56,10.200000000000001,19.3,0.04,-0.11
122536,131177,-48.377093,-60.741053,4.2,-69,-99999,30.900000000000002,-0.56,10.200000000000001,19.3,0.04,-0.11
122536,131178,-48.377093,-60.741053,4.2,-69,-99999,30.900000000000002,-0.56,10.200000000000001,19.3,0.04,-0.11
122536,131187,-48.377307,-60.741115,4.6,-69,-99999,30.900000000000002,-0.56,10.200000000000001,19.3,0.04,-0.11
122536,131197,-48.377493,-60.741173,5.4,-69,-99999,30.900000000000002,-0.56,10.200000000000001,19.3,0.04,-0.11
122536,131198,-48.377493,-60.741173,5.4,-69,-99999,30.900000000000002,-0.56,10.200000000000001,19.3,0.04,-0.11
122536,131217,-48.377943,-60.741313,5.,-69,-99999,30.900000000000002,-0.56,10.200000000000001,19.3,0.04,-0.11
122536,131218,-48.377943,-60.741313,5.,-69,-99999,30.900000000000002,-0.56,10.200000000000001,19.3,0.04,-0.11
122536,131226,-48.378155,-60.741378,5.,-69,-99999,30.900000000000002,-0.56,10.200000000000001,19.3,0.04,-0.11
122536,131227,-48.378155,-60.741378,5.,-69,-99999,30.900000000000002,-0.56,10.200000000000001,19.3,0.04,-0.11
122536,131237,-48.378418,-60.741472,5.8,-69,-99999,30.900000000000002,-0.56,10.200000000000001,19.3,0.04,-0.11
122536,131238,-48.378418,-60.741472,5.8,-69,-99999,30.900000000000002,-0.56,10.200000000000001,19.3,0.04,-0.11
122536,131247,-48.378635,-60.741533,5.3,-69,-99999,30.900000000000002,-0.56,10.200000000000001,19.3,0.04,-0.11
122536,131248,-48.378635,-60.741533,5.3,-69,-99999,30.900000000000002,-0.56,10.200000000000001,19.3,0.04,-0.11
122536,131286,-48.379592,-60.741863,5.7,-70,-99999,30.900000000000002,-0.56,10.100000000000001,19.3,0.04,-0.11
122536,131287,-48.379592,-60.741863,5.7,-70,-99999,30.900000000000002,-0.56,10.100000000000001,19.3,0.04,-0.11
122536,135430,-48.463715,-60.764275,4.5,-61,-99999,30.900000000000002,-0.5700000000000001,10.100000000000001,19.200000000000003,0.05,-0.09
122536,135471,-48.464518,-60.764457,4.4,-61,-99999,30.900000000000002,-0.5700000000000001,10.100000000000001,19.200000000000003,0.05,-0.09
122536,136210,-48.478818,-60.767685,4.6,-62,-99999,30.900000000000002,-0.5700000000000001,10.100000000000001,19.200000000000003,0.05,-0.09
122536,136807,-48.49046,-60.770055,4.,-62,-99999,31.,-0.5700000000000001,10.,19.200000000000003,0.05,-0.09
122536,136808,-48.49046,-60.770055,4.,-62,-99999,31.,-0.5700000000000001,10.,19.200000000000003,0.05,-0.09
122536,136828,-48.490853,-60.770125,4.,-62,-99999,31.,-0.5700000000000001,10.,19.200000000000003,0.05,-0.09
122536,136829,-48.490853,-60.770125,4.,-62,-99999,31.,-0.5700000000000001,10.,19.200000000000003,0.05,-0.09
122536,136837,-48.491025,-60.770158,4.4,-62,-99999,31.,-0.5700000000000001,10.,19.200000000000003,0.05,-0.09
122536,136848,-48.491262,-60.770217,4.2,-62,-99999,31.,-0.5700000000000001,10.,19.200000000000003,0.05,-0.09
122536,136849,-48.491262,-60.770217,4.2,-62,-99999,31.,-0.5700000000000001,10.,19.200000000000003,0.05,-0.09
122536,136856,-48.491413,-60.770253,4.3,-62,-99999,31.,-0.5700000000000001,10.,19.200000000000003,0.05,-0.09
122536,136857,-48.491413,-60.770253,4.3,-62,-99999,31.,-0.5700000000000001,10.,19.200000000000003,0.05,-0.09
122536,136868,-48.491623,-60.770298,4.4,-62,-99999,31.,-0.5700000000000001,10.,19.200000000000003,0.05,-0.09
122536,136878,-48.491808,-60.77033,4.2,-62,-99999,31.,-0.5700000000000001,10.,19.200000000000003,0.05,-0.09
122536,136879,-48.491808,-60.77033,4.2,-62,-99999,31.,-0.5700000000000001,10.,19.200000000000003,0.05,-0.09
122536,136887,-48.492002,-60.770363,4.4,-62,-99999,31.,-0.5700000000000001,10.,19.200000000000003,0.05,-0.09
122536,136888,-48.492002,-60.770363,4.4,-62,-99999,31.,-0.5700000000000001,10.,19.200000000000003,0.05,-0.09
122536,136889,-48.492002,-60.770363,4.4,-62,-99999,31.,-0.5700000000000001,10.,19.200000000000003,0.05,-0.09
122536,136896,-48.492178,-60.7704,4.2,-62,-99999,31.,-0.5700000000000001,10.,19.200000000000003,0.05,-0.09
122536,136908,-48.492418,-60.77044,4.5,-62,-99999,31.,-0.5700000000000001,10.,19.200000000000003,0.05,-0.09
122536,136909,-48.492418,-60.77044,4.5,-62,-99999,31.,-0.5700000000000001,10.,19.200000000000003,0.05,-0.09
122536,136916,-48.49258,-60.770465,4.5,-62,-99999,31.,-0.5700000000000001,10.,19.200000000000003,0.05,-0.09
122536,136917,-48.49258,-60.770465,4.5,-62,-99999,31.,-0.5700000000000001,10.,19.200000000000003,0.05,-0.09
122536,136938,-48.492997,-60.770527,4.6,-62,-99999,31.,-0.5700000000000001,10.,19.200000000000003,0.05,-0.09
122536,136947,-48.493193,-60.770558,4.5,-62,-99999,31.,-0.5700000000000001,10.,19.200000000000003,0.05,-0.09
122536,136956,-48.493372,-60.770592,4.4,-62,-99999,31.,-0.5700000000000001,10.,19.200000000000003,0.05,-0.09
122536,136957,-48.493372,-60.770592,4.4,-62,-99999,31.,-0.5700000000000001,10.,19.200000000000003,0.05,-0.09
122536,136968,-48.4936,-60.770632,4.1,-62,-99999,31.,-0.5700000000000001,10.,19.200000000000003,0.05,-0.09
122536,136969,-48.4936,-60.770632,4.1,-62,-99999,31.,-0.5700000000000001,10.,19.200000000000003,0.05,-0.09
122536,136978,-48.493778,-60.770662,4.6,-62,-99999,31.,-0.5700000000000001,10.,19.200000000000003,0.05,-0.09
122536,136979,-48.493778,-60.770662,4.6,-62,-99999,31.,-0.5700000000000001,10.,19.200000000000003,0.05,-0.09
122536,136986,-48.493948,-60.770698,4.3,-62,-99999,31.,-0.5700000000000001,10.,19.200000000000003,0.05,-0.09
122536,136988,-48.493948,-60.770698,4.3,-62,-99999,31.,-0.5700000000000001,10.,19.200000000000003,0.05,-0.09
122536,136998,-48.494163,-60.77073,4.6,-62,-99999,31.,-0.5700000000000001,10.,19.200000000000003,0.05,-0.09
122536,136999,-48.494163,-60.77073,4.6,-62,-99999,31.,-0.5700000000000001,10.,19.200000000000003,0.05,-0.09
122536,137007,-48.494362,-60.770762,4.1,-62,-99999,31.,-0.5700000000000001,10.,19.200000000000003,0.05,-0.09
122536,137008,-48.494362,-60.770762,4.1,-62,-99999,31.,-0.5700000000000001,10.,19.200000000000003,0.05,-0.09
122536,137009,-48.494362,-60.770762,4.1,-62,-99999,31.,-0.5700000000000001,10.,19.200000000000003,0.05,-0.09
122536,137017,-48.494542,-60.770788,4.1,-62,-99999,31.,-0.5700000000000001,10.,19.200000000000003,0.05,-0.09
122536,137028,-48.494773,-60.770827,3.9,-62,-99999,31.,-0.5700000000000001,10.,19.200000000000003,0.05,-0.09
122536,137029,-48.494773,-60.770827,3.9,-62,-99999,31.,-0.5700000000000001,10.,19.200000000000003,0.05,-0.09
122536,137046,-48.495117,-60.770893,4.1,-62,-99999,31.,-0.5700000000000001,10.,19.200000000000003,0.05,-0.09
122536,137048,-48.495117,-60.770893,4.1,-62,-99999,31.,-0.5700000000000001,10.,19.200000000000003,0.05,-0.09
122536,137068,-48.495522,-60.770958,4.2,-63,-99999,31.,-0.5700000000000001,10.,19.200000000000003,0.05,-0.09
122536,137088,-48.495933,-60.771027,4.2,-63,-99999,31.,-0.5700000000000001,10.,19.200000000000003,0.05,-0.09
122536,137089,-48.495933,-60.771027,4.2,-63,-99999,31.,-0.5700000000000001,10.,19.200000000000003,0.05,-0.09
122536,137099,-48.496107,-60.771062,4.1,-63,-99999,31.,-0.5700000000000001,10.,19.200000000000003,0.05,-0.09
122536,137106,-48.49628,-60.771097,4.1,-63,-99999,31.,-0.5700000000000001,10.,19.200000000000003,0.05,-0.09
122536,137119,-48.496493,-60.771135,4.5,-63,-99999,31.,-0.5700000000000001,10.,19.200000000000003,0.05,-0.09
122536,137148,-48.497092,-60.771233,4.2,-63,-99999,31.,-0.5700000000000001,10.,19.200000000000003,0.05,-0.09
122536,137158,-48.497263,-60.771262,3.7,-63,-99999,31.,-0.5700000000000001,10.,19.200000000000003,0.05,-0.09
122536,137161,-48.497263,-60.771262,3.7,-63,-99999,31.,-0.5700000000000001,10.,19.200000000000003,0.05,-0.09
122536,137166,-48.497437,-60.77129,4.6,-63,-99999,31.,-0.5700000000000001,10.,19.200000000000003,0.05,-0.09
122536,137168,-48.497437,-60.77129,4.6,-63,-99999,31.,-0.5700000000000001,10.,19.200000000000003,0.05,-0.09
122536,137208,-48.49825,-60.771435,3.7,-63,-99999,31.,-0.5700000000000001,10.,19.3,0.05,-0.09
122536,137209,-48.49825,-60.771435,3.7,-63,-99999,31.,-0.5700000000000001,10.,19.3,0.05,-0.09
122536,137219,-48.498427,-60.771462,4.,-63,-99999,31.,-0.5700000000000001,10.,19.3,0.05,-0.09
122536,137227,-48.4986,-60.771488,4.2,-63,-99999,31.,-0.5700000000000001,10.,19.3,0.05,-0.09
122536,137239,-48.498817,-60.771518,4.2,-63,-99999,31.,-0.5700000000000001,10.,19.3,0.05,-0.09
122536,137368,-48.50131,-60.772003,4.2,-57,-99999,31.,-0.5700000000000001,10.,19.3,0.05,-0.08
122536,137369,-48.50131,-60.772003,4.2,-57,-99999,31.,-0.5700000000000001,10.,19.3,0.05,-0.08
122536,141050,-48.568715,-60.792505,3.6,-61,-99999,31.,-0.5700000000000001,10.,19.400000000000002,0.03,-0.07
122536,141601,-48.578502,-60.796117,4.2,-61,-99999,31.,-0.5700000000000001,10.,19.5,0.03,-0.07
122536,142636,-48.59725,-60.801508,4.3,-56,-99999,31.,-0.5700000000000001,9.9,19.6,0.03,-0.07
122536,142646,-48.597425,-60.801553,3.7,-56,-99999,31.,-0.5700000000000001,9.9,19.6,0.03,-0.07
122536,142647,-48.597425,-60.801553,3.7,-56,-99999,31.,-0.5700000000000001,9.9,19.6,0.03,-0.07
122536,142656,-48.597587,-60.801592,4.,-56,-99999,31.,-0.5700000000000001,9.9,19.6,0.03,-0.07
122536,142657,-48.597587,-60.801592,4.,-56,-99999,31.,-0.5700000000000001,9.9,19.6,0.03,-0.07
122536,142668,-48.597803,-60.801652,4.,-56,-99999,31.,-0.5700000000000001,9.9,19.6,0.03,-0.07
122536,142669,-48.597803,-60.801652,4.,-56,-99999,31.,-0.5700000000000001,9.9,19.6,0.03,-0.07
122536,142676,-48.597952,-60.801697,4.,-56,-99999,31.,-0.5700000000000001,9.9,19.6,0.03,-0.07
122536,142677,-48.597952,-60.801697,4.,-56,-99999,31.,-0.5700000000000001,9.9,19.6,0.03,-0.07
122536,142686,-48.598112,-60.801727,3.7,-56,-99999,31.,-0.5700000000000001,9.9,19.6,0.03,-0.07
122536,142687,-48.598112,-60.801727,3.7,-56,-99999,31.,-0.5700000000000001,9.9,19.6,0.03,-0.07
122536,142696,-48.598305,-60.801777,3.7,-56,-99999,31.,-0.5700000000000001,9.9,19.6,0.03,-0.07
122536,142697,-48.598305,-60.801777,3.7,-56,-99999,31.,-0.5700000000000001,9.9,19.6,0.03,-0.07
122536,142716,-48.598652,-60.801862,3.9,-56,-99999,31.,-0.5700000000000001,9.9,19.6,0.03,-0.07
122536,142717,-48.598652,-60.801862,3.9,-56,-99999,31.,-0.5700000000000001,9.9,19.6,0.03,-0.07
122536,142728,-48.598863,-60.801908,4.2,-56,-99999,31.,-0.5700000000000001,9.9,19.6,0.03,-0.07
122536,142736,-48.599007,-60.801937,4.,-56,-99999,31.,-0.5700000000000001,9.9,19.6,0.03,-0.07
122536,142746,-48.59919,-60.801983,4.1,-57,-99999,31.,-0.5700000000000001,9.9,19.6,0.03,-0.07
122536,142756,-48.599385,-60.802042,4.1,-57,-99999,31.,-0.5700000000000001,9.9,19.6,0.03,-0.07
122536,142758,-48.599385,-60.802042,4.1,-57,-99999,31.,-0.5700000000000001,9.9,19.6,0.03,-0.07
122536,142767,-48.599572,-60.802102,3.7,-57,-99999,31.,-0.5700000000000001,9.9,19.6,0.03,-0.07
122536,142768,-48.599572,-60.802102,3.7,-57,-99999,31.,-0.5700000000000001,9.9,19.6,0.03,-0.07
122536,142776,-48.599735,-60.802137,3.6,-57,-99999,31.,-0.5700000000000001,9.9,19.6,0.03,-0.07
122536,142777,-48.599735,-60.802137,3.6,-57,-99999,31.,-0.5700000000000001,9.9,19.6,0.03,-0.07
122536,142788,-48.599948,-60.80217,3.9,-57,-99999,31.,-0.5700000000000001,9.9,19.6,0.03,-0.07
122536,142789,-48.599948,-60.80217,3.9,-57,-99999,31.,-0.5700000000000001,9.9,19.6,0.03,-0.07
122536,142796,-48.600088,-60.802198,3.7,-57,-99999,31.,-0.5700000000000001,9.9,19.6,0.03,-0.07
122536,142797,-48.600088,-60.802198,3.7,-57,-99999,31.,-0.5700000000000001,9.9,19.6,0.03,-0.07
122536,142807,-48.600287,-60.802245,3.3,-57,-99999,31.,-0.5700000000000001,9.9,19.6,0.03,-0.07
122536,142816,-48.600467,-60.80228,3.6,-57,-99999,31.,-0.5700000000000001,9.9,19.6,0.03,-0.07
122536,142817,-48.600467,-60.80228,3.6,-57,-99999,31.,-0.5700000000000001,9.9,19.6,0.03,-0.07
122536,142827,-48.600643,-60.80233,3.8,-57,-99999,31.,-0.5700000000000001,9.9,19.6,0.03,-0.07
122536,142836,-48.600798,-60.802365,3.5,-57,-99999,31.,-0.5700000000000001,9.9,19.6,0.03,-0.07
122536,142837,-48.600798,-60.802365,3.5,-57,-99999,31.,-0.5700000000000001,9.9,19.6,0.03,-0.07
122536,142848,-48.601015,-60.802398,3.9,-57,-99999,31.,-0.5700000000000001,9.9,19.6,0.03,-0.07
122536,142856,-48.601157,-60.80242,3.9,-57,-99999,31.,-0.5700000000000001,9.9,19.6,0.03,-0.07
122536,142857,-48.601157,-60.80242,3.9,-57,-99999,31.,-0.5700000000000001,9.9,19.6,0.03,-0.07
122536,142867,-48.601357,-60.802452,4.,-57,-99999,31.,-0.5700000000000001,9.9,19.6,0.03,-0.07
122536,142876,-48.601537,-60.80249,3.8,-57,-99999,31.,-0.5700000000000001,9.9,19.6,0.03,-0.07
122536,142877,-48.601537,-60.80249,3.8,-57,-99999,31.,-0.5700000000000001,9.9,19.6,0.03,-0.07
122536,142887,-48.60172,-60.802525,4.2,-57,-99999,31.,-0.5700000000000001,9.9,19.6,0.03,-0.07
122536,142897,-48.601882,-60.802568,3.4,-57,-99999,31.,-0.5700000000000001,9.9,19.6,0.03,-0.07
122536,142908,-48.602097,-60.802625,3.7,-57,-99999,31.,-0.5700000000000001,9.9,19.6,0.03,-0.07
122536,142917,-48.602243,-60.802653,4.2,-57,-99999,31.,-0.5700000000000001,9.9,19.700000000000003,0.03,-0.07
122536,142927,-48.60244,-60.80271,4.3,-57,-99999,31.,-0.5700000000000001,9.9,19.700000000000003,0.03,-0.07
122536,142947,-48.602797,-60.802817,4.1,-57,-99999,31.,-0.5700000000000001,9.9,19.700000000000003,0.03,-0.07
122536,142968,-48.603167,-60.802913,4.1,-57,-99999,31.,-0.5700000000000001,9.9,19.700000000000003,0.03,-0.07
122536,142976,-48.603308,-60.802938,3.9,-57,-99999,31.,-0.5700000000000001,9.9,19.700000000000003,0.03,-0.07
122536,142977,-48.603308,-60.802938,3.9,-57,-99999,31.,-0.5700000000000001,9.9,19.700000000000003,0.03,-0.07
122536,143007,-48.603868,-60.803068,4.,-57,-99999,31.,-0.5700000000000001,9.9,19.700000000000003,0.03,-0.07
122536,143047,-48.60459,-60.803235,3.8,-57,-99999,31.,-0.5700000000000001,9.9,19.700000000000003,0.03,-0.07
122536,143157,-48.606545,-60.803625,3.8,-57,-99999,31.,-0.5700000000000001,9.9,19.700000000000003,0.03,-0.07
122536,143267,-48.608517,-60.804047,3.7,-57,-99999,31.,-0.5700000000000001,9.9,19.700000000000003,0.03,-0.07
122536,143328,-48.609607,-60.804263,3.8,-57,-99999,31.,-0.5700000000000001,9.9,19.700000000000003,0.03,-0.07
122536,146241,-48.661033,-60.815173,3.9,-60,-99999,31.1,-0.5700000000000001,9.9,20.,0.03,-0.06
122536,147809,-48.68761,-60.822675,3.3,-56,-99999,31.1,-0.5700000000000001,9.9,20.,0.03,-0.07
122536,148548,-48.700483,-60.823313,4.,-56,-99999,31.1,-0.5700000000000001,9.9,20.,0.03,-0.07
122536,148557,-48.700655,-60.823315,3.8,-56,-99999,31.1,-0.5700000000000001,9.9,20.,0.03,-0.07
122536,148558,-48.700655,-60.823315,3.8,-56,-99999,31.1,-0.5700000000000001,9.9,20.,0.03,-0.07
122536,148567,-48.700812,-60.823313,3.7,-56,-99999,31.1,-0.5700000000000001,9.9,20.,0.03,-0.07
122536,148578,-48.701028,-60.823298,4.,-56,-99999,31.1,-0.5700000000000001,9.9,20.,0.03,-0.07
122536,148579,-48.701028,-60.823298,4.,-56,-99999,31.1,-0.5700000000000001,9.9,20.,0.03,-0.07
122536,148587,-48.701192,-60.823297,3.5,-56,-99999,31.1,-0.5700000000000001,9.9,20.,0.03,-0.07
122536,148598,-48.701365,-60.823297,3.8,-56,-99999,31.1,-0.5700000000000001,9.9,20.,0.03,-0.07
122536,148608,-48.701535,-60.823297,3.8,-56,-99999,31.1,-0.5700000000000001,9.9,20.,0.03,-0.07
122536,148617,-48.701708,-60.823297,4.,-56,-99999,31.1,-0.5700000000000001,9.9,20.,0.03,-0.07
122536,148618,-48.701708,-60.823297,4.,-56,-99999,31.1,-0.5700000000000001,9.9,20.,0.03,-0.07
122536,148627,-48.701867,-60.823295,3.8,-56,-99999,31.1,-0.5700000000000001,9.9,20.,0.03,-0.07
122536,148638,-48.70208,-60.8233,4.1,-56,-99999,31.1,-0.5700000000000001,9.9,20.,0.03,-0.07
122536,148639,-48.70208,-60.8233,4.1,-56,-99999,31.1,-0.5700000000000001,9.9,20.,0.03,-0.07
122536,148647,-48.702237,-60.823298,4.,-56,-99999,31.1,-0.5700000000000001,9.9,20.,0.03,-0.07
122536,148668,-48.702577,-60.823327,3.5,-56,-99999,31.1,-0.5700000000000001,9.9,20.,0.03,-0.07
122536,148677,-48.702752,-60.823352,3.5,-56,-99999,31.1,-0.5700000000000001,9.9,20.,0.03,-0.07
122536,148678,-48.702752,-60.823352,3.5,-56,-99999,31.1,-0.5700000000000001,9.9,20.,0.03,-0.07
122536,148687,-48.702912,-60.823367,3.7,-56,-99999,31.1,-0.5700000000000001,9.9,20.,0.03,-0.07
122536,148707,-48.703278,-60.823408,3.8,-56,-99999,31.1,-0.5700000000000001,9.9,20.,0.03,-0.07
122536,148728,-48.703642,-60.823435,4.1,-56,-99999,31.1,-0.5700000000000001,9.9,20.,0.03,-0.07
122536,148747,-48.703963,-60.82346,3.9,-56,-99999,31.1,-0.5700000000000001,9.9,20.,0.03,-0.07
122536,148758,-48.704168,-60.823478,3.7,-56,-99999,31.1,-0.5700000000000001,9.9,20.,0.03,-0.07
122536,148759,-48.704168,-60.823478,3.7,-56,-99999,31.1,-0.5700000000000001,9.9,20.,0.03,-0.07
122536,148767,-48.704327,-60.823493,3.7,-56,-99999,31.1,-0.5700000000000001,9.9,20.,0.03,-0.07
122536,148778,-48.704492,-60.823518,3.7,-56,-99999,31.1,-0.5700000000000001,9.9,20.,0.03,-0.07
122536,148797,-48.704815,-60.82355,3.5,-56,-99999,31.1,-0.5700000000000001,9.9,20.,0.03,-0.07
122536,148847,-48.705693,-60.823655,3.4,-56,-99999,31.1,-0.5700000000000001,9.9,20.,0.03,-0.07
122536,148867,-48.706018,-60.82367,3.6,-56,-99999,31.1,-0.5700000000000001,9.9,20.,0.03,-0.07
122536,148877,-48.706187,-60.823665,4.1,-56,-99999,31.1,-0.5700000000000001,9.9,20.,0.03,-0.07
122536,148898,-48.706542,-60.823693,3.6,-57,-99999,31.1,-0.5700000000000001,9.9,20.,0.03,-0.07
122536,148907,-48.706715,-60.823698,3.7,-57,-99999,31.1,-0.5700000000000001,9.9,20.,0.03,-0.07
122536,148927,-48.707042,-60.823745,3.9,-57,-99999,31.1,-0.5700000000000001,9.9,20.,0.03,-0.07
122536,148948,-48.707403,-60.823775,4.1,-57,-99999,31.1,-0.5700000000000001,9.9,20.,0.03,-0.07
122536,148958,-48.707577,-60.823798,3.9,-57,-99999,31.1,-0.5700000000000001,9.9,20.,0.03,-0.07
122536,148977,-48.70789,-60.823825,3.7,-57,-99999,31.1,-0.5700000000000001,9.9,20.,0.03,-0.07
122536,148987,-48.708052,-60.823835,3.4,-57,-99999,31.1,-0.5700000000000001,9.9,20.,0.03,-0.07
122536,148997,-48.708222,-60.823852,3.9,-57,-99999,31.1,-0.5700000000000001,9.9,20.,0.03,-0.07
122536,149018,-48.708585,-60.823888,3.6,-57,-99999,31.1,-0.5700000000000001,9.9,20.,0.03,-0.07
122536,154041,-48.793202,-60.840165,4.7,-51,-99999,31.,-0.5700000000000001,9.8,18.400000000000002,0.05,-0.09
122536,157779,-48.85707,-60.860478,4.2,-50,-99999,31.,-0.56,9.700000000000001,15.3,0.06,-0.11
122536,157819,-48.85772,-60.860662,3.6,-50,-99999,31.,-0.56,9.700000000000001,15.3,0.06,-0.11
122536,159059,-48.878867,-60.867905,4.2,-51,-99999,31.,-0.56,9.600000000000001,14.200000000000001,0.07,-0.12
122536,160330,-48.900767,-60.875732,4.1,-51,-99999,31.,-0.56,9.600000000000001,14.3,0.08,-0.12
122536,171069,-49.085307,-60.894402,0.9,-47,-99999,30.900000000000002,-0.55,9.600000000000001,14.100000000000001,0.13,-0.15
122536,171109,-49.08518,-60.894385,0.9,-47,-99999,30.900000000000002,-0.55,9.600000000000001,14.100000000000001,0.13,-0.15
122536,171118,-49.085158,-60.894385,0.9,-47,-99999,30.900000000000002,-0.55,9.600000000000001,14.100000000000001,0.13,-0.15
122536,171168,-49.085193,-60.894213,2.,-47,-99999,30.900000000000002,-0.55,9.600000000000001,14.100000000000001,0.13,-0.15
122536,171219,-49.085517,-60.893817,2.1,-47,-99999,30.900000000000002,-0.55,9.600000000000001,14.100000000000001,0.13,-0.15
122536,171237,-49.085678,-60.89368,2.4,-47,-99999,30.900000000000002,-0.55,9.600000000000001,14.100000000000001,0.13,-0.15
122536,171238,-49.085678,-60.89368,2.4,-47,-99999,30.900000000000002,-0.55,9.600000000000001,14.100000000000001,0.13,-0.15
122536,171259,-49.085888,-60.893497,2.8,-47,-99999,30.900000000000002,-0.55,9.600000000000001,14.100000000000001,0.13,-0.15
122536,171288,-49.086197,-60.893232,3.,-47,-99999,30.900000000000002,-0.55,9.600000000000001,14.100000000000001,0.13,-0.15
122536,171297,-49.086305,-60.893138,2.8,-47,-99999,30.900000000000002,-0.55,9.600000000000001,14.100000000000001,0.13,-0.15
122536,171299,-49.086305,-60.893138,2.8,-47,-99999,30.900000000000002,-0.55,9.600000000000001,14.100000000000001,0.13,-0.15
122536,171318,-49.086528,-60.892937,2.1,-47,-99999,30.900000000000002,-0.55,9.600000000000001,14.100000000000001,0.13,-0.15
122536,171319,-49.086528,-60.892937,2.1,-47,-99999,30.900000000000002,-0.55,9.600000000000001,14.100000000000001,0.13,-0.15
122536,171339,-49.086683,-60.89276,2.5,-47,-99999,30.900000000000002,-0.55,9.600000000000001,14.,0.13,-0.15
122536,171340,-49.086683,-60.89276,2.5,-47,-99999,30.900000000000002,-0.55,9.600000000000001,14.,0.13,-0.15
122536,171348,-49.08674,-60.892682,2.4,-47,-99999,30.900000000000002,-0.55,9.600000000000001,14.,0.13,-0.15
122536,171357,-49.08682,-60.892602,1.3,-47,-99999,30.900000000000002,-0.55,9.600000000000001,14.,0.13,-0.15
122536,171358,-49.08682,-60.892602,1.3,-47,-99999,30.900000000000002,-0.55,9.600000000000001,14.,0.13,-0.15
122536,171368,-49.0869,-60.892498,2.,-47,-99999,30.900000000000002,-0.55,9.600000000000001,14.,0.13,-0.15
122536,171399,-49.087187,-60.892175,2.6,-47,-99999,30.900000000000002,-0.55,9.600000000000001,14.,0.13,-0.15
122536,171408,-49.087258,-60.8921,2.4,-47,-99999,30.900000000000002,-0.55,9.600000000000001,14.,0.13,-0.15
122536,171419,-49.087325,-60.891962,1.9,-47,-99999,30.900000000000002,-0.55,9.600000000000001,14.,0.13,-0.15
122536,171438,-49.087428,-60.8918,1.9,-47,-99999,30.900000000000002,-0.55,9.600000000000001,14.,0.13,-0.15
122536,171439,-49.087428,-60.8918,1.9,-47,-99999,30.900000000000002,-0.55,9.600000000000001,14.,0.13,-0.15
122536,171459,-49.087497,-60.891717,0.6,-47,-99999,30.900000000000002,-0.55,9.600000000000001,14.,0.13,-0.15
122536,171460,-49.087497,-60.891717,0.6,-47,-99999,30.900000000000002,-0.55,9.600000000000001,14.,0.13,-0.15
122536,171479,-49.087522,-60.891675,0.7,-47,-99999,30.900000000000002,-0.55,9.600000000000001,14.,0.13,-0.15
122536,171499,-49.087532,-60.891645,0.2,-47,-99999,30.900000000000002,-0.55,9.600000000000001,14.,0.13,-0.15
122536,171519,-49.087537,-60.89155,1.1,-47,-99999,30.900000000000002,-0.55,9.600000000000001,14.,0.13,-0.15
122536,171539,-49.087543,-60.891467,0.5,-47,-99999,30.900000000000002,-0.55,9.600000000000001,14.,0.13,-0.15
122536,171548,-49.087543,-60.891457,0.,-47,-99999,30.900000000000002,-0.55,9.600000000000001,14.,0.13,-0.15
122536,171559,-49.08754,-60.89144,0.8,-47,-99999,30.900000000000002,-0.55,9.600000000000001,14.,0.13,-0.15
122536,171569,-49.087545,-60.891433,0.4,-47,-99999,30.900000000000002,-0.55,9.600000000000001,14.,0.13,-0.15
122536,171570,-49.087545,-60.891433,0.4,-47,-99999,30.900000000000002,-0.55,9.600000000000001,14.,0.13,-0.15
122536,171578,-49.087553,-60.891415,0.3,-47,-99999,30.900000000000002,-0.55,9.600000000000001,14.,0.13,-0.15
122536,171579,-49.087553,-60.891415,0.3,-47,-99999,30.900000000000002,-0.55,9.600000000000001,14.,0.13,-0.15
122536,171587,-49.087563,-60.891388,0.8,-47,-99999,30.900000000000002,-0.55,9.600000000000001,14.,0.13,-0.15
122536,171588,-49.087563,-60.891388,0.8,-47,-99999,30.900000000000002,-0.55,9.600000000000001,14.,0.13,-0.15
122536,171599,-49.08759,-60.89132,0.9,-47,-99999,30.900000000000002,-0.55,9.600000000000001,14.,0.13,-0.15
122536,171608,-49.08762,-60.891262,1.4,-47,-99999,30.900000000000002,-0.55,9.600000000000001,14.,0.13,-0.15
122536,171618,-49.087655,-60.891187,1.3,-47,-99999,30.900000000000002,-0.55,9.600000000000001,14.,0.13,-0.15
122536,171619,-49.087655,-60.891187,1.3,-47,-99999,30.900000000000002,-0.55,9.600000000000001,14.,0.13,-0.15
122536,171639,-49.087735,-60.891038,1.4,-47,-99999,30.900000000000002,-0.55,9.600000000000001,14.,0.13,-0.15
122536,171648,-49.087782,-60.890907,2.4,-47,-99999,30.900000000000002,-0.55,9.600000000000001,14.,0.13,-0.15
122536,171658,-49.08784,-60.890828,2.6,-47,-99999,30.900000000000002,-0.55,9.600000000000001,14.,0.13,-0.15
122536,171665,-49.087907,-60.890743,3.2,-47,-99999,30.900000000000002,-0.55,9.600000000000001,14.,0.13,-0.15
122536,171668,-49.087923,-60.890732,1.8,-47,-99999,30.900000000000002,-0.55,9.600000000000001,14.,0.13,-0.15
122536,171672,-49.087952,-60.890677,2.8,-47,-99999,30.900000000000002,-0.55,9.600000000000001,14.,0.13,-0.15
122536,171679,-49.088023,-60.890593,3.1,-47,-99999,30.900000000000002,-0.55,9.600000000000001,14.,0.13,-0.15
122536,171690,-49.088145,-60.890473,3.,-47,-99999,30.900000000000002,-0.55,9.600000000000001,14.,0.13,-0.15
122536,171708,-49.088345,-60.890287,2.3,-47,-99999,30.900000000000002,-0.55,9.600000000000001,14.,0.14,-0.15
122536,176919,-49.190092,-60.769005,4.1,-48,-99999,31.,-0.5700000000000001,9.700000000000001,14.9,0.14,-0.16
122536,176979,-49.190893,-60.76789,3.6,-48,-99999,31.,-0.5700000000000001,9.700000000000001,14.9,0.14,-0.16
122536,177008,-49.191268,-60.767347,4.2,-48,-99999,31.,-0.5700000000000001,9.700000000000001,14.9,0.14,-0.16
122536,177039,-49.191708,-60.766795,4.1,-48,-99999,31.,-0.5700000000000001,9.700000000000001,14.9,0.14,-0.16
122536,177159,-49.193292,-60.764535,4.,-48,-99999,31.,-0.5700000000000001,9.700000000000001,14.8,0.14,-0.16
122536,177160,-49.193292,-60.764535,4.,-48,-99999,31.,-0.5700000000000001,9.700000000000001,14.8,0.14,-0.16
122536,177169,-49.193415,-60.76438,3.5,-48,-99999,31.,-0.5700000000000001,9.700000000000001,14.8,0.14,-0.16
122536,177180,-49.193532,-60.764168,4.3,-48,-99999,31.,-0.5700000000000001,9.700000000000001,14.8,0.14,-0.16
122536,177220,-49.194052,-60.763438,3.8,-48,-99999,31.,-0.5700000000000001,9.700000000000001,14.8,0.14,-0.16
122536,177239,-49.194308,-60.763082,3.8,-48,-99999,31.,-0.5700000000000001,9.700000000000001,14.8,0.14,-0.16
122536,177309,-49.195227,-60.76175,4.4,-48,-99999,31.,-0.5700000000000001,9.700000000000001,14.8,0.14,-0.16
122536,177319,-49.195365,-60.76157,3.9,-48,-99999,31.,-0.5700000000000001,9.700000000000001,14.8,0.14,-0.16
122536,177339,-49.19564,-60.761188,4.4,-48,-99999,31.,-0.5700000000000001,9.700000000000001,14.8,0.14,-0.16
122536,177340,-49.19564,-60.761188,4.4,-48,-99999,31.,-0.5700000000000001,9.700000000000001,14.8,0.14,-0.16
122536,177349,-49.195758,-60.761017,3.5,-48,-99999,31.,-0.5700000000000001,9.700000000000001,14.8,0.14,-0.16
122536,177369,-49.195993,-60.760593,3.9,-48,-99999,31.,-0.5700000000000001,9.700000000000001,14.8,0.14,-0.16
122536,177380,-49.196128,-60.760405,4.1,-48,-99999,31.,-0.5700000000000001,9.700000000000001,14.8,0.14,-0.16
122536,177389,-49.19625,-60.760205,4.3,-48,-99999,31.,-0.5700000000000001,9.700000000000001,14.8,0.14,-0.16
122536,177418,-49.196648,-60.759653,4.1,-48,-99999,31.,-0.5700000000000001,9.700000000000001,14.8,0.14,-0.16
122536,177419,-49.196648,-60.759653,4.1,-48,-99999,31.,-0.5700000000000001,9.700000000000001,14.8,0.14,-0.16
122536,177429,-49.196783,-60.75948,3.6,-48,-99999,31.,-0.5700000000000001,9.700000000000001,14.8,0.14,-0.16
122536,177439,-49.196913,-60.759277,4.4,-48,-99999,31.,-0.5700000000000001,9.700000000000001,14.8,0.14,-0.16
122536,177449,-49.197053,-60.759102,4.4,-48,-99999,31.,-0.5700000000000001,9.700000000000001,14.8,0.14,-0.16
122536,177458,-49.197172,-60.758938,3.6,-48,-99999,31.,-0.5700000000000001,9.700000000000001,14.8,0.14,-0.16
122536,177468,-49.197303,-60.758745,4.,-48,-99999,31.,-0.5700000000000001,9.700000000000001,14.8,0.14,-0.16
122536,177478,-49.197445,-60.758543,3.9,-48,-99999,31.,-0.5700000000000001,9.700000000000001,14.8,0.14,-0.16
122536,177479,-49.197445,-60.758543,3.9,-48,-99999,31.,-0.5700000000000001,9.700000000000001,14.8,0.14,-0.16
122536,177488,-49.197575,-60.758345,4.6,-48,-99999,31.,-0.5700000000000001,9.700000000000001,14.8,0.14,-0.16
122536,177489,-49.197575,-60.758345,4.6,-48,-99999,31.,-0.5700000000000001,9.700000000000001,14.8,0.14,-0.16
122536,177498,-49.197687,-60.758175,4.3,-48,-99999,31.,-0.5700000000000001,9.700000000000001,14.8,0.14,-0.16
122536,177509,-49.197822,-60.757967,3.7,-48,-99999,31.,-0.5700000000000001,9.700000000000001,14.8,0.14,-0.16
122536,177519,-49.197935,-60.757785,3.8,-48,-99999,31.,-0.5700000000000001,9.700000000000001,14.8,0.14,-0.16
122536,177528,-49.198072,-60.757585,4.4,-48,-99999,31.,-0.5700000000000001,9.700000000000001,14.8,0.14,-0.16
122536,177539,-49.198223,-60.757388,3.8,-48,-99999,31.,-0.5700000000000001,9.700000000000001,14.8,0.14,-0.16
122536,177549,-49.198357,-60.7572,4.5,-48,-99999,31.,-0.5700000000000001,9.700000000000001,14.700000000000001,0.14,-0.16
122536,177558,-49.198472,-60.757038,3.5,-48,-99999,31.,-0.5700000000000001,9.700000000000001,14.700000000000001,0.14,-0.16
122536,177569,-49.19862,-60.756837,3.8,-48,-99999,31.,-0.5700000000000001,9.700000000000001,14.700000000000001,0.14,-0.16
122536,177578,-49.198743,-60.756682,4.,-48,-99999,31.,-0.5700000000000001,9.700000000000001,14.700000000000001,0.14,-0.16
122536,182778,-49.271295,-60.667443,4.,-48,-99999,31.1,-0.58,9.700000000000001,18.6,0.11,-0.14
122536,182779,-49.271295,-60.667443,4.,-48,-99999,31.1,-0.58,9.700000000000001,18.6,0.11,-0.14
122536,182787,-49.27141,-60.667275,3.8,-48,-99999,31.1,-0.58,9.700000000000001,18.6,0.11,-0.14
122536,182858,-49.27227,-60.665878,4.2,-50,-99999,31.1,-0.58,9.700000000000001,18.7,0.11,-0.14
122536,182859,-49.27227,-60.665878,4.2,-50,-99999,31.1,-0.58,9.700000000000001,18.7,0.11,-0.14
122536,182898,-49.272787,-60.665098,3.9,-50,-99999,31.1,-0.58,9.700000000000001,18.8,0.11,-0.14
122536,182899,-49.272787,-60.665098,3.9,-50,-99999,31.1,-0.58,9.700000000000001,18.8,0.11,-0.14
122536,182918,-49.273022,-60.664698,3.6,-50,-99999,31.1,-0.58,9.700000000000001,18.8,0.11,-0.14
122536,182919,-49.273022,-60.664698,3.6,-50,-99999,31.1,-0.58,9.700000000000001,18.8,0.11,-0.14
122536,183006,-49.274065,-60.662858,3.6,-50,-99999,31.1,-0.58,9.700000000000001,18.900000000000002,0.11,-0.14
122536,183007,-49.274065,-60.662858,3.6,-50,-99999,31.1,-0.58,9.700000000000001,18.900000000000002,0.11,-0.14
122536,183038,-49.274457,-60.662187,4.,-50,-99999,31.1,-0.58,9.700000000000001,18.900000000000002,0.11,-0.14
122536,183039,-49.274457,-60.662187,4.,-50,-99999,31.1,-0.58,9.700000000000001,18.900000000000002,0.11,-0.14
122536,183066,-49.274797,-60.661612,4.,-50,-99999,31.1,-0.58,9.700000000000001,19.,0.11,-0.14
122536,183089,-49.275053,-60.661162,3.7,-50,-99999,31.1,-0.58,9.700000000000001,19.,0.11,-0.14
122536,183108,-49.275288,-60.660748,3.8,-50,-99999,31.1,-0.58,9.700000000000001,19.,0.11,-0.14
122536,183109,-49.275288,-60.660748,3.8,-50,-99999,31.1,-0.58,9.700000000000001,19.,0.11,-0.14
122536,183149,-49.275763,-60.659955,4.1,-50,-99999,31.1,-0.58,9.700000000000001,19.,0.11,-0.14
122536,183186,-49.276215,-60.659205,3.9,-50,-99999,31.1,-0.58,9.700000000000001,19.1,0.1,-0.14
122536,183187,-49.276215,-60.659205,3.9,-50,-99999,31.1,-0.58,9.700000000000001,19.1,0.1,-0.14
122536,183208,-49.276462,-60.65873,4.2,-50,-99999,31.1,-0.58,9.700000000000001,19.1,0.1,-0.14
122536,183209,-49.276462,-60.65873,4.2,-50,-99999,31.1,-0.58,9.700000000000001,19.1,0.1,-0.14
122536,183246,-49.276932,-60.657943,3.9,-50,-99999,31.1,-0.58,9.700000000000001,19.200000000000003,0.1,-0.14
122536,183248,-49.276932,-60.657943,3.9,-50,-99999,31.1,-0.58,9.700000000000001,19.200000000000003,0.1,-0.14
122536,183267,-49.277153,-60.657523,3.6,-50,-99999,31.1,-0.58,9.700000000000001,19.200000000000003,0.1,-0.14
122536,183279,-49.27729,-60.657285,3.8,-50,-99999,31.1,-0.58,9.700000000000001,19.200000000000003,0.1,-0.14
122536,183288,-49.2774,-60.657058,3.4,-50,-99999,31.1,-0.58,9.700000000000001,19.200000000000003,0.1,-0.14
122536,183289,-49.2774,-60.657058,3.4,-50,-99999,31.1,-0.58,9.700000000000001,19.200000000000003,0.1,-0.14
122536,183307,-49.277587,-60.656668,4.2,-50,-99999,31.1,-0.58,9.700000000000001,19.200000000000003,0.1,-0.14
122536,183349,-49.278063,-60.655833,3.7,-50,-99999,31.1,-0.58,9.700000000000001,19.3,0.1,-0.14
122536,183359,-49.278177,-60.655645,3.2,-50,-99999,31.1,-0.58,9.700000000000001,19.3,0.1,-0.14
122536,183367,-49.278293,-60.65549,3.9,-50,-99999,31.1,-0.58,9.700000000000001,19.3,0.1,-0.14
122536,186450,-49.314367,-60.590565,3.8,-49,-99999,31.200000000000003,-0.59,9.700000000000001,20.,0.08,-0.12
122536,191940,-49.382895,-60.4891,4.5,-50,-99999,31.200000000000003,-0.59,9.9,18.2,0.04,-0.07
122536,197551,-49.457352,-60.397805,3.8,-49,-99999,31.200000000000003,-0.58,10.,15.600000000000001,0.02,-0.02
122536,210320,-49.579912,-60.140792,4.9,-47,-99999,31.200000000000003,-0.5700000000000001,9.8,10.4,0.06,-0.07
122536,211710,-49.59904,-60.104198,5.9,-44,-99999,31.200000000000003,-0.5700000000000001,9.8,10.,0.06,-0.09
122536,212909,-49.613827,-60.07635,3.6,-44,-99999,31.200000000000003,-0.5700000000000001,9.8,10.4,0.06,-0.11
122536,214078,-49.627445,-60.05142,3.9,-43,-99999,31.200000000000003,-0.5700000000000001,9.8,11.4,0.05,-0.12
122536,215238,-49.64142,-60.026805,3.8,-42,-99999,31.200000000000003,-0.5700000000000001,9.700000000000001,12.3,0.05,-0.14
122536,215598,-49.645742,-60.019132,3.8,-42,-99999,31.200000000000003,-0.5700000000000001,9.700000000000001,12.5,0.04,-0.14
122536,216668,-49.658572,-59.995907,3.9,-42,-99999,31.200000000000003,-0.5700000000000001,9.700000000000001,13.,0.04,-0.16
122536,217700,-49.670568,-59.972917,4.,-41,-99999,31.200000000000003,-0.5700000000000001,9.700000000000001,12.9,0.03,-0.17
122536,218930,-49.685527,-59.946792,4.2,-40,-99999,31.200000000000003,-0.5700000000000001,9.700000000000001,12.8,0.03,-0.18
122536,219280,-49.690107,-59.939628,4.,-40,-99999,31.200000000000003,-0.5700000000000001,9.700000000000001,12.8,0.03,-0.19
122536,219388,-49.691542,-59.93735,5.2,-39,-99999,31.200000000000003,-0.5700000000000001,9.700000000000001,12.8,0.02,-0.19
122536,219399,-49.691655,-59.937118,4.6,-39,-99999,31.200000000000003,-0.5700000000000001,9.700000000000001,12.8,0.02,-0.19
122536,219419,-49.69196,-59.936712,4.,-39,-99999,31.200000000000003,-0.5700000000000001,9.700000000000001,12.8,0.02,-0.19
122536,219429,-49.6921,-59.936518,4.2,-39,-99999,31.200000000000003,-0.5700000000000001,9.700000000000001,12.8,0.02,-0.19
122536,219430,-49.6921,-59.936518,4.2,-39,-99999,31.200000000000003,-0.5700000000000001,9.700000000000001,12.8,0.02,-0.19
122536,219458,-49.6925,-59.935935,4.1,-39,-99999,31.200000000000003,-0.5700000000000001,9.700000000000001,12.8,0.02,-0.19
122536,219459,-49.6925,-59.935935,4.1,-39,-99999,31.200000000000003,-0.5700000000000001,9.700000000000001,12.8,0.02,-0.19
122536,219467,-49.692615,-59.935752,3.8,-39,-99999,31.200000000000003,-0.5700000000000001,9.700000000000001,12.8,0.02,-0.19
122536,219468,-49.692615,-59.935752,3.8,-39,-99999,31.200000000000003,-0.5700000000000001,9.700000000000001,12.8,0.02,-0.19
122536,219489,-49.69291,-59.935285,4.9,-39,-99999,31.200000000000003,-0.5700000000000001,9.700000000000001,12.8,0.02,-0.19
122536,219490,-49.69291,-59.935285,4.9,-39,-99999,31.200000000000003,-0.5700000000000001,9.700000000000001,12.8,0.02,-0.19
122536,219520,-49.693295,-59.934695,4.,-39,-99999,31.200000000000003,-0.5700000000000001,9.700000000000001,12.8,0.02,-0.19
122536,219528,-49.693398,-59.934492,4.4,-39,-99999,31.200000000000003,-0.5700000000000001,9.700000000000001,12.8,0.02,-0.19
122536,219538,-49.693542,-59.934268,4.8,-39,-99999,31.200000000000003,-0.5700000000000001,9.700000000000001,12.700000000000001,0.02,-0.19
122536,219549,-49.693703,-59.93405,4.4,-39,-99999,31.200000000000003,-0.5700000000000001,9.700000000000001,12.700000000000001,0.02,-0.19
122536,219550,-49.693703,-59.93405,4.4,-39,-99999,31.200000000000003,-0.5700000000000001,9.700000000000001,12.700000000000001,0.02,-0.19
122536,219559,-49.693837,-59.933832,4.2,-39,-99999,31.200000000000003,-0.5700000000000001,9.700000000000001,12.700000000000001,0.02,-0.19
122536,219569,-49.693967,-59.93363,4.3,-39,-99999,31.200000000000003,-0.5700000000000001,9.700000000000001,12.700000000000001,0.02,-0.19
122536,219578,-49.694078,-59.933458,3.8,-39,-99999,31.200000000000003,-0.5700000000000001,9.700000000000001,12.700000000000001,0.02,-0.19
122536,219579,-49.694078,-59.933458,3.8,-39,-99999,31.200000000000003,-0.5700000000000001,9.700000000000001,12.700000000000001,0.02,-0.19
122536,219587,-49.694182,-59.933262,4.3,-39,-99999,31.200000000000003,-0.5700000000000001,9.700000000000001,12.700000000000001,0.02,-0.19
122536,219588,-49.694182,-59.933262,4.3,-39,-99999,31.200000000000003,-0.5700000000000001,9.700000000000001,12.700000000000001,0.02,-0.19
122536,219598,-49.69432,-59.933022,3.6,-39,-99999,31.200000000000003,-0.5700000000000001,9.700000000000001,12.700000000000001,0.02,-0.19
122536,219609,-49.694463,-59.932792,4.3,-39,-99999,31.200000000000003,-0.5700000000000001,9.700000000000001,12.700000000000001,0.02,-0.19
122536,219629,-49.694722,-59.932388,4.2,-39,-99999,31.200000000000003,-0.5700000000000001,9.700000000000001,12.700000000000001,0.02,-0.19
122536,219638,-49.69484,-59.932208,3.8,-39,-99999,31.200000000000003,-0.5700000000000001,9.700000000000001,12.700000000000001,0.02,-0.19
122536,219639,-49.69484,-59.932208,3.8,-39,-99999,31.200000000000003,-0.5700000000000001,9.700000000000001,12.700000000000001,0.02,-0.19
122536,219648,-49.694967,-59.931995,4.7,-39,-99999,31.200000000000003,-0.5700000000000001,9.700000000000001,12.700000000000001,0.02,-0.19
122536,219649,-49.694967,-59.931995,4.7,-39,-99999,31.200000000000003,-0.5700000000000001,9.700000000000001,12.700000000000001,0.02,-0.19
122536,219670,-49.695257,-59.931587,3.7,-39,-99999,31.200000000000003,-0.5700000000000001,9.700000000000001,12.700000000000001,0.02,-0.19
122536,219680,-49.69539,-59.931365,3.8,-39,-99999,31.200000000000003,-0.5700000000000001,9.700000000000001,12.700000000000001,0.02,-0.19
122536,219689,-49.695515,-59.931148,3.6,-39,-99999,31.200000000000003,-0.5700000000000001,9.700000000000001,12.700000000000001,0.02,-0.19
122536,219698,-49.695637,-59.93095,4.1,-39,-99999,31.200000000000003,-0.5700000000000001,9.700000000000001,12.700000000000001,0.02,-0.19
122536,219699,-49.695637,-59.93095,4.1,-39,-99999,31.200000000000003,-0.5700000000000001,9.700000000000001,12.700000000000001,0.02,-0.19
122536,219759,-49.696422,-59.929708,4.5,-39,-99999,31.200000000000003,-0.5700000000000001,9.700000000000001,12.700000000000001,0.02,-0.19
122536,219768,-49.696547,-59.929517,3.9,-39,-99999,31.200000000000003,-0.5700000000000001,9.700000000000001,12.700000000000001,0.02,-0.19
122536,219769,-49.696547,-59.929517,3.9,-39,-99999,31.200000000000003,-0.5700000000000001,9.700000000000001,12.700000000000001,0.02,-0.19
122536,219828,-49.697367,-59.92827,4.,-39,-99999,31.200000000000003,-0.5700000000000001,9.700000000000001,12.700000000000001,0.02,-0.19
122536,219849,-49.697673,-59.927857,3.7,-39,-99999,31.200000000000003,-0.5700000000000001,9.700000000000001,12.700000000000001,0.02,-0.19
122536,219858,-49.697502,-59.928067,4.3,-39,-99999,31.200000000000003,-0.5700000000000001,9.700000000000001,12.700000000000001,0.02,-0.19
122536,220268,-49.703005,-59.918783,3.7,-39,-99999,31.200000000000003,-0.5700000000000001,9.700000000000001,12.700000000000001,0.02,-0.19
122536,220538,-49.706438,-59.912822,4.4,-38,-99999,31.200000000000003,-0.5700000000000001,9.8,12.700000000000001,0.02,-0.19
122536,221359,-49.716797,-59.894405,4.4,-38,-99999,31.200000000000003,-0.5700000000000001,9.8,12.5,0.02,-0.2
122536,222498,-49.731268,-59.868625,3.8,-37,-99999,31.200000000000003,-0.58,9.9,12.3,0.01,-0.2
122536,223019,-49.738452,-59.857563,4.7,-37,-99999,31.200000000000003,-0.58,9.9,12.100000000000001,0.01,-0.2
122536,223570,-49.746283,-59.846202,4.2,-36,-99999,31.200000000000003,-0.58,9.9,12.,0.01,-0.2
122536,224340,-49.757393,-59.83059,4.2,-36,-99999,31.200000000000003,-0.58,9.9,12.,0.01,-0.2
122536,224950,-49.76649,-59.818657,4.5,-35,-99999,31.200000000000003,-0.58,9.9,12.,0.01,-0.2
122536,225179,-49.769892,-59.814142,4.3,-35,-99999,31.200000000000003,-0.58,9.9,12.100000000000001,0.01,-0.2
122536,225186,-49.770012,-59.814002,4.2,-35,-99999,31.200000000000003,-0.58,9.9,12.100000000000001,0.01,-0.2
122536,225187,-49.770012,-59.814002,4.2,-35,-99999,31.200000000000003,-0.58,9.9,12.100000000000001,0.01,-0.2
122536,225207,-49.770317,-59.813573,5.,-35,-99999,31.200000000000003,-0.58,9.9,12.100000000000001,0.01,-0.2
122536,225208,-49.770317,-59.813573,5.,-35,-99999,31.200000000000003,-0.58,9.9,12.100000000000001,0.01,-0.2
122536,225218,-49.770488,-59.813352,5.,-35,-99999,31.200000000000003,-0.58,9.9,12.100000000000001,0.01,-0.2
122536,225219,-49.770488,-59.813352,5.,-35,-99999,31.200000000000003,-0.58,9.9,12.100000000000001,0.01,-0.2
122536,225226,-49.770613,-59.813198,4.3,-35,-99999,31.200000000000003,-0.58,9.9,12.100000000000001,0.01,-0.2
122536,225227,-49.770613,-59.813198,4.3,-35,-99999,31.200000000000003,-0.58,9.9,12.100000000000001,0.01,-0.2
122536,225238,-49.770802,-59.812978,4.3,-35,-99999,31.200000000000003,-0.58,9.9,12.100000000000001,0.01,-0.2
122536,225239,-49.770802,-59.812978,4.3,-35,-99999,31.200000000000003,-0.58,9.9,12.100000000000001,0.01,-0.2
122536,225247,-49.770933,-59.812838,4.6,-35,-99999,31.200000000000003,-0.58,9.9,12.100000000000001,0.01,-0.2
122536,225257,-49.771103,-59.812665,4.4,-35,-99999,31.200000000000003,-0.58,9.9,12.100000000000001,0.01,-0.2
122536,225268,-49.771277,-59.812407,5.8,-35,-99999,31.200000000000003,-0.58,9.9,12.100000000000001,0.01,-0.2
122536,225286,-49.771587,-59.812082,4.4,-35,-99999,31.200000000000003,-0.58,9.9,12.100000000000001,0.01,-0.2
122536,225287,-49.771587,-59.812082,4.4,-35,-99999,31.200000000000003,-0.58,9.9,12.100000000000001,0.01,-0.2
122536,225297,-49.771747,-59.811868,4.4,-35,-99999,31.200000000000003,-0.58,9.9,12.100000000000001,0.01,-0.2
122536,225298,-49.771747,-59.811868,4.4,-35,-99999,31.200000000000003,-0.58,9.9,12.100000000000001,0.01,-0.2
122536,225327,-49.772167,-59.811287,4.5,-35,-99999,31.200000000000003,-0.58,9.9,12.100000000000001,0.01,-0.2
122536,225328,-49.772167,-59.811287,4.5,-35,-99999,31.200000000000003,-0.58,9.9,12.100000000000001,0.01,-0.2
122536,225338,-49.772322,-59.811067,3.8,-35,-99999,31.200000000000003,-0.58,9.9,12.100000000000001,0.01,-0.2
122536,225339,-49.772322,-59.811067,3.8,-35,-99999,31.200000000000003,-0.58,9.9,12.100000000000001,0.01,-0.2
122536,225346,-49.772453,-59.810925,4.5,-35,-99999,31.200000000000003,-0.58,9.9,12.100000000000001,0.01,-0.2
122536,225347,-49.772453,-59.810925,4.5,-35,-99999,31.200000000000003,-0.58,9.9,12.100000000000001,0.01,-0.2
122536,225357,-49.772623,-59.810728,4.2,-35,-99999,31.200000000000003,-0.58,9.9,12.100000000000001,0.01,-0.2
122536,225358,-49.772623,-59.810728,4.2,-35,-99999,31.200000000000003,-0.58,9.9,12.100000000000001,0.01,-0.2
122536,225387,-49.773093,-59.810178,4.1,-35,-99999,31.200000000000003,-0.58,9.9,12.100000000000001,0.01,-0.2
122536,225388,-49.773093,-59.810178,4.1,-35,-99999,31.200000000000003,-0.58,9.9,12.100000000000001,0.01,-0.2
122536,225398,-49.773262,-59.809977,4.9,-35,-99999,31.200000000000003,-0.58,9.9,12.100000000000001,0.01,-0.2
122536,225399,-49.773262,-59.809977,4.9,-35,-99999,31.200000000000003,-0.58,9.9,12.100000000000001,0.01,-0.2
122536,225406,-49.773385,-59.809833,4.2,-35,-99999,31.200000000000003,-0.58,9.9,12.100000000000001,0.01,-0.2
122536,225407,-49.773385,-59.809833,4.2,-35,-99999,31.200000000000003,-0.58,9.9,12.100000000000001,0.01,-0.2
122536,225417,-49.773557,-59.80963,4.1,-35,-99999,31.200000000000003,-0.58,9.9,12.100000000000001,0.01,-0.2
122536,225418,-49.773557,-59.80963,4.1,-35,-99999,31.200000000000003,-0.58,9.9,12.100000000000001,0.01,-0.2
122536,225447,-49.774027,-59.80906,4.1,-35,-99999,31.200000000000003,-0.58,9.9,12.100000000000001,0.01,-0.2
122536,225448,-49.774027,-59.80906,4.1,-35,-99999,31.200000000000003,-0.58,9.9,12.100000000000001,0.01,-0.2
122536,225466,-49.774308,-59.808698,4.2,-35,-99999,31.200000000000003,-0.58,9.9,12.100000000000001,0.01,-0.2
122536,225467,-49.774308,-59.808698,4.2,-35,-99999,31.200000000000003,-0.58,9.9,12.100000000000001,0.01,-0.2
122536,225477,-49.774462,-59.808463,4.3,-35,-99999,31.200000000000003,-0.58,9.9,12.100000000000001,0.01,-0.2
122536,225478,-49.774462,-59.808463,4.3,-35,-99999,31.200000000000003,-0.58,9.9,12.100000000000001,0.01,-0.2
122536,225486,-49.774597,-59.808292,3.2,-35,-99999,31.200000000000003,-0.58,9.9,12.100000000000001,0.01,-0.2
122536,225508,-49.774912,-59.807903,3.6,-35,-99999,31.200000000000003,-0.58,9.9,12.100000000000001,0.01,-0.2
122536,225527,-49.775215,-59.807565,4.7,-35,-99999,31.200000000000003,-0.58,9.9,12.100000000000001,0.01,-0.2
122536,225528,-49.775215,-59.807565,4.7,-35,-99999,31.200000000000003,-0.58,9.9,12.100000000000001,0.01,-0.2
122536,225567,-49.775852,-59.806847,5.2,-35,-99999,31.200000000000003,-0.58,9.9,12.100000000000001,0.01,-0.2
122536,225568,-49.775852,-59.806847,5.2,-35,-99999,31.200000000000003,-0.58,9.9,12.100000000000001,0.01,-0.2
122536,225597,-49.776307,-59.806293,4.2,-35,-99999,31.200000000000003,-0.58,9.9,12.100000000000001,0.01,-0.2
122536,225598,-49.776307,-59.806293,4.2,-35,-99999,31.200000000000003,-0.58,9.9,12.100000000000001,0.01,-0.2
122536,225668,-49.777375,-59.805038,4.3,-35,-99999,31.200000000000003,-0.58,9.9,12.100000000000001,0.01,-0.2
122536,225698,-49.777845,-59.804473,4.8,-35,-99999,31.200000000000003,-0.58,9.9,12.100000000000001,0.01,-0.2
122536,225708,-49.777967,-59.80433,3.5,-35,-99999,31.200000000000003,-0.58,9.9,12.100000000000001,0.01,-0.2
122536,225980,-49.782318,-59.799762,4.3,-35,-99999,31.200000000000003,-0.58,9.9,12.100000000000001,0.01,-0.2
122536,227228,-49.794422,-59.782987,1.6,-34,-99999,31.200000000000003,-0.58,10.,12.100000000000001,0.01,-0.2
122536,228096,-49.792937,-59.763057,7.8,-34,-99999,31.200000000000003,-0.58,10.,12.200000000000001,0.,-0.21
122536,228449,-49.803945,-59.746032,9.7,-32,-99999,31.200000000000003,-0.58,10.,12.100000000000001,0.,-0.21
122536,229699,-49.843317,-59.686272,9.7,-33,-99999,31.1,-0.58,10.,11.9,-0.01,-0.21
122536,229841,-49.847695,-59.679538,9.8,-33,-99999,31.1,-0.58,10.,11.9,-0.01,-0.21
122536,231037,-49.883153,-59.623623,9.7,-32,-99999,31.1,-0.58,10.100000000000001,12.3,-0.02,-0.21
122536,231038,-49.883153,-59.623623,9.7,-32,-99999,31.1,-0.58,10.100000000000001,12.3,-0.02,-0.21
122536,231047,-49.883457,-59.623152,9.5,-32,-99999,31.1,-0.58,10.100000000000001,12.3,-0.02,-0.21
122536,231048,-49.883457,-59.623152,9.5,-32,-99999,31.1,-0.58,10.100000000000001,12.3,-0.02,-0.21
122536,231058,-49.883757,-59.622667,10.1,-32,-99999,31.1,-0.58,10.100000000000001,12.3,-0.02,-0.21
122536,231068,-49.884088,-59.622148,9.5,-32,-99999,31.1,-0.58,10.100000000000001,12.3,-0.02,-0.21
122536,231078,-49.884373,-59.621658,9.6,-32,-99999,31.1,-0.58,10.100000000000001,12.3,-0.02,-0.21
122536,231079,-49.884373,-59.621658,9.6,-32,-99999,31.1,-0.58,10.100000000000001,12.3,-0.02,-0.21
122536,231097,-49.884947,-59.620775,9.3,-32,-99999,31.1,-0.58,10.100000000000001,12.3,-0.02,-0.21
122536,231098,-49.884947,-59.620775,9.3,-32,-99999,31.1,-0.58,10.100000000000001,12.3,-0.02,-0.21
122536,231107,-49.885248,-59.620308,9.2,-32,-99999,31.1,-0.58,10.100000000000001,12.3,-0.02,-0.21
122536,231118,-49.885547,-59.619845,9.1,-32,-99999,31.1,-0.58,10.100000000000001,12.3,-0.02,-0.21
122536,231119,-49.885547,-59.619845,9.1,-32,-99999,31.1,-0.58,10.100000000000001,12.3,-0.02,-0.21
122536,231147,-49.886382,-59.61849,8.7,-32,-99999,31.1,-0.58,10.100000000000001,12.3,-0.02,-0.21
122536,231158,-49.886695,-59.617993,8.4,-32,-99999,31.1,-0.58,10.100000000000001,12.3,-0.02,-0.21
122536,231159,-49.886695,-59.617993,8.4,-32,-99999,31.1,-0.58,10.100000000000001,12.3,-0.02,-0.21
122536,231167,-49.886987,-59.617553,8.7,-32,-99999,31.1,-0.58,10.100000000000001,12.3,-0.02,-0.21
122536,231168,-49.886987,-59.617553,8.7,-32,-99999,31.1,-0.58,10.100000000000001,12.3,-0.02,-0.21
122536,231178,-49.887253,-59.617067,9.1,-32,-99999,31.1,-0.58,10.100000000000001,12.3,-0.02,-0.21
122536,231179,-49.887253,-59.617067,9.1,-32,-99999,31.1,-0.58,10.100000000000001,12.3,-0.02,-0.21
122536,231198,-49.887833,-59.616163,9.1,-32,-99999,31.1,-0.58,10.100000000000001,12.3,-0.02,-0.21
122536,231207,-49.888107,-59.615762,9.,-32,-99999,31.1,-0.58,10.100000000000001,12.3,-0.02,-0.21
122536,231218,-49.88842,-59.61525,9.8,-32,-99999,31.1,-0.58,10.100000000000001,12.4,-0.02,-0.21
122536,231219,-49.88842,-59.61525,9.8,-32,-99999,31.1,-0.58,10.100000000000001,12.4,-0.02,-0.21
122536,231227,-49.88871,-59.614808,8.9,-32,-99999,31.1,-0.58,10.100000000000001,12.4,-0.02,-0.21
122536,231228,-49.88871,-59.614808,8.9,-32,-99999,31.1,-0.58,10.100000000000001,12.4,-0.02,-0.21
122536,231238,-49.889,-59.61436,9.1,-32,-99999,31.1,-0.58,10.100000000000001,12.4,-0.02,-0.21
122536,231239,-49.889,-59.61436,9.1,-32,-99999,31.1,-0.58,10.100000000000001,12.4,-0.02,-0.21
122536,231247,-49.889292,-59.613893,8.9,-32,-99999,31.1,-0.58,10.100000000000001,12.4,-0.02,-0.21
122536,231248,-49.889292,-59.613893,8.9,-32,-99999,31.1,-0.58,10.100000000000001,12.4,-0.02,-0.21
122536,231258,-49.88959,-59.61342,8.9,-32,-99999,31.1,-0.58,10.100000000000001,12.4,-0.02,-0.21
122536,231260,-49.88959,-59.61342,8.9,-32,-99999,31.1,-0.58,10.100000000000001,12.4,-0.02,-0.21
122536,231278,-49.890203,-59.612512,9.7,-32,-99999,31.1,-0.58,10.100000000000001,12.4,-0.02,-0.21
122536,231279,-49.890203,-59.612512,9.7,-32,-99999,31.1,-0.58,10.100000000000001,12.4,-0.02,-0.21
122536,231287,-49.890505,-59.612047,9.7,-32,-99999,31.1,-0.58,10.100000000000001,12.4,-0.02,-0.21
122536,231288,-49.890505,-59.612047,9.7,-32,-99999,31.1,-0.58,10.100000000000001,12.4,-0.02,-0.21
122536,231299,-49.890797,-59.611563,9.4,-32,-99999,31.1,-0.58,10.100000000000001,12.4,-0.02,-0.21
122536,231307,-49.891098,-59.611087,9.2,-32,-99999,31.1,-0.58,10.100000000000001,12.4,-0.02,-0.21
122536,231338,-49.892023,-59.609633,9.4,-32,-99999,31.1,-0.58,10.100000000000001,12.4,-0.02,-0.22
122536,231348,-49.892333,-59.609187,9.4,-32,-99999,31.1,-0.58,10.100000000000001,12.4,-0.02,-0.22
122536,231367,-49.892908,-59.608247,9.6,-32,-99999,31.1,-0.58,10.100000000000001,12.4,-0.02,-0.22
122536,231368,-49.892908,-59.608247,9.6,-32,-99999,31.1,-0.58,10.100000000000001,12.4,-0.02,-0.22
122536,231387,-49.893507,-59.607347,9.5,-32,-99999,31.1,-0.58,10.100000000000001,12.4,-0.02,-0.22
122536,231388,-49.893507,-59.607347,9.5,-32,-99999,31.1,-0.58,10.100000000000001,12.4,-0.02,-0.22
122536,231399,-49.893793,-59.606875,9.9,-32,-99999,31.1,-0.58,10.100000000000001,12.4,-0.02,-0.22
122536,231427,-49.894663,-59.60546,9.1,-32,-99999,31.1,-0.58,10.100000000000001,12.4,-0.02,-0.22
122536,231438,-49.894965,-59.604983,9.8,-32,-99999,31.1,-0.58,10.100000000000001,12.4,-0.02,-0.22
122536,231447,-49.895265,-59.604505,9.5,-32,-99999,31.1,-0.58,10.100000000000001,12.4,-0.02,-0.22
122536,231448,-49.895265,-59.604505,9.5,-32,-99999,31.1,-0.58,10.100000000000001,12.4,-0.02,-0.22
122536,231468,-49.895857,-59.60355,9.6,-32,-99999,31.1,-0.58,10.100000000000001,12.4,-0.02,-0.22
122536,231557,-49.898465,-59.599393,9.1,-32,-99999,31.1,-0.58,10.100000000000001,12.5,-0.02,-0.22
122536,231567,-49.898798,-59.59888,9.4,-32,-99999,31.1,-0.58,10.100000000000001,12.5,-0.02,-0.22
122536,231628,-49.900622,-59.596087,9.4,-32,-99999,31.1,-0.58,10.100000000000001,12.5,-0.02,-0.22
122536,231747,-49.904167,-59.590472,8.9,-32,-99999,31.1,-0.58,10.100000000000001,12.5,-0.02,-0.22
122536,232170,-49.91636,-59.570793,9.3,-31,-99999,31.1,-0.58,10.200000000000001,12.5,-0.02,-0.21
122536,233460,-49.953798,-59.510333,9.1,-32,-99999,31.200000000000003,-0.58,10.100000000000001,12.5,-0.03,-0.2
122536,233480,-49.95434,-59.509397,9.4,-32,-99999,31.200000000000003,-0.58,10.100000000000001,12.5,-0.03,-0.2
122536,234659,-49.986783,-59.454702,8.5,-32,-99999,31.200000000000003,-0.58,10.,13.3,-0.03,-0.18
122536,235481,-50.008938,-59.41699,8.2,-33,-99999,31.200000000000003,-0.58,10.,13.4,-0.03,-0.17
122536,235890,-50.020087,-59.398218,8.3,-33,-99999,31.200000000000003,-0.58,9.9,13.3,-0.03,-0.16
122536,236976,-50.049403,-59.348515,9.1,-34,-99999,31.200000000000003,-0.58,9.9,13.600000000000001,-0.03,-0.14
122536,236977,-50.049403,-59.348515,9.1,-34,-99999,31.200000000000003,-0.58,9.9,13.600000000000001,-0.03,-0.14
122536,236986,-50.049647,-59.34812,8.5,-34,-99999,31.200000000000003,-0.58,9.9,13.600000000000001,-0.03,-0.14
122536,236998,-50.04996,-59.347558,8.6,-34,-99999,31.200000000000003,-0.58,9.9,13.600000000000001,-0.03,-0.14
122536,237007,-50.050208,-59.347097,8.5,-34,-99999,31.200000000000003,-0.58,9.9,13.600000000000001,-0.03,-0.14
122536,237008,-50.050208,-59.347097,8.5,-34,-99999,31.200000000000003,-0.58,9.9,13.600000000000001,-0.03,-0.14
122536,237016,-50.050418,-59.346752,8.7,-34,-99999,31.200000000000003,-0.58,9.9,13.600000000000001,-0.03,-0.14
122536,237017,-50.050418,-59.346752,8.7,-34,-99999,31.200000000000003,-0.58,9.9,13.600000000000001,-0.03,-0.14
122536,237028,-50.050733,-59.346232,8.8,-34,-99999,31.200000000000003,-0.58,9.9,13.700000000000001,-0.03,-0.14
122536,237029,-50.050733,-59.346232,8.8,-34,-99999,31.200000000000003,-0.58,9.9,13.700000000000001,-0.03,-0.14
122536,237036,-50.050968,-59.345823,8.8,-34,-99999,31.200000000000003,-0.58,9.9,13.700000000000001,-0.03,-0.14
122536,237037,-50.050968,-59.345823,8.8,-34,-99999,31.200000000000003,-0.58,9.9,13.700000000000001,-0.03,-0.14
122536,237076,-50.052013,-59.344045,8.7,-34,-99999,31.200000000000003,-0.58,9.9,13.700000000000001,-0.03,-0.14
122536,237077,-50.052013,-59.344045,8.7,-34,-99999,31.200000000000003,-0.58,9.9,13.700000000000001,-0.03,-0.14
122536,237088,-50.05232,-59.343472,8.9,-34,-99999,31.200000000000003,-0.5700000000000001,9.9,13.700000000000001,-0.03,-0.14
122536,237096,-50.05255,-59.343052,10.,-34,-99999,31.200000000000003,-0.5700000000000001,9.9,13.700000000000001,-0.03,-0.14
122536,237097,-50.05255,-59.343052,10.,-34,-99999,31.200000000000003,-0.5700000000000001,9.9,13.700000000000001,-0.03,-0.14
122536,237107,-50.052825,-59.342623,8.8,-34,-99999,31.200000000000003,-0.5700000000000001,9.9,13.700000000000001,-0.03,-0.14
122536,237108,-50.052825,-59.342623,8.8,-34,-99999,31.200000000000003,-0.5700000000000001,9.9,13.700000000000001,-0.03,-0.14
122536,237118,-50.053123,-59.342125,9.5,-34,-99999,31.200000000000003,-0.5700000000000001,9.9,13.700000000000001,-0.03,-0.14
122536,237128,-50.05339,-59.341667,9.2,-34,-99999,31.200000000000003,-0.5700000000000001,9.9,13.700000000000001,-0.03,-0.14
122536,237148,-50.053923,-59.340747,8.6,-34,-99999,31.200000000000003,-0.5700000000000001,9.9,13.8,-0.02,-0.14
122536,237149,-50.053923,-59.340747,8.6,-34,-99999,31.200000000000003,-0.5700000000000001,9.9,13.8,-0.02,-0.14
122536,237157,-50.05416,-59.340358,8.7,-34,-99999,31.200000000000003,-0.5700000000000001,9.9,13.8,-0.02,-0.14
122536,237167,-50.054418,-59.339908,8.5,-34,-99999,31.200000000000003,-0.5700000000000001,9.9,13.8,-0.02,-0.14
122536,237168,-50.054418,-59.339908,8.5,-34,-99999,31.200000000000003,-0.5700000000000001,9.9,13.8,-0.02,-0.14
122536,237178,-50.054668,-59.339438,8.3,-34,-99999,31.200000000000003,-0.5700000000000001,9.9,13.8,-0.02,-0.14
122536,237188,-50.054953,-59.338943,8.4,-34,-99999,31.200000000000003,-0.5700000000000001,9.9,13.8,-0.02,-0.14
122536,237196,-50.055185,-59.338605,8.4,-34,-99999,31.200000000000003,-0.5700000000000001,9.9,13.8,-0.02,-0.14
122536,237197,-50.055185,-59.338605,8.4,-34,-99999,31.200000000000003,-0.5700000000000001,9.9,13.8,-0.02,-0.14
122536,237208,-50.05551,-59.338052,8.7,-34,-99999,31.200000000000003,-0.5700000000000001,9.9,13.8,-0.02,-0.14
122536,237216,-50.055745,-59.337652,9.1,-34,-99999,31.200000000000003,-0.5700000000000001,9.9,13.8,-0.02,-0.14
122536,237217,-50.055745,-59.337652,9.1,-34,-99999,31.200000000000003,-0.5700000000000001,9.9,13.8,-0.02,-0.14
122536,238419,-50.087143,-59.283423,9.3,-35,-99999,31.200000000000003,-0.5700000000000001,9.9,14.700000000000001,-0.02,-0.13
122536,239709,-50.12007,-59.225927,8.1,-37,-99999,31.200000000000003,-0.5700000000000001,9.9,12.9,-0.01,-0.12
122536,240880,-50.150235,-59.174715,7.4,-38,-99999,31.200000000000003,-0.5700000000000001,9.9,13.4,-0.01,-0.12
122536,242149,-50.182717,-59.120043,8.3,-39,-99999,31.200000000000003,-0.5700000000000001,9.9,15.3,-0.01,-0.11
122536,243399,-50.214887,-59.067657,7.8,-41,-99999,31.200000000000003,-0.56,9.8,14.4,-0.01,-0.1
122536,243441,-50.215928,-59.065957,7.9,-41,-99999,31.200000000000003,-0.56,9.8,14.4,-0.01,-0.1
122536,244710,-50.248775,-59.01441,7.6,-41,-99999,31.200000000000003,-0.56,9.8,14.200000000000001,0.,-0.1
122536,246050,-50.283372,-58.961555,8.,-42,-99999,31.200000000000003,-0.56,9.8,13.600000000000001,0.,-0.1
122536,253778,-50.496582,-58.685223,7.5,-43,-99999,31.200000000000003,-0.54,9.700000000000001,12.4,0.08,-0.05
122536,253807,-50.49741,-58.684218,7.5,-42,-99999,31.200000000000003,-0.54,9.700000000000001,12.5,0.08,-0.05
122536,253808,-50.49741,-58.684218,7.5,-42,-99999,31.200000000000003,-0.54,9.700000000000001,12.5,0.08,-0.05
122536,253818,-50.497742,-58.683808,7.5,-42,-99999,31.200000000000003,-0.54,9.700000000000001,12.5,0.08,-0.05
122536,253819,-50.497742,-58.683808,7.5,-42,-99999,31.200000000000003,-0.54,9.700000000000001,12.5,0.08,-0.05
122536,253828,-50.498023,-58.683458,7.6,-42,-99999,31.200000000000003,-0.54,9.700000000000001,12.5,0.08,-0.05
122536,253829,-50.498023,-58.683458,7.6,-42,-99999,31.200000000000003,-0.54,9.700000000000001,12.5,0.08,-0.05
122536,253839,-50.498282,-58.683137,7.6,-42,-99999,31.200000000000003,-0.54,9.700000000000001,12.5,0.08,-0.05
122536,253847,-50.498568,-58.682797,7.3,-42,-99999,31.200000000000003,-0.54,9.700000000000001,12.5,0.08,-0.05
122536,253848,-50.498568,-58.682797,7.3,-42,-99999,31.200000000000003,-0.54,9.700000000000001,12.5,0.08,-0.05
122536,253867,-50.499107,-58.682133,7.7,-42,-99999,31.200000000000003,-0.54,9.700000000000001,12.600000000000001,0.08,-0.05
122536,253868,-50.499107,-58.682133,7.7,-42,-99999,31.200000000000003,-0.54,9.700000000000001,12.600000000000001,0.08,-0.05
122536,253878,-50.499445,-58.681717,7.6,-42,-99999,31.200000000000003,-0.54,9.700000000000001,12.600000000000001,0.08,-0.05
122536,253879,-50.499445,-58.681717,7.6,-42,-99999,31.200000000000003,-0.54,9.700000000000001,12.600000000000001,0.08,-0.05
122536,253888,-50.499728,-58.68138,8.,-42,-99999,31.200000000000003,-0.54,9.700000000000001,12.600000000000001,0.08,-0.05
122536,253889,-50.499728,-58.68138,8.,-42,-99999,31.200000000000003,-0.54,9.700000000000001,12.600000000000001,0.08,-0.05
122536,253898,-50.499987,-58.68107,8.,-42,-99999,31.200000000000003,-0.54,9.700000000000001,12.600000000000001,0.08,-0.05
122536,253899,-50.499987,-58.68107,8.,-42,-99999,31.200000000000003,-0.54,9.700000000000001,12.600000000000001,0.08,-0.05
122536,253907,-50.500288,-58.680708,7.9,-41,-99999,31.200000000000003,-0.54,9.700000000000001,12.600000000000001,0.08,-0.05
122536,253908,-50.500288,-58.680708,7.9,-41,-99999,31.200000000000003,-0.54,9.700000000000001,12.600000000000001,0.08,-0.05
122536,253927,-50.50084,-58.68008,7.8,-41,-99999,31.200000000000003,-0.54,9.700000000000001,12.600000000000001,0.08,-0.05
122536,253928,-50.50084,-58.68008,7.8,-41,-99999,31.200000000000003,-0.54,9.700000000000001,12.600000000000001,0.08,-0.05
122536,253939,-50.50118,-58.679672,7.8,-41,-99999,31.200000000000003,-0.54,9.700000000000001,12.600000000000001,0.08,-0.05
122536,253948,-50.501463,-58.679305,7.6,-41,-99999,31.200000000000003,-0.54,9.700000000000001,12.600000000000001,0.08,-0.05
122536,253949,-50.501463,-58.679305,7.6,-41,-99999,31.200000000000003,-0.54,9.700000000000001,12.600000000000001,0.08,-0.05
122536,253968,-50.502058,-58.678638,8.2,-41,-99999,31.200000000000003,-0.54,9.700000000000001,12.700000000000001,0.08,-0.05
122536,253969,-50.502058,-58.678638,8.2,-41,-99999,31.200000000000003,-0.54,9.700000000000001,12.700000000000001,0.08,-0.05
122536,253977,-50.502325,-58.67831,7.7,-41,-99999,31.200000000000003,-0.54,9.700000000000001,12.700000000000001,0.08,-0.05
122536,253978,-50.502325,-58.67831,7.7,-41,-99999,31.200000000000003,-0.54,9.700000000000001,12.700000000000001,0.08,-0.05
122536,253987,-50.502573,-58.67799,7.7,-41,-99999,31.200000000000003,-0.54,9.700000000000001,12.700000000000001,0.08,-0.05
122536,253988,-50.502573,-58.67799,7.7,-41,-99999,31.200000000000003,-0.54,9.700000000000001,12.700000000000001,0.08,-0.05
122536,253998,-50.502907,-58.677573,7.7,-41,-99999,31.200000000000003,-0.54,9.700000000000001,12.700000000000001,0.08,-0.05
122536,253999,-50.502907,-58.677573,7.7,-41,-99999,31.200000000000003,-0.54,9.700000000000001,12.700000000000001,0.08,-0.05
122536,254008,-50.503188,-58.677223,8.2,-41,-99999,31.200000000000003,-0.54,9.700000000000001,12.700000000000001,0.08,-0.05
122536,254009,-50.503188,-58.677223,8.2,-41,-99999,31.200000000000003,-0.54,9.700000000000001,12.700000000000001,0.08,-0.05
122536,254019,-50.503452,-58.676918,8.1,-41,-99999,31.200000000000003,-0.54,9.700000000000001,12.700000000000001,0.08,-0.05
122536,254028,-50.503775,-58.676568,7.9,-41,-99999,31.200000000000003,-0.54,9.700000000000001,12.700000000000001,0.08,-0.05
122536,254029,-50.503775,-58.676568,7.9,-41,-99999,31.200000000000003,-0.54,9.700000000000001,12.700000000000001,0.08,-0.05
122536,254037,-50.504037,-58.676282,7.6,-41,-99999,31.200000000000003,-0.54,9.700000000000001,12.700000000000001,0.08,-0.05
122536,254047,-50.50429,-58.675953,8.,-41,-99999,31.200000000000003,-0.54,9.700000000000001,12.8,0.08,-0.05
122536,254058,-50.50462,-58.67551,7.9,-41,-99999,31.200000000000003,-0.54,9.700000000000001,12.8,0.08,-0.05
122536,254060,-50.50462,-58.67551,7.9,-41,-99999,31.200000000000003,-0.54,9.700000000000001,12.8,0.08,-0.05
122536,254068,-50.50486,-58.675205,7.5,-41,-99999,31.200000000000003,-0.54,9.700000000000001,12.8,0.08,-0.05
122536,254069,-50.50486,-58.675205,7.5,-41,-99999,31.200000000000003,-0.54,9.700000000000001,12.8,0.08,-0.05
122536,254078,-50.505143,-58.674887,7.5,-41,-99999,31.200000000000003,-0.54,9.700000000000001,12.8,0.08,-0.05
122536,254088,-50.505468,-58.6745,7.6,-41,-99999,31.200000000000003,-0.54,9.700000000000001,12.8,0.08,-0.05
122536,254089,-50.505468,-58.6745,7.6,-41,-99999,31.200000000000003,-0.54,9.700000000000001,12.8,0.08,-0.05
122536,254097,-50.505727,-58.674182,7.5,-41,-99999,31.200000000000003,-0.54,9.700000000000001,12.8,0.08,-0.05
122536,254098,-50.505727,-58.674182,7.5,-41,-99999,31.200000000000003,-0.54,9.700000000000001,12.8,0.08,-0.05
122536,254107,-50.505985,-58.673873,7.6,-41,-99999,31.200000000000003,-0.54,9.700000000000001,12.8,0.08,-0.05
122536,254108,-50.505985,-58.673873,7.6,-41,-99999,31.200000000000003,-0.54,9.700000000000001,12.8,0.08,-0.05
122536,254117,-50.506307,-58.67352,8.1,-41,-99999,31.200000000000003,-0.54,9.700000000000001,12.8,0.08,-0.05
122536,254118,-50.506307,-58.67352,8.1,-41,-99999,31.200000000000003,-0.54,9.700000000000001,12.8,0.08,-0.05
122536,254127,-50.506572,-58.673195,7.7,-41,-99999,31.200000000000003,-0.54,9.700000000000001,12.8,0.09,-0.05
122536,254138,-50.506893,-58.672818,7.5,-41,-99999,31.200000000000003,-0.54,9.700000000000001,12.8,0.09,-0.05
122536,254148,-50.507215,-58.672438,8.,-41,-99999,31.200000000000003,-0.54,9.700000000000001,12.9,0.09,-0.05
122536,254149,-50.507215,-58.672438,8.,-41,-99999,31.200000000000003,-0.54,9.700000000000001,12.9,0.09,-0.05
122536,254167,-50.507738,-58.671808,8.,-41,-99999,31.200000000000003,-0.54,9.700000000000001,12.9,0.09,-0.05
122536,254177,-50.508065,-58.671432,8.1,-41,-99999,31.200000000000003,-0.54,9.700000000000001,12.9,0.09,-0.05
122536,254178,-50.508065,-58.671432,8.1,-41,-99999,31.200000000000003,-0.54,9.700000000000001,12.9,0.09,-0.05
122536,254187,-50.50833,-58.671128,7.7,-41,-99999,31.200000000000003,-0.54,9.700000000000001,12.9,0.09,-0.05
122536,254188,-50.50833,-58.671128,7.7,-41,-99999,31.200000000000003,-0.54,9.700000000000001,12.9,0.09,-0.05
122536,254198,-50.508643,-58.670733,7.9,-41,-99999,31.200000000000003,-0.54,9.700000000000001,12.9,0.09,-0.05
122536,254208,-50.508955,-58.670353,8.,-41,-99999,31.200000000000003,-0.54,9.700000000000001,12.9,0.09,-0.05
122536,254209,-50.508955,-58.670353,8.,-41,-99999,31.200000000000003,-0.54,9.700000000000001,12.9,0.09,-0.05
122536,254218,-50.509198,-58.670037,8.2,-41,-99999,31.200000000000003,-0.54,9.700000000000001,12.9,0.09,-0.05
122536,254227,-50.509465,-58.669732,8.6,-41,-99999,31.200000000000003,-0.54,9.700000000000001,12.9,0.09,-0.05
122536,254237,-50.509787,-58.669352,7.7,-41,-99999,31.200000000000003,-0.54,9.700000000000001,12.9,0.09,-0.05
122536,254238,-50.509787,-58.669352,7.7,-41,-99999,31.200000000000003,-0.54,9.700000000000001,12.9,0.09,-0.05
122536,254247,-50.510043,-58.669055,7.6,-41,-99999,31.200000000000003,-0.54,9.700000000000001,13.,0.09,-0.05
122536,254259,-50.510353,-58.66869,8.1,-41,-99999,31.200000000000003,-0.54,9.700000000000001,13.,0.09,-0.05
122536,259528,-50.664058,-58.49165,7.2,-42,-99999,31.200000000000003,-0.54,9.5,12.9,0.12,-0.01
122536,259558,-50.664907,-58.490662,7.8,-42,-99999,31.200000000000003,-0.54,9.5,12.9,0.12,-0.01
122536,259559,-50.664907,-58.490662,7.8,-42,-99999,31.200000000000003,-0.54,9.5,12.9,0.12,-0.01
122536,259588,-50.665755,-58.489605,7.9,-42,-99999,31.200000000000003,-0.54,9.5,12.9,0.12,-0.01
122536,259589,-50.665755,-58.489605,7.9,-42,-99999,31.200000000000003,-0.54,9.5,12.9,0.12,-0.01
122536,259627,-50.666928,-58.48832,8.,-39,-99999,31.200000000000003,-0.54,9.5,12.9,0.12,0.
122536,259628,-50.666928,-58.48832,8.,-39,-99999,31.200000000000003,-0.54,9.5,12.9,0.12,0.
122536,259648,-50.667552,-58.487602,7.5,-39,-99999,31.200000000000003,-0.54,9.5,12.9,0.12,0.
122536,259649,-50.667552,-58.487602,7.5,-39,-99999,31.200000000000003,-0.54,9.5,12.9,0.12,0.
122536,259687,-50.6687,-58.486293,7.1,-39,-99999,31.200000000000003,-0.54,9.5,12.9,0.12,0.
122536,259688,-50.6687,-58.486293,7.1,-39,-99999,31.200000000000003,-0.54,9.5,12.9,0.12,0.
122536,259708,-50.669285,-58.485602,7.7,-39,-99999,31.200000000000003,-0.54,9.5,12.9,0.12,0.
122536,259738,-50.670162,-58.484608,8.4,-39,-99999,31.200000000000003,-0.54,9.5,12.9,0.12,0.
122536,259739,-50.670162,-58.484608,8.4,-39,-99999,31.200000000000003,-0.54,9.5,12.9,0.12,0.
122536,259768,-50.671022,-58.483628,7.6,-39,-99999,31.200000000000003,-0.54,9.5,12.9,0.12,0.
122536,259769,-50.671022,-58.483628,7.6,-39,-99999,31.200000000000003,-0.54,9.5,12.9,0.12,0.
122536,259777,-50.671272,-58.483325,8.,-39,-99999,31.200000000000003,-0.54,9.5,12.9,0.12,0.
122536,259778,-50.671272,-58.483325,8.,-39,-99999,31.200000000000003,-0.54,9.5,12.9,0.12,0.
122536,259788,-50.671552,-58.48298,7.8,-39,-99999,31.200000000000003,-0.54,9.5,12.9,0.12,0.
122536,259789,-50.671552,-58.48298,7.8,-39,-99999,31.200000000000003,-0.54,9.5,12.9,0.12,0.
122536,259797,-50.67182,-58.482688,7.9,-39,-99999,31.200000000000003,-0.54,9.5,12.9,0.12,0.
122536,259807,-50.672153,-58.48234,7.6,-39,-99999,31.200000000000003,-0.54,9.5,12.9,0.12,0.
122536,259808,-50.672153,-58.48234,7.6,-39,-99999,31.200000000000003,-0.54,9.5,12.9,0.12,0.
122536,259849,-50.673292,-58.480993,7.3,-39,-99999,31.200000000000003,-0.54,9.5,12.9,0.12,0.
122536,259858,-50.673532,-58.480672,7.4,-39,-99999,31.200000000000003,-0.54,9.5,12.9,0.12,0.
122536,259887,-50.674383,-58.479715,7.8,-39,-99999,31.200000000000003,-0.54,9.5,12.9,0.12,0.
122536,259897,-50.674688,-58.479352,7.8,-39,-99999,31.200000000000003,-0.54,9.5,12.9,0.12,0.
122536,259909,-50.674963,-58.479013,7.6,-39,-99999,31.200000000000003,-0.54,9.5,12.9,0.12,0.
122536,259917,-50.675228,-58.478728,7.7,-39,-99999,31.200000000000003,-0.54,9.5,12.9,0.12,0.
122536,259928,-50.67556,-58.478387,8.,-39,-99999,31.200000000000003,-0.54,9.5,12.9,0.12,0.
122536,259938,-50.67587,-58.478012,7.6,-39,-99999,31.200000000000003,-0.54,9.5,12.9,0.12,0.
122536,259939,-50.67587,-58.478012,7.6,-39,-99999,31.200000000000003,-0.54,9.5,12.9,0.12,0.
122536,259947,-50.676082,-58.477733,7.7,-39,-99999,31.200000000000003,-0.54,9.5,12.9,0.12,0.
122536,259957,-50.676392,-58.477368,8.2,-39,-99999,31.200000000000003,-0.54,9.5,12.9,0.12,0.
122536,259958,-50.676392,-58.477368,8.2,-39,-99999,31.200000000000003,-0.54,9.5,12.9,0.12,0.
122536,259968,-50.676693,-58.47707,8.,-39,-99999,31.200000000000003,-0.54,9.5,12.9,0.12,0.
122536,259969,-50.676693,-58.47707,8.,-39,-99999,31.200000000000003,-0.54,9.5,12.9,0.12,0.
122536,259988,-50.677257,-58.47638,7.8,-39,-99999,31.200000000000003,-0.54,9.5,12.9,0.12,0.
122536,259995,-50.677448,-58.476122,7.,-39,-99999,31.200000000000003,-0.54,9.5,12.9,0.12,0.
122536,259996,-50.677448,-58.476122,7.,-39,-99999,31.200000000000003,-0.54,9.5,12.9,0.12,0.
122536,259998,-50.677563,-58.476007,7.1,-39,-99999,31.200000000000003,-0.54,9.5,12.9,0.12,0.
122536,259999,-50.677563,-58.476007,7.1,-39,-99999,31.200000000000003,-0.54,9.5,12.9,0.12,0.
122536,260002,-50.67765,-58.475912,7.6,-39,-99999,31.200000000000003,-0.54,9.5,12.9,0.12,0.
122536,260004,-50.677725,-58.475798,7.6,-39,-99999,31.200000000000003,-0.54,9.5,12.9,0.12,0.
122536,260005,-50.677725,-58.475798,7.6,-39,-99999,31.200000000000003,-0.54,9.5,12.9,0.12,0.
122536,260007,-50.677785,-58.47574,7.2,-39,-99999,31.200000000000003,-0.54,9.5,12.9,0.12,0.
122536,260017,-50.678097,-58.475418,7.4,-39,-99999,31.200000000000003,-0.54,9.5,12.9,0.12,0.
122536,260018,-50.678097,-58.475418,7.4,-39,-99999,31.200000000000003,-0.54,9.5,12.9,0.12,0.
122536,260028,-50.678367,-58.475122,7.5,-39,-99999,31.200000000000003,-0.54,9.5,12.9,0.12,0.
122536,260029,-50.678367,-58.475122,7.5,-39,-99999,31.200000000000003,-0.54,9.5,12.9,0.12,0.
122536,260037,-50.678605,-58.47485,7.1,-39,-99999,31.200000000000003,-0.54,9.5,12.9,0.12,0.
122536,260048,-50.678888,-58.474515,6.9,-39,-99999,31.200000000000003,-0.54,9.5,12.9,0.12,0.
122536,260058,-50.679172,-58.474198,6.8,-39,-99999,31.200000000000003,-0.54,9.5,12.9,0.12,0.
122536,260059,-50.679172,-58.474198,6.8,-39,-99999,31.200000000000003,-0.54,9.5,12.9,0.12,0.
122536,260067,-50.679378,-58.473967,6.9,-39,-99999,31.200000000000003,-0.54,9.5,12.9,0.12,0.
122536,260088,-50.679915,-58.473377,6.6,-39,-99999,31.200000000000003,-0.54,9.5,12.9,0.12,0.
122536,260089,-50.679915,-58.473377,6.6,-39,-99999,31.200000000000003,-0.54,9.5,12.9,0.12,0.
122536,260097,-50.680128,-58.473117,6.,-39,-99999,31.200000000000003,-0.54,9.5,12.9,0.12,0.
122536,260107,-50.680387,-58.472795,6.6,-39,-99999,31.200000000000003,-0.54,9.5,12.9,0.12,0.
122536,260117,-50.6806,-58.472542,6.3,-39,-99999,31.200000000000003,-0.54,9.5,12.9,0.12,0.
122536,260118,-50.6806,-58.472542,6.3,-39,-99999,31.200000000000003,-0.54,9.5,12.9,0.12,0.
122536,260127,-50.680837,-58.472272,6.4,-39,-99999,31.200000000000003,-0.54,9.5,12.9,0.12,0.
122536,260147,-50.681288,-58.471742,6.3,-39,-99999,31.200000000000003,-0.54,9.5,12.9,0.12,0.
122536,260148,-50.681288,-58.471742,6.3,-39,-99999,31.200000000000003,-0.54,9.5,12.9,0.12,0.
122536,260157,-50.681502,-58.471495,5.7,-39,-99999,31.200000000000003,-0.54,9.5,12.9,0.12,0.
122536,265169,-50.804022,-58.345313,6.7,-37,-99999,31.200000000000003,-0.54,9.5,14.200000000000001,0.13,0.02
122536,265519,-50.813625,-58.336715,7.1,-37,-99999,31.200000000000003,-0.54,9.600000000000001,14.5,0.13,0.02
122536,265558,-50.814702,-58.335715,7.,-37,-99999,31.200000000000003,-0.54,9.600000000000001,14.5,0.13,0.02
122536,265567,-50.814943,-58.335498,6.8,-37,-99999,31.200000000000003,-0.54,9.600000000000001,14.5,0.13,0.02
122536,265578,-50.815242,-58.335257,6.8,-37,-99999,31.200000000000003,-0.54,9.600000000000001,14.5,0.13,0.02
122536,265627,-50.816612,-58.334053,6.8,-37,-99999,31.200000000000003,-0.54,9.600000000000001,14.600000000000001,0.13,0.02
122536,265628,-50.816612,-58.334053,6.8,-37,-99999,31.200000000000003,-0.54,9.600000000000001,14.600000000000001,0.13,0.02
122536,265648,-50.817212,-58.333523,6.9,-37,-99999,31.200000000000003,-0.54,9.600000000000001,14.600000000000001,0.13,0.02
122536,265748,-50.819912,-58.331038,6.6,-40,-99999,31.200000000000003,-0.54,9.600000000000001,14.700000000000001,0.13,0.02
122536,265757,-50.820158,-58.330813,6.5,-40,-99999,31.200000000000003,-0.54,9.600000000000001,14.700000000000001,0.13,0.02
122536,265778,-50.820757,-58.330312,7.,-40,-99999,31.200000000000003,-0.54,9.600000000000001,14.700000000000001,0.13,0.02
122536,265779,-50.820757,-58.330312,7.,-40,-99999,31.200000000000003,-0.54,9.600000000000001,14.700000000000001,0.13,0.02
122536,265798,-50.821257,-58.329805,6.2,-40,-99999,31.200000000000003,-0.54,9.600000000000001,14.700000000000001,0.13,0.02
122536,265808,-50.821542,-58.329525,6.8,-40,-99999,31.200000000000003,-0.54,9.600000000000001,14.700000000000001,0.13,0.02
122536,265818,-50.821783,-58.329297,7.1,-40,-99999,31.200000000000003,-0.54,9.600000000000001,14.700000000000001,0.13,0.02
122536,265828,-50.822083,-58.329023,6.8,-40,-99999,31.200000000000003,-0.54,9.600000000000001,14.700000000000001,0.13,0.02
122536,265829,-50.822083,-58.329023,6.8,-40,-99999,31.200000000000003,-0.54,9.600000000000001,14.700000000000001,0.13,0.02
122536,265838,-50.822348,-58.328765,6.9,-40,-99999,31.200000000000003,-0.54,9.600000000000001,14.700000000000001,0.13,0.02
122536,265839,-50.822348,-58.328765,6.9,-40,-99999,31.200000000000003,-0.54,9.600000000000001,14.700000000000001,0.13,0.02
122536,265849,-50.822662,-58.32849,7.,-40,-99999,31.200000000000003,-0.54,9.600000000000001,14.700000000000001,0.13,0.02
122536,265857,-50.822873,-58.328282,6.8,-40,-99999,31.200000000000003,-0.54,9.600000000000001,14.700000000000001,0.13,0.02
122536,265858,-50.822873,-58.328282,6.8,-40,-99999,31.200000000000003,-0.54,9.600000000000001,14.700000000000001,0.13,0.02
122536,265868,-50.82317,-58.328003,7.2,-40,-99999,31.200000000000003,-0.54,9.600000000000001,14.8,0.13,0.02
122536,265869,-50.82317,-58.328003,7.2,-40,-99999,31.200000000000003,-0.54,9.600000000000001,14.8,0.13,0.02
122536,265889,-50.823705,-58.327513,7.3,-40,-99999,31.200000000000003,-0.54,9.600000000000001,14.8,0.13,0.02
122536,265898,-50.823973,-58.327258,6.9,-40,-99999,31.200000000000003,-0.54,9.600000000000001,14.8,0.13,0.02
122536,265899,-50.823973,-58.327258,6.9,-40,-99999,31.200000000000003,-0.54,9.600000000000001,14.8,0.13,0.02
122536,265909,-50.824278,-58.326982,6.6,-40,-99999,31.200000000000003,-0.54,9.600000000000001,14.8,0.13,0.02
122536,265917,-50.824505,-58.326778,6.9,-40,-99999,31.200000000000003,-0.54,9.600000000000001,14.8,0.13,0.02
122536,265918,-50.824505,-58.326778,6.9,-40,-99999,31.200000000000003,-0.54,9.600000000000001,14.8,0.13,0.02
122536,265928,-50.824812,-58.326512,6.9,-39,-99999,31.200000000000003,-0.54,9.600000000000001,14.8,0.13,0.02
122536,265929,-50.824812,-58.326512,6.9,-39,-99999,31.200000000000003,-0.54,9.600000000000001,14.8,0.13,0.02
122536,265937,-50.825062,-58.326287,6.5,-39,-99999,31.200000000000003,-0.54,9.600000000000001,14.8,0.13,0.02
122536,265938,-50.825062,-58.326287,6.5,-39,-99999,31.200000000000003,-0.54,9.600000000000001,14.8,0.13,0.02
122536,265949,-50.82539,-58.325965,7.,-39,-99999,31.200000000000003,-0.54,9.600000000000001,14.8,0.13,0.02
122536,265959,-50.825672,-58.325723,6.6,-39,-99999,31.200000000000003,-0.54,9.600000000000001,14.8,0.13,0.02
122536,265969,-50.825925,-58.325457,6.6,-39,-99999,31.200000000000003,-0.54,9.600000000000001,14.8,0.13,0.02
122536,265978,-50.82616,-58.325263,6.9,-39,-99999,31.200000000000003,-0.54,9.600000000000001,14.8,0.13,0.02
122536,265988,-50.826472,-58.325005,7.1,-39,-99999,31.200000000000003,-0.54,9.600000000000001,14.9,0.13,0.02
122536,265997,-50.826727,-58.324788,7.2,-39,-99999,31.200000000000003,-0.54,9.600000000000001,14.9,0.13,0.02
122536,269900,-50.934952,-58.218745,7.2,-32,-99999,31.200000000000003,-0.54,9.8,15.5,0.13,0.02
122536,271167,-50.97108,-58.181253,7.9,-30,-99999,31.200000000000003,-0.54,9.8,16.,0.12,0.03
122536,271198,-50.97202,-58.180332,7.7,-30,-99999,31.200000000000003,-0.54,9.8,16.,0.12,0.03
122536,271227,-50.972898,-58.179427,8.,-30,-99999,31.200000000000003,-0.54,9.8,16.,0.12,0.03
122536,271318,-50.975608,-58.176587,8.,-30,-99999,31.200000000000003,-0.54,9.8,16.,0.12,0.03
122536,271337,-50.976197,-58.176052,7.8,-30,-99999,31.200000000000003,-0.54,9.8,16.,0.12,0.03
122536,271357,-50.976798,-58.175453,7.7,-30,-99999,31.200000000000003,-0.54,9.8,16.,0.12,0.03
122536,271378,-50.977442,-58.17483,7.8,-30,-99999,31.200000000000003,-0.54,9.8,16.,0.12,0.03
122536,271387,-50.97771,-58.17455,7.8,-30,-99999,31.200000000000003,-0.54,9.8,16.,0.12,0.03
122536,271397,-50.978012,-58.174242,7.8,-30,-99999,31.200000000000003,-0.54,9.8,16.,0.12,0.03
122536,271407,-50.978318,-58.173942,7.7,-30,-99999,31.200000000000003,-0.54,9.8,16.,0.12,0.03
122536,271446,-50.979525,-58.172702,7.4,-30,-99999,31.200000000000003,-0.54,9.8,16.,0.12,0.03
122536,271447,-50.979525,-58.172702,7.4,-30,-99999,31.200000000000003,-0.54,9.8,16.,0.12,0.03
122536,271457,-50.979858,-58.172385,7.3,-30,-99999,31.200000000000003,-0.54,9.8,16.,0.12,0.03
122536,271466,-50.98013,-58.172113,7.6,-30,-99999,31.200000000000003,-0.54,9.8,16.,0.12,0.03
122536,271506,-50.981367,-58.170985,7.8,-30,-99999,31.200000000000003,-0.54,9.8,16.,0.12,0.03
122536,271507,-50.981367,-58.170985,7.8,-30,-99999,31.200000000000003,-0.54,9.8,16.,0.12,0.03
122536,271517,-50.9817,-58.170643,7.7,-30,-99999,31.200000000000003,-0.54,9.8,16.,0.12,0.03
122536,271518,-50.9817,-58.170643,7.7,-30,-99999,31.200000000000003,-0.54,9.8,16.,0.12,0.03
122536,271527,-50.98203,-58.1703,7.9,-30,-99999,31.200000000000003,-0.54,9.8,16.,0.12,0.03
122536,271528,-50.98203,-58.1703,7.9,-30,-99999,31.200000000000003,-0.54,9.8,16.,0.12,0.03
122536,271546,-50.982567,-58.169733,8.1,-30,-99999,31.200000000000003,-0.54,9.8,16.,0.12,0.03
122536,271547,-50.982567,-58.169733,8.1,-30,-99999,31.200000000000003,-0.54,9.8,16.,0.12,0.03
122536,271558,-50.982935,-58.16936,7.9,-30,-99999,31.200000000000003,-0.54,9.8,16.,0.12,0.03
122536,271566,-50.983182,-58.169115,7.9,-30,-99999,31.200000000000003,-0.54,9.8,16.,0.12,0.03
122536,271578,-50.983532,-58.168788,7.9,-30,-99999,31.200000000000003,-0.54,9.9,16.,0.12,0.03
122536,271606,-50.984428,-58.16788,7.8,-30,-99999,31.200000000000003,-0.54,9.9,16.,0.12,0.03
122536,271607,-50.984428,-58.16788,7.8,-30,-99999,31.200000000000003,-0.54,9.9,16.,0.12,0.03
122536,271626,-50.985038,-58.167265,7.7,-30,-99999,31.200000000000003,-0.54,9.9,16.,0.11,0.03
122536,271627,-50.985038,-58.167265,7.7,-30,-99999,31.200000000000003,-0.54,9.9,16.,0.11,0.03
122536,271637,-50.98538,-58.166942,7.9,-30,-99999,31.200000000000003,-0.54,9.9,16.,0.11,0.03
122536,271647,-50.985717,-58.16662,8.1,-35,-99999,31.200000000000003,-0.54,9.9,16.,0.11,0.03
122536,271648,-50.985717,-58.16662,8.1,-35,-99999,31.200000000000003,-0.54,9.9,16.,0.11,0.03
122536,271666,-50.986278,-58.166103,7.9,-35,-99999,31.200000000000003,-0.54,9.9,16.,0.11,0.03
122536,271667,-50.986278,-58.166103,7.9,-35,-99999,31.200000000000003,-0.54,9.9,16.,0.11,0.03
122536,271677,-50.986643,-58.165728,7.8,-35,-99999,31.200000000000003,-0.54,9.9,16.,0.11,0.03
122536,271678,-50.986643,-58.165728,7.8,-35,-99999,31.200000000000003,-0.54,9.9,16.,0.11,0.03
122536,271686,-50.986898,-58.16549,7.8,-35,-99999,31.200000000000003,-0.54,9.9,16.,0.11,0.03
122536,271687,-50.986898,-58.16549,7.8,-35,-99999,31.200000000000003,-0.54,9.9,16.,0.11,0.03
122536,271697,-50.987237,-58.16515,7.7,-35,-99999,31.200000000000003,-0.54,9.9,16.,0.11,0.03
122536,271698,-50.987237,-58.16515,7.7,-35,-99999,31.200000000000003,-0.54,9.9,16.,0.11,0.03
122536,271707,-50.987573,-58.164812,7.4,-35,-99999,31.200000000000003,-0.54,9.9,16.,0.11,0.03
122536,271709,-50.987573,-58.164812,7.4,-35,-99999,31.200000000000003,-0.54,9.9,16.,0.11,0.03
122536,271726,-50.98812,-58.16426,7.7,-35,-99999,31.200000000000003,-0.54,9.9,16.,0.11,0.03
122536,271727,-50.98812,-58.16426,7.7,-35,-99999,31.200000000000003,-0.54,9.9,16.,0.11,0.03
122536,271737,-50.988483,-58.163887,7.7,-35,-99999,31.200000000000003,-0.54,9.9,16.,0.11,0.03
122536,271739,-50.988483,-58.163887,7.7,-35,-99999,31.200000000000003,-0.54,9.9,16.,0.11,0.03
122536,271746,-50.988747,-58.163605,7.7,-34,-99999,31.200000000000003,-0.54,9.9,16.,0.11,0.03
122536,271748,-50.988747,-58.163605,7.7,-34,-99999,31.200000000000003,-0.54,9.9,16.,0.11,0.03
122536,271757,-50.989047,-58.163295,7.7,-34,-99999,31.200000000000003,-0.54,9.9,16.,0.11,0.03
122536,271758,-50.989047,-58.163295,7.7,-34,-99999,31.200000000000003,-0.54,9.9,16.,0.11,0.03
122536,275331,-51.099215,-58.04818,8.1,-23,-99999,31.1,-0.54,10.200000000000001,15.5,0.07,0.04
122536,280890,-51.27974,-57.844597,9.,-12,-99999,31.200000000000003,-0.53,10.,21.6,0.06,0.01
122536,298321,-51.661792,-57.737845,3.8,-19,-99999,-99999.,-99999.,-99999.,-99999.,-99999.,-99999.
122536,298739,-51.662625,-57.74948,3.7,-18,-99999,-99999.,-99999.,-99999.,-99999.,-99999.,-99999.
122536,299680,-51.665132,-57.77487,3.8,-4,-99999,-99999.,-99999.,-99999.,-99999.,-99999.,-99999.
122536,302028,-51.66888,-57.826762,1.1,-1,-99999,-99999.,-99999.,-99999.,-99999.,-99999.,-99999.
122536,302107,-51.668938,-57.827277,0.8,-1,-99999,-99999.,-99999.,-99999.,-99999.,-99999.,-99999.
122536,302108,-51.668938,-57.827277,0.8,-1,-99999,-99999.,-99999.,-99999.,-99999.,-99999.,-99999.
122536,302118,-51.668952,-57.827327,0.8,-1,-99999,-99999.,-99999.,-99999.,-99999.,-99999.,-99999.
122536,302127,-51.66896,-57.827373,0.7,-1,-99999,-99999.,-99999.,-99999.,-99999.,-99999.,-99999.
122536,302137,-51.668963,-57.827423,0.7,-1,-99999,-99999.,-99999.,-99999.,-99999.,-99999.,-99999.
122536,302167,-51.669017,-57.827528,0.6,-1,-99999,-99999.,-99999.,-99999.,-99999.,-99999.,-99999.
122536,302168,-51.669017,-57.827528,0.6,-1,-99999,-99999.,-99999.,-99999.,-99999.,-99999.,-99999.
122536,302176,-51.669018,-57.827563,0.5,-1,-99999,-99999.,-99999.,-99999.,-99999.,-99999.,-99999.
122536,302177,-51.669018,-57.827563,0.5,-1,-99999,-99999.,-99999.,-99999.,-99999.,-99999.,-99999.
122536,302187,-51.669027,-57.827605,0.5,-1,-99999,-99999.,-99999.,-99999.,-99999.,-99999.,-99999.
122536,302197,-51.669037,-57.827647,0.5,-1,-99999,-99999.,-99999.,-99999.,-99999.,-99999.,-99999.
122536,302198,-51.669037,-57.827647,0.5,-1,-99999,-99999.,-99999.,-99999.,-99999.,-99999.,-99999.
122536,302208,-51.669042,-57.827688,0.5,-1,-99999,-99999.,-99999.,-99999.,-99999.,-99999.,-99999.
122536,302209,-51.669042,-57.827688,0.5,-1,-99999,-99999.,-99999.,-99999.,-99999.,-99999.,-99999.
122536,302216,-51.669048,-57.827717,0.4,-1,-99999,-99999.,-99999.,-99999.,-99999.,-99999.,-99999.
122536,302217,-51.669048,-57.827717,0.4,-1,-99999,-99999.,-99999.,-99999.,-99999.,-99999.,-99999.
122536,302227,-51.669062,-57.827743,0.4,-1,-99999,-99999.,-99999.,-99999.,-99999.,-99999.,-99999.
122536,302228,-51.669062,-57.827743,0.4,-1,-99999,-99999.,-99999.,-99999.,-99999.,-99999.,-99999.
122536,302236,-51.669077,-57.82776,0.5,-1,-99999,-99999.,-99999.,-99999.,-99999.,-99999.,-99999.
122536,302238,-51.669077,-57.82776,0.5,-1,-99999,-99999.,-99999.,-99999.,-99999.,-99999.,-99999.
122536,302247,-51.669093,-57.82779,0.6,-1,-99999,-99999.,-99999.,-99999.,-99999.,-99999.,-99999.
122536,302248,-51.669093,-57.82779,0.6,-1,-99999,-99999.,-99999.,-99999.,-99999.,-99999.,-99999.
122536,302266,-51.669115,-57.827862,0.7,-1,-99999,-99999.,-99999.,-99999.,-99999.,-99999.,-99999.
122536,302267,-51.669115,-57.827862,0.7,-1,-99999,-99999.,-99999.,-99999.,-99999.,-99999.,-99999.
122536,302288,-51.669158,-57.827982,0.8,-1,-99999,-99999.,-99999.,-99999.,-99999.,-99999.,-99999.
122536,302296,-51.669173,-57.828027,0.8,-1,-99999,-99999.,-99999.,-99999.,-99999.,-99999.,-99999.
122536,302297,-51.669173,-57.828027,0.8,-1,-99999,-99999.,-99999.,-99999.,-99999.,-99999.,-99999.
122536,302307,-51.669192,-57.828072,0.7,-1,-99999,-99999.,-99999.,-99999.,-99999.,-99999.,-99999.
122536,302308,-51.669192,-57.828072,0.7,-1,-99999,-99999.,-99999.,-99999.,-99999.,-99999.,-99999.
122536,302317,-51.669207,-57.828113,0.6,-1,-99999,-99999.,-99999.,-99999.,-99999.,-99999.,-99999.
122536,302326,-51.669208,-57.82816,0.7,-1,-99999,-99999.,-99999.,-99999.,-99999.,-99999.,-99999.
122536,302327,-51.669208,-57.82816,0.7,-1,-99999,-99999.,-99999.,-99999.,-99999.,-99999.,-99999.
122536,302399,-51.669345,-57.828487,0.8,-1,-99999,-99999.,-99999.,-99999.,-99999.,-99999.,-99999.
122536,303629,-51.668203,-57.828812,0.6,-1,-99999,-99999.,-99999.,-99999.,-99999.,-99999.,-99999.
122536,304600,-51.667263,-57.829197,0.1,-1,-99999,-99999.,-99999.,-99999.,-99999.,-99999.,-99999.
122536,305019,-51.669097,-57.827587,0.9,-1,-99999,-99999.,-99999.,-99999.,-99999.,-99999.,-99999.
122536,305439,-51.669625,-57.827175,0.4,-1,-99999,-99999.,-99999.,-99999.,-99999.,-99999.,-99999.
122536,306640,-51.671812,-57.828093,1.9,-1,-99999,-99999.,-99999.,-99999.,-99999.,-99999.,-99999.
122536,307419,-51.672822,-57.8262,0.5,-1,-99999,-99999.,-99999.,-99999.,-99999.,-99999.,-99999.
122536,307718,-51.672515,-57.82538,0.5,-1,-99999,-99999.,-99999.,-99999.,-99999.,-99999.,-99999.
122536,307719,-51.672515,-57.82538,0.5,-1,-99999,-99999.,-99999.,-99999.,-99999.,-99999.,-99999.
122536,307728,-51.672508,-57.825343,0.5,-1,-99999,-99999.,-99999.,-99999.,-99999.,-99999.,-99999.
122536,307729,-51.672508,-57.825343,0.5,-1,-99999,-99999.,-99999.,-99999.,-99999.,-99999.,-99999.
122536,307738,-51.672503,-57.825307,0.5,-1,-99999,-99999.,-99999.,-99999.,-99999.,-99999.,-99999.
122536,307739,-51.672503,-57.825307,0.5,-1,-99999,-99999.,-99999.,-99999.,-99999.,-99999.,-99999.
122536,307748,-51.672498,-57.825277,0.5,-1,-99999,-99999.,-99999.,-99999.,-99999.,-99999.,-99999.
122536,307749,-51.672498,-57.825277,0.5,-1,-99999,-99999.,-99999.,-99999.,-99999.,-99999.,-99999.
122536,307751,-51.672498,-57.825277,0.5,-1,-99999,-99999.,-99999.,-99999.,-99999.,-99999.,-99999.
122536,307756,-51.67249,-57.825248,0.3,-1,-99999,-99999.,-99999.,-99999.,-99999.,-99999.,-99999.
122536,307757,-51.67249,-57.825248,0.3,-1,-99999,-99999.,-99999.,-99999.,-99999.,-99999.,-99999.
122536,307767,-51.672472,-57.825218,0.3,-1,-99999,-99999.,-99999.,-99999.,-99999.,-99999.,-99999.
122536,307769,-51.672472,-57.825218,0.3,-1,-99999,-99999.,-99999.,-99999.,-99999.,-99999.,-99999.
122536,307778,-51.672457,-57.825208,0.4,-1,-99999,-99999.,-99999.,-99999.,-99999.,-99999.,-99999.
122536,307779,-51.672457,-57.825208,0.4,-1,-99999,-99999.,-99999.,-99999.,-99999.,-99999.,-99999.
122536,307787,-51.672445,-57.825207,0.3,-1,-99999,-99999.,-99999.,-99999.,-99999.,-99999.,-99999.
122536,307799,-51.672423,-57.825208,0.4,-1,-99999,-99999.,-99999.,-99999.,-99999.,-99999.,-99999.
122536,307808,-51.672403,-57.825218,0.6,-1,-99999,-99999.,-99999.,-99999.,-99999.,-99999.,-99999.
122536,307809,-51.672403,-57.825218,0.6,-1,-99999,-99999.,-99999.,-99999.,-99999.,-99999.,-99999.
122536,307817,-51.672385,-57.825237,0.5,-1,-99999,-99999.,-99999.,-99999.,-99999.,-99999.,-99999.
122536,307818,-51.672385,-57.825237,0.5,-1,-99999,-99999.,-99999.,-99999.,-99999.,-99999.,-99999.
122536,307827,-51.67236,-57.825263,0.6,-1,-99999,-99999.,-99999.,-99999.,-99999.,-99999.,-99999.
122536,307829,-51.67236,-57.825263,0.6,-1,-99999,-99999.,-99999.,-99999.,-99999.,-99999.,-99999.
122536,307838,-51.672332,-57.825288,0.7,-1,-99999,-99999.,-99999.,-99999.,-99999.,-99999.,-99999.
122536,307839,-51.672332,-57.825288,0.7,-1,-99999,-99999.,-99999.,-99999.,-99999.,-99999.,-99999.
122536,307868,-51.672245,-57.82541,0.8,-1,-99999,-99999.,-99999.,-99999.,-99999.,-99999.,-99999.
122536,307869,-51.672245,-57.82541,0.8,-1,-99999,-99999.,-99999.,-99999.,-99999.,-99999.,-99999.
122536,307877,-51.672218,-57.82545,0.9,-1,-99999,-99999.,-99999.,-99999.,-99999.,-99999.,-99999.
122536,307878,-51.672218,-57.82545,0.9,-1,-99999,-99999.,-99999.,-99999.,-99999.,-99999.,-99999.
122536,307887,-51.672205,-57.825502,1.,-1,-99999,-99999.,-99999.,-99999.,-99999.,-99999.,-99999.
122536,307889,-51.672205,-57.825502,1.,-1,-99999,-99999.,-99999.,-99999.,-99999.,-99999.,-99999.
122536,307899,-51.672177,-57.82555,1.,-1,-99999,-99999.,-99999.,-99999.,-99999.,-99999.,-99999.
122536,307906,-51.67215,-57.825588,0.9,-1,-99999,-99999.,-99999.,-99999.,-99999.,-99999.,-99999.
122536,307907,-51.67215,-57.825588,0.9,-1,-99999,-99999.,-99999.,-99999.,-99999.,-99999.,-99999.
122536,307928,-51.67208,-57.825683,0.8,-1,-99999,-99999.,-99999.,-99999.,-99999.,-99999.,-99999.
122536,307929,-51.67208,-57.825683,0.8,-1,-99999,-99999.,-99999.,-99999.,-99999.,-99999.,-99999.
122536,307937,-51.672057,-57.825718,0.8,-1,-99999,-99999.,-99999.,-99999.,-99999.,-99999.,-99999.
122536,307938,-51.672057,-57.825718,0.8,-1,-99999,-99999.,-99999.,-99999.,-99999.,-99999.,-99999.
122536,307947,-51.672027,-57.825758,0.7,-1,-99999,-99999.,-99999.,-99999.,-99999.,-99999.,-99999.
122536,307949,-51.672027,-57.825758,0.7,-1,-99999,-99999.,-99999.,-99999.,-99999.,-99999.,-99999.
122536,307979,-51.671943,-57.825843,0.6,-1,-99999,-99999.,-99999.,-99999.,-99999.,-99999.,-99999.
122536,307987,-51.671935,-57.825872,0.6,-1,-99999,-99999.,-99999.,-99999.,-99999.,-99999.,-99999.
122536,307989,-51.671935,-57.825872,0.6,-1,-99999,-99999.,-99999.,-99999.,-99999.,-99999.,-99999.
122536,307997,-51.671922,-57.8259,0.5,-1,-99999,-99999.,-99999.,-99999.,-99999.,-99999.,-99999.
122536,307998,-51.671922,-57.8259,0.5,-1,-99999,-99999.,-99999.,-99999.,-99999.,-99999.,-99999.
122536,308008,-51.671905,-57.82593,0.5,-1,-99999,-99999.,-99999.,-99999.,-99999.,-99999.,-99999.
122536,308013,-51.671905,-57.82593,0.5,-1,-99999,-99999.,-99999.,-99999.,-99999.,-99999.,-99999.
122536,308027,-51.671862,-57.825955,0.5,-1,-99999,-99999.,-99999.,-99999.,-99999.,-99999.,-99999.
122536,308037,-51.671833,-57.825975,0.5,-1,-99999,-99999.,-99999.,-99999.,-99999.,-99999.,-99999.
122536,308038,-51.671833,-57.825975,0.5,-1,-99999,-99999.,-99999.,-99999.,-99999.,-99999.,-99999.
122536,308048,-51.671813,-57.826003,0.5,-1,-99999,-99999.,-99999.,-99999.,-99999.,-99999.,-99999.
122536,308098,-51.671747,-57.826095,0.3,-1,-99999,-99999.,-99999.,-99999.,-99999.,-99999.,-99999.
122536,308148,-51.671715,-57.826152,0.2,-1,-99999,-99999.,-99999.,-99999.,-99999.,-99999.,-99999.
122536,308197,-51.671677,-57.826137,0.1,-1,-99999,-99999.,-99999.,-99999.,-99999.,-99999.,-99999.
122536,308230,-51.671677,-57.826103,0.2,-1,-99999,-99999.,-99999.,-99999.,-99999.,-99999.,-99999.
122536,308249,-51.67167,-57.826095,0.1,-1,-99999,-99999.,-99999.,-99999.,-99999.,-99999.,-99999.
122536,308257,-51.671668,-57.826083,0.2,-1,-99999,-99999.,-99999.,-99999.,-99999.,-99999.,-99999.
122536,308317,-51.671677,-57.826013,0.3,-1,-99999,-99999.,-99999.,-99999.,-99999.,-99999.,-99999.
122536,308328,-51.671675,-57.82599,0.3,-1,-99999,-99999.,-99999.,-99999.,-99999.,-99999.,-99999.
122536,309210,-51.670948,-57.828372,0.4,-1,-99999,-99999.,-99999.,-99999.,-99999.,-99999.,-99999.
122536,309960,-51.67115,-57.826895,0.4,-1,-99999,-99999.,-99999.,-99999.,-99999.,-99999.,-99999.
122536,310770,-51.672058,-57.826287,0.9,-1,-99999,-99999.,-99999.,-99999.,-99999.,-99999.,-99999.
122536,311559,-51.670695,-57.82627,0.2,-1,-99999,-99999.,-99999.,-99999.,-99999.,-99999.,-99999.
122536,312818,-51.669102,-57.826758,0.3,-1,-99999,-99999.,-99999.,-99999.,-99999.,-99999.,-99999.
122536,313301,-51.66966,-57.827067,0.3,-1,-99999,-99999.,-99999.,-99999.,-99999.,-99999.,-99999.
122536,313578,-51.669818,-57.827865,0.5,-1,-99999,-99999.,-99999.,-99999.,-99999.,-99999.,-99999.
122536,313587,-51.669817,-57.827892,0.5,-1,-99999,-99999.,-99999.,-99999.,-99999.,-99999.,-99999.
122536,313588,-51.669817,-57.827892,0.5,-1,-99999,-99999.,-99999.,-99999.,-99999.,-99999.,-99999.
122536,313596,-51.669817,-57.827917,0.4,-1,-99999,-99999.,-99999.,-99999.,-99999.,-99999.,-99999.
122536,313608,-51.669832,-57.827965,0.5,-1,-99999,-99999.,-99999.,-99999.,-99999.,-99999.,-99999.
122536,313617,-51.669833,-57.827995,0.5,-1,-99999,-99999.,-99999.,-99999.,-99999.,-99999.,-99999.
122536,313618,-51.669833,-57.827995,0.5,-1,-99999,-99999.,-99999.,-99999.,-99999.,-99999.,-99999.
122536,313648,-51.669843,-57.828092,0.4,-1,-99999,-99999.,-99999.,-99999.,-99999.,-99999.,-99999.
122536,313668,-51.66985,-57.828153,0.5,-1,-99999,-99999.,-99999.,-99999.,-99999.,-99999.,-99999.
122536,313669,-51.66985,-57.828153,0.5,-1,-99999,-99999.,-99999.,-99999.,-99999.,-99999.,-99999.
122536,313687,-51.669862,-57.828212,0.5,-1,-99999,-99999.,-99999.,-99999.,-99999.,-99999.,-99999.
122536,313688,-51.669862,-57.828212,0.5,-1,-99999,-99999.,-99999.,-99999.,-99999.,-99999.,-99999.
122536,313696,-51.66987,-57.828245,0.5,-1,-99999,-99999.,-99999.,-99999.,-99999.,-99999.,-99999.
122536,313697,-51.66987,-57.828245,0.5,-1,-99999,-99999.,-99999.,-99999.,-99999.,-99999.,-99999.
122536,313716,-51.669885,-57.828307,0.5,-1,-99999,-99999.,-99999.,-99999.,-99999.,-99999.,-99999.
122536,313717,-51.669885,-57.828307,0.5,-1,-99999,-99999.,-99999.,-99999.,-99999.,-99999.,-99999.
122536,313728,-51.669893,-57.828342,0.5,-1,-99999,-99999.,-99999.,-99999.,-99999.,-99999.,-99999.
122536,313737,-51.669898,-57.828368,0.5,-1,-99999,-99999.,-99999.,-99999.,-99999.,-99999.,-99999.
122536,313747,-51.669905,-57.828398,0.5,-1,-99999,-99999.,-99999.,-99999.,-99999.,-99999.,-99999.
122536,313748,-51.669905,-57.828398,0.5,-1,-99999,-99999.,-99999.,-99999.,-99999.,-99999.,-99999.
122536,313756,-51.66991,-57.828428,0.5,-1,-99999,-99999.,-99999.,-99999.,-99999.,-99999.,-99999.
122536,313758,-51.66991,-57.828428,0.5,-1,-99999,-99999.,-99999.,-99999.,-99999.,-99999.,-99999.
122536,313768,-51.66992,-57.828467,0.5,-1,-99999,-99999.,-99999.,-99999.,-99999.,-99999.,-99999.
122536,313777,-51.669928,-57.828493,0.5,-1,-99999,-99999.,-99999.,-99999.,-99999.,-99999.,-99999.
122536,313807,-51.669947,-57.828593,0.4,-1,-99999,-99999.,-99999.,-99999.,-99999.,-99999.,-99999.
122536,313808,-51.669947,-57.828593,0.4,-1,-99999,-99999.,-99999.,-99999.,-99999.,-99999.,-99999.
122536,313816,-51.669958,-57.828613,0.3,-1,-99999,-99999.,-99999.,-99999.,-99999.,-99999.,-99999.
122536,313817,-51.669958,-57.828613,0.3,-1,-99999,-99999.,-99999.,-99999.,-99999.,-99999.,-99999.
122536,313829,-51.66998,-57.828628,0.3,-1,-99999,-99999.,-99999.,-99999.,-99999.,-99999.,-99999.
122536,313836,-51.669985,-57.828642,0.3,-1,-99999,-99999.,-99999.,-99999.,-99999.,-99999.,-99999.
122536,313837,-51.669985,-57.828642,0.3,-1,-99999,-99999.,-99999.,-99999.,-99999.,-99999.,-99999.
122536,313849,-51.669983,-57.828668,0.3,-1,-99999,-99999.,-99999.,-99999.,-99999.,-99999.,-99999.
122536,313857,-51.669983,-57.828685,0.2,-1,-99999,-99999.,-99999.,-99999.,-99999.,-99999.,-99999.
122536,313858,-51.669983,-57.828685,0.2,-1,-99999,-99999.,-99999.,-99999.,-99999.,-99999.,-99999.
122536,313867,-51.669987,-57.828698,0.2,-1,-99999,-99999.,-99999.,-99999.,-99999.,-99999.,-99999.
122536,313868,-51.669987,-57.828698,0.2,-1,-99999,-99999.,-99999.,-99999.,-99999.,-99999.,-99999.
122536,313878,-51.669992,-57.82871,0.2,-1,-99999,-99999.,-99999.,-99999.,-99999.,-99999.,-99999.
122536,313896,-51.67,-57.828723,0.1,-1,-99999,-99999.,-99999.,-99999.,-99999.,-99999.,-99999.
122536,313897,-51.67,-57.828723,0.1,-1,-99999,-99999.,-99999.,-99999.,-99999.,-99999.,-99999.
122536,313906,-51.67,-57.828732,0.2,-1,-99999,-99999.,-99999.,-99999.,-99999.,-99999.,-99999.
122536,313907,-51.67,-57.828732,0.2,-1,-99999,-99999.,-99999.,-99999.,-99999.,-99999.,-99999.
122536,313917,-51.67,-57.828735,0.1,-1,-99999,-99999.,-99999.,-99999.,-99999.,-99999.,-99999.
122536,313947,-51.670017,-57.828725,0.1,-1,-99999,-99999.,-99999.,-99999.,-99999.,-99999.,-99999.
122536,313957,-51.670028,-57.828717,0.1,-1,-99999,-99999.,-99999.,-99999.,-99999.,-99999.,-99999.
122536,314048,-51.670045,-57.828657,0.2,-1,-99999,-99999.,-99999.,-99999.,-99999.,-99999.,-99999.
122536,314197,-51.67011,-57.828338,0.3,-1,-99999,-99999.,-99999.,-99999.,-99999.,-99999.,-99999.
122536,314238,-51.670112,-57.82821,0.4,-1,-99999,-99999.,-99999.,-99999.,-99999.,-99999.,-99999.
122536,315290,-51.671028,-57.827498,0.5,-1,-99999,-99999.,-99999.,-99999.,-99999.,-99999.,-99999.
122536,315810,-51.670738,-57.830067,0.7,-1,-99999,-99999.,-99999.,-99999.,-99999.,-99999.,-99999.
122536,316600,-51.670738,-57.825778,0.9,-1,-99999,-99999.,-99999.,-99999.,-99999.,-99999.,-99999.
122536,317818,-51.66941,-57.831275,0.2,-1,-99999,-99999.,-99999.,-99999.,-99999.,-99999.,-99999.
122536,318585,-51.670122,-57.83002,0.4,-1,-99999,-99999.,-99999.,-99999.,-99999.,-99999.,-99999.
122536,318781,-51.670398,-57.829645,0.5,-1,-99999,-99999.,-99999.,-99999.,-99999.,-99999.,-99999.
122536,319030,-51.670942,-57.829252,0.5,-1,-99999,-99999.,-99999.,-99999.,-99999.,-99999.,-99999.
122536,319416,-51.671612,-57.828517,0.4,-1,-99999,-99999.,-99999.,-99999.,-99999.,-99999.,-99999.
122536,319417,-51.671612,-57.828517,0.4,-1,-99999,-99999.,-99999.,-99999.,-99999.,-99999.,-99999.
122536,319436,-51.67163,-57.82849,0.4,-1,-99999,-99999.,-99999.,-99999.,-99999.,-99999.,-99999.
122536,319447,-51.671635,-57.828453,0.6,-1,-99999,-99999.,-99999.,-99999.,-99999.,-99999.,-99999.
122536,319450,-51.671635,-57.828453,0.6,-1,-99999,-99999.,-99999.,-99999.,-99999.,-99999.,-99999.
122536,319457,-51.671635,-57.828418,0.7,-1,-99999,-99999.,-99999.,-99999.,-99999.,-99999.,-99999.
122536,319458,-51.671635,-57.828418,0.7,-1,-99999,-99999.,-99999.,-99999.,-99999.,-99999.,-99999.
122536,319467,-51.67161,-57.82834,0.9,-1,-99999,-99999.,-99999.,-99999.,-99999.,-99999.,-99999.
122536,319468,-51.67161,-57.82834,0.9,-1,-99999,-99999.,-99999.,-99999.,-99999.,-99999.,-99999.
122536,319476,-51.671583,-57.828285,1.1,-1,-99999,-99999.,-99999.,-99999.,-99999.,-99999.,-99999.
122536,319477,-51.671583,-57.828285,1.1,-1,-99999,-99999.,-99999.,-99999.,-99999.,-99999.,-99999.
122536,319484,-51.671563,-57.828233,1.1,-1,-99999,-99999.,-99999.,-99999.,-99999.,-99999.,-99999.
122536,319500,-51.67149,-57.828122,1.3,-1,-99999,-99999.,-99999.,-99999.,-99999.,-99999.,-99999.
122536,319504,-51.671475,-57.828108,1.3,-1,-99999,-99999.,-99999.,-99999.,-99999.,-99999.,-99999.
122536,319508,-51.671445,-57.828072,1.3,-1,-99999,-99999.,-99999.,-99999.,-99999.,-99999.,-99999.
122536,319511,-51.671425,-57.828055,1.4,-1,-99999,-99999.,-99999.,-99999.,-99999.,-99999.,-99999.
122536,319517,-51.67139,-57.828033,1.3,-1,-99999,-99999.,-99999.,-99999.,-99999.,-99999.,-99999.
122536,319521,-51.671365,-57.82802,1.4,-1,-99999,-99999.,-99999.,-99999.,-99999.,-99999.,-99999.
122536,319522,-51.671365,-57.82802,1.4,-1,-99999,-99999.,-99999.,-99999.,-99999.,-99999.,-99999.
122536,319524,-51.671342,-57.828013,1.4,-1,-99999,-99999.,-99999.,-99999.,-99999.,-99999.,-99999.
122536,319525,-51.671342,-57.828013,1.4,-1,-99999,-99999.,-99999.,-99999.,-99999.,-99999.,-99999.
122536,319527,-51.67133,-57.82801,1.5,-1,-99999,-99999.,-99999.,-99999.,-99999.,-99999.,-99999.
122536,319528,-51.67133,-57.82801,1.5,-1,-99999,-99999.,-99999.,-99999.,-99999.,-99999.,-99999.
122536,319530,-51.671313,-57.828007,1.4,-1,-99999,-99999.,-99999.,-99999.,-99999.,-99999.,-99999.
122536,319531,-51.671313,-57.828007,1.4,-1,-99999,-99999.,-99999.,-99999.,-99999.,-99999.,-99999.
122536,319534,-51.671288,-57.828005,1.5,-1,-99999,-99999.,-99999.,-99999.,-99999.,-99999.,-99999.
122536,319535,-51.671288,-57.828005,1.5,-1,-99999,-99999.,-99999.,-99999.,-99999.,-99999.,-99999.
122536,319537,-51.671275,-57.828003,1.5,-1,-99999,-99999.,-99999.,-99999.,-99999.,-99999.,-99999.
122536,319540,-51.671248,-57.828,1.5,-1,-99999,-99999.,-99999.,-99999.,-99999.,-99999.,-99999.
122536,319541,-51.671248,-57.828,1.5,-1,-99999,-99999.,-99999.,-99999.,-99999.,-99999.,-99999.
122536,319543,-51.671228,-57.828,1.4,-1,-99999,-99999.,-99999.,-99999.,-99999.,-99999.,-99999.
122536,319544,-51.671228,-57.828,1.4,-1,-99999,-99999.,-99999.,-99999.,-99999.,-99999.,-99999.
122536,319550,-51.67118,-57.828003,1.5,-1,-99999,-99999.,-99999.,-99999.,-99999.,-99999.,-99999.
122536,319551,-51.67118,-57.828003,1.5,-1,-99999,-99999.,-99999.,-99999.,-99999.,-99999.,-99999.
122536,319554,-51.671152,-57.828005,1.5,-1,-99999,-99999.,-99999.,-99999.,-99999.,-99999.,-99999.
122536,319555,-51.671152,-57.828005,1.5,-1,-99999,-99999.,-99999.,-99999.,-99999.,-99999.,-99999.
122536,319557,-51.671138,-57.828008,1.6,-1,-99999,-99999.,-99999.,-99999.,-99999.,-99999.,-99999.
122536,319559,-51.671123,-57.82802,1.5,-1,-99999,-99999.,-99999.,-99999.,-99999.,-99999.,-99999.
122536,319560,-51.671123,-57.82802,1.5,-1,-99999,-99999.,-99999.,-99999.,-99999.,-99999.,-99999.
122536,319564,-51.671093,-57.828033,1.6,-1,-99999,-99999.,-99999.,-99999.,-99999.,-99999.,-99999.
122536,319565,-51.671093,-57.828033,1.6,-1,-99999,-99999.,-99999.,-99999.,-99999.,-99999.,-99999.
122536,319567,-51.671073,-57.82804,1.6,-1,-99999,-99999.,-99999.,-99999.,-99999.,-99999.,-99999.
122536,319568,-51.671073,-57.82804,1.6,-1,-99999,-99999.,-99999.,-99999.,-99999.,-99999.,-99999.
122536,319571,-51.671047,-57.828053,1.6,-1,-99999,-99999.,-99999.,-99999.,-99999.,-99999.,-99999.
122536,319572,-51.671047,-57.828053,1.6,-1,-99999,-99999.,-99999.,-99999.,-99999.,-99999.,-99999.
122536,319574,-51.671023,-57.82806,1.7,-1,-99999,-99999.,-99999.,-99999.,-99999.,-99999.,-99999.
122536,319575,-51.671023,-57.82806,1.7,-1,-99999,-99999.,-99999.,-99999.,-99999.,-99999.,-99999.
122536,319577,-51.671,-57.828067,1.7,-1,-99999,-99999.,-99999.,-99999.,-99999.,-99999.,-99999.
122536,319578,-51.671,-57.828067,1.7,-1,-99999,-99999.,-99999.,-99999.,-99999.,-99999.,-99999.
122536,319583,-51.670948,-57.828083,1.8,-1,-99999,-99999.,-99999.,-99999.,-99999.,-99999.,-99999.
122536,319584,-51.670948,-57.828083,1.8,-1,-99999,-99999.,-99999.,-99999.,-99999.,-99999.,-99999.
122536,319590,-51.67089,-57.828107,1.9,-1,-99999,-99999.,-99999.,-99999.,-99999.,-99999.,-99999.
122536,319591,-51.67089,-57.828107,1.9,-1,-99999,-99999.,-99999.,-99999.,-99999.,-99999.,-99999.
122536,319594,-51.670847,-57.828125,1.9,-1,-99999,-99999.,-99999.,-99999.,-99999.,-99999.,-99999.
122536,319595,-51.670847,-57.828125,1.9,-1,-99999,-99999.,-99999.,-99999.,-99999.,-99999.,-99999.
122536,319596,-51.670838,-57.828128,2.,-1,-99999,-99999.,-99999.,-99999.,-99999.,-99999.,-99999.
122536,319597,-51.670838,-57.828128,2.,-1,-99999,-99999.,-99999.,-99999.,-99999.,-99999.,-99999.
122536,319604,-51.670765,-57.828175,2.1,-1,-99999,-99999.,-99999.,-99999.,-99999.,-99999.,-99999.
122536,319627,-51.670553,-57.828352,2.4,-1,-99999,-99999.,-99999.,-99999.,-99999.,-99999.,-99999.
122536,319637,-51.67046,-57.828453,2.6,-1,-99999,-99999.,-99999.,-99999.,-99999.,-99999.,-99999.
122536,319638,-51.67046,-57.828453,2.6,-1,-99999,-99999.,-99999.,-99999.,-99999.,-99999.,-99999.
122536,319647,-51.67036,-57.828565,2.7,-1,-99999,-99999.,-99999.,-99999.,-99999.,-99999.,-99999.
122536,319648,-51.67036,-57.828565,2.7,-1,-99999,-99999.,-99999.,-99999.,-99999.,-99999.,-99999.
122536,319656,-51.670265,-57.828673,2.8,-1,-99999,-99999.,-99999.,-99999.,-99999.,-99999.,-99999.
122536,319657,-51.670265,-57.828673,2.8,-1,-99999,-99999.,-99999.,-99999.,-99999.,-99999.,-99999.
122536,319718,-51.669632,-57.829345,2.2,-1,-99999,-99999.,-99999.,-99999.,-99999.,-99999.,-99999.
122536,319719,-51.669632,-57.829345,2.2,-1,-99999,-99999.,-99999.,-99999.,-99999.,-99999.,-99999.
122536,319758,-51.66933,-57.829622,1.6,-1,-99999,-99999.,-99999.,-99999.,-99999.,-99999.,-99999.
122536,319767,-51.669273,-57.829675,1.5,-1,-99999,-99999.,-99999.,-99999.,-99999.,-99999.,-99999.
122536,319768,-51.669273,-57.829675,1.5,-1,-99999,-99999.,-99999.,-99999.,-99999.,-99999.,-99999.
122536,319807,-51.669072,-57.829867,1.2,-1,-99999,-99999.,-99999.,-99999.,-99999.,-99999.,-99999.
122536,319808,-51.669072,-57.829867,1.2,-1,-99999,-99999.,-99999.,-99999.,-99999.,-99999.,-99999.
122536,319818,-51.669012,-57.829933,1.2,-1,-99999,-99999.,-99999.,-99999.,-99999.,-99999.,-99999.
122536,319819,-51.669012,-57.829933,1.2,-1,-99999,-99999.,-99999.,-99999.,-99999.,-99999.,-99999.
122536,319827,-51.668972,-57.829977,1.,-1,-99999,-99999.,-99999.,-99999.,-99999.,-99999.,-99999.
122536,319828,-51.668972,-57.829977,1.,-1,-99999,-99999.,-99999.,-99999.,-99999.,-99999.,-99999.
122536,319838,-51.668928,-57.830022,1.,-1,-99999,-99999.,-99999.,-99999.,-99999.,-99999.,-99999.
122536,319848,-51.668888,-57.830072,1.,-1,-99999,-99999.,-99999.,-99999.,-99999.,-99999.,-99999.
122536,319857,-51.668857,-57.830113,0.9,-1,-99999,-99999.,-99999.,-99999.,-99999.,-99999.,-99999.
122536,319858,-51.668857,-57.830113,0.9,-1,-99999,-99999.,-99999.,-99999.,-99999.,-99999.,-99999.
122536,319867,-51.668825,-57.830163,0.9,-1,-99999,-99999.,-99999.,-99999.,-99999.,-99999.,-99999.
122536,319868,-51.668825,-57.830163,0.9,-1,-99999,-99999.,-99999.,-99999.,-99999.,-99999.,-99999.
122536,319878,-51.66878,-57.830197,0.9,-1,-99999,-99999.,-99999.,-99999.,-99999.,-99999.,-99999.
122536,319898,-51.668725,-57.830263,0.8,-1,-99999,-99999.,-99999.,-99999.,-99999.,-99999.,-99999.
122536,319899,-51.668725,-57.830263,0.8,-1,-99999,-99999.,-99999.,-99999.,-99999.,-99999.,-99999.
122536,319957,-51.66855,-57.830408,0.6,-1,-99999,-99999.,-99999.,-99999.,-99999.,-99999.,-99999.
122536,319977,-51.668507,-57.830447,0.6,-1,-99999,-99999.,-99999.,-99999.,-99999.,-99999.,-99999.
122536,319987,-51.668483,-57.830475,0.6,-1,-99999,-99999.,-99999.,-99999.,-99999.,-99999.,-99999.
122536,319997,-51.668457,-57.830505,0.6,-1,-99999,-99999.,-99999.,-99999.,-99999.,-99999.,-99999.
122536,320007,-51.66843,-57.830537,0.6,-1,-99999,-99999.,-99999.,-99999.,-99999.,-99999.,-99999.
122536,320008,-51.66843,-57.830537,0.6,-1,-99999,-99999.,-99999.,-99999.,-99999.,-99999.,-99999.
122536,320259,-51.667985,-57.83077,0.3,-1,-99999,-99999.,-99999.,-99999.,-99999.,-99999.,-99999.
122536,321599,-51.667688,-57.828973,0.4,-1,-99999,-99999.,-99999.,-99999.,-99999.,-99999.,-99999.
122536,322809,-51.668862,-57.83055,0.8,-1,-99999,-99999.,-99999.,-99999.,-99999.,-99999.,-99999.
122536,323370,-51.668418,-57.830573,0.5,-1,-99999,-99999.,-99999.,-99999.,-99999.,-99999.,-99999.
122536,324030,-51.668903,-57.829032,0.4,-1,-99999,-99999.,-99999.,-99999.,-99999.,-99999.,-99999.
122536,324480,-51.669627,-57.828492,0.5,-1,-99999,-99999.,-99999.,-99999.,-99999.,-99999.,-99999.
122536,325259,-51.671277,-57.827218,0.5,-1,-99999,-99999.,-99999.,-99999.,-99999.,-99999.,-99999.
122536,325580,-51.67092,-57.827193,2.2,-1,-99999,-99999.,-99999.,-99999.,-99999.,-99999.,-99999.
122536,326520,-51.668983,-57.827958,0.1,-1,-99999,-99999.,-99999.,-99999.,-99999.,-99999.,-99999.
122536,327780,-51.668545,-57.826843,0.3,-1,-99999,-99999.,-99999.,-99999.,-99999.,-99999.,-99999.
122536,327820,-51.668555,-57.826775,0.2,-1,-99999,-99999.,-99999.,-99999.,-99999.,-99999.,-99999.
122536,329379,-51.6694,-57.82539,0.2,-1,-99999,-99999.,-99999.,-99999.,-99999.,-99999.,-99999.
122536,330403,-51.668292,-57.832833,2.8,-1,-99999,-99999.,-99999.,-99999.,-99999.,-99999.,-99999.
122536,342058,-51.673262,-57.837717,0.1,-1,-99999,-99999.,-99999.,-99999.,-99999.,-99999.,-99999.
122536,342078,-51.673263,-57.837718,0.1,-1,-99999,-99999.,-99999.,-99999.,-99999.,-99999.,-99999.
122536,342087,-51.67327,-57.837712,0.1,-1,-99999,-99999.,-99999.,-99999.,-99999.,-99999.,-99999.
122536,342118,-51.67329,-57.837703,0.1,-1,-99999,-99999.,-99999.,-99999.,-99999.,-99999.,-99999.
122536,342147,-51.673313,-57.837682,0.1,-1,-99999,-99999.,-99999.,-99999.,-99999.,-99999.,-99999.
122536,342178,-51.67331,-57.837667,0.1,-1,-99999,-99999.,-99999.,-99999.,-99999.,-99999.,-99999.
122536,342188,-51.673308,-57.837663,0.1,-1,-99999,-99999.,-99999.,-99999.,-99999.,-99999.,-99999.
122536,342217,-51.673317,-57.837658,0.1,-1,-99999,-99999.,-99999.,-99999.,-99999.,-99999.,-99999.
122536,342238,-51.67332,-57.837657,0.1,-1,-99999,-99999.,-99999.,-99999.,-99999.,-99999.,-99999.
122536,342248,-51.673318,-57.837655,0.1,-1,-99999,-99999.,-99999.,-99999.,-99999.,-99999.,-99999.
122536,342277,-51.673317,-57.837657,0.,-1,-99999,-99999.,-99999.,-99999.,-99999.,-99999.,-99999.
122536,342298,-51.67332,-57.83766,0.,-1,-99999,-99999.,-99999.,-99999.,-99999.,-99999.,-99999.
122536,342327,-51.673305,-57.83767,0.,-1,-99999,-99999.,-99999.,-99999.,-99999.,-99999.,-99999.
122536,342338,-51.673302,-57.83767,0.,-1,-99999,-99999.,-99999.,-99999.,-99999.,-99999.,-99999.
122536,342368,-51.673308,-57.83766,0.,-1,-99999,-99999.,-99999.,-99999.,-99999.,-99999.,-99999.
122536,342377,-51.673303,-57.837652,0.,-1,-99999,-99999.,-99999.,-99999.,-99999.,-99999.,-99999.
122536,342387,-51.673302,-57.837648,0.,-1,-99999,-99999.,-99999.,-99999.,-99999.,-99999.,-99999.
122536,342398,-51.673298,-57.837643,0.,-1,-99999,-99999.,-99999.,-99999.,-99999.,-99999.,-99999.
122536,342408,-51.673295,-57.837638,0.,-1,-99999,-99999.,-99999.,-99999.,-99999.,-99999.,-99999.
122536,342417,-51.673293,-57.837635,0.,-1,-99999,-99999.,-99999.,-99999.,-99999.,-99999.,-99999.
122536,342428,-51.673292,-57.837632,0.,-1,-99999,-99999.,-99999.,-99999.,-99999.,-99999.,-99999.
122536,342437,-51.673293,-57.837628,0.,-1,-99999,-99999.,-99999.,-99999.,-99999.,-99999.,-99999.
122536,342448,-51.673292,-57.837627,0.,-1,-99999,-99999.,-99999.,-99999.,-99999.,-99999.,-99999.
122536,342458,-51.673288,-57.837628,0.1,-1,-99999,-99999.,-99999.,-99999.,-99999.,-99999.,-99999.
122536,342468,-51.673288,-57.837627,0.1,-1,-99999,-99999.,-99999.,-99999.,-99999.,-99999.,-99999.
122536,342477,-51.673293,-57.837627,0.,-1,-99999,-99999.,-99999.,-99999.,-99999.,-99999.,-99999.
122536,342487,-51.673293,-57.83763,0.1,-1,-99999,-99999.,-99999.,-99999.,-99999.,-99999.,-99999.
122536,342508,-51.673307,-57.837638,0.1,-1,-99999,-99999.,-99999.,-99999.,-99999.,-99999.,-99999.
122536,342518,-51.673312,-57.837647,0.1,-1,-99999,-99999.,-99999.,-99999.,-99999.,-99999.,-99999.
122536,342528,-51.673317,-57.837662,0.1,-1,-99999,-99999.,-99999.,-99999.,-99999.,-99999.,-99999.
122536,342537,-51.67332,-57.837668,0.1,-1,-99999,-99999.,-99999.,-99999.,-99999.,-99999.,-99999.
122536,342547,-51.67332,-57.837672,0.1,-1,-99999,-99999.,-99999.,-99999.,-99999.,-99999.,-99999.
122536,342557,-51.673325,-57.837672,0.1,-1,-99999,-99999.,-99999.,-99999.,-99999.,-99999.,-99999.
122536,342568,-51.673327,-57.837672,0.,-1,-99999,-99999.,-99999.,-99999.,-99999.,-99999.,-99999.
122536,342578,-51.673327,-57.83767,0.,-1,-99999,-99999.,-99999.,-99999.,-99999.,-99999.,-99999.
122536,342588,-51.673327,-57.837668,0.1,-1,-99999,-99999.,-99999.,-99999.,-99999.,-99999.,-99999.
122536,342607,-51.673317,-57.837663,0.,-1,-99999,-99999.,-99999.,-99999.,-99999.,-99999.,-99999.
122536,342617,-51.673315,-57.837655,0.,-1,-99999,-99999.,-99999.,-99999.,-99999.,-99999.,-99999.
122536,342628,-51.673315,-57.837648,0.,-1,-99999,-99999.,-99999.,-99999.,-99999.,-99999.,-99999.
122536,342638,-51.673313,-57.837643,0.,-1,-99999,-99999.,-99999.,-99999.,-99999.,-99999.,-99999.
122536,342648,-51.673308,-57.83764,0.1,-1,-99999,-99999.,-99999.,-99999.,-99999.,-99999.,-99999.
122536,342657,-51.673305,-57.83764,0.,-1,-99999,-99999.,-99999.,-99999.,-99999.,-99999.,-99999.
122536,342667,-51.673292,-57.837643,0.1,-1,-99999,-99999.,-99999.,-99999.,-99999.,-99999.,-99999.
122536,342677,-51.6733,-57.837662,0.,-1,-99999,-99999.,-99999.,-99999.,-99999.,-99999.,-99999.
122536,342698,-51.673313,-57.837683,0.1,-1,-99999,-99999.,-99999.,-99999.,-99999.,-99999.,-99999.
122536,348056,-51.673168,-57.83821,0.,-1,-99999,-99999.,-99999.,-99999.,-99999.,-99999.,-99999.
122536,348057,-51.673168,-57.83821,0.,-1,-99999,-99999.,-99999.,-99999.,-99999.,-99999.,-99999.
122536,348078,-51.673183,-57.838203,0.1,-1,-99999,-99999.,-99999.,-99999.,-99999.,-99999.,-99999.
122536,348079,-51.673183,-57.838203,0.1,-1,-99999,-99999.,-99999.,-99999.,-99999.,-99999.,-99999.
122536,348148,-51.673195,-57.838207,0.,-1,-99999,-99999.,-99999.,-99999.,-99999.,-99999.,-99999.
122536,348167,-51.673187,-57.838192,0.,-1,-99999,-99999.,-99999.,-99999.,-99999.,-99999.,-99999.
122536,348168,-51.673187,-57.838192,0.,-1,-99999,-99999.,-99999.,-99999.,-99999.,-99999.,-99999.
122536,348189,-51.673187,-57.838185,0.1,-1,-99999,-99999.,-99999.,-99999.,-99999.,-99999.,-99999.
122536,348199,-51.673188,-57.83818,0.,-1,-99999,-99999.,-99999.,-99999.,-99999.,-99999.,-99999.
122536,348209,-51.673187,-57.83818,0.,-1,-99999,-99999.,-99999.,-99999.,-99999.,-99999.,-99999.
122536,348236,-51.673178,-57.838197,0.,-1,-99999,-99999.,-99999.,-99999.,-99999.,-99999.,-99999.
122536,348237,-51.673178,-57.838197,0.,-1,-99999,-99999.,-99999.,-99999.,-99999.,-99999.,-99999.
122536,348249,-51.673175,-57.838203,0.,-1,-99999,-99999.,-99999.,-99999.,-99999.,-99999.,-99999.
122536,348297,-51.673173,-57.838208,0.,-1,-99999,-99999.,-99999.,-99999.,-99999.,-99999.,-99999.
122536,348309,-51.67317,-57.838203,0.,-1,-99999,-99999.,-99999.,-99999.,-99999.,-99999.,-99999.
122536,348318,-51.673163,-57.8382,0.,-1,-99999,-99999.,-99999.,-99999.,-99999.,-99999.,-99999.
122536,348319,-51.673163,-57.8382,0.,-1,-99999,-99999.,-99999.,-99999.,-99999.,-99999.,-99999.
122536,348327,-51.673157,-57.838198,0.,-1,-99999,-99999.,-99999.,-99999.,-99999.,-99999.,-99999.
122536,348336,-51.67315,-57.838195,0.,-1,-99999,-99999.,-99999.,-99999.,-99999.,-99999.,-99999.
122536,348346,-51.673147,-57.838192,0.,-1,-99999,-99999.,-99999.,-99999.,-99999.,-99999.,-99999.
122536,348347,-51.673147,-57.838192,0.,-1,-99999,-99999.,-99999.,-99999.,-99999.,-99999.,-99999.
122536,348356,-51.673143,-57.838192,0.,-1,-99999,-99999.,-99999.,-99999.,-99999.,-99999.,-99999.
122536,348357,-51.673143,-57.838192,0.,-1,-99999,-99999.,-99999.,-99999.,-99999.,-99999.,-99999.
122536,348367,-51.673142,-57.838193,0.,-1,-99999,-99999.,-99999.,-99999.,-99999.,-99999.,-99999.
122536,348368,-51.673142,-57.838193,0.,-1,-99999,-99999.,-99999.,-99999.,-99999.,-99999.,-99999.
122536,348378,-51.67314,-57.838195,0.1,-1,-99999,-99999.,-99999.,-99999.,-99999.,-99999.,-99999.
122536,348379,-51.67314,-57.838195,0.1,-1,-99999,-99999.,-99999.,-99999.,-99999.,-99999.,-99999.
122536,348387,-51.673133,-57.838198,0.,-1,-99999,-99999.,-99999.,-99999.,-99999.,-99999.,-99999.
122536,348408,-51.673117,-57.838222,0.1,-1,-99999,-99999.,-99999.,-99999.,-99999.,-99999.,-99999.
122536,348428,-51.673112,-57.838237,0.1,-1,-99999,-99999.,-99999.,-99999.,-99999.,-99999.,-99999.
122536,348456,-51.673117,-57.838237,0.1,-1,-99999,-99999.,-99999.,-99999.,-99999.,-99999.,-99999.
122536,348457,-51.673117,-57.838237,0.1,-1,-99999,-99999.,-99999.,-99999.,-99999.,-99999.,-99999.
122536,348467,-51.673117,-57.838235,0.,-1,-99999,-99999.,-99999.,-99999.,-99999.,-99999.,-99999.
122536,348487,-51.67312,-57.838247,0.,-1,-99999,-99999.,-99999.,-99999.,-99999.,-99999.,-99999.
122536,348498,-51.67312,-57.838248,0.1,-1,-99999,-99999.,-99999.,-99999.,-99999.,-99999.,-99999.
122536,348506,-51.673125,-57.838252,0.,-1,-99999,-99999.,-99999.,-99999.,-99999.,-99999.,-99999.
122536,348507,-51.673125,-57.838252,0.,-1,-99999,-99999.,-99999.,-99999.,-99999.,-99999.,-99999.
122536,348526,-51.673133,-57.838247,0.,-1,-99999,-99999.,-99999.,-99999.,-99999.,-99999.,-99999.
122536,348528,-51.673133,-57.838247,0.,-1,-99999,-99999.,-99999.,-99999.,-99999.,-99999.,-99999.
122536,348537,-51.673137,-57.838247,0.,-1,-99999,-99999.,-99999.,-99999.,-99999.,-99999.,-99999.
122536,348547,-51.67314,-57.838247,0.,-1,-99999,-99999.,-99999.,-99999.,-99999.,-99999.,-99999.
122536,348548,-51.67314,-57.838247,0.,-1,-99999,-99999.,-99999.,-99999.,-99999.,-99999.,-99999.
122536,348557,-51.67314,-57.838245,0.,-1,-99999,-99999.,-99999.,-99999.,-99999.,-99999.,-99999.
122536,348558,-51.67314,-57.838245,0.,-1,-99999,-99999.,-99999.,-99999.,-99999.,-99999.,-99999.
122536,353896,-51.673132,-57.838377,0.,-1,-99999,-99999.,-99999.,-99999.,-99999.,-99999.,-99999.
122536,353897,-51.673132,-57.838377,0.,-1,-99999,-99999.,-99999.,-99999.,-99999.,-99999.,-99999.
122536,353907,-51.673143,-57.838383,0.,-1,-99999,-99999.,-99999.,-99999.,-99999.,-99999.,-99999.
122536,353908,-51.673143,-57.838383,0.,-1,-99999,-99999.,-99999.,-99999.,-99999.,-99999.,-99999.
122536,353968,-51.673147,-57.838402,0.1,-1,-99999,-99999.,-99999.,-99999.,-99999.,-99999.,-99999.
122536,353977,-51.67314,-57.838388,0.,-1,-99999,-99999.,-99999.,-99999.,-99999.,-99999.,-99999.
122536,354006,-51.67314,-57.838387,0.1,-1,-99999,-99999.,-99999.,-99999.,-99999.,-99999.,-99999.
122536,354007,-51.67314,-57.838387,0.1,-1,-99999,-99999.,-99999.,-99999.,-99999.,-99999.,-99999.
122536,354028,-51.67312,-57.838362,0.1,-1,-99999,-99999.,-99999.,-99999.,-99999.,-99999.,-99999.
122536,354038,-51.67312,-57.83836,0.1,-1,-99999,-99999.,-99999.,-99999.,-99999.,-99999.,-99999.
122536,354047,-51.673123,-57.838362,0.1,-1,-99999,-99999.,-99999.,-99999.,-99999.,-99999.,-99999.
122536,354048,-51.673123,-57.838362,0.1,-1,-99999,-99999.,-99999.,-99999.,-99999.,-99999.,-99999.
122536,354056,-51.673127,-57.838367,0.,-1,-99999,-99999.,-99999.,-99999.,-99999.,-99999.,-99999.
122536,354067,-51.673135,-57.838372,0.1,-1,-99999,-99999.,-99999.,-99999.,-99999.,-99999.,-99999.
122536,354068,-51.673135,-57.838372,0.1,-1,-99999,-99999.,-99999.,-99999.,-99999.,-99999.,-99999.
122536,354077,-51.673138,-57.838375,0.1,-1,-99999,-99999.,-99999.,-99999.,-99999.,-99999.,-99999.
122536,354088,-51.67314,-57.838375,0.1,-1,-99999,-99999.,-99999.,-99999.,-99999.,-99999.,-99999.
122536,354098,-51.673145,-57.83838,0.,-1,-99999,-99999.,-99999.,-99999.,-99999.,-99999.,-99999.
122536,354117,-51.67314,-57.838395,0.1,-1,-99999,-99999.,-99999.,-99999.,-99999.,-99999.,-99999.
122536,354127,-51.673152,-57.838425,0.,-1,-99999,-99999.,-99999.,-99999.,-99999.,-99999.,-99999.
122536,354128,-51.673152,-57.838425,0.,-1,-99999,-99999.,-99999.,-99999.,-99999.,-99999.,-99999.
122536,354137,-51.673155,-57.838435,0.,-1,-99999,-99999.,-99999.,-99999.,-99999.,-99999.,-99999.
122536,354158,-51.673158,-57.838463,0.,-1,-99999,-99999.,-99999.,-99999.,-99999.,-99999.,-99999.
122536,354167,-51.673143,-57.838457,0.,-1,-99999,-99999.,-99999.,-99999.,-99999.,-99999.,-99999.
122536,354197,-51.673147,-57.838477,0.1,-1,-99999,-99999.,-99999.,-99999.,-99999.,-99999.,-99999.
122536,354198,-51.673147,-57.838477,0.1,-1,-99999,-99999.,-99999.,-99999.,-99999.,-99999.,-99999.
122536,354207,-51.673143,-57.838468,0.1,-1,-99999,-99999.,-99999.,-99999.,-99999.,-99999.,-99999.
122536,354236,-51.673133,-57.838455,0.1,-1,-99999,-99999.,-99999.,-99999.,-99999.,-99999.,-99999.
122536,354248,-51.67313,-57.838445,0.1,-1,-99999,-99999.,-99999.,-99999.,-99999.,-99999.,-99999.
122536,354278,-51.673118,-57.838352,0.1,-1,-99999,-99999.,-99999.,-99999.,-99999.,-99999.,-99999.
122536,354296,-51.673127,-57.838415,0.,-1,-99999,-99999.,-99999.,-99999.,-99999.,-99999.,-99999.
122536,354308,-51.673118,-57.838423,0.1,-1,-99999,-99999.,-99999.,-99999.,-99999.,-99999.,-99999.
122536,354327,-51.673103,-57.838388,0.1,-1,-99999,-99999.,-99999.,-99999.,-99999.,-99999.,-99999.
122536,354338,-51.673117,-57.838422,0.1,-1,-99999,-99999.,-99999.,-99999.,-99999.,-99999.,-99999.
122536,354346,-51.673132,-57.838473,0.,-1,-99999,-99999.,-99999.,-99999.,-99999.,-99999.,-99999.
122536,354356,-51.67313,-57.838438,0.1,-1,-99999,-99999.,-99999.,-99999.,-99999.,-99999.,-99999.
122536,354367,-51.673132,-57.838415,0.,-1,-99999,-99999.,-99999.,-99999.,-99999.,-99999.,-99999.
122536,354378,-51.673143,-57.838405,0.,-1,-99999,-99999.,-99999.,-99999.,-99999.,-99999.,-99999.
122536,358770,-51.673155,-57.837912,0.,-1,-99999,-99999.,-99999.,-99999.,-99999.,-99999.,-99999.
122536,359790,-51.673277,-57.837705,0.,-1,-99999,-99999.,-99999.,-99999.,-99999.,-99999.,-99999.
122536,359819,-51.673273,-57.837698,0.,-1,-99999,-99999.,-99999.,-99999.,-99999.,-99999.,-99999.
122536,359827,-51.67328,-57.837692,0.,-1,-99999,-99999.,-99999.,-99999.,-99999.,-99999.,-99999.
122536,359828,-51.67328,-57.837692,0.,-1,-99999,-99999.,-99999.,-99999.,-99999.,-99999.,-99999.
122536,359848,-51.673293,-57.83769,0.,-1,-99999,-99999.,-99999.,-99999.,-99999.,-99999.,-99999.
122536,359849,-51.673293,-57.83769,0.,-1,-99999,-99999.,-99999.,-99999.,-99999.,-99999.,-99999.
122536,359867,-51.673292,-57.837692,0.,-1,-99999,-99999.,-99999.,-99999.,-99999.,-99999.,-99999.
122536,359868,-51.673292,-57.837692,0.,-1,-99999,-99999.,-99999.,-99999.,-99999.,-99999.,-99999.
122536,359887,-51.673292,-57.83769,0.1,-1,-99999,-99999.,-99999.,-99999.,-99999.,-99999.,-99999.
122536,359897,-51.6733,-57.837682,0.1,-1,-99999,-99999.,-99999.,-99999.,-99999.,-99999.,-99999.
122536,359899,-51.6733,-57.837682,0.1,-1,-99999,-99999.,-99999.,-99999.,-99999.,-99999.,-99999.
122536,359908,-51.673275,-57.837715,0.,-1,-99999,-99999.,-99999.,-99999.,-99999.,-99999.,-99999.
122536,359909,-51.673275,-57.837715,0.,-1,-99999,-99999.,-99999.,-99999.,-99999.,-99999.,-99999.
122536,359928,-51.673285,-57.837703,0.,-1,-99999,-99999.,-99999.,-99999.,-99999.,-99999.,-99999.
122536,359929,-51.673285,-57.837703,0.,-1,-99999,-99999.,-99999.,-99999.,-99999.,-99999.,-99999.
122536,359937,-51.673277,-57.837705,0.,-1,-99999,-99999.,-99999.,-99999.,-99999.,-99999.,-99999.
122536,359939,-51.673277,-57.837705,0.,-1,-99999,-99999.,-99999.,-99999.,-99999.,-99999.,-99999.
122536,359947,-51.673275,-57.837698,0.,-1,-99999,-99999.,-99999.,-99999.,-99999.,-99999.,-99999.
122536,359948,-51.673275,-57.837698,0.,-1,-99999,-99999.,-99999.,-99999.,-99999.,-99999.,-99999.
122536,359957,-51.673273,-57.83769,0.,-1,-99999,-99999.,-99999.,-99999.,-99999.,-99999.,-99999.
122536,359959,-51.673273,-57.83769,0.,-1,-99999,-99999.,-99999.,-99999.,-99999.,-99999.,-99999.
122536,359968,-51.673277,-57.83768,0.,-1,-99999,-99999.,-99999.,-99999.,-99999.,-99999.,-99999.
122536,359969,-51.673277,-57.83768,0.,-1,-99999,-99999.,-99999.,-99999.,-99999.,-99999.,-99999.
122536,359977,-51.67328,-57.837675,0.,-1,-99999,-99999.,-99999.,-99999.,-99999.,-99999.,-99999.
122536,360007,-51.673297,-57.837665,0.1,-1,-99999,-99999.,-99999.,-99999.,-99999.,-99999.,-99999.
122536,360008,-51.673297,-57.837665,0.1,-1,-99999,-99999.,-99999.,-99999.,-99999.,-99999.,-99999.
122536,360017,-51.673302,-57.837665,0.,-1,-99999,-99999.,-99999.,-99999.,-99999.,-99999.,-99999.
122536,360019,-51.673302,-57.837665,0.,-1,-99999,-99999.,-99999.,-99999.,-99999.,-99999.,-99999.
122536,360028,-51.673307,-57.837667,0.,-1,-99999,-99999.,-99999.,-99999.,-99999.,-99999.,-99999.
122536,360029,-51.673307,-57.837667,0.,-1,-99999,-99999.,-99999.,-99999.,-99999.,-99999.,-99999.
122536,360038,-51.673313,-57.837665,0.,-1,-99999,-99999.,-99999.,-99999.,-99999.,-99999.,-99999.
122536,360039,-51.673313,-57.837665,0.,-1,-99999,-99999.,-99999.,-99999.,-99999.,-99999.,-99999.
122536,364281,-51.673622,-57.837587,0.,-1,-99999,-99999.,-99999.,-99999.,-99999.,-99999.,-99999.
122536,369880,-51.673613,-57.83758,0.,-1,-99999,-99999.,-99999.,-99999.,-99999.,-99999.,-99999.
122536,380288,-51.673902,-57.839135,0.,-1,-99999,-99999.,-99999.,-99999.,-99999.,-99999.,-99999.
122536,381430,-51.67386,-57.83922,0.1,-1,-99999,-99999.,-99999.,-99999.,-99999.,-99999.,-99999.
122536,381790,-51.673803,-57.839238,0.1,-1,-99999,-99999.,-99999.,-99999.,-99999.,-99999.,-99999.
122536,382580,-51.673737,-57.839252,0.,-1,-99999,-99999.,-99999.,-99999.,-99999.,-99999.,-99999.
122536,382840,-51.673693,-57.839287,0.1,-1,-99999,-99999.,-99999.,-99999.,-99999.,-99999.,-99999.
122536,383879,-51.673853,-57.839318,0.1,-1,-99999,-99999.,-99999.,-99999.,-99999.,-99999.,-99999.
122536,385120,-51.673557,-57.839353,0.1,-1,-99999,-99999.,-99999.,-99999.,-99999.,-99999.,-99999.
122536,386409,-51.673822,-57.839427,0.1,-1,-99999,-99999.,-99999.,-99999.,-99999.,-99999.,-99999.
122536,386738,-51.673593,-57.83947,0.1,-1,-99999,-99999.,-99999.,-99999.,-99999.,-99999.,-99999.
122536,387929,-51.673833,-57.839617,0.4,-1,-99999,-99999.,-99999.,-99999.,-99999.,-99999.,-99999.
122536,388059,-51.673905,-57.839532,0.1,-1,-99999,-99999.,-99999.,-99999.,-99999.,-99999.,-99999.
122536,388530,-51.673703,-57.839678,0.3,-1,-99999,-99999.,-99999.,-99999.,-99999.,-99999.,-99999.
122536,389119,-51.673527,-57.839695,0.2,-1,-99999,-99999.,-99999.,-99999.,-99999.,-99999.,-99999.
122536,389959,-51.673687,-57.839695,0.1,-1,-99999,-99999.,-99999.,-99999.,-99999.,-99999.,-99999.
122536,390345,-51.673922,-57.839603,0.3,-1,-99999,-99999.,-99999.,-99999.,-99999.,-99999.,-99999.
122536,390347,-51.673922,-57.839603,0.3,-1,-99999,-99999.,-99999.,-99999.,-99999.,-99999.,-99999.
122536,390357,-51.673913,-57.8396,0.4,-1,-99999,-99999.,-99999.,-99999.,-99999.,-99999.,-99999.
122536,390368,-51.673892,-57.839593,0.5,-1,-99999,-99999.,-99999.,-99999.,-99999.,-99999.,-99999.
122536,390378,-51.673873,-57.839588,0.5,-1,-99999,-99999.,-99999.,-99999.,-99999.,-99999.,-99999.
122536,390387,-51.673847,-57.839585,0.5,-1,-99999,-99999.,-99999.,-99999.,-99999.,-99999.,-99999.
122536,390398,-51.673812,-57.839585,0.6,-1,-99999,-99999.,-99999.,-99999.,-99999.,-99999.,-99999.
122536,390407,-51.673792,-57.839585,0.6,-1,-99999,-99999.,-99999.,-99999.,-99999.,-99999.,-99999.
122536,390417,-51.673768,-57.839587,0.6,-1,-99999,-99999.,-99999.,-99999.,-99999.,-99999.,-99999.
122536,390418,-51.673768,-57.839587,0.6,-1,-99999,-99999.,-99999.,-99999.,-99999.,-99999.,-99999.
122536,390428,-51.673742,-57.839587,0.6,-1,-99999,-99999.,-99999.,-99999.,-99999.,-99999.,-99999.
122536,390437,-51.673717,-57.839578,0.5,-1,-99999,-99999.,-99999.,-99999.,-99999.,-99999.,-99999.
122536,390438,-51.673717,-57.839578,0.5,-1,-99999,-99999.,-99999.,-99999.,-99999.,-99999.,-99999.
122536,390447,-51.673685,-57.839573,0.5,-1,-99999,-99999.,-99999.,-99999.,-99999.,-99999.,-99999.
122536,390467,-51.673628,-57.839608,0.3,-1,-99999,-99999.,-99999.,-99999.,-99999.,-99999.,-99999.
122536,390488,-51.673625,-57.839597,0.2,-1,-99999,-99999.,-99999.,-99999.,-99999.,-99999.,-99999.
122536,390498,-51.673607,-57.839592,0.2,-1,-99999,-99999.,-99999.,-99999.,-99999.,-99999.,-99999.
122536,390500,-51.673607,-57.839592,0.2,-1,-99999,-99999.,-99999.,-99999.,-99999.,-99999.,-99999.
122536,390506,-51.6736,-57.83959,0.1,-1,-99999,-99999.,-99999.,-99999.,-99999.,-99999.,-99999.
122536,390507,-51.6736,-57.83959,0.1,-1,-99999,-99999.,-99999.,-99999.,-99999.,-99999.,-99999.
122536,390528,-51.67358,-57.839582,0.1,-1,-99999,-99999.,-99999.,-99999.,-99999.,-99999.,-99999.
122536,390548,-51.67359,-57.839592,0.1,-1,-99999,-99999.,-99999.,-99999.,-99999.,-99999.,-99999.
122536,390567,-51.673615,-57.839612,0.1,-1,-99999,-99999.,-99999.,-99999.,-99999.,-99999.,-99999.
122536,390588,-51.673613,-57.839648,0.2,-1,-99999,-99999.,-99999.,-99999.,-99999.,-99999.,-99999.
122536,390618,-51.673615,-57.839688,0.1,-1,-99999,-99999.,-99999.,-99999.,-99999.,-99999.,-99999.
122536,390638,-51.673623,-57.839688,0.1,-1,-99999,-99999.,-99999.,-99999.,-99999.,-99999.,-99999.
122536,390648,-51.67362,-57.839692,0.1,-1,-99999,-99999.,-99999.,-99999.,-99999.,-99999.,-99999.
122536,390687,-51.673637,-57.839693,0.1,-1,-99999,-99999.,-99999.,-99999.,-99999.,-99999.,-99999.
122536,390708,-51.673633,-57.839707,0.1,-1,-99999,-99999.,-99999.,-99999.,-99999.,-99999.,-99999.
122536,390718,-51.673625,-57.839713,0.1,-1,-99999,-99999.,-99999.,-99999.,-99999.,-99999.,-99999.
122536,390738,-51.673658,-57.839702,0.2,-1,-99999,-99999.,-99999.,-99999.,-99999.,-99999.,-99999.
122536,390758,-51.67369,-57.839708,0.3,-1,-99999,-99999.,-99999.,-99999.,-99999.,-99999.,-99999.
122536,390990,-51.674027,-57.839482,0.1,-1,-99999,-99999.,-99999.,-99999.,-99999.,-99999.,-99999.
122536,391759,-51.6739,-57.83957,0.2,-1,-99999,-99999.,-99999.,-99999.,-99999.,-99999.,-99999.
122536,392360,-51.673817,-57.839638,0.5,-1,-99999,-99999.,-99999.,-99999.,-99999.,-99999.,-99999.
122536,393512,-51.673628,-57.839795,0.5,-1,-99999,-99999.,-99999.,-99999.,-99999.,-99999.,-99999.
122536,394749,-51.673553,-57.83979,0.3,-1,-99999,-99999.,-99999.,-99999.,-99999.,-99999.,-99999.
122536,395929,-51.67367,-57.840235,0.6,-1,-99999,-99999.,-99999.,-99999.,-99999.,-99999.,-99999.
122536,396126,-51.674022,-57.841008,0.8,-1,-99999,-99999.,-99999.,-99999.,-99999.,-99999.,-99999.
122536,396127,-51.674022,-57.841008,0.8,-1,-99999,-99999.,-99999.,-99999.,-99999.,-99999.,-99999.
122536,396135,-51.673968,-57.841012,1.,-1,-99999,-99999.,-99999.,-99999.,-99999.,-99999.,-99999.
122536,396139,-51.67396,-57.841015,1.,-1,-99999,-99999.,-99999.,-99999.,-99999.,-99999.,-99999.
122536,396144,-51.673942,-57.841022,1.1,-1,-99999,-99999.,-99999.,-99999.,-99999.,-99999.,-99999.
122536,396150,-51.673908,-57.841033,1.1,-1,-99999,-99999.,-99999.,-99999.,-99999.,-99999.,-99999.
122536,396156,-51.673877,-57.841043,1.2,-1,-99999,-99999.,-99999.,-99999.,-99999.,-99999.,-99999.
122536,396157,-51.673877,-57.841043,1.2,-1,-99999,-99999.,-99999.,-99999.,-99999.,-99999.,-99999.
122536,396159,-51.67386,-57.841048,1.3,-1,-99999,-99999.,-99999.,-99999.,-99999.,-99999.,-99999.
122536,396160,-51.67386,-57.841048,1.3,-1,-99999,-99999.,-99999.,-99999.,-99999.,-99999.,-99999.
122536,396162,-51.673842,-57.841053,1.3,-1,-99999,-99999.,-99999.,-99999.,-99999.,-99999.,-99999.
122536,396167,-51.673812,-57.841055,1.3,-1,-99999,-99999.,-99999.,-99999.,-99999.,-99999.,-99999.
122536,396169,-51.6738,-57.841053,1.4,-1,-99999,-99999.,-99999.,-99999.,-99999.,-99999.,-99999.
122536,396172,-51.673782,-57.841052,1.4,-1,-99999,-99999.,-99999.,-99999.,-99999.,-99999.,-99999.
122536,396173,-51.673782,-57.841052,1.4,-1,-99999,-99999.,-99999.,-99999.,-99999.,-99999.,-99999.
122536,396176,-51.673757,-57.841047,1.4,-1,-99999,-99999.,-99999.,-99999.,-99999.,-99999.,-99999.
122536,396177,-51.673757,-57.841047,1.4,-1,-99999,-99999.,-99999.,-99999.,-99999.,-99999.,-99999.
122536,396180,-51.673732,-57.841038,1.4,-1,-99999,-99999.,-99999.,-99999.,-99999.,-99999.,-99999.
122536,396181,-51.673732,-57.841038,1.4,-1,-99999,-99999.,-99999.,-99999.,-99999.,-99999.,-99999.
122536,396183,-51.673712,-57.84103,1.5,-1,-99999,-99999.,-99999.,-99999.,-99999.,-99999.,-99999.
122536,396186,-51.673692,-57.841028,1.5,-1,-99999,-99999.,-99999.,-99999.,-99999.,-99999.,-99999.
122536,396187,-51.673692,-57.841028,1.5,-1,-99999,-99999.,-99999.,-99999.,-99999.,-99999.,-99999.
122536,396190,-51.673665,-57.841018,1.5,-1,-99999,-99999.,-99999.,-99999.,-99999.,-99999.,-99999.
122536,396192,-51.673665,-57.841018,1.5,-1,-99999,-99999.,-99999.,-99999.,-99999.,-99999.,-99999.
122536,396194,-51.673637,-57.841002,1.5,-1,-99999,-99999.,-99999.,-99999.,-99999.,-99999.,-99999.
122536,396195,-51.673632,-57.840997,1.5,-1,-99999,-99999.,-99999.,-99999.,-99999.,-99999.,-99999.
122536,396196,-51.673632,-57.840997,1.5,-1,-99999,-99999.,-99999.,-99999.,-99999.,-99999.,-99999.
122536,396199,-51.673608,-57.840977,1.4,-1,-99999,-99999.,-99999.,-99999.,-99999.,-99999.,-99999.
122536,396200,-51.673608,-57.840977,1.4,-1,-99999,-99999.,-99999.,-99999.,-99999.,-99999.,-99999.
122536,396203,-51.673592,-57.840965,1.3,-1,-99999,-99999.,-99999.,-99999.,-99999.,-99999.,-99999.
122536,396209,-51.673558,-57.840938,1.2,-1,-99999,-99999.,-99999.,-99999.,-99999.,-99999.,-99999.
122536,396210,-51.673558,-57.840938,1.2,-1,-99999,-99999.,-99999.,-99999.,-99999.,-99999.,-99999.
122536,396216,-51.673522,-57.840905,1.2,-1,-99999,-99999.,-99999.,-99999.,-99999.,-99999.,-99999.
122536,396217,-51.673522,-57.840905,1.2,-1,-99999,-99999.,-99999.,-99999.,-99999.,-99999.,-99999.
122536,396220,-51.673503,-57.840887,1.1,-1,-99999,-99999.,-99999.,-99999.,-99999.,-99999.,-99999.
122536,396221,-51.673503,-57.840887,1.1,-1,-99999,-99999.,-99999.,-99999.,-99999.,-99999.,-99999.
122536,396227,-51.673477,-57.840872,1.,-1,-99999,-99999.,-99999.,-99999.,-99999.,-99999.,-99999.
122536,396229,-51.673473,-57.840868,1.,-1,-99999,-99999.,-99999.,-99999.,-99999.,-99999.,-99999.
122536,396232,-51.673458,-57.840852,1.,-1,-99999,-99999.,-99999.,-99999.,-99999.,-99999.,-99999.
122536,396236,-51.673445,-57.840828,1.,-1,-99999,-99999.,-99999.,-99999.,-99999.,-99999.,-99999.
122536,396247,-51.67341,-57.840782,0.9,-1,-99999,-99999.,-99999.,-99999.,-99999.,-99999.,-99999.
122536,396255,-51.673385,-57.84074,0.8,-1,-99999,-99999.,-99999.,-99999.,-99999.,-99999.,-99999.
122536,396256,-51.673385,-57.84074,0.8,-1,-99999,-99999.,-99999.,-99999.,-99999.,-99999.,-99999.
122536,396260,-51.673377,-57.840717,0.7,-1,-99999,-99999.,-99999.,-99999.,-99999.,-99999.,-99999.
122536,396262,-51.673373,-57.840708,0.7,-1,-99999,-99999.,-99999.,-99999.,-99999.,-99999.,-99999.
122536,396270,-51.673362,-57.840683,0.6,-1,-99999,-99999.,-99999.,-99999.,-99999.,-99999.,-99999.
122536,396273,-51.67336,-57.840665,0.5,-1,-99999,-99999.,-99999.,-99999.,-99999.,-99999.,-99999.
122536,396274,-51.67336,-57.840665,0.5,-1,-99999,-99999.,-99999.,-99999.,-99999.,-99999.,-99999.
122536,396276,-51.673358,-57.840655,0.5,-1,-99999,-99999.,-99999.,-99999.,-99999.,-99999.,-99999.
122536,396277,-51.673358,-57.840655,0.5,-1,-99999,-99999.,-99999.,-99999.,-99999.,-99999.,-99999.
122536,396280,-51.673355,-57.840648,0.5,-1,-99999,-99999.,-99999.,-99999.,-99999.,-99999.,-99999.
122536,396287,-51.673353,-57.840633,0.3,-1,-99999,-99999.,-99999.,-99999.,-99999.,-99999.,-99999.
122536,396289,-51.673355,-57.840628,0.3,-1,-99999,-99999.,-99999.,-99999.,-99999.,-99999.,-99999.
122536,396293,-51.673362,-57.840625,0.2,-1,-99999,-99999.,-99999.,-99999.,-99999.,-99999.,-99999.
122536,396296,-51.673368,-57.840622,0.2,-1,-99999,-99999.,-99999.,-99999.,-99999.,-99999.,-99999.
122536,396297,-51.673368,-57.840622,0.2,-1,-99999,-99999.,-99999.,-99999.,-99999.,-99999.,-99999.
122536,396299,-51.673373,-57.840618,0.3,-1,-99999,-99999.,-99999.,-99999.,-99999.,-99999.,-99999.
122536,396300,-51.673373,-57.840618,0.3,-1,-99999,-99999.,-99999.,-99999.,-99999.,-99999.,-99999.
122536,396303,-51.673377,-57.840613,0.2,-1,-99999,-99999.,-99999.,-99999.,-99999.,-99999.,-99999.
122536,396306,-51.673377,-57.840607,0.2,-1,-99999,-99999.,-99999.,-99999.,-99999.,-99999.,-99999.
122536,396310,-51.673378,-57.840605,0.3,-1,-99999,-99999.,-99999.,-99999.,-99999.,-99999.,-99999.
122536,396313,-51.67338,-57.840603,0.3,-1,-99999,-99999.,-99999.,-99999.,-99999.,-99999.,-99999.
122536,396314,-51.67338,-57.840603,0.3,-1,-99999,-99999.,-99999.,-99999.,-99999.,-99999.,-99999.
122536,396319,-51.673383,-57.840603,0.4,-1,-99999,-99999.,-99999.,-99999.,-99999.,-99999.,-99999.
122536,396337,-51.673422,-57.840625,0.5,-1,-99999,-99999.,-99999.,-99999.,-99999.,-99999.,-99999.
122536,396344,-51.673433,-57.840648,0.6,-1,-99999,-99999.,-99999.,-99999.,-99999.,-99999.,-99999.
122536,396347,-51.673447,-57.840673,0.6,-1,-99999,-99999.,-99999.,-99999.,-99999.,-99999.,-99999.
122536,396350,-51.673458,-57.840682,0.7,-1,-99999,-99999.,-99999.,-99999.,-99999.,-99999.,-99999.
122536,396351,-51.673458,-57.840682,0.7,-1,-99999,-99999.,-99999.,-99999.,-99999.,-99999.,-99999.
122536,396353,-51.673473,-57.840697,0.8,-1,-99999,-99999.,-99999.,-99999.,-99999.,-99999.,-99999.
122536,396354,-51.673473,-57.840697,0.8,-1,-99999,-99999.,-99999.,-99999.,-99999.,-99999.,-99999.
122536,396356,-51.673482,-57.840708,0.8,-1,-99999,-99999.,-99999.,-99999.,-99999.,-99999.,-99999.
122536,396364,-51.673518,-57.840753,0.9,-1,-99999,-99999.,-99999.,-99999.,-99999.,-99999.,-99999.
122536,396369,-51.673532,-57.84079,0.9,-1,-99999,-99999.,-99999.,-99999.,-99999.,-99999.,-99999.
122536,396370,-51.673532,-57.84079,0.9,-1,-99999,-99999.,-99999.,-99999.,-99999.,-99999.,-99999.
122536,396373,-51.673535,-57.840813,0.9,-1,-99999,-99999.,-99999.,-99999.,-99999.,-99999.,-99999.
122536,396374,-51.673535,-57.840813,0.9,-1,-99999,-99999.,-99999.,-99999.,-99999.,-99999.,-99999.
122536,396376,-51.67354,-57.840825,0.9,-1,-99999,-99999.,-99999.,-99999.,-99999.,-99999.,-99999.
122536,396382,-51.673543,-57.840862,1.1,-1,-99999,-99999.,-99999.,-99999.,-99999.,-99999.,-99999.
122536,396384,-51.673543,-57.840862,1.1,-1,-99999,-99999.,-99999.,-99999.,-99999.,-99999.,-99999.
122536,396396,-51.673588,-57.840945,1.,-1,-99999,-99999.,-99999.,-99999.,-99999.,-99999.,-99999.
122536,396397,-51.673588,-57.840945,1.,-1,-99999,-99999.,-99999.,-99999.,-99999.,-99999.,-99999.
122536,396399,-51.673607,-57.840958,0.9,-1,-99999,-99999.,-99999.,-99999.,-99999.,-99999.,-99999.
122536,396403,-51.67362,-57.840978,1.,-1,-99999,-99999.,-99999.,-99999.,-99999.,-99999.,-99999.
122536,396404,-51.67362,-57.840978,1.,-1,-99999,-99999.,-99999.,-99999.,-99999.,-99999.,-99999.
122536,396409,-51.67364,-57.840995,1.,-1,-99999,-99999.,-99999.,-99999.,-99999.,-99999.,-99999.
122536,396410,-51.67364,-57.840995,1.,-1,-99999,-99999.,-99999.,-99999.,-99999.,-99999.,-99999.
122536,396413,-51.673657,-57.841007,1.1,-1,-99999,-99999.,-99999.,-99999.,-99999.,-99999.,-99999.
122536,396414,-51.673657,-57.841007,1.1,-1,-99999,-99999.,-99999.,-99999.,-99999.,-99999.,-99999.
122536,396416,-51.673668,-57.841013,1.,-1,-99999,-99999.,-99999.,-99999.,-99999.,-99999.,-99999.
122536,396450,-51.673837,-57.840995,1.2,-1,-99999,-99999.,-99999.,-99999.,-99999.,-99999.,-99999.
122536,396453,-51.673855,-57.840978,1.3,-1,-99999,-99999.,-99999.,-99999.,-99999.,-99999.,-99999.
122536,396454,-51.673855,-57.840978,1.3,-1,-99999,-99999.,-99999.,-99999.,-99999.,-99999.,-99999.
122536,396456,-51.673873,-57.840963,1.4,-1,-99999,-99999.,-99999.,-99999.,-99999.,-99999.,-99999.
122536,396457,-51.673873,-57.840963,1.4,-1,-99999,-99999.,-99999.,-99999.,-99999.,-99999.,-99999.
122536,396469,-51.673942,-57.84089,1.6,-1,-99999,-99999.,-99999.,-99999.,-99999.,-99999.,-99999.
122536,396470,-51.673942,-57.84089,1.6,-1,-99999,-99999.,-99999.,-99999.,-99999.,-99999.,-99999.
122536,396473,-51.67396,-57.840845,1.7,-1,-99999,-99999.,-99999.,-99999.,-99999.,-99999.,-99999.
122536,396474,-51.67396,-57.840845,1.7,-1,-99999,-99999.,-99999.,-99999.,-99999.,-99999.,-99999.
122536,396476,-51.67397,-57.840817,1.7,-1,-99999,-99999.,-99999.,-99999.,-99999.,-99999.,-99999.
122536,396477,-51.67397,-57.840817,1.7,-1,-99999,-99999.,-99999.,-99999.,-99999.,-99999.,-99999.
122536,396483,-51.674005,-57.840752,1.8,-1,-99999,-99999.,-99999.,-99999.,-99999.,-99999.,-99999.
122536,396500,-51.674075,-57.84054,1.9,-1,-99999,-99999.,-99999.,-99999.,-99999.,-99999.,-99999.
122536,396514,-51.67404,-57.840325,1.8,-1,-99999,-99999.,-99999.,-99999.,-99999.,-99999.,-99999.
122536,396533,-51.673983,-57.840118,1.5,-1,-99999,-99999.,-99999.,-99999.,-99999.,-99999.,-99999.
122536,396537,-51.673967,-57.840082,1.4,-1,-99999,-99999.,-99999.,-99999.,-99999.,-99999.,-99999.
122536,396547,-51.673913,-57.840023,1.3,-1,-99999,-99999.,-99999.,-99999.,-99999.,-99999.,-99999.
122536,396571,-51.67379,-57.840025,1.,-1,-99999,-99999.,-99999.,-99999.,-99999.,-99999.,-99999.
122536,396597,-51.673697,-57.84016,1.1,-1,-99999,-99999.,-99999.,-99999.,-99999.,-99999.,-99999.
122536,396607,-51.673672,-57.840227,1.,-1,-99999,-99999.,-99999.,-99999.,-99999.,-99999.,-99999.
122536,396627,-51.67364,-57.84038,1.1,-1,-99999,-99999.,-99999.,-99999.,-99999.,-99999.,-99999.
122536,396640,-51.673628,-57.840473,0.9,-1,-99999,-99999.,-99999.,-99999.,-99999.,-99999.,-99999.
122536,396661,-51.673657,-57.84059,0.9,-1,-99999,-99999.,-99999.,-99999.,-99999.,-99999.,-99999.
122536,396707,-51.67382,-57.84068,1.,-1,-99999,-99999.,-99999.,-99999.,-99999.,-99999.,-99999.
122536,396761,-51.674087,-57.840552,1.3,-1,-99999,-99999.,-99999.,-99999.,-99999.,-99999.,-99999.
122536,396913,-51.673345,-57.840738,1.9,-1,-99999,-99999.,-99999.,-99999.,-99999.,-99999.,-99999.
122536,397154,-51.670733,-57.833917,6.7,-1,-99999,-99999.,-99999.,-99999.,-99999.,-99999.,-99999.
122536,397999,-51.66822,-57.823268,0.6,-1,-99999,-99999.,-99999.,-99999.,-99999.,-99999.,-99999.
122536,398390,-51.668998,-57.82305,0.1,-1,-99999,-99999.,-99999.,-99999.,-99999.,-99999.,-99999.
122536,399170,-51.668983,-57.82312,0.1,-1,-99999,-99999.,-99999.,-99999.,-99999.,-99999.,-99999.
122536,399701,-51.668505,-57.823402,0.6,-1,-99999,-99999.,-99999.,-99999.,-99999.,-99999.,-99999.
122536,400869,-51.668383,-57.82331,0.6,-1,-99999,-99999.,-99999.,-99999.,-99999.,-99999.,-99999.
122536,401958,-51.668738,-57.823217,0.6,-1,-99999,-99999.,-99999.,-99999.,-99999.,-99999.,-99999.
122536,401979,-51.668773,-57.823177,0.6,-1,-99999,-99999.,-99999.,-99999.,-99999.,-99999.,-99999.
122536,401986,-51.668792,-57.823175,0.4,-1,-99999,-99999.,-99999.,-99999.,-99999.,-99999.,-99999.
122536,401997,-51.668805,-57.823157,0.4,-1,-99999,-99999.,-99999.,-99999.,-99999.,-99999.,-99999.
122536,402008,-51.668842,-57.823142,0.4,-1,-99999,-99999.,-99999.,-99999.,-99999.,-99999.,-99999.
122536,402009,-51.668842,-57.823142,0.4,-1,-99999,-99999.,-99999.,-99999.,-99999.,-99999.,-99999.
122536,402017,-51.668857,-57.823128,0.4,-1,-99999,-99999.,-99999.,-99999.,-99999.,-99999.,-99999.
122536,402018,-51.668857,-57.823128,0.4,-1,-99999,-99999.,-99999.,-99999.,-99999.,-99999.,-99999.
122536,402028,-51.668888,-57.823122,0.2,-1,-99999,-99999.,-99999.,-99999.,-99999.,-99999.,-99999.
122536,402038,-51.668897,-57.823132,0.3,-1,-99999,-99999.,-99999.,-99999.,-99999.,-99999.,-99999.
122536,402039,-51.668897,-57.823132,0.3,-1,-99999,-99999.,-99999.,-99999.,-99999.,-99999.,-99999.
122536,402046,-51.668908,-57.823122,0.3,-1,-99999,-99999.,-99999.,-99999.,-99999.,-99999.,-99999.
122536,402047,-51.668908,-57.823122,0.3,-1,-99999,-99999.,-99999.,-99999.,-99999.,-99999.,-99999.
122536,402057,-51.668918,-57.823125,0.1,-1,-99999,-99999.,-99999.,-99999.,-99999.,-99999.,-99999.
122536,402077,-51.668928,-57.823137,0.1,-1,-99999,-99999.,-99999.,-99999.,-99999.,-99999.,-99999.
122536,402078,-51.668928,-57.823137,0.1,-1,-99999,-99999.,-99999.,-99999.,-99999.,-99999.,-99999.
122536,402088,-51.668927,-57.823145,0.3,-1,-99999,-99999.,-99999.,-99999.,-99999.,-99999.,-99999.
122536,402117,-51.668918,-57.823182,0.4,-1,-99999,-99999.,-99999.,-99999.,-99999.,-99999.,-99999.
122536,402118,-51.668918,-57.823182,0.4,-1,-99999,-99999.,-99999.,-99999.,-99999.,-99999.,-99999.
122536,402128,-51.668903,-57.823212,0.4,-1,-99999,-99999.,-99999.,-99999.,-99999.,-99999.,-99999.
122536,402129,-51.668903,-57.823212,0.4,-1,-99999,-99999.,-99999.,-99999.,-99999.,-99999.,-99999.
122536,402137,-51.668902,-57.823225,0.5,-1,-99999,-99999.,-99999.,-99999.,-99999.,-99999.,-99999.
122536,402138,-51.668902,-57.823225,0.5,-1,-99999,-99999.,-99999.,-99999.,-99999.,-99999.,-99999.
122536,402144,-51.668887,-57.823245,0.6,-1,-99999,-99999.,-99999.,-99999.,-99999.,-99999.,-99999.
122536,402147,-51.668887,-57.823245,0.6,-1,-99999,-99999.,-99999.,-99999.,-99999.,-99999.,-99999.
122536,402148,-51.66888,-57.823252,0.5,-1,-99999,-99999.,-99999.,-99999.,-99999.,-99999.,-99999.
122536,402160,-51.668843,-57.823285,0.6,-1,-99999,-99999.,-99999.,-99999.,-99999.,-99999.,-99999.
122536,402161,-51.668843,-57.823285,0.6,-1,-99999,-99999.,-99999.,-99999.,-99999.,-99999.,-99999.
122536,402173,-51.66882,-57.82327,0.8,-1,-99999,-99999.,-99999.,-99999.,-99999.,-99999.,-99999.
122536,402177,-51.668807,-57.823263,0.7,-1,-99999,-99999.,-99999.,-99999.,-99999.,-99999.,-99999.
122536,402178,-51.668807,-57.823263,0.7,-1,-99999,-99999.,-99999.,-99999.,-99999.,-99999.,-99999.
122536,402180,-51.668797,-57.823257,0.8,-1,-99999,-99999.,-99999.,-99999.,-99999.,-99999.,-99999.
122536,402185,-51.668777,-57.82325,0.9,-1,-99999,-99999.,-99999.,-99999.,-99999.,-99999.,-99999.
122536,402191,-51.668758,-57.823247,0.9,-1,-99999,-99999.,-99999.,-99999.,-99999.,-99999.,-99999.
122536,402192,-51.668758,-57.823247,0.9,-1,-99999,-99999.,-99999.,-99999.,-99999.,-99999.,-99999.
122536,402194,-51.668747,-57.823245,0.8,-1,-99999,-99999.,-99999.,-99999.,-99999.,-99999.,-99999.
122536,402195,-51.668747,-57.823245,0.8,-1,-99999,-99999.,-99999.,-99999.,-99999.,-99999.,-99999.
122536,402197,-51.66873,-57.823242,0.9,-1,-99999,-99999.,-99999.,-99999.,-99999.,-99999.,-99999.
122536,402198,-51.66873,-57.823242,0.9,-1,-99999,-99999.,-99999.,-99999.,-99999.,-99999.,-99999.
122536,402208,-51.668693,-57.823255,0.9,-1,-99999,-99999.,-99999.,-99999.,-99999.,-99999.,-99999.
122536,402209,-51.668693,-57.823255,0.9,-1,-99999,-99999.,-99999.,-99999.,-99999.,-99999.,-99999.
122536,402248,-51.668543,-57.823287,0.8,-1,-99999,-99999.,-99999.,-99999.,-99999.,-99999.,-99999.
122536,402249,-51.668543,-57.823287,0.8,-1,-99999,-99999.,-99999.,-99999.,-99999.,-99999.,-99999.
122536,402257,-51.668515,-57.823277,0.7,-1,-99999,-99999.,-99999.,-99999.,-99999.,-99999.,-99999.
122536,402258,-51.668515,-57.823277,0.7,-1,-99999,-99999.,-99999.,-99999.,-99999.,-99999.,-99999.
122536,402268,-51.668485,-57.823273,0.7,-1,-99999,-99999.,-99999.,-99999.,-99999.,-99999.,-99999.
122536,402269,-51.668485,-57.823273,0.7,-1,-99999,-99999.,-99999.,-99999.,-99999.,-99999.,-99999.
122536,402308,-51.668367,-57.823273,0.5,-1,-99999,-99999.,-99999.,-99999.,-99999.,-99999.,-99999.
122536,402317,-51.668357,-57.823272,0.4,-1,-99999,-99999.,-99999.,-99999.,-99999.,-99999.,-99999.
122536,402318,-51.668357,-57.823272,0.4,-1,-99999,-99999.,-99999.,-99999.,-99999.,-99999.,-99999.
122536,402328,-51.668325,-57.823287,0.3,-1,-99999,-99999.,-99999.,-99999.,-99999.,-99999.,-99999.
122536,402329,-51.668325,-57.823287,0.3,-1,-99999,-99999.,-99999.,-99999.,-99999.,-99999.,-99999.
122536,402337,-51.668302,-57.823285,0.4,-1,-99999,-99999.,-99999.,-99999.,-99999.,-99999.,-99999.
122536,402338,-51.668302,-57.823285,0.4,-1,-99999,-99999.,-99999.,-99999.,-99999.,-99999.,-99999.
122536,402437,-51.66817,-57.823243,0.3,-1,-99999,-99999.,-99999.,-99999.,-99999.,-99999.,-99999.
122536,402438,-51.66817,-57.823243,0.3,-1,-99999,-99999.,-99999.,-99999.,-99999.,-99999.,-99999.
122536,402477,-51.66817,-57.823248,0.1,-1,-99999,-99999.,-99999.,-99999.,-99999.,-99999.,-99999.
122536,402478,-51.66817,-57.823248,0.1,-1,-99999,-99999.,-99999.,-99999.,-99999.,-99999.,-99999.
122536,402528,-51.668198,-57.823273,0.4,-1,-99999,-99999.,-99999.,-99999.,-99999.,-99999.,-99999.
122536,403420,-51.668695,-57.82326,0.7,-1,-99999,-99999.,-99999.,-99999.,-99999.,-99999.,-99999.
122536,405900,-51.668378,-57.823278,0.6,-1,-99999,-99999.,-99999.,-99999.,-99999.,-99999.,-99999.
122536,407099,-51.668785,-57.823307,0.3,-1,-99999,-99999.,-99999.,-99999.,-99999.,-99999.,-99999.
122536,407761,-51.668683,-57.823332,1.1,-1,-99999,-99999.,-99999.,-99999.,-99999.,-99999.,-99999.
122536,407855,-51.66824,-57.823203,0.8,-1,-99999,-99999.,-99999.,-99999.,-99999.,-99999.,-99999.
122536,407857,-51.66824,-57.823203,0.8,-1,-99999,-99999.,-99999.,-99999.,-99999.,-99999.,-99999.
122536,407866,-51.668205,-57.823193,0.6,-1,-99999,-99999.,-99999.,-99999.,-99999.,-99999.,-99999.
122536,407890,-51.668145,-57.823195,0.5,-1,-99999,-99999.,-99999.,-99999.,-99999.,-99999.,-99999.
122536,407891,-51.668145,-57.823195,0.5,-1,-99999,-99999.,-99999.,-99999.,-99999.,-99999.,-99999.
122536,407903,-51.668122,-57.823198,0.4,-1,-99999,-99999.,-99999.,-99999.,-99999.,-99999.,-99999.
122536,407904,-51.668122,-57.823198,0.4,-1,-99999,-99999.,-99999.,-99999.,-99999.,-99999.,-99999.
122536,407911,-51.668107,-57.823205,0.4,-1,-99999,-99999.,-99999.,-99999.,-99999.,-99999.,-99999.
122536,407913,-51.668102,-57.823207,0.4,-1,-99999,-99999.,-99999.,-99999.,-99999.,-99999.,-99999.
122536,407914,-51.668102,-57.823207,0.4,-1,-99999,-99999.,-99999.,-99999.,-99999.,-99999.,-99999.
122536,407915,-51.668098,-57.823208,0.3,-1,-99999,-99999.,-99999.,-99999.,-99999.,-99999.,-99999.
122536,407926,-51.668082,-57.82321,0.3,-1,-99999,-99999.,-99999.,-99999.,-99999.,-99999.,-99999.
122536,407937,-51.668068,-57.823203,0.2,-1,-99999,-99999.,-99999.,-99999.,-99999.,-99999.,-99999.
122536,407938,-51.668068,-57.823203,0.2,-1,-99999,-99999.,-99999.,-99999.,-99999.,-99999.,-99999.
122536,407947,-51.668052,-57.82321,0.2,-1,-99999,-99999.,-99999.,-99999.,-99999.,-99999.,-99999.
122536,407948,-51.668052,-57.82321,0.2,-1,-99999,-99999.,-99999.,-99999.,-99999.,-99999.,-99999.
122536,407955,-51.668045,-57.823212,0.2,-1,-99999,-99999.,-99999.,-99999.,-99999.,-99999.,-99999.
122536,407956,-51.668045,-57.823212,0.2,-1,-99999,-99999.,-99999.,-99999.,-99999.,-99999.,-99999.
122536,407965,-51.668042,-57.823203,0.1,-1,-99999,-99999.,-99999.,-99999.,-99999.,-99999.,-99999.
122536,407966,-51.668042,-57.823203,0.1,-1,-99999,-99999.,-99999.,-99999.,-99999.,-99999.,-99999.
122536,407976,-51.66804,-57.823187,0.,-1,-99999,-99999.,-99999.,-99999.,-99999.,-99999.,-99999.
122536,407986,-51.668025,-57.823173,0.1,-1,-99999,-99999.,-99999.,-99999.,-99999.,-99999.,-99999.
122536,408036,-51.668055,-57.82326,0.3,-1,-99999,-99999.,-99999.,-99999.,-99999.,-99999.,-99999.
122536,408037,-51.668055,-57.82326,0.3,-1,-99999,-99999.,-99999.,-99999.,-99999.,-99999.,-99999.
122536,408057,-51.66808,-57.823297,0.6,-1,-99999,-99999.,-99999.,-99999.,-99999.,-99999.,-99999.
122536,408058,-51.66808,-57.823297,0.6,-1,-99999,-99999.,-99999.,-99999.,-99999.,-99999.,-99999.
122536,408063,-51.668095,-57.823312,0.6,-1,-99999,-99999.,-99999.,-99999.,-99999.,-99999.,-99999.
122536,408064,-51.668095,-57.823312,0.6,-1,-99999,-99999.,-99999.,-99999.,-99999.,-99999.,-99999.
122536,408066,-51.668103,-57.823323,0.6,-1,-99999,-99999.,-99999.,-99999.,-99999.,-99999.,-99999.
122536,408067,-51.668103,-57.823323,0.6,-1,-99999,-99999.,-99999.,-99999.,-99999.,-99999.,-99999.
122536,408070,-51.668117,-57.823332,0.7,-1,-99999,-99999.,-99999.,-99999.,-99999.,-99999.,-99999.
122536,408073,-51.668133,-57.823342,0.6,-1,-99999,-99999.,-99999.,-99999.,-99999.,-99999.,-99999.
122536,408074,-51.668133,-57.823342,0.6,-1,-99999,-99999.,-99999.,-99999.,-99999.,-99999.,-99999.
122536,408082,-51.668167,-57.823348,0.8,-1,-99999,-99999.,-99999.,-99999.,-99999.,-99999.,-99999.
122536,408084,-51.668167,-57.823348,0.8,-1,-99999,-99999.,-99999.,-99999.,-99999.,-99999.,-99999.
122536,408085,-51.66818,-57.823345,0.8,-1,-99999,-99999.,-99999.,-99999.,-99999.,-99999.,-99999.
122536,408146,-51.66846,-57.823322,1.,-1,-99999,-99999.,-99999.,-99999.,-99999.,-99999.,-99999.
122536,408167,-51.668562,-57.82336,1.,-1,-99999,-99999.,-99999.,-99999.,-99999.,-99999.,-99999.
122536,408168,-51.668562,-57.82336,1.,-1,-99999,-99999.,-99999.,-99999.,-99999.,-99999.,-99999.
122536,408177,-51.66859,-57.82335,0.7,-1,-99999,-99999.,-99999.,-99999.,-99999.,-99999.,-99999.
122536,408178,-51.66859,-57.82335,0.7,-1,-99999,-99999.,-99999.,-99999.,-99999.,-99999.,-99999.
122536,408236,-51.668732,-57.823288,0.4,-1,-99999,-99999.,-99999.,-99999.,-99999.,-99999.,-99999.
122536,408237,-51.668732,-57.823288,0.4,-1,-99999,-99999.,-99999.,-99999.,-99999.,-99999.,-99999.
122536,408267,-51.668777,-57.823257,0.3,-1,-99999,-99999.,-99999.,-99999.,-99999.,-99999.,-99999.
122536,408287,-51.66879,-57.823275,0.1,-1,-99999,-99999.,-99999.,-99999.,-99999.,-99999.,-99999.
122536,408296,-51.668782,-57.823288,0.,-1,-99999,-99999.,-99999.,-99999.,-99999.,-99999.,-99999.
122536,408297,-51.668782,-57.823288,0.,-1,-99999,-99999.,-99999.,-99999.,-99999.,-99999.,-99999.
122536,408339,-51.66874,-57.823338,0.6,-1,-99999,-99999.,-99999.,-99999.,-99999.,-99999.,-99999.
122536,409589,-51.668463,-57.823258,1.,-1,-99999,-99999.,-99999.,-99999.,-99999.,-99999.,-99999.
122536,410853,-51.668562,-57.823367,1.,-1,-99999,-99999.,-99999.,-99999.,-99999.,-99999.,-99999.
122536,412170,-51.66806,-57.82324,0.6,-1,-99999,-99999.,-99999.,-99999.,-99999.,-99999.,-99999.
122536,413360,-51.66821,-57.823358,0.5,-1,-99999,-99999.,-99999.,-99999.,-99999.,-99999.,-99999.
122536,414650,-51.668132,-57.823693,0.2,-1,-99999,-99999.,-99999.,-99999.,-99999.,-99999.,-99999.
122536,416070,-51.667867,-57.824012,0.2,-1,-99999,-99999.,-99999.,-99999.,-99999.,-99999.,-99999.
122536,424858,-51.667725,-57.824717,0.5,-1,-99999,-99999.,-99999.,-99999.,-99999.,-99999.,-99999.
122536,424859,-51.667725,-57.824717,0.5,-1,-99999,-99999.,-99999.,-99999.,-99999.,-99999.,-99999.
122536,424868,-51.667705,-57.824693,0.4,-1,-99999,-99999.,-99999.,-99999.,-99999.,-99999.,-99999.
122536,424870,-51.667705,-57.824693,0.4,-1,-99999,-99999.,-99999.,-99999.,-99999.,-99999.,-99999.
122536,424879,-51.667697,-57.824673,0.3,-1,-99999,-99999.,-99999.,-99999.,-99999.,-99999.,-99999.
122536,424880,-51.667697,-57.824673,0.3,-1,-99999,-99999.,-99999.,-99999.,-99999.,-99999.,-99999.
122536,424887,-51.66769,-57.824657,0.3,-1,-99999,-99999.,-99999.,-99999.,-99999.,-99999.,-99999.
122536,424888,-51.66769,-57.824657,0.3,-1,-99999,-99999.,-99999.,-99999.,-99999.,-99999.,-99999.
122536,424900,-51.667673,-57.824642,0.3,-1,-99999,-99999.,-99999.,-99999.,-99999.,-99999.,-99999.
122536,424908,-51.667658,-57.824638,0.2,-1,-99999,-99999.,-99999.,-99999.,-99999.,-99999.,-99999.
122536,424909,-51.667658,-57.824638,0.2,-1,-99999,-99999.,-99999.,-99999.,-99999.,-99999.,-99999.
122536,424918,-51.667643,-57.824633,0.2,-1,-99999,-99999.,-99999.,-99999.,-99999.,-99999.,-99999.
122536,424919,-51.667643,-57.824633,0.2,-1,-99999,-99999.,-99999.,-99999.,-99999.,-99999.,-99999.
122536,424928,-51.667638,-57.824633,0.4,-1,-99999,-99999.,-99999.,-99999.,-99999.,-99999.,-99999.
122536,424930,-51.667638,-57.824633,0.4,-1,-99999,-99999.,-99999.,-99999.,-99999.,-99999.,-99999.
122536,424939,-51.667643,-57.824635,0.1,-1,-99999,-99999.,-99999.,-99999.,-99999.,-99999.,-99999.
122536,424940,-51.667643,-57.824635,0.1,-1,-99999,-99999.,-99999.,-99999.,-99999.,-99999.,-99999.
122536,424947,-51.667648,-57.824638,0.1,-1,-99999,-99999.,-99999.,-99999.,-99999.,-99999.,-99999.
122536,424948,-51.667648,-57.824638,0.1,-1,-99999,-99999.,-99999.,-99999.,-99999.,-99999.,-99999.
122536,424959,-51.667653,-57.824653,0.3,-1,-99999,-99999.,-99999.,-99999.,-99999.,-99999.,-99999.
122536,424960,-51.667653,-57.824653,0.3,-1,-99999,-99999.,-99999.,-99999.,-99999.,-99999.,-99999.
122536,424968,-51.667663,-57.82467,0.4,-1,-99999,-99999.,-99999.,-99999.,-99999.,-99999.,-99999.
122536,424969,-51.667663,-57.82467,0.4,-1,-99999,-99999.,-99999.,-99999.,-99999.,-99999.,-99999.
122536,424978,-51.667685,-57.824692,0.3,-1,-99999,-99999.,-99999.,-99999.,-99999.,-99999.,-99999.
122536,424979,-51.667685,-57.824692,0.3,-1,-99999,-99999.,-99999.,-99999.,-99999.,-99999.,-99999.
122536,424988,-51.667702,-57.824717,0.4,-1,-99999,-99999.,-99999.,-99999.,-99999.,-99999.,-99999.
122536,424990,-51.667702,-57.824717,0.4,-1,-99999,-99999.,-99999.,-99999.,-99999.,-99999.,-99999.
122536,424999,-51.667707,-57.824752,0.4,-1,-99999,-99999.,-99999.,-99999.,-99999.,-99999.,-99999.
122536,425000,-51.667707,-57.824752,0.4,-1,-99999,-99999.,-99999.,-99999.,-99999.,-99999.,-99999.
122536,425007,-51.667722,-57.824782,0.6,-1,-99999,-99999.,-99999.,-99999.,-99999.,-99999.,-99999.
122536,425008,-51.667722,-57.824782,0.6,-1,-99999,-99999.,-99999.,-99999.,-99999.,-99999.,-99999.
122536,425015,-51.667733,-57.824808,0.8,-1,-99999,-99999.,-99999.,-99999.,-99999.,-99999.,-99999.
122536,425016,-51.667733,-57.824808,0.8,-1,-99999,-99999.,-99999.,-99999.,-99999.,-99999.,-99999.
122536,425019,-51.667743,-57.824822,0.6,-1,-99999,-99999.,-99999.,-99999.,-99999.,-99999.,-99999.
122536,425020,-51.667743,-57.824822,0.6,-1,-99999,-99999.,-99999.,-99999.,-99999.,-99999.,-99999.
122536,425021,-51.667747,-57.824825,0.6,-1,-99999,-99999.,-99999.,-99999.,-99999.,-99999.,-99999.
122536,425023,-51.667757,-57.824838,0.6,-1,-99999,-99999.,-99999.,-99999.,-99999.,-99999.,-99999.
122536,425025,-51.667757,-57.824838,0.6,-1,-99999,-99999.,-99999.,-99999.,-99999.,-99999.,-99999.
122536,425028,-51.667767,-57.82486,1.,-1,-99999,-99999.,-99999.,-99999.,-99999.,-99999.,-99999.
122536,425029,-51.667767,-57.82486,1.,-1,-99999,-99999.,-99999.,-99999.,-99999.,-99999.,-99999.
122536,425032,-51.667778,-57.824872,0.7,-1,-99999,-99999.,-99999.,-99999.,-99999.,-99999.,-99999.
122536,425033,-51.667778,-57.824872,0.7,-1,-99999,-99999.,-99999.,-99999.,-99999.,-99999.,-99999.
122536,425035,-51.667792,-57.82488,1.1,-1,-99999,-99999.,-99999.,-99999.,-99999.,-99999.,-99999.
122536,425036,-51.667792,-57.82488,1.1,-1,-99999,-99999.,-99999.,-99999.,-99999.,-99999.,-99999.
122536,425038,-51.667802,-57.824887,0.7,-1,-99999,-99999.,-99999.,-99999.,-99999.,-99999.,-99999.
122536,425039,-51.667802,-57.824887,0.7,-1,-99999,-99999.,-99999.,-99999.,-99999.,-99999.,-99999.
122536,425040,-51.667812,-57.82489,0.9,-1,-99999,-99999.,-99999.,-99999.,-99999.,-99999.,-99999.
122536,425041,-51.667812,-57.82489,0.9,-1,-99999,-99999.,-99999.,-99999.,-99999.,-99999.,-99999.
122536,425044,-51.667827,-57.824895,0.8,-1,-99999,-99999.,-99999.,-99999.,-99999.,-99999.,-99999.
122536,425045,-51.667827,-57.824895,0.8,-1,-99999,-99999.,-99999.,-99999.,-99999.,-99999.,-99999.
122536,425048,-51.667853,-57.824903,1.2,-1,-99999,-99999.,-99999.,-99999.,-99999.,-99999.,-99999.
122536,425050,-51.667853,-57.824903,1.2,-1,-99999,-99999.,-99999.,-99999.,-99999.,-99999.,-99999.
122536,425051,-51.667868,-57.824905,0.9,-1,-99999,-99999.,-99999.,-99999.,-99999.,-99999.,-99999.
122536,425052,-51.667868,-57.824905,0.9,-1,-99999,-99999.,-99999.,-99999.,-99999.,-99999.,-99999.
122536,425055,-51.667882,-57.824907,1.1,-1,-99999,-99999.,-99999.,-99999.,-99999.,-99999.,-99999.
122536,425056,-51.667882,-57.824907,1.1,-1,-99999,-99999.,-99999.,-99999.,-99999.,-99999.,-99999.
122536,425058,-51.667903,-57.824913,1.1,-1,-99999,-99999.,-99999.,-99999.,-99999.,-99999.,-99999.
122536,425059,-51.667903,-57.824913,1.1,-1,-99999,-99999.,-99999.,-99999.,-99999.,-99999.,-99999.
122536,425062,-51.66792,-57.824918,1.3,-1,-99999,-99999.,-99999.,-99999.,-99999.,-99999.,-99999.
122536,425063,-51.66792,-57.824918,1.3,-1,-99999,-99999.,-99999.,-99999.,-99999.,-99999.,-99999.
122536,425065,-51.667938,-57.824923,1.2,-1,-99999,-99999.,-99999.,-99999.,-99999.,-99999.,-99999.
122536,425066,-51.667938,-57.824923,1.2,-1,-99999,-99999.,-99999.,-99999.,-99999.,-99999.,-99999.
122536,425067,-51.667955,-57.82493,1.1,-1,-99999,-99999.,-99999.,-99999.,-99999.,-99999.,-99999.
122536,425068,-51.667955,-57.82493,1.1,-1,-99999,-99999.,-99999.,-99999.,-99999.,-99999.,-99999.
122536,425079,-51.66802,-57.824957,1.2,-1,-99999,-99999.,-99999.,-99999.,-99999.,-99999.,-99999.
122536,425088,-51.668062,-57.824987,1.4,-1,-99999,-99999.,-99999.,-99999.,-99999.,-99999.,-99999.
122536,425098,-51.668108,-57.825005,0.9,-1,-99999,-99999.,-99999.,-99999.,-99999.,-99999.,-99999.
122536,425099,-51.668108,-57.825005,0.9,-1,-99999,-99999.,-99999.,-99999.,-99999.,-99999.,-99999.
122536,425109,-51.66816,-57.82502,1.2,-1,-99999,-99999.,-99999.,-99999.,-99999.,-99999.,-99999.
122536,425110,-51.66816,-57.82502,1.2,-1,-99999,-99999.,-99999.,-99999.,-99999.,-99999.,-99999.
122536,425118,-51.668202,-57.825037,1.4,-1,-99999,-99999.,-99999.,-99999.,-99999.,-99999.,-99999.
122536,425119,-51.668202,-57.825037,1.4,-1,-99999,-99999.,-99999.,-99999.,-99999.,-99999.,-99999.
122536,425127,-51.66824,-57.825048,1.2,-1,-99999,-99999.,-99999.,-99999.,-99999.,-99999.,-99999.
122536,425128,-51.66824,-57.825048,1.2,-1,-99999,-99999.,-99999.,-99999.,-99999.,-99999.,-99999.
122536,425139,-51.668302,-57.82504,1.1,-1,-99999,-99999.,-99999.,-99999.,-99999.,-99999.,-99999.
122536,425148,-51.668348,-57.82505,0.9,-1,-99999,-99999.,-99999.,-99999.,-99999.,-99999.,-99999.
122536,425149,-51.668348,-57.82505,0.9,-1,-99999,-99999.,-99999.,-99999.,-99999.,-99999.,-99999.
122536,425159,-51.668385,-57.82506,1.1,-1,-99999,-99999.,-99999.,-99999.,-99999.,-99999.,-99999.
122536,425170,-51.668427,-57.825057,0.7,-1,-99999,-99999.,-99999.,-99999.,-99999.,-99999.,-99999.
122536,425175,-51.668447,-57.825063,0.5,-1,-99999,-99999.,-99999.,-99999.,-99999.,-99999.,-99999.
122536,425176,-51.668447,-57.825063,0.5,-1,-99999,-99999.,-99999.,-99999.,-99999.,-99999.,-99999.
122536,425179,-51.66846,-57.825065,0.7,-1,-99999,-99999.,-99999.,-99999.,-99999.,-99999.,-99999.
122536,425182,-51.668465,-57.825067,0.5,-1,-99999,-99999.,-99999.,-99999.,-99999.,-99999.,-99999.
122536,425184,-51.668465,-57.825067,0.5,-1,-99999,-99999.,-99999.,-99999.,-99999.,-99999.,-99999.
122536,425185,-51.668472,-57.825073,0.8,-1,-99999,-99999.,-99999.,-99999.,-99999.,-99999.,-99999.
122536,425187,-51.668477,-57.825077,0.5,-1,-99999,-99999.,-99999.,-99999.,-99999.,-99999.,-99999.
122536,425191,-51.66849,-57.825075,0.7,-1,-99999,-99999.,-99999.,-99999.,-99999.,-99999.,-99999.
122536,425195,-51.668502,-57.825075,0.5,-1,-99999,-99999.,-99999.,-99999.,-99999.,-99999.,-99999.
122536,425199,-51.668515,-57.825078,0.6,-1,-99999,-99999.,-99999.,-99999.,-99999.,-99999.,-99999.
122536,425201,-51.668523,-57.825077,0.5,-1,-99999,-99999.,-99999.,-99999.,-99999.,-99999.,-99999.
122536,425202,-51.668523,-57.825077,0.5,-1,-99999,-99999.,-99999.,-99999.,-99999.,-99999.,-99999.
122536,425204,-51.66853,-57.825078,0.5,-1,-99999,-99999.,-99999.,-99999.,-99999.,-99999.,-99999.
122536,425206,-51.66853,-57.825078,0.5,-1,-99999,-99999.,-99999.,-99999.,-99999.,-99999.,-99999.
122536,425208,-51.668537,-57.82508,0.4,-1,-99999,-99999.,-99999.,-99999.,-99999.,-99999.,-99999.
122536,425209,-51.668537,-57.82508,0.4,-1,-99999,-99999.,-99999.,-99999.,-99999.,-99999.,-99999.
122536,425211,-51.668542,-57.82508,0.3,-1,-99999,-99999.,-99999.,-99999.,-99999.,-99999.,-99999.
122536,425212,-51.668542,-57.82508,0.3,-1,-99999,-99999.,-99999.,-99999.,-99999.,-99999.,-99999.
122536,425218,-51.66855,-57.825078,0.2,-1,-99999,-99999.,-99999.,-99999.,-99999.,-99999.,-99999.
122536,425226,-51.66854,-57.825087,0.2,-1,-99999,-99999.,-99999.,-99999.,-99999.,-99999.,-99999.
122536,430388,-51.668385,-57.825173,1.,-1,-99999,-99999.,-99999.,-99999.,-99999.,-99999.,-99999.
122536,430391,-51.66836,-57.82517,1.1,-1,-99999,-99999.,-99999.,-99999.,-99999.,-99999.,-99999.
122536,430392,-51.66836,-57.82517,1.1,-1,-99999,-99999.,-99999.,-99999.,-99999.,-99999.,-99999.
122536,430398,-51.668333,-57.825152,1.1,-1,-99999,-99999.,-99999.,-99999.,-99999.,-99999.,-99999.
122536,430404,-51.668317,-57.825125,1.1,-1,-99999,-99999.,-99999.,-99999.,-99999.,-99999.,-99999.
122536,430405,-51.668305,-57.825113,1.2,-1,-99999,-99999.,-99999.,-99999.,-99999.,-99999.,-99999.
122536,430410,-51.668285,-57.825105,1.6,-1,-99999,-99999.,-99999.,-99999.,-99999.,-99999.,-99999.
122536,430425,-51.668203,-57.825052,1.2,-1,-99999,-99999.,-99999.,-99999.,-99999.,-99999.,-99999.
122536,430426,-51.668203,-57.825052,1.2,-1,-99999,-99999.,-99999.,-99999.,-99999.,-99999.,-99999.
122536,430500,-51.667848,-57.824865,0.5,-1,-99999,-99999.,-99999.,-99999.,-99999.,-99999.,-99999.
122536,430509,-51.66782,-57.824847,0.6,-1,-99999,-99999.,-99999.,-99999.,-99999.,-99999.,-99999.
122536,430518,-51.667812,-57.824818,0.7,-1,-99999,-99999.,-99999.,-99999.,-99999.,-99999.,-99999.
122536,430569,-51.6677,-57.824733,0.5,-1,-99999,-99999.,-99999.,-99999.,-99999.,-99999.,-99999.
122536,430578,-51.667685,-57.824708,0.7,-1,-99999,-99999.,-99999.,-99999.,-99999.,-99999.,-99999.
122536,430599,-51.66766,-57.824687,0.4,-1,-99999,-99999.,-99999.,-99999.,-99999.,-99999.,-99999.
122536,430600,-51.66766,-57.824687,0.4,-1,-99999,-99999.,-99999.,-99999.,-99999.,-99999.,-99999.
122536,430629,-51.667598,-57.824607,0.4,-1,-99999,-99999.,-99999.,-99999.,-99999.,-99999.,-99999.
122536,430660,-51.667548,-57.824558,0.3,-1,-99999,-99999.,-99999.,-99999.,-99999.,-99999.,-99999.
122536,430669,-51.667538,-57.824543,0.4,-1,-99999,-99999.,-99999.,-99999.,-99999.,-99999.,-99999.
122536,430680,-51.66754,-57.82454,0.2,-1,-99999,-99999.,-99999.,-99999.,-99999.,-99999.,-99999.
122536,430689,-51.66754,-57.824537,0.2,-1,-99999,-99999.,-99999.,-99999.,-99999.,-99999.,-99999.
122536,430698,-51.667533,-57.824543,0.,-1,-99999,-99999.,-99999.,-99999.,-99999.,-99999.,-99999.
122536,430709,-51.667537,-57.824545,0.,-1,-99999,-99999.,-99999.,-99999.,-99999.,-99999.,-99999.
122536,430720,-51.667548,-57.82457,0.2,-1,-99999,-99999.,-99999.,-99999.,-99999.,-99999.,-99999.
122536,430763,-51.667595,-57.824722,0.8,-1,-99999,-99999.,-99999.,-99999.,-99999.,-99999.,-99999.
122536,430765,-51.667593,-57.82473,0.7,-1,-99999,-99999.,-99999.,-99999.,-99999.,-99999.,-99999.
122536,430769,-51.667602,-57.824755,0.9,-1,-99999,-99999.,-99999.,-99999.,-99999.,-99999.,-99999.
122536,430772,-51.66761,-57.824763,0.6,-1,-99999,-99999.,-99999.,-99999.,-99999.,-99999.,-99999.
122536,430776,-51.667627,-57.824788,0.8,-1,-99999,-99999.,-99999.,-99999.,-99999.,-99999.,-99999.
122536,430778,-51.667632,-57.824793,0.4,-1,-99999,-99999.,-99999.,-99999.,-99999.,-99999.,-99999.
122536,430779,-51.667632,-57.824793,0.4,-1,-99999,-99999.,-99999.,-99999.,-99999.,-99999.,-99999.
122536,430782,-51.667648,-57.824807,0.9,-1,-99999,-99999.,-99999.,-99999.,-99999.,-99999.,-99999.
122536,430783,-51.667648,-57.824807,0.9,-1,-99999,-99999.,-99999.,-99999.,-99999.,-99999.,-99999.
122536,430784,-51.66765,-57.824808,0.4,-1,-99999,-99999.,-99999.,-99999.,-99999.,-99999.,-99999.
122536,430785,-51.66765,-57.824808,0.4,-1,-99999,-99999.,-99999.,-99999.,-99999.,-99999.,-99999.
122536,430789,-51.667667,-57.824822,1.3,-1,-99999,-99999.,-99999.,-99999.,-99999.,-99999.,-99999.
122536,430791,-51.667668,-57.824823,0.6,-1,-99999,-99999.,-99999.,-99999.,-99999.,-99999.,-99999.
122536,430792,-51.667668,-57.824823,0.6,-1,-99999,-99999.,-99999.,-99999.,-99999.,-99999.,-99999.
122536,430799,-51.667702,-57.824837,1.3,-1,-99999,-99999.,-99999.,-99999.,-99999.,-99999.,-99999.
122536,430800,-51.667702,-57.824837,1.3,-1,-99999,-99999.,-99999.,-99999.,-99999.,-99999.,-99999.
122536,430804,-51.667727,-57.824855,1.1,-1,-99999,-99999.,-99999.,-99999.,-99999.,-99999.,-99999.
122536,430805,-51.667727,-57.824855,1.1,-1,-99999,-99999.,-99999.,-99999.,-99999.,-99999.,-99999.
122536,430808,-51.66775,-57.824873,1.6,-1,-99999,-99999.,-99999.,-99999.,-99999.,-99999.,-99999.
122536,430810,-51.66775,-57.824873,1.6,-1,-99999,-99999.,-99999.,-99999.,-99999.,-99999.,-99999.
122536,430814,-51.66778,-57.824895,1.5,-1,-99999,-99999.,-99999.,-99999.,-99999.,-99999.,-99999.
122536,430815,-51.66778,-57.824895,1.5,-1,-99999,-99999.,-99999.,-99999.,-99999.,-99999.,-99999.
122536,430818,-51.667797,-57.824917,1.,-1,-99999,-99999.,-99999.,-99999.,-99999.,-99999.,-99999.
122536,430825,-51.667828,-57.824932,1.3,-1,-99999,-99999.,-99999.,-99999.,-99999.,-99999.,-99999.
122536,430830,-51.667857,-57.824948,1.3,-1,-99999,-99999.,-99999.,-99999.,-99999.,-99999.,-99999.
122536,430831,-51.667872,-57.824953,1.4,-1,-99999,-99999.,-99999.,-99999.,-99999.,-99999.,-99999.
122536,430849,-51.667973,-57.825,1.6,-1,-99999,-99999.,-99999.,-99999.,-99999.,-99999.,-99999.
122536,430859,-51.668035,-57.82502,0.9,-1,-99999,-99999.,-99999.,-99999.,-99999.,-99999.,-99999.
122536,430860,-51.668035,-57.82502,0.9,-1,-99999,-99999.,-99999.,-99999.,-99999.,-99999.,-99999.
122536,430868,-51.668092,-57.825042,1.,-1,-99999,-99999.,-99999.,-99999.,-99999.,-99999.,-99999.
122536,430870,-51.668092,-57.825042,1.,-1,-99999,-99999.,-99999.,-99999.,-99999.,-99999.,-99999.
122536,430878,-51.66814,-57.82507,1.4,-1,-99999,-99999.,-99999.,-99999.,-99999.,-99999.,-99999.
122536,430879,-51.66814,-57.82507,1.4,-1,-99999,-99999.,-99999.,-99999.,-99999.,-99999.,-99999.
122536,430890,-51.668187,-57.825087,0.6,-1,-99999,-99999.,-99999.,-99999.,-99999.,-99999.,-99999.
122536,430898,-51.66824,-57.8251,1.2,-1,-99999,-99999.,-99999.,-99999.,-99999.,-99999.,-99999.
122536,430899,-51.66824,-57.8251,1.2,-1,-99999,-99999.,-99999.,-99999.,-99999.,-99999.,-99999.
122536,430906,-51.668268,-57.825103,0.5,-1,-99999,-99999.,-99999.,-99999.,-99999.,-99999.,-99999.
122536,430909,-51.668283,-57.825108,1.1,-1,-99999,-99999.,-99999.,-99999.,-99999.,-99999.,-99999.
122536,430913,-51.668293,-57.825107,0.5,-1,-99999,-99999.,-99999.,-99999.,-99999.,-99999.,-99999.
122536,430915,-51.668297,-57.825108,0.7,-1,-99999,-99999.,-99999.,-99999.,-99999.,-99999.,-99999.
122536,430921,-51.668322,-57.82511,0.9,-1,-99999,-99999.,-99999.,-99999.,-99999.,-99999.,-99999.
122536,430922,-51.668322,-57.82511,0.9,-1,-99999,-99999.,-99999.,-99999.,-99999.,-99999.,-99999.
122536,430929,-51.66834,-57.82511,1.1,-1,-99999,-99999.,-99999.,-99999.,-99999.,-99999.,-99999.
122536,430936,-51.668348,-57.825113,0.7,-1,-99999,-99999.,-99999.,-99999.,-99999.,-99999.,-99999.
122536,430939,-51.668352,-57.82511,0.2,-1,-99999,-99999.,-99999.,-99999.,-99999.,-99999.,-99999.
122536,430942,-51.668353,-57.825117,0.9,-1,-99999,-99999.,-99999.,-99999.,-99999.,-99999.,-99999.
122536,430945,-51.668363,-57.825118,0.3,-1,-99999,-99999.,-99999.,-99999.,-99999.,-99999.,-99999.
122536,430950,-51.668373,-57.825123,0.7,-1,-99999,-99999.,-99999.,-99999.,-99999.,-99999.,-99999.
122536,430952,-51.66838,-57.825123,0.6,-1,-99999,-99999.,-99999.,-99999.,-99999.,-99999.,-99999.
122536,430956,-51.66839,-57.82513,0.5,-1,-99999,-99999.,-99999.,-99999.,-99999.,-99999.,-99999.
122536,430959,-51.668397,-57.825132,0.5,-1,-99999,-99999.,-99999.,-99999.,-99999.,-99999.,-99999.
122536,430969,-51.668408,-57.825142,0.3,-1,-99999,-99999.,-99999.,-99999.,-99999.,-99999.,-99999.
122536,430990,-51.668445,-57.825165,0.1,-1,-99999,-99999.,-99999.,-99999.,-99999.,-99999.,-99999.
122536,430999,-51.668438,-57.82517,0.1,-1,-99999,-99999.,-99999.,-99999.,-99999.,-99999.,-99999.
122536,431006,-51.66844,-57.825172,0.1,-1,-99999,-99999.,-99999.,-99999.,-99999.,-99999.,-99999.
122536,431010,-51.668442,-57.825172,0.2,-1,-99999,-99999.,-99999.,-99999.,-99999.,-99999.,-99999.
122536,431029,-51.66844,-57.825175,0.5,-1,-99999,-99999.,-99999.,-99999.,-99999.,-99999.,-99999.
122536,431030,-51.66844,-57.825175,0.5,-1,-99999,-99999.,-99999.,-99999.,-99999.,-99999.,-99999.
122536,431057,-51.66837,-57.825188,0.8,-1,-99999,-99999.,-99999.,-99999.,-99999.,-99999.,-99999.
122536,431059,-51.668362,-57.825188,0.8,-1,-99999,-99999.,-99999.,-99999.,-99999.,-99999.,-99999.
122536,431061,-51.668347,-57.825193,0.7,-1,-99999,-99999.,-99999.,-99999.,-99999.,-99999.,-99999.
122536,431062,-51.668347,-57.825193,0.7,-1,-99999,-99999.,-99999.,-99999.,-99999.,-99999.,-99999.
122536,431065,-51.668333,-57.825188,0.7,-1,-99999,-99999.,-99999.,-99999.,-99999.,-99999.,-99999.
122536,431069,-51.668313,-57.825178,0.9,-1,-99999,-99999.,-99999.,-99999.,-99999.,-99999.,-99999.
122536,431071,-51.668302,-57.825172,1.3,-1,-99999,-99999.,-99999.,-99999.,-99999.,-99999.,-99999.
122536,431072,-51.668302,-57.825172,1.3,-1,-99999,-99999.,-99999.,-99999.,-99999.,-99999.,-99999.
122536,431077,-51.66828,-57.825155,1.,-1,-99999,-99999.,-99999.,-99999.,-99999.,-99999.,-99999.
122536,431078,-51.668263,-57.82514,1.3,-1,-99999,-99999.,-99999.,-99999.,-99999.,-99999.,-99999.
122536,431081,-51.668253,-57.825123,0.9,-1,-99999,-99999.,-99999.,-99999.,-99999.,-99999.,-99999.
122536,431082,-51.668253,-57.825123,0.9,-1,-99999,-99999.,-99999.,-99999.,-99999.,-99999.,-99999.
122536,431084,-51.668237,-57.825113,1.5,-1,-99999,-99999.,-99999.,-99999.,-99999.,-99999.,-99999.
122536,431085,-51.668237,-57.825113,1.5,-1,-99999,-99999.,-99999.,-99999.,-99999.,-99999.,-99999.
122536,431089,-51.668215,-57.825097,1.1,-1,-99999,-99999.,-99999.,-99999.,-99999.,-99999.,-99999.
122536,431093,-51.668197,-57.825078,1.4,-1,-99999,-99999.,-99999.,-99999.,-99999.,-99999.,-99999.
122536,431095,-51.668182,-57.825067,1.1,-1,-99999,-99999.,-99999.,-99999.,-99999.,-99999.,-99999.
122536,431096,-51.668182,-57.825067,1.1,-1,-99999,-99999.,-99999.,-99999.,-99999.,-99999.,-99999.
122536,431097,-51.668172,-57.825057,1.3,-1,-99999,-99999.,-99999.,-99999.,-99999.,-99999.,-99999.
122536,431098,-51.668172,-57.825057,1.3,-1,-99999,-99999.,-99999.,-99999.,-99999.,-99999.,-99999.
122536,431102,-51.668148,-57.825033,1.4,-1,-99999,-99999.,-99999.,-99999.,-99999.,-99999.,-99999.
122536,431103,-51.668148,-57.825033,1.4,-1,-99999,-99999.,-99999.,-99999.,-99999.,-99999.,-99999.
122536,431105,-51.668137,-57.82502,1.1,-1,-99999,-99999.,-99999.,-99999.,-99999.,-99999.,-99999.
122536,431110,-51.668112,-57.825007,1.2,-1,-99999,-99999.,-99999.,-99999.,-99999.,-99999.,-99999.
122536,431113,-51.668095,-57.825002,1.3,-1,-99999,-99999.,-99999.,-99999.,-99999.,-99999.,-99999.
122536,431116,-51.668075,-57.82499,1.2,-1,-99999,-99999.,-99999.,-99999.,-99999.,-99999.,-99999.
122536,431119,-51.668062,-57.824983,1.3,-1,-99999,-99999.,-99999.,-99999.,-99999.,-99999.,-99999.
122536,431130,-51.668005,-57.824937,1.2,-1,-99999,-99999.,-99999.,-99999.,-99999.,-99999.,-99999.
122536,436359,-51.667473,-57.82448,0.1,-1,-99999,-99999.,-99999.,-99999.,-99999.,-99999.,-99999.
122536,436379,-51.66746,-57.824492,0.4,-1,-99999,-99999.,-99999.,-99999.,-99999.,-99999.,-99999.
122536,436409,-51.667472,-57.82457,0.4,-1,-99999,-99999.,-99999.,-99999.,-99999.,-99999.,-99999.
122536,436410,-51.667472,-57.82457,0.4,-1,-99999,-99999.,-99999.,-99999.,-99999.,-99999.,-99999.
122536,436450,-51.667547,-57.824705,0.4,-1,-99999,-99999.,-99999.,-99999.,-99999.,-99999.,-99999.
122536,436509,-51.6678,-57.82488,1.2,-1,-99999,-99999.,-99999.,-99999.,-99999.,-99999.,-99999.
122536,436510,-51.6678,-57.82488,1.2,-1,-99999,-99999.,-99999.,-99999.,-99999.,-99999.,-99999.
122536,436559,-51.667972,-57.825017,1.,-1,-99999,-99999.,-99999.,-99999.,-99999.,-99999.,-99999.
122536,436570,-51.668003,-57.825038,1.3,-1,-99999,-99999.,-99999.,-99999.,-99999.,-99999.,-99999.
122536,436599,-51.668078,-57.825073,0.4,-1,-99999,-99999.,-99999.,-99999.,-99999.,-99999.,-99999.
122536,436630,-51.668142,-57.825113,0.5,-1,-99999,-99999.,-99999.,-99999.,-99999.,-99999.,-99999.
122536,436650,-51.668172,-57.825148,0.4,-1,-99999,-99999.,-99999.,-99999.,-99999.,-99999.,-99999.
122536,436659,-51.668182,-57.825157,0.3,-1,-99999,-99999.,-99999.,-99999.,-99999.,-99999.,-99999.
122536,436689,-51.668225,-57.825168,0.3,-1,-99999,-99999.,-99999.,-99999.,-99999.,-99999.,-99999.
122536,436693,-51.668223,-57.825173,0.1,-1,-99999,-99999.,-99999.,-99999.,-99999.,-99999.,-99999.
122536,436699,-51.668227,-57.825182,0.3,-1,-99999,-99999.,-99999.,-99999.,-99999.,-99999.,-99999.
122536,436715,-51.668208,-57.825182,0.1,-1,-99999,-99999.,-99999.,-99999.,-99999.,-99999.,-99999.
122536,436719,-51.668202,-57.825178,0.4,-1,-99999,-99999.,-99999.,-99999.,-99999.,-99999.,-99999.
122536,436723,-51.668195,-57.825178,0.2,-1,-99999,-99999.,-99999.,-99999.,-99999.,-99999.,-99999.
122536,436725,-51.668192,-57.825175,0.3,-1,-99999,-99999.,-99999.,-99999.,-99999.,-99999.,-99999.
122536,436726,-51.668192,-57.825175,0.3,-1,-99999,-99999.,-99999.,-99999.,-99999.,-99999.,-99999.
122536,436746,-51.668135,-57.825183,0.7,-1,-99999,-99999.,-99999.,-99999.,-99999.,-99999.,-99999.
122536,436750,-51.668123,-57.825188,0.5,-1,-99999,-99999.,-99999.,-99999.,-99999.,-99999.,-99999.
122536,436753,-51.668113,-57.825188,0.7,-1,-99999,-99999.,-99999.,-99999.,-99999.,-99999.,-99999.
122536,436756,-51.668103,-57.825183,0.7,-1,-99999,-99999.,-99999.,-99999.,-99999.,-99999.,-99999.
122536,436759,-51.668095,-57.825177,0.6,-1,-99999,-99999.,-99999.,-99999.,-99999.,-99999.,-99999.
122536,436766,-51.668077,-57.825152,0.9,-1,-99999,-99999.,-99999.,-99999.,-99999.,-99999.,-99999.
122536,436770,-51.668067,-57.825132,0.9,-1,-99999,-99999.,-99999.,-99999.,-99999.,-99999.,-99999.
122536,436772,-51.66806,-57.825122,0.9,-1,-99999,-99999.,-99999.,-99999.,-99999.,-99999.,-99999.
122536,436776,-51.668048,-57.825103,1.,-1,-99999,-99999.,-99999.,-99999.,-99999.,-99999.,-99999.
122536,436779,-51.668042,-57.825095,1.,-1,-99999,-99999.,-99999.,-99999.,-99999.,-99999.,-99999.
122536,436782,-51.668023,-57.82508,1.1,-1,-99999,-99999.,-99999.,-99999.,-99999.,-99999.,-99999.
122536,436786,-51.668007,-57.825063,1.,-1,-99999,-99999.,-99999.,-99999.,-99999.,-99999.,-99999.
122536,436790,-51.667988,-57.825048,1.2,-1,-99999,-99999.,-99999.,-99999.,-99999.,-99999.,-99999.
122536,436792,-51.667978,-57.825037,1.3,-1,-99999,-99999.,-99999.,-99999.,-99999.,-99999.,-99999.
122536,436793,-51.667978,-57.825037,1.3,-1,-99999,-99999.,-99999.,-99999.,-99999.,-99999.,-99999.
122536,436796,-51.667958,-57.825023,1.3,-1,-99999,-99999.,-99999.,-99999.,-99999.,-99999.,-99999.
122536,436803,-51.667932,-57.824995,1.1,-1,-99999,-99999.,-99999.,-99999.,-99999.,-99999.,-99999.
122536,436810,-51.6679,-57.82496,1.1,-1,-99999,-99999.,-99999.,-99999.,-99999.,-99999.,-99999.
122536,436813,-51.667882,-57.824953,1.1,-1,-99999,-99999.,-99999.,-99999.,-99999.,-99999.,-99999.
122536,436816,-51.667867,-57.824933,0.9,-1,-99999,-99999.,-99999.,-99999.,-99999.,-99999.,-99999.
122536,436819,-51.667853,-57.824922,1.1,-1,-99999,-99999.,-99999.,-99999.,-99999.,-99999.,-99999.
122536,436830,-51.667805,-57.824882,1.,-1,-99999,-99999.,-99999.,-99999.,-99999.,-99999.,-99999.
122536,436850,-51.667732,-57.824825,0.9,-1,-99999,-99999.,-99999.,-99999.,-99999.,-99999.,-99999.
122536,436861,-51.66771,-57.8248,0.7,-1,-99999,-99999.,-99999.,-99999.,-99999.,-99999.,-99999.
122536,436870,-51.66769,-57.82478,0.7,-1,-99999,-99999.,-99999.,-99999.,-99999.,-99999.,-99999.
122536,436875,-51.66768,-57.824765,0.6,-1,-99999,-99999.,-99999.,-99999.,-99999.,-99999.,-99999.
122536,436879,-51.667672,-57.824758,0.6,-1,-99999,-99999.,-99999.,-99999.,-99999.,-99999.,-99999.
122536,436882,-51.667665,-57.824755,0.5,-1,-99999,-99999.,-99999.,-99999.,-99999.,-99999.,-99999.
122536,436888,-51.667648,-57.824748,0.7,-1,-99999,-99999.,-99999.,-99999.,-99999.,-99999.,-99999.
122536,436899,-51.66762,-57.824722,0.7,-1,-99999,-99999.,-99999.,-99999.,-99999.,-99999.,-99999.
122536,436903,-51.667608,-57.824713,0.6,-1,-99999,-99999.,-99999.,-99999.,-99999.,-99999.,-99999.
122536,436910,-51.66759,-57.824693,0.5,-1,-99999,-99999.,-99999.,-99999.,-99999.,-99999.,-99999.
122536,436920,-51.66757,-57.824668,0.6,-1,-99999,-99999.,-99999.,-99999.,-99999.,-99999.,-99999.
122536,436930,-51.66755,-57.824652,0.7,-1,-99999,-99999.,-99999.,-99999.,-99999.,-99999.,-99999.
122536,436958,-51.667493,-57.824588,0.6,-1,-99999,-99999.,-99999.,-99999.,-99999.,-99999.,-99999.
122536,436960,-51.667493,-57.824588,0.6,-1,-99999,-99999.,-99999.,-99999.,-99999.,-99999.,-99999.
122536,436970,-51.667477,-57.824558,0.4,-1,-99999,-99999.,-99999.,-99999.,-99999.,-99999.,-99999.
122536,442154,-51.667857,-57.82491,0.9,-1,-99999,-99999.,-99999.,-99999.,-99999.,-99999.,-99999.
122536,442178,-51.667768,-57.824813,0.8,-1,-99999,-99999.,-99999.,-99999.,-99999.,-99999.,-99999.
122536,442179,-51.667768,-57.824813,0.8,-1,-99999,-99999.,-99999.,-99999.,-99999.,-99999.,-99999.
122536,442198,-51.667702,-57.82476,0.7,-1,-99999,-99999.,-99999.,-99999.,-99999.,-99999.,-99999.
122536,442285,-51.667547,-57.824535,0.4,-1,-99999,-99999.,-99999.,-99999.,-99999.,-99999.,-99999.
122536,442337,-51.667482,-57.824478,0.2,-1,-99999,-99999.,-99999.,-99999.,-99999.,-99999.,-99999.
122536,442367,-51.667492,-57.824488,0.2,-1,-99999,-99999.,-99999.,-99999.,-99999.,-99999.,-99999.
122536,442407,-51.66748,-57.82459,0.7,-1,-99999,-99999.,-99999.,-99999.,-99999.,-99999.,-99999.
122536,442431,-51.667555,-57.824695,0.9,-1,-99999,-99999.,-99999.,-99999.,-99999.,-99999.,-99999.
122536,442434,-51.667558,-57.824713,0.9,-1,-99999,-99999.,-99999.,-99999.,-99999.,-99999.,-99999.
122536,442435,-51.667558,-57.824713,0.9,-1,-99999,-99999.,-99999.,-99999.,-99999.,-99999.,-99999.
122536,442457,-51.667657,-57.824797,0.9,-1,-99999,-99999.,-99999.,-99999.,-99999.,-99999.,-99999.
122536,442460,-51.66767,-57.824812,1.3,-1,-99999,-99999.,-99999.,-99999.,-99999.,-99999.,-99999.
122536,442498,-51.66783,-57.824925,0.9,-1,-99999,-99999.,-99999.,-99999.,-99999.,-99999.,-99999.
122536,442517,-51.667923,-57.82501,1.3,-1,-99999,-99999.,-99999.,-99999.,-99999.,-99999.,-99999.
122536,442527,-51.667953,-57.825027,0.9,-1,-99999,-99999.,-99999.,-99999.,-99999.,-99999.,-99999.
122536,442538,-51.667992,-57.825035,0.8,-1,-99999,-99999.,-99999.,-99999.,-99999.,-99999.,-99999.
122536,442547,-51.668017,-57.825048,0.7,-1,-99999,-99999.,-99999.,-99999.,-99999.,-99999.,-99999.
122536,442548,-51.668017,-57.825048,0.7,-1,-99999,-99999.,-99999.,-99999.,-99999.,-99999.,-99999.
122536,442558,-51.668057,-57.825062,1.3,-1,-99999,-99999.,-99999.,-99999.,-99999.,-99999.,-99999.
122536,442566,-51.668093,-57.825073,0.9,-1,-99999,-99999.,-99999.,-99999.,-99999.,-99999.,-99999.
122536,442578,-51.668133,-57.825077,0.8,-1,-99999,-99999.,-99999.,-99999.,-99999.,-99999.,-99999.
122536,442587,-51.66815,-57.825075,0.6,-1,-99999,-99999.,-99999.,-99999.,-99999.,-99999.,-99999.
122536,442608,-51.668198,-57.825103,0.3,-1,-99999,-99999.,-99999.,-99999.,-99999.,-99999.,-99999.
122536,442618,-51.66822,-57.825105,0.3,-1,-99999,-99999.,-99999.,-99999.,-99999.,-99999.,-99999.
122536,442626,-51.668233,-57.825108,0.5,-1,-99999,-99999.,-99999.,-99999.,-99999.,-99999.,-99999.
122536,442627,-51.668233,-57.825108,0.5,-1,-99999,-99999.,-99999.,-99999.,-99999.,-99999.,-99999.
122536,442638,-51.668257,-57.825115,0.5,-1,-99999,-99999.,-99999.,-99999.,-99999.,-99999.,-99999.
122536,442647,-51.668265,-57.825122,0.3,-1,-99999,-99999.,-99999.,-99999.,-99999.,-99999.,-99999.
122536,442658,-51.668297,-57.825163,0.5,-1,-99999,-99999.,-99999.,-99999.,-99999.,-99999.,-99999.
122536,442667,-51.66831,-57.825165,0.1,-1,-99999,-99999.,-99999.,-99999.,-99999.,-99999.,-99999.
122536,442678,-51.66832,-57.825168,0.6,-1,-99999,-99999.,-99999.,-99999.,-99999.,-99999.,-99999.
122536,442698,-51.668322,-57.825185,0.3,-1,-99999,-99999.,-99999.,-99999.,-99999.,-99999.,-99999.
122536,442718,-51.668322,-57.825173,0.3,-1,-99999,-99999.,-99999.,-99999.,-99999.,-99999.,-99999.
122536,442738,-51.668328,-57.825158,0.4,-1,-99999,-99999.,-99999.,-99999.,-99999.,-99999.,-99999.
122536,442767,-51.668222,-57.825185,0.8,-1,-99999,-99999.,-99999.,-99999.,-99999.,-99999.,-99999.
122536,442775,-51.668185,-57.825188,0.8,-1,-99999,-99999.,-99999.,-99999.,-99999.,-99999.,-99999.
122536,442780,-51.668165,-57.825172,0.9,-1,-99999,-99999.,-99999.,-99999.,-99999.,-99999.,-99999.
122536,447681,-51.667402,-57.824378,0.1,-1,-99999,-99999.,-99999.,-99999.,-99999.,-99999.,-99999.
122536,453210,-51.668308,-57.825155,0.3,-1,-99999,-99999.,-99999.,-99999.,-99999.,-99999.,-99999.
122536,465832,-51.667755,-57.824943,0.8,-1,-99999,-99999.,-99999.,-99999.,-99999.,-99999.,-99999.
122536,467187,-51.667737,-57.824943,0.7,-1,-99999,-99999.,-99999.,-99999.,-99999.,-99999.,-99999.
122536,468426,-51.667777,-57.82497,0.3,-1,-99999,-99999.,-99999.,-99999.,-99999.,-99999.,-99999.
122536,469608,-51.667725,-57.824873,0.5,-1,-99999,-99999.,-99999.,-99999.,-99999.,-99999.,-99999.
122536,470769,-51.667243,-57.824072,0.3,-1,-99999,-99999.,-99999.,-99999.,-99999.,-99999.,-99999.
122536,472099,-51.667532,-57.824518,0.7,-1,-99999,-99999.,-99999.,-99999.,-99999.,-99999.,-99999.
122536,472260,-51.667328,-57.82425,0.2,-1,-99999,-99999.,-99999.,-99999.,-99999.,-99999.,-99999.
122536,473319,-51.667412,-57.824382,0.3,-1,-99999,-99999.,-99999.,-99999.,-99999.,-99999.,-99999.
122536,474316,-51.66816,-57.823527,1.5,-1,-99999,-99999.,-99999.,-99999.,-99999.,-99999.,-99999.
122536,475798,-51.675673,-57.839083,0.5,-1,-99999,-99999.,-99999.,-99999.,-99999.,-99999.,-99999.
122536,476099,-51.675368,-57.838512,0.1,-1,-99999,-99999.,-99999.,-99999.,-99999.,-99999.,-99999.
122536,477130,-51.675492,-57.838938,0.6,-1,-99999,-99999.,-99999.,-99999.,-99999.,-99999.,-99999.
122536,478209,-51.675285,-57.83844,0.3,-1,-99999,-99999.,-99999.,-99999.,-99999.,-99999.,-99999.
122536,478570,-51.675485,-57.838977,0.9,-1,-99999,-99999.,-99999.,-99999.,-99999.,-99999.,-99999.
122536,478696,-51.67571,-57.8392,0.2,-1,-99999,-99999.,-99999.,-99999.,-99999.,-99999.,-99999.
122536,478697,-51.67571,-57.8392,0.2,-1,-99999,-99999.,-99999.,-99999.,-99999.,-99999.,-99999.
122536,478706,-51.675703,-57.839195,0.3,-1,-99999,-99999.,-99999.,-99999.,-99999.,-99999.,-99999.
122536,478707,-51.675703,-57.839195,0.3,-1,-99999,-99999.,-99999.,-99999.,-99999.,-99999.,-99999.
122536,478712,-51.675705,-57.839197,0.3,-1,-99999,-99999.,-99999.,-99999.,-99999.,-99999.,-99999.
122536,478713,-51.675705,-57.839197,0.3,-1,-99999,-99999.,-99999.,-99999.,-99999.,-99999.,-99999.
122536,478716,-51.675707,-57.839205,0.3,-1,-99999,-99999.,-99999.,-99999.,-99999.,-99999.,-99999.
122536,478717,-51.675707,-57.839205,0.3,-1,-99999,-99999.,-99999.,-99999.,-99999.,-99999.,-99999.
122536,478719,-51.675703,-57.839205,0.3,-1,-99999,-99999.,-99999.,-99999.,-99999.,-99999.,-99999.
122536,478724,-51.67571,-57.83921,0.6,-1,-99999,-99999.,-99999.,-99999.,-99999.,-99999.,-99999.
122536,478726,-51.67571,-57.83921,0.2,-1,-99999,-99999.,-99999.,-99999.,-99999.,-99999.,-99999.
122536,478727,-51.67571,-57.83921,0.2,-1,-99999,-99999.,-99999.,-99999.,-99999.,-99999.,-99999.
122536,478737,-51.67573,-57.83922,0.2,-1,-99999,-99999.,-99999.,-99999.,-99999.,-99999.,-99999.
122536,478738,-51.67573,-57.83922,0.2,-1,-99999,-99999.,-99999.,-99999.,-99999.,-99999.,-99999.
122536,478746,-51.675737,-57.839235,0.1,-1,-99999,-99999.,-99999.,-99999.,-99999.,-99999.,-99999.
122536,478747,-51.675737,-57.839235,0.1,-1,-99999,-99999.,-99999.,-99999.,-99999.,-99999.,-99999.
122536,478756,-51.675737,-57.839258,0.2,-1,-99999,-99999.,-99999.,-99999.,-99999.,-99999.,-99999.
122536,478757,-51.675737,-57.839258,0.2,-1,-99999,-99999.,-99999.,-99999.,-99999.,-99999.,-99999.
122536,478766,-51.675735,-57.839267,0.3,-1,-99999,-99999.,-99999.,-99999.,-99999.,-99999.,-99999.
122536,478767,-51.675735,-57.839267,0.3,-1,-99999,-99999.,-99999.,-99999.,-99999.,-99999.,-99999.
122536,478777,-51.675725,-57.839262,0.1,-1,-99999,-99999.,-99999.,-99999.,-99999.,-99999.,-99999.
122536,478797,-51.675675,-57.839228,0.5,-1,-99999,-99999.,-99999.,-99999.,-99999.,-99999.,-99999.
122536,478806,-51.675657,-57.839217,0.3,-1,-99999,-99999.,-99999.,-99999.,-99999.,-99999.,-99999.
122536,478807,-51.675657,-57.839217,0.3,-1,-99999,-99999.,-99999.,-99999.,-99999.,-99999.,-99999.
122536,478816,-51.675642,-57.839177,0.5,-1,-99999,-99999.,-99999.,-99999.,-99999.,-99999.,-99999.
122536,478817,-51.675642,-57.839177,0.5,-1,-99999,-99999.,-99999.,-99999.,-99999.,-99999.,-99999.
122536,478819,-51.675637,-57.839165,0.6,-1,-99999,-99999.,-99999.,-99999.,-99999.,-99999.,-99999.
122536,478820,-51.675637,-57.839165,0.6,-1,-99999,-99999.,-99999.,-99999.,-99999.,-99999.,-99999.
122536,478823,-51.675632,-57.839147,0.7,-1,-99999,-99999.,-99999.,-99999.,-99999.,-99999.,-99999.
122536,478824,-51.675632,-57.839147,0.7,-1,-99999,-99999.,-99999.,-99999.,-99999.,-99999.,-99999.
122536,478829,-51.675632,-57.839122,0.7,-1,-99999,-99999.,-99999.,-99999.,-99999.,-99999.,-99999.
122536,478830,-51.675632,-57.839122,0.7,-1,-99999,-99999.,-99999.,-99999.,-99999.,-99999.,-99999.
122536,478833,-51.67562,-57.839105,0.8,-1,-99999,-99999.,-99999.,-99999.,-99999.,-99999.,-99999.
122536,478834,-51.67562,-57.839105,0.8,-1,-99999,-99999.,-99999.,-99999.,-99999.,-99999.,-99999.
122536,478839,-51.675598,-57.839082,0.7,-1,-99999,-99999.,-99999.,-99999.,-99999.,-99999.,-99999.
122536,478840,-51.675598,-57.839082,0.7,-1,-99999,-99999.,-99999.,-99999.,-99999.,-99999.,-99999.
122536,478843,-51.675598,-57.83906,0.8,-1,-99999,-99999.,-99999.,-99999.,-99999.,-99999.,-99999.
122536,478844,-51.675598,-57.83906,0.8,-1,-99999,-99999.,-99999.,-99999.,-99999.,-99999.,-99999.
122536,478857,-51.675578,-57.838997,0.6,-1,-99999,-99999.,-99999.,-99999.,-99999.,-99999.,-99999.
122536,478858,-51.675578,-57.838997,0.6,-1,-99999,-99999.,-99999.,-99999.,-99999.,-99999.,-99999.
122536,478866,-51.675558,-57.83896,0.6,-1,-99999,-99999.,-99999.,-99999.,-99999.,-99999.,-99999.
122536,478867,-51.675558,-57.83896,0.6,-1,-99999,-99999.,-99999.,-99999.,-99999.,-99999.,-99999.
122536,478876,-51.675533,-57.838923,0.5,-1,-99999,-99999.,-99999.,-99999.,-99999.,-99999.,-99999.
122536,478877,-51.675533,-57.838923,0.5,-1,-99999,-99999.,-99999.,-99999.,-99999.,-99999.,-99999.
122536,478917,-51.675492,-57.838808,0.5,-1,-99999,-99999.,-99999.,-99999.,-99999.,-99999.,-99999.
122536,478918,-51.675492,-57.838808,0.5,-1,-99999,-99999.,-99999.,-99999.,-99999.,-99999.,-99999.
122536,478927,-51.675483,-57.83879,0.6,-1,-99999,-99999.,-99999.,-99999.,-99999.,-99999.,-99999.
122536,478937,-51.675465,-57.838772,0.5,-1,-99999,-99999.,-99999.,-99999.,-99999.,-99999.,-99999.
122536,478946,-51.675457,-57.838763,0.3,-1,-99999,-99999.,-99999.,-99999.,-99999.,-99999.,-99999.
122536,478967,-51.675428,-57.838733,0.1,-1,-99999,-99999.,-99999.,-99999.,-99999.,-99999.,-99999.
122536,478978,-51.675408,-57.83872,0.2,-1,-99999,-99999.,-99999.,-99999.,-99999.,-99999.,-99999.
122536,478987,-51.675387,-57.838708,0.2,-1,-99999,-99999.,-99999.,-99999.,-99999.,-99999.,-99999.
122536,478996,-51.675377,-57.838702,0.1,-1,-99999,-99999.,-99999.,-99999.,-99999.,-99999.,-99999.
122536,478997,-51.675377,-57.838702,0.1,-1,-99999,-99999.,-99999.,-99999.,-99999.,-99999.,-99999.
122536,479006,-51.675365,-57.838687,0.3,-1,-99999,-99999.,-99999.,-99999.,-99999.,-99999.,-99999.
122536,479016,-51.675357,-57.838678,0.3,-1,-99999,-99999.,-99999.,-99999.,-99999.,-99999.,-99999.
122536,479017,-51.675357,-57.838678,0.3,-1,-99999,-99999.,-99999.,-99999.,-99999.,-99999.,-99999.
122536,479066,-51.67536,-57.838627,0.2,-1,-99999,-99999.,-99999.,-99999.,-99999.,-99999.,-99999.
122536,479076,-51.67535,-57.838608,0.3,-1,-99999,-99999.,-99999.,-99999.,-99999.,-99999.,-99999.
122536,479097,-51.675313,-57.838578,0.2,-1,-99999,-99999.,-99999.,-99999.,-99999.,-99999.,-99999.
122536,479098,-51.675313,-57.838578,0.2,-1,-99999,-99999.,-99999.,-99999.,-99999.,-99999.,-99999.
122536,479107,-51.675305,-57.83856,0.3,-1,-99999,-99999.,-99999.,-99999.,-99999.,-99999.,-99999.
122536,479207,-51.675343,-57.838397,0.3,-1,-99999,-99999.,-99999.,-99999.,-99999.,-99999.,-99999.
122536,479227,-51.675372,-57.838382,0.1,-1,-99999,-99999.,-99999.,-99999.,-99999.,-99999.,-99999.
122536,479326,-51.675303,-57.838602,0.3,-1,-99999,-99999.,-99999.,-99999.,-99999.,-99999.,-99999.
122536,479779,-51.67535,-57.838553,0.2,-1,-99999,-99999.,-99999.,-99999.,-99999.,-99999.,-99999.
122536,480160,-51.675555,-57.839037,0.5,-1,-99999,-99999.,-99999.,-99999.,-99999.,-99999.,-99999.
122536,480469,-51.675365,-57.838512,0.3,-1,-99999,-99999.,-99999.,-99999.,-99999.,-99999.,-99999.
122536,481509,-51.675722,-57.839258,0.7,-1,-99999,-99999.,-99999.,-99999.,-99999.,-99999.,-99999.
122536,482803,-51.675707,-57.839262,0.6,-1,-99999,-99999.,-99999.,-99999.,-99999.,-99999.,-99999.
122536,483587,-51.675505,-57.83888,0.7,-1,-99999,-99999.,-99999.,-99999.,-99999.,-99999.,-99999.
122536,483991,-51.675655,-57.839193,0.3,-1,-99999,-99999.,-99999.,-99999.,-99999.,-99999.,-99999.
122536,484508,-51.675377,-57.838777,0.8,-1,-99999,-99999.,-99999.,-99999.,-99999.,-99999.,-99999.
122536,484518,-51.675397,-57.83882,0.8,-1,-99999,-99999.,-99999.,-99999.,-99999.,-99999.,-99999.
122536,484519,-51.675397,-57.83882,0.8,-1,-99999,-99999.,-99999.,-99999.,-99999.,-99999.,-99999.
122536,484529,-51.675423,-57.838867,1.2,-1,-99999,-99999.,-99999.,-99999.,-99999.,-99999.,-99999.
122536,484538,-51.675458,-57.83891,1.1,-1,-99999,-99999.,-99999.,-99999.,-99999.,-99999.,-99999.
122536,484539,-51.675458,-57.83891,1.1,-1,-99999,-99999.,-99999.,-99999.,-99999.,-99999.,-99999.
122536,484547,-51.675477,-57.838942,1.,-1,-99999,-99999.,-99999.,-99999.,-99999.,-99999.,-99999.
122536,484548,-51.675477,-57.838942,1.,-1,-99999,-99999.,-99999.,-99999.,-99999.,-99999.,-99999.
122536,484558,-51.675515,-57.83899,0.6,-1,-99999,-99999.,-99999.,-99999.,-99999.,-99999.,-99999.
122536,484560,-51.675515,-57.83899,0.6,-1,-99999,-99999.,-99999.,-99999.,-99999.,-99999.,-99999.
122536,484567,-51.675542,-57.839012,0.8,-1,-99999,-99999.,-99999.,-99999.,-99999.,-99999.,-99999.
122536,484568,-51.675542,-57.839012,0.8,-1,-99999,-99999.,-99999.,-99999.,-99999.,-99999.,-99999.
122536,484578,-51.675558,-57.839037,1.2,-1,-99999,-99999.,-99999.,-99999.,-99999.,-99999.,-99999.
122536,484579,-51.675558,-57.839037,1.2,-1,-99999,-99999.,-99999.,-99999.,-99999.,-99999.,-99999.
122536,484588,-51.675608,-57.83908,1.,-1,-99999,-99999.,-99999.,-99999.,-99999.,-99999.,-99999.
122536,484599,-51.67564,-57.839108,0.8,-1,-99999,-99999.,-99999.,-99999.,-99999.,-99999.,-99999.
122536,484607,-51.675652,-57.839125,0.5,-1,-99999,-99999.,-99999.,-99999.,-99999.,-99999.,-99999.
122536,484608,-51.675652,-57.839125,0.5,-1,-99999,-99999.,-99999.,-99999.,-99999.,-99999.,-99999.
122536,484618,-51.675663,-57.839145,0.5,-1,-99999,-99999.,-99999.,-99999.,-99999.,-99999.,-99999.
122536,484619,-51.675663,-57.839145,0.5,-1,-99999,-99999.,-99999.,-99999.,-99999.,-99999.,-99999.
122536,484627,-51.675683,-57.839175,0.4,-1,-99999,-99999.,-99999.,-99999.,-99999.,-99999.,-99999.
122536,484638,-51.675692,-57.839182,0.2,-1,-99999,-99999.,-99999.,-99999.,-99999.,-99999.,-99999.
122536,484639,-51.675692,-57.839182,0.2,-1,-99999,-99999.,-99999.,-99999.,-99999.,-99999.,-99999.
122536,484648,-51.675707,-57.839195,0.4,-1,-99999,-99999.,-99999.,-99999.,-99999.,-99999.,-99999.
122536,484649,-51.675707,-57.839195,0.4,-1,-99999,-99999.,-99999.,-99999.,-99999.,-99999.,-99999.
122536,484657,-51.675725,-57.839203,0.1,-1,-99999,-99999.,-99999.,-99999.,-99999.,-99999.,-99999.
122536,484658,-51.675725,-57.839203,0.1,-1,-99999,-99999.,-99999.,-99999.,-99999.,-99999.,-99999.
122536,484667,-51.67573,-57.839212,0.2,-1,-99999,-99999.,-99999.,-99999.,-99999.,-99999.,-99999.
122536,484668,-51.67573,-57.839212,0.2,-1,-99999,-99999.,-99999.,-99999.,-99999.,-99999.,-99999.
122536,484678,-51.675735,-57.839228,0.,-1,-99999,-99999.,-99999.,-99999.,-99999.,-99999.,-99999.
122536,484679,-51.675735,-57.839228,0.,-1,-99999,-99999.,-99999.,-99999.,-99999.,-99999.,-99999.
122536,484698,-51.675728,-57.83925,0.7,-1,-99999,-99999.,-99999.,-99999.,-99999.,-99999.,-99999.
122536,484699,-51.675728,-57.83925,0.7,-1,-99999,-99999.,-99999.,-99999.,-99999.,-99999.,-99999.
122536,484708,-51.675727,-57.839258,0.5,-1,-99999,-99999.,-99999.,-99999.,-99999.,-99999.,-99999.
122536,484717,-51.675732,-57.83927,0.2,-1,-99999,-99999.,-99999.,-99999.,-99999.,-99999.,-99999.
122536,484727,-51.675717,-57.839265,0.3,-1,-99999,-99999.,-99999.,-99999.,-99999.,-99999.,-99999.
122536,484734,-51.675693,-57.839252,0.5,-1,-99999,-99999.,-99999.,-99999.,-99999.,-99999.,-99999.
122536,484736,-51.675693,-57.839252,0.5,-1,-99999,-99999.,-99999.,-99999.,-99999.,-99999.,-99999.
122536,484738,-51.675687,-57.839252,0.2,-1,-99999,-99999.,-99999.,-99999.,-99999.,-99999.,-99999.
122536,484739,-51.675687,-57.839252,0.2,-1,-99999,-99999.,-99999.,-99999.,-99999.,-99999.,-99999.
122536,484741,-51.675683,-57.839253,0.6,-1,-99999,-99999.,-99999.,-99999.,-99999.,-99999.,-99999.
122536,484742,-51.675683,-57.839253,0.6,-1,-99999,-99999.,-99999.,-99999.,-99999.,-99999.,-99999.
122536,484745,-51.675647,-57.839227,0.7,-1,-99999,-99999.,-99999.,-99999.,-99999.,-99999.,-99999.
122536,484746,-51.675647,-57.839227,0.7,-1,-99999,-99999.,-99999.,-99999.,-99999.,-99999.,-99999.
122536,484747,-51.675642,-57.839225,0.6,-1,-99999,-99999.,-99999.,-99999.,-99999.,-99999.,-99999.
122536,484750,-51.675647,-57.839232,0.6,-1,-99999,-99999.,-99999.,-99999.,-99999.,-99999.,-99999.
122536,484751,-51.675647,-57.839232,0.6,-1,-99999,-99999.,-99999.,-99999.,-99999.,-99999.,-99999.
122536,484758,-51.67563,-57.839228,0.6,-1,-99999,-99999.,-99999.,-99999.,-99999.,-99999.,-99999.
122536,484759,-51.67563,-57.839228,0.6,-1,-99999,-99999.,-99999.,-99999.,-99999.,-99999.,-99999.
122536,484761,-51.675627,-57.839228,0.3,-1,-99999,-99999.,-99999.,-99999.,-99999.,-99999.,-99999.
122536,484762,-51.675627,-57.839228,0.3,-1,-99999,-99999.,-99999.,-99999.,-99999.,-99999.,-99999.
122536,484764,-51.675622,-57.839223,0.8,-1,-99999,-99999.,-99999.,-99999.,-99999.,-99999.,-99999.
122536,484765,-51.675622,-57.839223,0.8,-1,-99999,-99999.,-99999.,-99999.,-99999.,-99999.,-99999.
122536,484768,-51.675613,-57.839213,0.6,-1,-99999,-99999.,-99999.,-99999.,-99999.,-99999.,-99999.
122536,484771,-51.675607,-57.839203,0.4,-1,-99999,-99999.,-99999.,-99999.,-99999.,-99999.,-99999.
122536,484777,-51.675583,-57.839167,0.8,-1,-99999,-99999.,-99999.,-99999.,-99999.,-99999.,-99999.
122536,484778,-51.675583,-57.839167,0.8,-1,-99999,-99999.,-99999.,-99999.,-99999.,-99999.,-99999.
122536,484781,-51.675572,-57.839143,0.7,-1,-99999,-99999.,-99999.,-99999.,-99999.,-99999.,-99999.
122536,484782,-51.675572,-57.839143,0.7,-1,-99999,-99999.,-99999.,-99999.,-99999.,-99999.,-99999.
122536,484787,-51.675573,-57.839125,0.8,-1,-99999,-99999.,-99999.,-99999.,-99999.,-99999.,-99999.
122536,484788,-51.675573,-57.839125,0.8,-1,-99999,-99999.,-99999.,-99999.,-99999.,-99999.,-99999.
122536,484793,-51.675577,-57.839078,0.9,-1,-99999,-99999.,-99999.,-99999.,-99999.,-99999.,-99999.
122536,484798,-51.67558,-57.839062,0.7,-1,-99999,-99999.,-99999.,-99999.,-99999.,-99999.,-99999.
122536,484799,-51.67558,-57.839062,0.7,-1,-99999,-99999.,-99999.,-99999.,-99999.,-99999.,-99999.
122536,484811,-51.67554,-57.838983,0.8,-1,-99999,-99999.,-99999.,-99999.,-99999.,-99999.,-99999.
122536,484812,-51.67554,-57.838983,0.8,-1,-99999,-99999.,-99999.,-99999.,-99999.,-99999.,-99999.
122536,484818,-51.67552,-57.83894,1.,-1,-99999,-99999.,-99999.,-99999.,-99999.,-99999.,-99999.
122536,484819,-51.67552,-57.83894,1.,-1,-99999,-99999.,-99999.,-99999.,-99999.,-99999.,-99999.
122536,484837,-51.675472,-57.838833,0.8,-1,-99999,-99999.,-99999.,-99999.,-99999.,-99999.,-99999.
122536,484838,-51.675472,-57.838833,0.8,-1,-99999,-99999.,-99999.,-99999.,-99999.,-99999.,-99999.
122536,484858,-51.675437,-57.838735,0.5,-1,-99999,-99999.,-99999.,-99999.,-99999.,-99999.,-99999.
122536,484859,-51.675437,-57.838735,0.5,-1,-99999,-99999.,-99999.,-99999.,-99999.,-99999.,-99999.
122536,484887,-51.675443,-57.838652,0.5,-1,-99999,-99999.,-99999.,-99999.,-99999.,-99999.,-99999.
122536,485058,-51.675288,-57.838515,0.2,-1,-99999,-99999.,-99999.,-99999.,-99999.,-99999.,-99999.
122536,485069,-51.675288,-57.83854,0.5,-1,-99999,-99999.,-99999.,-99999.,-99999.,-99999.,-99999.
122536,485208,-51.675447,-57.838897,1.,-1,-99999,-99999.,-99999.,-99999.,-99999.,-99999.,-99999.
122536,485236,-51.675508,-57.838967,0.5,-1,-99999,-99999.,-99999.,-99999.,-99999.,-99999.,-99999.
122536,485631,-51.675283,-57.838393,0.2,-1,-99999,-99999.,-99999.,-99999.,-99999.,-99999.,-99999.
122536,486460,-51.675255,-57.838478,0.7,-1,-99999,-99999.,-99999.,-99999.,-99999.,-99999.,-99999.
122536,487716,-51.675298,-57.838542,0.1,-1,-99999,-99999.,-99999.,-99999.,-99999.,-99999.,-99999.
122536,488989,-51.67528,-57.838227,0.5,-1,-99999,-99999.,-99999.,-99999.,-99999.,-99999.,-99999.
122536,490188,-51.675345,-57.83849,0.3,-1,-99999,-99999.,-99999.,-99999.,-99999.,-99999.,-99999.
122536,490388,-51.675262,-57.83829,0.4,-1,-99999,-99999.,-99999.,-99999.,-99999.,-99999.,-99999.
122536,490389,-51.675262,-57.83829,0.4,-1,-99999,-99999.,-99999.,-99999.,-99999.,-99999.,-99999.
122536,490397,-51.675252,-57.838285,0.3,-1,-99999,-99999.,-99999.,-99999.,-99999.,-99999.,-99999.
122536,490398,-51.675252,-57.838285,0.3,-1,-99999,-99999.,-99999.,-99999.,-99999.,-99999.,-99999.
122536,490407,-51.675247,-57.838298,0.5,-1,-99999,-99999.,-99999.,-99999.,-99999.,-99999.,-99999.
122536,490409,-51.675247,-57.838298,0.5,-1,-99999,-99999.,-99999.,-99999.,-99999.,-99999.,-99999.
122536,490418,-51.67525,-57.838332,0.9,-1,-99999,-99999.,-99999.,-99999.,-99999.,-99999.,-99999.
122536,490419,-51.67525,-57.838332,0.9,-1,-99999,-99999.,-99999.,-99999.,-99999.,-99999.,-99999.
122536,490427,-51.675255,-57.838372,0.7,-1,-99999,-99999.,-99999.,-99999.,-99999.,-99999.,-99999.
122536,490428,-51.675255,-57.838372,0.7,-1,-99999,-99999.,-99999.,-99999.,-99999.,-99999.,-99999.
122536,490437,-51.675257,-57.838412,0.5,-1,-99999,-99999.,-99999.,-99999.,-99999.,-99999.,-99999.
122536,490438,-51.675257,-57.838412,0.5,-1,-99999,-99999.,-99999.,-99999.,-99999.,-99999.,-99999.
122536,490448,-51.675263,-57.838453,0.4,-1,-99999,-99999.,-99999.,-99999.,-99999.,-99999.,-99999.
122536,490449,-51.675263,-57.838453,0.4,-1,-99999,-99999.,-99999.,-99999.,-99999.,-99999.,-99999.
122536,490457,-51.675267,-57.838492,0.4,-1,-99999,-99999.,-99999.,-99999.,-99999.,-99999.,-99999.
122536,490458,-51.675267,-57.838492,0.4,-1,-99999,-99999.,-99999.,-99999.,-99999.,-99999.,-99999.
122536,490465,-51.675267,-57.838517,0.6,-1,-99999,-99999.,-99999.,-99999.,-99999.,-99999.,-99999.
122536,490466,-51.675267,-57.838517,0.6,-1,-99999,-99999.,-99999.,-99999.,-99999.,-99999.,-99999.
122536,490468,-51.675268,-57.83853,0.4,-1,-99999,-99999.,-99999.,-99999.,-99999.,-99999.,-99999.
122536,490469,-51.675268,-57.83853,0.4,-1,-99999,-99999.,-99999.,-99999.,-99999.,-99999.,-99999.
122536,490473,-51.67527,-57.838535,0.3,-1,-99999,-99999.,-99999.,-99999.,-99999.,-99999.,-99999.
122536,490474,-51.675273,-57.83855,0.7,-1,-99999,-99999.,-99999.,-99999.,-99999.,-99999.,-99999.
122536,490476,-51.675273,-57.83855,0.7,-1,-99999,-99999.,-99999.,-99999.,-99999.,-99999.,-99999.
122536,490479,-51.675275,-57.83856,0.3,-1,-99999,-99999.,-99999.,-99999.,-99999.,-99999.,-99999.
122536,490481,-51.675278,-57.838573,0.6,-1,-99999,-99999.,-99999.,-99999.,-99999.,-99999.,-99999.
122536,490483,-51.675278,-57.838573,0.6,-1,-99999,-99999.,-99999.,-99999.,-99999.,-99999.,-99999.
122536,490484,-51.675282,-57.838582,0.5,-1,-99999,-99999.,-99999.,-99999.,-99999.,-99999.,-99999.
122536,490487,-51.675285,-57.838588,0.4,-1,-99999,-99999.,-99999.,-99999.,-99999.,-99999.,-99999.
122536,490488,-51.675285,-57.838588,0.4,-1,-99999,-99999.,-99999.,-99999.,-99999.,-99999.,-99999.
122536,490493,-51.67529,-57.838598,0.6,-1,-99999,-99999.,-99999.,-99999.,-99999.,-99999.,-99999.
122536,490497,-51.675298,-57.838612,0.6,-1,-99999,-99999.,-99999.,-99999.,-99999.,-99999.,-99999.
122536,490498,-51.675298,-57.838612,0.6,-1,-99999,-99999.,-99999.,-99999.,-99999.,-99999.,-99999.
122536,490508,-51.675315,-57.838637,0.8,-1,-99999,-99999.,-99999.,-99999.,-99999.,-99999.,-99999.
122536,490509,-51.675315,-57.838637,0.8,-1,-99999,-99999.,-99999.,-99999.,-99999.,-99999.,-99999.
122536,490517,-51.675333,-57.838665,0.6,-1,-99999,-99999.,-99999.,-99999.,-99999.,-99999.,-99999.
122536,490528,-51.67535,-57.838695,0.6,-1,-99999,-99999.,-99999.,-99999.,-99999.,-99999.,-99999.
122536,490529,-51.67535,-57.838695,0.6,-1,-99999,-99999.,-99999.,-99999.,-99999.,-99999.,-99999.
122536,490538,-51.675368,-57.838725,0.7,-1,-99999,-99999.,-99999.,-99999.,-99999.,-99999.,-99999.
122536,490539,-51.675368,-57.838725,0.7,-1,-99999,-99999.,-99999.,-99999.,-99999.,-99999.,-99999.
122536,490557,-51.67541,-57.838787,0.6,-1,-99999,-99999.,-99999.,-99999.,-99999.,-99999.,-99999.
122536,490558,-51.67541,-57.838787,0.6,-1,-99999,-99999.,-99999.,-99999.,-99999.,-99999.,-99999.
122536,490568,-51.675428,-57.838807,0.5,-1,-99999,-99999.,-99999.,-99999.,-99999.,-99999.,-99999.
122536,490569,-51.675428,-57.838807,0.5,-1,-99999,-99999.,-99999.,-99999.,-99999.,-99999.,-99999.
122536,490577,-51.675445,-57.838825,0.4,-1,-99999,-99999.,-99999.,-99999.,-99999.,-99999.,-99999.
122536,490578,-51.675445,-57.838825,0.4,-1,-99999,-99999.,-99999.,-99999.,-99999.,-99999.,-99999.
122536,490588,-51.67546,-57.838848,0.3,-1,-99999,-99999.,-99999.,-99999.,-99999.,-99999.,-99999.
122536,490589,-51.67546,-57.838848,0.3,-1,-99999,-99999.,-99999.,-99999.,-99999.,-99999.,-99999.
122536,490598,-51.675473,-57.83887,0.4,-1,-99999,-99999.,-99999.,-99999.,-99999.,-99999.,-99999.
122536,490617,-51.675495,-57.838902,0.4,-1,-99999,-99999.,-99999.,-99999.,-99999.,-99999.,-99999.
122536,490618,-51.675495,-57.838902,0.4,-1,-99999,-99999.,-99999.,-99999.,-99999.,-99999.,-99999.
122536,490628,-51.675502,-57.838918,0.4,-1,-99999,-99999.,-99999.,-99999.,-99999.,-99999.,-99999.
122536,490648,-51.675517,-57.838957,0.1,-1,-99999,-99999.,-99999.,-99999.,-99999.,-99999.,-99999.
122536,490678,-51.675533,-57.838985,0.1,-1,-99999,-99999.,-99999.,-99999.,-99999.,-99999.,-99999.
122536,490686,-51.675535,-57.83899,0.2,-1,-99999,-99999.,-99999.,-99999.,-99999.,-99999.,-99999.
122536,490687,-51.675535,-57.83899,0.2,-1,-99999,-99999.,-99999.,-99999.,-99999.,-99999.,-99999.
122536,490697,-51.675535,-57.839,0.4,-1,-99999,-99999.,-99999.,-99999.,-99999.,-99999.,-99999.
122536,490698,-51.675535,-57.839,0.4,-1,-99999,-99999.,-99999.,-99999.,-99999.,-99999.,-99999.
122536,490708,-51.67553,-57.839017,0.2,-1,-99999,-99999.,-99999.,-99999.,-99999.,-99999.,-99999.
122536,490709,-51.67553,-57.839017,0.2,-1,-99999,-99999.,-99999.,-99999.,-99999.,-99999.,-99999.
122536,490737,-51.675515,-57.839008,0.2,-1,-99999,-99999.,-99999.,-99999.,-99999.,-99999.,-99999.
122536,490739,-51.675515,-57.839008,0.2,-1,-99999,-99999.,-99999.,-99999.,-99999.,-99999.,-99999.
122536,490746,-51.675508,-57.838997,0.3,-1,-99999,-99999.,-99999.,-99999.,-99999.,-99999.,-99999.
122536,490757,-51.675497,-57.838998,0.4,-1,-99999,-99999.,-99999.,-99999.,-99999.,-99999.,-99999.
122536,490758,-51.675497,-57.838998,0.4,-1,-99999,-99999.,-99999.,-99999.,-99999.,-99999.,-99999.
122536,490769,-51.67548,-57.838982,0.5,-1,-99999,-99999.,-99999.,-99999.,-99999.,-99999.,-99999.
122536,490779,-51.675465,-57.838977,0.5,-1,-99999,-99999.,-99999.,-99999.,-99999.,-99999.,-99999.
122536,490780,-51.675465,-57.838977,0.5,-1,-99999,-99999.,-99999.,-99999.,-99999.,-99999.,-99999.
122536,490799,-51.675463,-57.838947,0.4,-1,-99999,-99999.,-99999.,-99999.,-99999.,-99999.,-99999.
122536,490801,-51.675462,-57.838938,0.6,-1,-99999,-99999.,-99999.,-99999.,-99999.,-99999.,-99999.
122536,490957,-51.675343,-57.838395,0.1,-1,-99999,-99999.,-99999.,-99999.,-99999.,-99999.,-99999.
122536,490958,-51.675343,-57.838395,0.1,-1,-99999,-99999.,-99999.,-99999.,-99999.,-99999.,-99999.
122536,491030,-51.67529,-57.838377,0.2,-1,-99999,-99999.,-99999.,-99999.,-99999.,-99999.,-99999.
122536,491260,-51.675342,-57.83871,0.6,-1,-99999,-99999.,-99999.,-99999.,-99999.,-99999.,-99999.
122536,491440,-51.67559,-57.839103,0.4,-1,-99999,-99999.,-99999.,-99999.,-99999.,-99999.,-99999.
122536,492689,-51.675505,-57.838962,0.5,-1,-99999,-99999.,-99999.,-99999.,-99999.,-99999.,-99999.
122536,493970,-51.675467,-57.838943,0.8,-1,-99999,-99999.,-99999.,-99999.,-99999.,-99999.,-99999.
122536,495239,-51.675605,-57.839078,0.5,-1,-99999,-99999.,-99999.,-99999.,-99999.,-99999.,-99999.
122536,496367,-51.675338,-57.838438,0.3,-1,-99999,-99999.,-99999.,-99999.,-99999.,-99999.,-99999.
122536,496368,-51.675338,-57.838438,0.3,-1,-99999,-99999.,-99999.,-99999.,-99999.,-99999.,-99999.
122536,496377,-51.675328,-57.838422,0.2,-1,-99999,-99999.,-99999.,-99999.,-99999.,-99999.,-99999.
122536,496378,-51.675328,-57.838422,0.2,-1,-99999,-99999.,-99999.,-99999.,-99999.,-99999.,-99999.
122536,496387,-51.675348,-57.838428,0.1,-1,-99999,-99999.,-99999.,-99999.,-99999.,-99999.,-99999.
122536,496388,-51.675348,-57.838428,0.1,-1,-99999,-99999.,-99999.,-99999.,-99999.,-99999.,-99999.
122536,496396,-51.675335,-57.838427,0.2,-1,-99999,-99999.,-99999.,-99999.,-99999.,-99999.,-99999.
122536,496397,-51.675335,-57.838427,0.2,-1,-99999,-99999.,-99999.,-99999.,-99999.,-99999.,-99999.
122536,496407,-51.675332,-57.838425,0.2,-1,-99999,-99999.,-99999.,-99999.,-99999.,-99999.,-99999.
122536,496408,-51.675332,-57.838425,0.2,-1,-99999,-99999.,-99999.,-99999.,-99999.,-99999.,-99999.
122536,496417,-51.67532,-57.838435,0.2,-1,-99999,-99999.,-99999.,-99999.,-99999.,-99999.,-99999.
122536,496418,-51.67532,-57.838435,0.2,-1,-99999,-99999.,-99999.,-99999.,-99999.,-99999.,-99999.
122536,496427,-51.675315,-57.838445,0.1,-1,-99999,-99999.,-99999.,-99999.,-99999.,-99999.,-99999.
122536,496429,-51.675315,-57.838445,0.1,-1,-99999,-99999.,-99999.,-99999.,-99999.,-99999.,-99999.
122536,496468,-51.675308,-57.838452,0.5,-1,-99999,-99999.,-99999.,-99999.,-99999.,-99999.,-99999.
122536,496477,-51.675313,-57.838462,0.4,-1,-99999,-99999.,-99999.,-99999.,-99999.,-99999.,-99999.
122536,496478,-51.675313,-57.838462,0.4,-1,-99999,-99999.,-99999.,-99999.,-99999.,-99999.,-99999.
122536,496487,-51.675308,-57.83848,0.4,-1,-99999,-99999.,-99999.,-99999.,-99999.,-99999.,-99999.
122536,496488,-51.675308,-57.83848,0.4,-1,-99999,-99999.,-99999.,-99999.,-99999.,-99999.,-99999.
122536,496497,-51.675308,-57.838508,0.5,-1,-99999,-99999.,-99999.,-99999.,-99999.,-99999.,-99999.
122536,496507,-51.675295,-57.838545,0.5,-1,-99999,-99999.,-99999.,-99999.,-99999.,-99999.,-99999.
122536,496508,-51.675295,-57.838545,0.5,-1,-99999,-99999.,-99999.,-99999.,-99999.,-99999.,-99999.
122536,497690,-51.675453,-57.838812,0.7,-1,-99999,-99999.,-99999.,-99999.,-99999.,-99999.,-99999.
122536,498969,-51.675577,-57.83904,0.3,-1,-99999,-99999.,-99999.,-99999.,-99999.,-99999.,-99999.
122536,500418,-51.675585,-57.839095,0.2,-1,-99999,-99999.,-99999.,-99999.,-99999.,-99999.,-99999.
122536,513107,-51.675343,-57.838512,0.1,-1,-99999,-99999.,-99999.,-99999.,-99999.,-99999.,-99999.
122536,513108,-51.675343,-57.838512,0.1,-1,-99999,-99999.,-99999.,-99999.,-99999.,-99999.,-99999.
122536,513117,-51.67535,-57.838517,0.1,-1,-99999,-99999.,-99999.,-99999.,-99999.,-99999.,-99999.
122536,513136,-51.675352,-57.838515,0.1,-1,-99999,-99999.,-99999.,-99999.,-99999.,-99999.,-99999.
122536,513137,-51.675352,-57.838515,0.1,-1,-99999,-99999.,-99999.,-99999.,-99999.,-99999.,-99999.
122536,513147,-51.675352,-57.83852,0.2,-1,-99999,-99999.,-99999.,-99999.,-99999.,-99999.,-99999.
122536,513155,-51.67535,-57.838523,0.1,-1,-99999,-99999.,-99999.,-99999.,-99999.,-99999.,-99999.
122536,513156,-51.67535,-57.838523,0.1,-1,-99999,-99999.,-99999.,-99999.,-99999.,-99999.,-99999.
122536,513167,-51.675343,-57.838532,0.2,-1,-99999,-99999.,-99999.,-99999.,-99999.,-99999.,-99999.
122536,513168,-51.675343,-57.838532,0.2,-1,-99999,-99999.,-99999.,-99999.,-99999.,-99999.,-99999.
122536,513177,-51.675338,-57.83854,0.1,-1,-99999,-99999.,-99999.,-99999.,-99999.,-99999.,-99999.
122536,513178,-51.675338,-57.83854,0.1,-1,-99999,-99999.,-99999.,-99999.,-99999.,-99999.,-99999.
122536,513187,-51.675337,-57.838542,0.1,-1,-99999,-99999.,-99999.,-99999.,-99999.,-99999.,-99999.
122536,513188,-51.675337,-57.838542,0.1,-1,-99999,-99999.,-99999.,-99999.,-99999.,-99999.,-99999.
122536,513197,-51.675325,-57.838553,0.2,-1,-99999,-99999.,-99999.,-99999.,-99999.,-99999.,-99999.
122536,513207,-51.675323,-57.838562,0.2,-1,-99999,-99999.,-99999.,-99999.,-99999.,-99999.,-99999.
122536,513215,-51.675313,-57.838557,0.3,-1,-99999,-99999.,-99999.,-99999.,-99999.,-99999.,-99999.
122536,513216,-51.675313,-57.838557,0.3,-1,-99999,-99999.,-99999.,-99999.,-99999.,-99999.,-99999.
122536,513226,-51.675312,-57.838548,0.2,-1,-99999,-99999.,-99999.,-99999.,-99999.,-99999.,-99999.
122536,513238,-51.675317,-57.838543,0.3,-1,-99999,-99999.,-99999.,-99999.,-99999.,-99999.,-99999.
122536,513247,-51.675315,-57.838542,0.4,-1,-99999,-99999.,-99999.,-99999.,-99999.,-99999.,-99999.
122536,513248,-51.675315,-57.838542,0.4,-1,-99999,-99999.,-99999.,-99999.,-99999.,-99999.,-99999.
122536,513267,-51.675322,-57.838548,0.1,-1,-99999,-99999.,-99999.,-99999.,-99999.,-99999.,-99999.
122536,513268,-51.675322,-57.838548,0.1,-1,-99999,-99999.,-99999.,-99999.,-99999.,-99999.,-99999.
122536,513286,-51.675327,-57.838567,0.2,-1,-99999,-99999.,-99999.,-99999.,-99999.,-99999.,-99999.
122536,513287,-51.675327,-57.838567,0.2,-1,-99999,-99999.,-99999.,-99999.,-99999.,-99999.,-99999.
122536,513297,-51.675318,-57.83857,0.3,-1,-99999,-99999.,-99999.,-99999.,-99999.,-99999.,-99999.
122536,513298,-51.675318,-57.83857,0.3,-1,-99999,-99999.,-99999.,-99999.,-99999.,-99999.,-99999.
122536,513307,-51.67532,-57.838562,0.1,-1,-99999,-99999.,-99999.,-99999.,-99999.,-99999.,-99999.
122536,513308,-51.67532,-57.838562,0.1,-1,-99999,-99999.,-99999.,-99999.,-99999.,-99999.,-99999.
122536,513316,-51.675322,-57.838553,0.1,-1,-99999,-99999.,-99999.,-99999.,-99999.,-99999.,-99999.
122536,513317,-51.675322,-57.838553,0.1,-1,-99999,-99999.,-99999.,-99999.,-99999.,-99999.,-99999.
122536,513327,-51.675315,-57.838545,0.1,-1,-99999,-99999.,-99999.,-99999.,-99999.,-99999.,-99999.
122536,513328,-51.675315,-57.838545,0.1,-1,-99999,-99999.,-99999.,-99999.,-99999.,-99999.,-99999.
122536,513335,-51.67531,-57.838532,0.1,-1,-99999,-99999.,-99999.,-99999.,-99999.,-99999.,-99999.
122536,513336,-51.67531,-57.838532,0.1,-1,-99999,-99999.,-99999.,-99999.,-99999.,-99999.,-99999.
122536,513346,-51.675307,-57.838525,0.2,-1,-99999,-99999.,-99999.,-99999.,-99999.,-99999.,-99999.
122536,513347,-51.675307,-57.838525,0.2,-1,-99999,-99999.,-99999.,-99999.,-99999.,-99999.,-99999.
122536,513357,-51.67531,-57.838523,0.3,-1,-99999,-99999.,-99999.,-99999.,-99999.,-99999.,-99999.
122536,513358,-51.67531,-57.838523,0.3,-1,-99999,-99999.,-99999.,-99999.,-99999.,-99999.,-99999.
122536,513367,-51.675323,-57.838518,0.3,-1,-99999,-99999.,-99999.,-99999.,-99999.,-99999.,-99999.
122536,513369,-51.675323,-57.838518,0.3,-1,-99999,-99999.,-99999.,-99999.,-99999.,-99999.,-99999.
122536,513376,-51.675337,-57.838513,0.1,-1,-99999,-99999.,-99999.,-99999.,-99999.,-99999.,-99999.
122536,513377,-51.675337,-57.838513,0.1,-1,-99999,-99999.,-99999.,-99999.,-99999.,-99999.,-99999.
122536,513387,-51.675333,-57.83851,0.4,-1,-99999,-99999.,-99999.,-99999.,-99999.,-99999.,-99999.
122536,513406,-51.67534,-57.838493,0.1,-1,-99999,-99999.,-99999.,-99999.,-99999.,-99999.,-99999.
122536,513428,-51.675333,-57.838487,0.2,-1,-99999,-99999.,-99999.,-99999.,-99999.,-99999.,-99999.
122536,513447,-51.675322,-57.838483,0.3,-1,-99999,-99999.,-99999.,-99999.,-99999.,-99999.,-99999.
122536,513448,-51.675322,-57.838483,0.3,-1,-99999,-99999.,-99999.,-99999.,-99999.,-99999.,-99999.
122536,513458,-51.675327,-57.838487,0.1,-1,-99999,-99999.,-99999.,-99999.,-99999.,-99999.,-99999.
122536,513466,-51.67532,-57.838492,0.1,-1,-99999,-99999.,-99999.,-99999.,-99999.,-99999.,-99999.
122536,513467,-51.67532,-57.838492,0.1,-1,-99999,-99999.,-99999.,-99999.,-99999.,-99999.,-99999.
122536,513478,-51.675332,-57.838492,0.3,-1,-99999,-99999.,-99999.,-99999.,-99999.,-99999.,-99999.
122536,513496,-51.675317,-57.838492,0.2,-1,-99999,-99999.,-99999.,-99999.,-99999.,-99999.,-99999.
122536,513497,-51.675317,-57.838492,0.2,-1,-99999,-99999.,-99999.,-99999.,-99999.,-99999.,-99999.
122536,513507,-51.67531,-57.838502,0.1,-1,-99999,-99999.,-99999.,-99999.,-99999.,-99999.,-99999.
122536,513518,-51.675327,-57.83851,0.1,-1,-99999,-99999.,-99999.,-99999.,-99999.,-99999.,-99999.
122536,513526,-51.675335,-57.838513,0.1,-1,-99999,-99999.,-99999.,-99999.,-99999.,-99999.,-99999.
122536,513527,-51.675335,-57.838513,0.1,-1,-99999,-99999.,-99999.,-99999.,-99999.,-99999.,-99999.
122536,513538,-51.675353,-57.838513,0.1,-1,-99999,-99999.,-99999.,-99999.,-99999.,-99999.,-99999.
122536,513557,-51.67536,-57.838512,0.3,-1,-99999,-99999.,-99999.,-99999.,-99999.,-99999.,-99999.
122536,513567,-51.675362,-57.83851,0.1,-1,-99999,-99999.,-99999.,-99999.,-99999.,-99999.,-99999.
122536,513578,-51.675347,-57.838517,0.1,-1,-99999,-99999.,-99999.,-99999.,-99999.,-99999.,-99999.
122536,513598,-51.675333,-57.838522,0.2,-1,-99999,-99999.,-99999.,-99999.,-99999.,-99999.,-99999.
122536,513627,-51.675327,-57.838548,0.1,-1,-99999,-99999.,-99999.,-99999.,-99999.,-99999.,-99999.
122536,513647,-51.675315,-57.838595,0.2,-1,-99999,-99999.,-99999.,-99999.,-99999.,-99999.,-99999.
122536,518978,-51.675335,-57.838628,0.2,-1,-99999,-99999.,-99999.,-99999.,-99999.,-99999.,-99999.
122536,519028,-51.675333,-57.83863,0.1,-1,-99999,-99999.,-99999.,-99999.,-99999.,-99999.,-99999.
122536,519038,-51.675332,-57.838635,0.1,-1,-99999,-99999.,-99999.,-99999.,-99999.,-99999.,-99999.
122536,519047,-51.675328,-57.838632,0.2,-1,-99999,-99999.,-99999.,-99999.,-99999.,-99999.,-99999.
122536,519089,-51.675333,-57.838643,0.4,-1,-99999,-99999.,-99999.,-99999.,-99999.,-99999.,-99999.
122536,519098,-51.675312,-57.838645,0.3,-1,-99999,-99999.,-99999.,-99999.,-99999.,-99999.,-99999.
122536,519118,-51.675322,-57.838655,0.4,-1,-99999,-99999.,-99999.,-99999.,-99999.,-99999.,-99999.
122536,519127,-51.675327,-57.838663,0.2,-1,-99999,-99999.,-99999.,-99999.,-99999.,-99999.,-99999.
122536,519138,-51.675328,-57.838663,0.1,-1,-99999,-99999.,-99999.,-99999.,-99999.,-99999.,-99999.
122536,519148,-51.675335,-57.838662,0.2,-1,-99999,-99999.,-99999.,-99999.,-99999.,-99999.,-99999.
122536,519149,-51.675335,-57.838662,0.2,-1,-99999,-99999.,-99999.,-99999.,-99999.,-99999.,-99999.
122536,519158,-51.675325,-57.83865,0.3,-1,-99999,-99999.,-99999.,-99999.,-99999.,-99999.,-99999.
122536,519159,-51.675325,-57.83865,0.3,-1,-99999,-99999.,-99999.,-99999.,-99999.,-99999.,-99999.
122536,519178,-51.675303,-57.838642,0.3,-1,-99999,-99999.,-99999.,-99999.,-99999.,-99999.,-99999.
122536,519187,-51.675307,-57.838638,0.1,-1,-99999,-99999.,-99999.,-99999.,-99999.,-99999.,-99999.
122536,519208,-51.675317,-57.838638,0.1,-1,-99999,-99999.,-99999.,-99999.,-99999.,-99999.,-99999.
122536,519209,-51.675317,-57.838638,0.1,-1,-99999,-99999.,-99999.,-99999.,-99999.,-99999.,-99999.
122536,519218,-51.675317,-57.838638,0.3,-1,-99999,-99999.,-99999.,-99999.,-99999.,-99999.,-99999.
122536,519227,-51.67532,-57.83863,0.,-1,-99999,-99999.,-99999.,-99999.,-99999.,-99999.,-99999.
122536,519228,-51.67532,-57.83863,0.,-1,-99999,-99999.,-99999.,-99999.,-99999.,-99999.,-99999.
122536,519237,-51.675327,-57.838625,0.1,-1,-99999,-99999.,-99999.,-99999.,-99999.,-99999.,-99999.
122536,519258,-51.675335,-57.838615,0.2,-1,-99999,-99999.,-99999.,-99999.,-99999.,-99999.,-99999.
122536,519278,-51.67534,-57.83861,0.2,-1,-99999,-99999.,-99999.,-99999.,-99999.,-99999.,-99999.
122536,519287,-51.675337,-57.838608,0.2,-1,-99999,-99999.,-99999.,-99999.,-99999.,-99999.,-99999.
122536,519288,-51.675337,-57.838608,0.2,-1,-99999,-99999.,-99999.,-99999.,-99999.,-99999.,-99999.
122536,519298,-51.67533,-57.838602,0.1,-1,-99999,-99999.,-99999.,-99999.,-99999.,-99999.,-99999.
122536,519318,-51.675313,-57.838605,0.5,-1,-99999,-99999.,-99999.,-99999.,-99999.,-99999.,-99999.
122536,519338,-51.675315,-57.838593,0.3,-1,-99999,-99999.,-99999.,-99999.,-99999.,-99999.,-99999.
122536,519347,-51.675317,-57.838585,0.1,-1,-99999,-99999.,-99999.,-99999.,-99999.,-99999.,-99999.
122536,519357,-51.675317,-57.838575,0.1,-1,-99999,-99999.,-99999.,-99999.,-99999.,-99999.,-99999.
122536,519379,-51.67531,-57.83857,0.2,-1,-99999,-99999.,-99999.,-99999.,-99999.,-99999.,-99999.
122536,519407,-51.675315,-57.838558,0.1,-1,-99999,-99999.,-99999.,-99999.,-99999.,-99999.,-99999.
122536,519417,-51.675328,-57.838552,0.1,-1,-99999,-99999.,-99999.,-99999.,-99999.,-99999.,-99999.
122536,519428,-51.675327,-57.838552,0.1,-1,-99999,-99999.,-99999.,-99999.,-99999.,-99999.,-99999.
122536,519429,-51.675327,-57.838552,0.1,-1,-99999,-99999.,-99999.,-99999.,-99999.,-99999.,-99999.
122536,519439,-51.67532,-57.838552,0.2,-1,-99999,-99999.,-99999.,-99999.,-99999.,-99999.,-99999.
122536,519448,-51.675318,-57.83855,0.1,-1,-99999,-99999.,-99999.,-99999.,-99999.,-99999.,-99999.
122536,519458,-51.675318,-57.838552,0.1,-1,-99999,-99999.,-99999.,-99999.,-99999.,-99999.,-99999.
122536,519467,-51.675317,-57.838557,0.1,-1,-99999,-99999.,-99999.,-99999.,-99999.,-99999.,-99999.
122536,519477,-51.675315,-57.83856,0.2,-1,-99999,-99999.,-99999.,-99999.,-99999.,-99999.,-99999.
122536,519498,-51.675312,-57.838568,0.1,-1,-99999,-99999.,-99999.,-99999.,-99999.,-99999.,-99999.
122536,519499,-51.675312,-57.838568,0.1,-1,-99999,-99999.,-99999.,-99999.,-99999.,-99999.,-99999.
122536,519508,-51.675313,-57.838567,0.1,-1,-99999,-99999.,-99999.,-99999.,-99999.,-99999.,-99999.
122536,519527,-51.675312,-57.838573,0.,-1,-99999,-99999.,-99999.,-99999.,-99999.,-99999.,-99999.
122536,524797,-51.675342,-57.838623,0.,-1,-99999,-99999.,-99999.,-99999.,-99999.,-99999.,-99999.
122536,524798,-51.675342,-57.838623,0.,-1,-99999,-99999.,-99999.,-99999.,-99999.,-99999.,-99999.
122536,524807,-51.675355,-57.83863,0.1,-1,-99999,-99999.,-99999.,-99999.,-99999.,-99999.,-99999.
122536,524818,-51.675362,-57.838637,0.2,-1,-99999,-99999.,-99999.,-99999.,-99999.,-99999.,-99999.
122536,524878,-51.675323,-57.83861,0.3,-1,-99999,-99999.,-99999.,-99999.,-99999.,-99999.,-99999.
122536,524898,-51.675322,-57.83861,0.1,-1,-99999,-99999.,-99999.,-99999.,-99999.,-99999.,-99999.
122536,524899,-51.675322,-57.83861,0.1,-1,-99999,-99999.,-99999.,-99999.,-99999.,-99999.,-99999.
122536,524918,-51.675327,-57.838608,0.1,-1,-99999,-99999.,-99999.,-99999.,-99999.,-99999.,-99999.
122536,524928,-51.675323,-57.838607,0.2,-1,-99999,-99999.,-99999.,-99999.,-99999.,-99999.,-99999.
122536,524939,-51.675318,-57.838608,0.1,-1,-99999,-99999.,-99999.,-99999.,-99999.,-99999.,-99999.
122536,525007,-51.675288,-57.83859,0.4,-1,-99999,-99999.,-99999.,-99999.,-99999.,-99999.,-99999.
122536,525018,-51.675285,-57.838588,0.1,-1,-99999,-99999.,-99999.,-99999.,-99999.,-99999.,-99999.
122536,525038,-51.675282,-57.838585,0.3,-1,-99999,-99999.,-99999.,-99999.,-99999.,-99999.,-99999.
122536,525039,-51.675282,-57.838585,0.3,-1,-99999,-99999.,-99999.,-99999.,-99999.,-99999.,-99999.
122536,525048,-51.67528,-57.838587,0.5,-1,-99999,-99999.,-99999.,-99999.,-99999.,-99999.,-99999.
122536,525067,-51.67529,-57.838595,0.2,-1,-99999,-99999.,-99999.,-99999.,-99999.,-99999.,-99999.
122536,525078,-51.675298,-57.838598,0.1,-1,-99999,-99999.,-99999.,-99999.,-99999.,-99999.,-99999.
122536,525098,-51.675312,-57.8386,0.,-1,-99999,-99999.,-99999.,-99999.,-99999.,-99999.,-99999.
122536,525108,-51.675307,-57.838583,0.1,-1,-99999,-99999.,-99999.,-99999.,-99999.,-99999.,-99999.
122536,525119,-51.675307,-57.838565,0.2,-1,-99999,-99999.,-99999.,-99999.,-99999.,-99999.,-99999.
122536,525139,-51.675308,-57.838547,0.3,-1,-99999,-99999.,-99999.,-99999.,-99999.,-99999.,-99999.
122536,525168,-51.675307,-57.838537,0.5,-1,-99999,-99999.,-99999.,-99999.,-99999.,-99999.,-99999.
122536,525179,-51.675305,-57.838532,0.2,-1,-99999,-99999.,-99999.,-99999.,-99999.,-99999.,-99999.
122536,525187,-51.675302,-57.838527,0.3,-1,-99999,-99999.,-99999.,-99999.,-99999.,-99999.,-99999.
122536,525228,-51.675295,-57.838522,0.2,-1,-99999,-99999.,-99999.,-99999.,-99999.,-99999.,-99999.
122536,525247,-51.675295,-57.83853,0.2,-1,-99999,-99999.,-99999.,-99999.,-99999.,-99999.,-99999.
122536,525258,-51.675295,-57.838528,0.1,-1,-99999,-99999.,-99999.,-99999.,-99999.,-99999.,-99999.
122536,525299,-51.6753,-57.838525,0.2,-1,-99999,-99999.,-99999.,-99999.,-99999.,-99999.,-99999.
122536,525307,-51.6753,-57.838527,0.4,-1,-99999,-99999.,-99999.,-99999.,-99999.,-99999.,-99999.
122536,525317,-51.67531,-57.838525,0.2,-1,-99999,-99999.,-99999.,-99999.,-99999.,-99999.,-99999.
122536,525318,-51.67531,-57.838525,0.2,-1,-99999,-99999.,-99999.,-99999.,-99999.,-99999.,-99999.
122536,525327,-51.675315,-57.838528,0.3,-1,-99999,-99999.,-99999.,-99999.,-99999.,-99999.,-99999.
122536,525338,-51.675312,-57.838528,0.1,-1,-99999,-99999.,-99999.,-99999.,-99999.,-99999.,-99999.
122536,525348,-51.675313,-57.838535,0.3,-1,-99999,-99999.,-99999.,-99999.,-99999.,-99999.,-99999.
122536,525367,-51.67532,-57.838537,0.6,-1,-99999,-99999.,-99999.,-99999.,-99999.,-99999.,-99999.
122536,530738,-51.675337,-57.83866,0.1,-1,-99999,-99999.,-99999.,-99999.,-99999.,-99999.,-99999.
122536,530778,-51.675335,-57.838663,0.1,-1,-99999,-99999.,-99999.,-99999.,-99999.,-99999.,-99999.
122536,530798,-51.675352,-57.838672,0.2,-1,-99999,-99999.,-99999.,-99999.,-99999.,-99999.,-99999.
122536,530838,-51.675355,-57.838707,0.1,-1,-99999,-99999.,-99999.,-99999.,-99999.,-99999.,-99999.
122536,530887,-51.675352,-57.838708,0.2,-1,-99999,-99999.,-99999.,-99999.,-99999.,-99999.,-99999.
122536,530888,-51.675352,-57.838708,0.2,-1,-99999,-99999.,-99999.,-99999.,-99999.,-99999.,-99999.
122536,530908,-51.675348,-57.8387,0.1,-1,-99999,-99999.,-99999.,-99999.,-99999.,-99999.,-99999.
122536,530918,-51.675343,-57.838695,0.3,-1,-99999,-99999.,-99999.,-99999.,-99999.,-99999.,-99999.
122536,530947,-51.675328,-57.838692,0.,-1,-99999,-99999.,-99999.,-99999.,-99999.,-99999.,-99999.
122536,530948,-51.675328,-57.838692,0.,-1,-99999,-99999.,-99999.,-99999.,-99999.,-99999.,-99999.
122536,530978,-51.675338,-57.838702,0.1,-1,-99999,-99999.,-99999.,-99999.,-99999.,-99999.,-99999.
122536,530988,-51.675343,-57.838703,0.1,-1,-99999,-99999.,-99999.,-99999.,-99999.,-99999.,-99999.
122536,531008,-51.675348,-57.838707,0.2,-1,-99999,-99999.,-99999.,-99999.,-99999.,-99999.,-99999.
122536,531028,-51.675357,-57.838702,0.1,-1,-99999,-99999.,-99999.,-99999.,-99999.,-99999.,-99999.
122536,531048,-51.675355,-57.8387,0.1,-1,-99999,-99999.,-99999.,-99999.,-99999.,-99999.,-99999.
122536,531068,-51.675367,-57.838695,0.1,-1,-99999,-99999.,-99999.,-99999.,-99999.,-99999.,-99999.
122536,531089,-51.675368,-57.838695,0.3,-1,-99999,-99999.,-99999.,-99999.,-99999.,-99999.,-99999.
122536,531118,-51.675367,-57.838705,0.3,-1,-99999,-99999.,-99999.,-99999.,-99999.,-99999.,-99999.
122536,531119,-51.675367,-57.838705,0.3,-1,-99999,-99999.,-99999.,-99999.,-99999.,-99999.,-99999.
122536,531121,-51.675367,-57.838705,0.3,-1,-99999,-99999.,-99999.,-99999.,-99999.,-99999.,-99999.
122536,536611,-51.675325,-57.838,0.2,-1,-99999,-99999.,-99999.,-99999.,-99999.,-99999.,-99999.
122536,542191,-51.675472,-57.838953,0.,-1,-99999,-99999.,-99999.,-99999.,-99999.,-99999.,-99999.
122536,554040,-51.676025,-57.837305,0.2,-1,-99999,-99999.,-99999.,-99999.,-99999.,-99999.,-99999.
122536,555019,-51.675927,-57.837303,0.1,-1,-99999,-99999.,-99999.,-99999.,-99999.,-99999.,-99999.
122536,556320,-51.675837,-57.837313,0.1,-1,-99999,-99999.,-99999.,-99999.,-99999.,-99999.,-99999.
122536,556709,-51.675795,-57.837317,0.,-1,-99999,-99999.,-99999.,-99999.,-99999.,-99999.,-99999.
122536,557551,-51.675817,-57.837353,0.1,-1,-99999,-99999.,-99999.,-99999.,-99999.,-99999.,-99999.
122536,557909,-51.67583,-57.83725,0.1,-1,-99999,-99999.,-99999.,-99999.,-99999.,-99999.,-99999.
122536,558631,-51.676078,-57.837695,0.5,-1,-99999,-99999.,-99999.,-99999.,-99999.,-99999.,-99999.
122536,561259,-51.69154,-57.8233,0.7,-2,-99999,-99999.,-99999.,-99999.,-99999.,-99999.,-99999.
122536,561409,-51.691547,-57.82377,0.2,-2,-99999,-99999.,-99999.,-99999.,-99999.,-99999.,-99999.
122536,561418,-51.69154,-57.823787,0.2,-2,-99999,-99999.,-99999.,-99999.,-99999.,-99999.,-99999.
122536,561427,-51.691537,-57.823798,0.2,-2,-99999,-99999.,-99999.,-99999.,-99999.,-99999.,-99999.
122536,561439,-51.691547,-57.82379,0.1,-2,-99999,-99999.,-99999.,-99999.,-99999.,-99999.,-99999.
122536,561449,-51.69156,-57.823793,0.2,-2,-99999,-99999.,-99999.,-99999.,-99999.,-99999.,-99999.
122536,561458,-51.691562,-57.8238,0.2,-2,-99999,-99999.,-99999.,-99999.,-99999.,-99999.,-99999.
122536,561469,-51.691565,-57.823813,0.2,-2,-99999,-99999.,-99999.,-99999.,-99999.,-99999.,-99999.
122536,561487,-51.69158,-57.823837,0.1,-2,-99999,-99999.,-99999.,-99999.,-99999.,-99999.,-99999.
122536,561488,-51.69158,-57.823837,0.1,-2,-99999,-99999.,-99999.,-99999.,-99999.,-99999.,-99999.
122536,561497,-51.691573,-57.823848,0.1,-2,-99999,-99999.,-99999.,-99999.,-99999.,-99999.,-99999.
122536,561498,-51.691573,-57.823848,0.1,-2,-99999,-99999.,-99999.,-99999.,-99999.,-99999.,-99999.
122536,561509,-51.691588,-57.823845,0.1,-2,-99999,-99999.,-99999.,-99999.,-99999.,-99999.,-99999.
122536,561529,-51.691602,-57.823835,0.2,-2,-99999,-99999.,-99999.,-99999.,-99999.,-99999.,-99999.
122536,561538,-51.691608,-57.823827,0.2,-2,-99999,-99999.,-99999.,-99999.,-99999.,-99999.,-99999.
122536,561547,-51.691613,-57.823817,0.2,-2,-99999,-99999.,-99999.,-99999.,-99999.,-99999.,-99999.
122536,561557,-51.69162,-57.82381,0.2,-2,-99999,-99999.,-99999.,-99999.,-99999.,-99999.,-99999.
122536,561558,-51.69162,-57.82381,0.2,-2,-99999,-99999.,-99999.,-99999.,-99999.,-99999.,-99999.
122536,561569,-51.69164,-57.823792,0.2,-2,-99999,-99999.,-99999.,-99999.,-99999.,-99999.,-99999.
122536,561589,-51.691643,-57.823787,0.2,-2,-99999,-99999.,-99999.,-99999.,-99999.,-99999.,-99999.
122536,561598,-51.69165,-57.823782,0.1,-2,-99999,-99999.,-99999.,-99999.,-99999.,-99999.,-99999.
122536,561607,-51.691643,-57.823798,0.1,-2,-99999,-99999.,-99999.,-99999.,-99999.,-99999.,-99999.
122536,561617,-51.691658,-57.823793,0.2,-2,-99999,-99999.,-99999.,-99999.,-99999.,-99999.,-99999.
122536,561618,-51.691658,-57.823793,0.2,-2,-99999,-99999.,-99999.,-99999.,-99999.,-99999.,-99999.
122536,561629,-51.691662,-57.823802,0.,-2,-99999,-99999.,-99999.,-99999.,-99999.,-99999.,-99999.
122536,561678,-51.691687,-57.823808,0.,-2,-99999,-99999.,-99999.,-99999.,-99999.,-99999.,-99999.
122536,561689,-51.691678,-57.823805,0.,-2,-99999,-99999.,-99999.,-99999.,-99999.,-99999.,-99999.
122536,561698,-51.691675,-57.823802,0.1,-2,-99999,-99999.,-99999.,-99999.,-99999.,-99999.,-99999.
122536,562119,-51.69169,-57.823855,0.1,-2,-99999,-99999.,-99999.,-99999.,-99999.,-99999.,-99999.
122536,562930,-51.691628,-57.823825,0.,-2,-99999,-99999.,-99999.,-99999.,-99999.,-99999.,-99999.
122536,563379,-51.691642,-57.823828,0.,-2,-99999,-99999.,-99999.,-99999.,-99999.,-99999.,-99999.
122536,564189,-51.691648,-57.82385,0.,-2,-99999,-99999.,-99999.,-99999.,-99999.,-99999.,-99999.
122536,564639,-51.69167,-57.823907,0.,-2,-99999,-99999.,-99999.,-99999.,-99999.,-99999.,-99999.
122536,565450,-51.691653,-57.823898,0.,-2,-99999,-99999.,-99999.,-99999.,-99999.,-99999.,-99999.
122536,567087,-51.691673,-57.823878,0.,-2,-99999,-99999.,-99999.,-99999.,-99999.,-99999.,-99999.
122536,567093,-51.691675,-57.823877,0.,-2,-99999,-99999.,-99999.,-99999.,-99999.,-99999.,-99999.
122536,567102,-51.69167,-57.823882,0.,-2,-99999,-99999.,-99999.,-99999.,-99999.,-99999.,-99999.
122536,567103,-51.69167,-57.823882,0.,-2,-99999,-99999.,-99999.,-99999.,-99999.,-99999.,-99999.
122536,567114,-51.691667,-57.823885,0.,-2,-99999,-99999.,-99999.,-99999.,-99999.,-99999.,-99999.
122536,567122,-51.691667,-57.823888,0.,-2,-99999,-99999.,-99999.,-99999.,-99999.,-99999.,-99999.
122536,567123,-51.691667,-57.823888,0.,-2,-99999,-99999.,-99999.,-99999.,-99999.,-99999.,-99999.
122536,567143,-51.69167,-57.823895,0.,-2,-99999,-99999.,-99999.,-99999.,-99999.,-99999.,-99999.
122536,567150,-51.69167,-57.823895,0.,-2,-99999,-99999.,-99999.,-99999.,-99999.,-99999.,-99999.
122536,567153,-51.691668,-57.823897,0.,-2,-99999,-99999.,-99999.,-99999.,-99999.,-99999.,-99999.
122536,567162,-51.69167,-57.823892,0.,-2,-99999,-99999.,-99999.,-99999.,-99999.,-99999.,-99999.
122536,567163,-51.69167,-57.823892,0.,-2,-99999,-99999.,-99999.,-99999.,-99999.,-99999.,-99999.
122536,567174,-51.691662,-57.82388,0.,-2,-99999,-99999.,-99999.,-99999.,-99999.,-99999.,-99999.
122536,567182,-51.69166,-57.823878,0.,-2,-99999,-99999.,-99999.,-99999.,-99999.,-99999.,-99999.
122536,567183,-51.69166,-57.823878,0.,-2,-99999,-99999.,-99999.,-99999.,-99999.,-99999.,-99999.
122536,567203,-51.691655,-57.823877,0.,-2,-99999,-99999.,-99999.,-99999.,-99999.,-99999.,-99999.
122536,567213,-51.691657,-57.823877,0.,-2,-99999,-99999.,-99999.,-99999.,-99999.,-99999.,-99999.
122536,567222,-51.691658,-57.823875,0.,-2,-99999,-99999.,-99999.,-99999.,-99999.,-99999.,-99999.
122536,567223,-51.691658,-57.823875,0.,-2,-99999,-99999.,-99999.,-99999.,-99999.,-99999.,-99999.
122536,567234,-51.691657,-57.823873,0.,-2,-99999,-99999.,-99999.,-99999.,-99999.,-99999.,-99999.
122536,567244,-51.691657,-57.82387,0.,-2,-99999,-99999.,-99999.,-99999.,-99999.,-99999.,-99999.
122536,567253,-51.691658,-57.823873,0.,-2,-99999,-99999.,-99999.,-99999.,-99999.,-99999.,-99999.
122536,567263,-51.691658,-57.823875,0.,-2,-99999,-99999.,-99999.,-99999.,-99999.,-99999.,-99999.
122536,567264,-51.691658,-57.823875,0.,-2,-99999,-99999.,-99999.,-99999.,-99999.,-99999.,-99999.
122536,567273,-51.69166,-57.82388,0.,-2,-99999,-99999.,-99999.,-99999.,-99999.,-99999.,-99999.
122536,567284,-51.691658,-57.823885,0.,-2,-99999,-99999.,-99999.,-99999.,-99999.,-99999.,-99999.
122536,567285,-51.691658,-57.823885,0.,-2,-99999,-99999.,-99999.,-99999.,-99999.,-99999.,-99999.
122536,567294,-51.691658,-57.823887,0.,-2,-99999,-99999.,-99999.,-99999.,-99999.,-99999.,-99999.
122536,567304,-51.691655,-57.82389,0.,-2,-99999,-99999.,-99999.,-99999.,-99999.,-99999.,-99999.
122536,567323,-51.691653,-57.823887,0.,-2,-99999,-99999.,-99999.,-99999.,-99999.,-99999.,-99999.
122536,567333,-51.691655,-57.823885,0.,-2,-99999,-99999.,-99999.,-99999.,-99999.,-99999.,-99999.
122536,567384,-51.69166,-57.823893,0.,-2,-99999,-99999.,-99999.,-99999.,-99999.,-99999.,-99999.
122536,567393,-51.691663,-57.823892,0.,-2,-99999,-99999.,-99999.,-99999.,-99999.,-99999.,-99999.
122536,567404,-51.69167,-57.82389,0.,-2,-99999,-99999.,-99999.,-99999.,-99999.,-99999.,-99999.
122536,567405,-51.69167,-57.82389,0.,-2,-99999,-99999.,-99999.,-99999.,-99999.,-99999.,-99999.
122536,567414,-51.691673,-57.823892,0.,-2,-99999,-99999.,-99999.,-99999.,-99999.,-99999.,-99999.
122536,567474,-51.691678,-57.82389,0.,-2,-99999,-99999.,-99999.,-99999.,-99999.,-99999.,-99999.
122536,567483,-51.69168,-57.823892,0.,-2,-99999,-99999.,-99999.,-99999.,-99999.,-99999.,-99999.
122536,567484,-51.69168,-57.823892,0.,-2,-99999,-99999.,-99999.,-99999.,-99999.,-99999.,-99999.
122536,568339,-51.691692,-57.823878,0.,-2,-99999,-99999.,-99999.,-99999.,-99999.,-99999.,-99999.
122536,569010,-51.691672,-57.823878,0.,-2,-99999,-99999.,-99999.,-99999.,-99999.,-99999.,-99999.
122536,569169,-51.691638,-57.823853,0.,-2,-99999,-99999.,-99999.,-99999.,-99999.,-99999.,-99999.
122536,569550,-51.691675,-57.823877,0.,-2,-99999,-99999.,-99999.,-99999.,-99999.,-99999.,-99999.
122536,570369,-51.691662,-57.823888,0.,-2,-99999,-99999.,-99999.,-99999.,-99999.,-99999.,-99999.
122536,570798,-51.691667,-57.823888,0.,-2,-99999,-99999.,-99999.,-99999.,-99999.,-99999.,-99999.
122536,570900,-51.691647,-57.823882,0.,-2,-99999,-99999.,-99999.,-99999.,-99999.,-99999.,-99999.
122536,572100,-51.691673,-57.82387,0.,-2,-99999,-99999.,-99999.,-99999.,-99999.,-99999.,-99999.
122536,572928,-51.691678,-57.823847,0.,-2,-99999,-99999.,-99999.,-99999.,-99999.,-99999.,-99999.
122536,572938,-51.691675,-57.823845,0.,-2,-99999,-99999.,-99999.,-99999.,-99999.,-99999.,-99999.
122536,572950,-51.69167,-57.823845,0.,-2,-99999,-99999.,-99999.,-99999.,-99999.,-99999.,-99999.
122536,572958,-51.691667,-57.823843,0.,-2,-99999,-99999.,-99999.,-99999.,-99999.,-99999.,-99999.
122536,572968,-51.691667,-57.823835,0.,-2,-99999,-99999.,-99999.,-99999.,-99999.,-99999.,-99999.
122536,572979,-51.691668,-57.823823,0.,-2,-99999,-99999.,-99999.,-99999.,-99999.,-99999.,-99999.
122536,572988,-51.69167,-57.823818,0.,-2,-99999,-99999.,-99999.,-99999.,-99999.,-99999.,-99999.
122536,572998,-51.69165,-57.823842,0.,-2,-99999,-99999.,-99999.,-99999.,-99999.,-99999.,-99999.
122536,573010,-51.691635,-57.82386,0.,-2,-99999,-99999.,-99999.,-99999.,-99999.,-99999.,-99999.
122536,573018,-51.691632,-57.823863,0.,-2,-99999,-99999.,-99999.,-99999.,-99999.,-99999.,-99999.
122536,573028,-51.69163,-57.823863,0.,-2,-99999,-99999.,-99999.,-99999.,-99999.,-99999.,-99999.
122536,573039,-51.691632,-57.823858,0.,-2,-99999,-99999.,-99999.,-99999.,-99999.,-99999.,-99999.
122536,573049,-51.691638,-57.823845,0.,-2,-99999,-99999.,-99999.,-99999.,-99999.,-99999.,-99999.
122536,573058,-51.691643,-57.823833,0.,-2,-99999,-99999.,-99999.,-99999.,-99999.,-99999.,-99999.
122536,573070,-51.691645,-57.823835,0.,-2,-99999,-99999.,-99999.,-99999.,-99999.,-99999.,-99999.
122536,573078,-51.691648,-57.823838,0.,-2,-99999,-99999.,-99999.,-99999.,-99999.,-99999.,-99999.
122536,573088,-51.691652,-57.823847,0.,-2,-99999,-99999.,-99999.,-99999.,-99999.,-99999.,-99999.
122536,573099,-51.691658,-57.823855,0.,-2,-99999,-99999.,-99999.,-99999.,-99999.,-99999.,-99999.
122536,573109,-51.69166,-57.823863,0.,-2,-99999,-99999.,-99999.,-99999.,-99999.,-99999.,-99999.
122536,573118,-51.691665,-57.823865,0.,-2,-99999,-99999.,-99999.,-99999.,-99999.,-99999.,-99999.
122536,573128,-51.691672,-57.823855,0.,-2,-99999,-99999.,-99999.,-99999.,-99999.,-99999.,-99999.
122536,573138,-51.691672,-57.823847,0.,-2,-99999,-99999.,-99999.,-99999.,-99999.,-99999.,-99999.
122536,573148,-51.691672,-57.823845,0.,-2,-99999,-99999.,-99999.,-99999.,-99999.,-99999.,-99999.
122536,573159,-51.691672,-57.823848,0.,-2,-99999,-99999.,-99999.,-99999.,-99999.,-99999.,-99999.
122536,573169,-51.691673,-57.823852,0.,-2,-99999,-99999.,-99999.,-99999.,-99999.,-99999.,-99999.
122536,573180,-51.691672,-57.823853,0.,-2,-99999,-99999.,-99999.,-99999.,-99999.,-99999.,-99999.
122536,573188,-51.691675,-57.82385,0.,-2,-99999,-99999.,-99999.,-99999.,-99999.,-99999.,-99999.
122536,573199,-51.691675,-57.823852,0.,-2,-99999,-99999.,-99999.,-99999.,-99999.,-99999.,-99999.
122536,573208,-51.69167,-57.823855,0.,-2,-99999,-99999.,-99999.,-99999.,-99999.,-99999.,-99999.
122536,573229,-51.691665,-57.823858,0.,-2,-99999,-99999.,-99999.,-99999.,-99999.,-99999.,-99999.
122536,573248,-51.691662,-57.823862,0.,-2,-99999,-99999.,-99999.,-99999.,-99999.,-99999.,-99999.
122536,573259,-51.691663,-57.82386,0.,-2,-99999,-99999.,-99999.,-99999.,-99999.,-99999.,-99999.
122536,573268,-51.691662,-57.823863,0.,-2,-99999,-99999.,-99999.,-99999.,-99999.,-99999.,-99999.
122536,573300,-51.691665,-57.823882,0.,-2,-99999,-99999.,-99999.,-99999.,-99999.,-99999.,-99999.
122536,573308,-51.691665,-57.823887,0.,-2,-99999,-99999.,-99999.,-99999.,-99999.,-99999.,-99999.
122536,573319,-51.691675,-57.823882,0.,-2,-99999,-99999.,-99999.,-99999.,-99999.,-99999.,-99999.
122536,573349,-51.691678,-57.823887,0.,-2,-99999,-99999.,-99999.,-99999.,-99999.,-99999.,-99999.
122536,573360,-51.691678,-57.823885,0.,-2,-99999,-99999.,-99999.,-99999.,-99999.,-99999.,-99999.
122536,573361,-51.691678,-57.823885,0.,-2,-99999,-99999.,-99999.,-99999.,-99999.,-99999.,-99999.
122536,573368,-51.691677,-57.823885,0.,-2,-99999,-99999.,-99999.,-99999.,-99999.,-99999.,-99999.
122536,573379,-51.691672,-57.823895,0.,-2,-99999,-99999.,-99999.,-99999.,-99999.,-99999.,-99999.
122536,573388,-51.691657,-57.823913,0.,-2,-99999,-99999.,-99999.,-99999.,-99999.,-99999.,-99999.
122536,573449,-51.691677,-57.823863,0.,-2,-99999,-99999.,-99999.,-99999.,-99999.,-99999.,-99999.
122536,573549,-51.691663,-57.823843,0.,-2,-99999,-99999.,-99999.,-99999.,-99999.,-99999.,-99999.
122536,574559,-51.691705,-57.823848,0.,-2,-99999,-99999.,-99999.,-99999.,-99999.,-99999.,-99999.
122536,574571,-51.691692,-57.823855,0.,-2,-99999,-99999.,-99999.,-99999.,-99999.,-99999.,-99999.
122536,575769,-51.691637,-57.823867,0.,-2,-99999,-99999.,-99999.,-99999.,-99999.,-99999.,-99999.
122536,576229,-51.691677,-57.823868,0.,-2,-99999,-99999.,-99999.,-99999.,-99999.,-99999.,-99999.
122536,577038,-51.69167,-57.823857,0.,-2,-99999,-99999.,-99999.,-99999.,-99999.,-99999.,-99999.
122536,578798,-51.691678,-57.823845,0.,-2,-99999,-99999.,-99999.,-99999.,-99999.,-99999.,-99999.
122536,578807,-51.691672,-57.82385,0.,-2,-99999,-99999.,-99999.,-99999.,-99999.,-99999.,-99999.
122536,578829,-51.691663,-57.823863,0.,-2,-99999,-99999.,-99999.,-99999.,-99999.,-99999.,-99999.
122536,578858,-51.691668,-57.823872,0.,-2,-99999,-99999.,-99999.,-99999.,-99999.,-99999.,-99999.
122536,578859,-51.691668,-57.823872,0.,-2,-99999,-99999.,-99999.,-99999.,-99999.,-99999.,-99999.
122536,578868,-51.691665,-57.823883,0.,-2,-99999,-99999.,-99999.,-99999.,-99999.,-99999.,-99999.
122536,578877,-51.691665,-57.823893,0.,-2,-99999,-99999.,-99999.,-99999.,-99999.,-99999.,-99999.
122536,578878,-51.691665,-57.823893,0.,-2,-99999,-99999.,-99999.,-99999.,-99999.,-99999.,-99999.
122536,578886,-51.691667,-57.823895,0.,-2,-99999,-99999.,-99999.,-99999.,-99999.,-99999.,-99999.
122536,578897,-51.69167,-57.823895,0.,-2,-99999,-99999.,-99999.,-99999.,-99999.,-99999.,-99999.
122536,578898,-51.69167,-57.823895,0.,-2,-99999,-99999.,-99999.,-99999.,-99999.,-99999.,-99999.
122536,578918,-51.691677,-57.823897,0.,-2,-99999,-99999.,-99999.,-99999.,-99999.,-99999.,-99999.
122536,578919,-51.691677,-57.823897,0.,-2,-99999,-99999.,-99999.,-99999.,-99999.,-99999.,-99999.
122536,578927,-51.691675,-57.823893,0.,-2,-99999,-99999.,-99999.,-99999.,-99999.,-99999.,-99999.
122536,578937,-51.69167,-57.823892,0.,-2,-99999,-99999.,-99999.,-99999.,-99999.,-99999.,-99999.
122536,578938,-51.69167,-57.823892,0.,-2,-99999,-99999.,-99999.,-99999.,-99999.,-99999.,-99999.
122536,578946,-51.691668,-57.823893,0.,-2,-99999,-99999.,-99999.,-99999.,-99999.,-99999.,-99999.
122536,578947,-51.691668,-57.823893,0.,-2,-99999,-99999.,-99999.,-99999.,-99999.,-99999.,-99999.
122536,578957,-51.691668,-57.82389,0.,-2,-99999,-99999.,-99999.,-99999.,-99999.,-99999.,-99999.
122536,578959,-51.691668,-57.82389,0.,-2,-99999,-99999.,-99999.,-99999.,-99999.,-99999.,-99999.
122536,578979,-51.691678,-57.823888,0.,-2,-99999,-99999.,-99999.,-99999.,-99999.,-99999.,-99999.
122536,578988,-51.691683,-57.823883,0.,-2,-99999,-99999.,-99999.,-99999.,-99999.,-99999.,-99999.
122536,578997,-51.691687,-57.823882,0.,-2,-99999,-99999.,-99999.,-99999.,-99999.,-99999.,-99999.
122536,578998,-51.691687,-57.823882,0.,-2,-99999,-99999.,-99999.,-99999.,-99999.,-99999.,-99999.
122536,579006,-51.691682,-57.823877,0.,-2,-99999,-99999.,-99999.,-99999.,-99999.,-99999.,-99999.
122536,579007,-51.691682,-57.823877,0.,-2,-99999,-99999.,-99999.,-99999.,-99999.,-99999.,-99999.
122536,579017,-51.691677,-57.823877,0.,-2,-99999,-99999.,-99999.,-99999.,-99999.,-99999.,-99999.
122536,579057,-51.691677,-57.823875,0.,-2,-99999,-99999.,-99999.,-99999.,-99999.,-99999.,-99999.
122536,579058,-51.691677,-57.823875,0.,-2,-99999,-99999.,-99999.,-99999.,-99999.,-99999.,-99999.
122536,579078,-51.691682,-57.823883,0.,-2,-99999,-99999.,-99999.,-99999.,-99999.,-99999.,-99999.
122536,579087,-51.691685,-57.823883,0.,-2,-99999,-99999.,-99999.,-99999.,-99999.,-99999.,-99999.
122536,579109,-51.691683,-57.823872,0.,-2,-99999,-99999.,-99999.,-99999.,-99999.,-99999.,-99999.
122536,579117,-51.691683,-57.823867,0.,-2,-99999,-99999.,-99999.,-99999.,-99999.,-99999.,-99999.
122536,579118,-51.691683,-57.823867,0.,-2,-99999,-99999.,-99999.,-99999.,-99999.,-99999.,-99999.
122536,579137,-51.691685,-57.82385,0.,-2,-99999,-99999.,-99999.,-99999.,-99999.,-99999.,-99999.
122536,579138,-51.691685,-57.82385,0.,-2,-99999,-99999.,-99999.,-99999.,-99999.,-99999.,-99999.
122536,579197,-51.691692,-57.823873,0.,-2,-99999,-99999.,-99999.,-99999.,-99999.,-99999.,-99999.
122536,579198,-51.691692,-57.823873,0.,-2,-99999,-99999.,-99999.,-99999.,-99999.,-99999.,-99999.
122536,579209,-51.691692,-57.823868,0.,-2,-99999,-99999.,-99999.,-99999.,-99999.,-99999.,-99999.
122536,579216,-51.691692,-57.823862,0.,-2,-99999,-99999.,-99999.,-99999.,-99999.,-99999.,-99999.
122536,579218,-51.691692,-57.823862,0.,-2,-99999,-99999.,-99999.,-99999.,-99999.,-99999.,-99999.
122536,579228,-51.691688,-57.823852,0.,-2,-99999,-99999.,-99999.,-99999.,-99999.,-99999.,-99999.
122536,579237,-51.691683,-57.823845,0.,-2,-99999,-99999.,-99999.,-99999.,-99999.,-99999.,-99999.
122536,579268,-51.691682,-57.823838,0.,-2,-99999,-99999.,-99999.,-99999.,-99999.,-99999.,-99999.
122536,579269,-51.691682,-57.823838,0.,-2,-99999,-99999.,-99999.,-99999.,-99999.,-99999.,-99999.
122536,579329,-51.691673,-57.823872,0.,-2,-99999,-99999.,-99999.,-99999.,-99999.,-99999.,-99999.
122536,579337,-51.691675,-57.823873,0.,-2,-99999,-99999.,-99999.,-99999.,-99999.,-99999.,-99999.
122536,579349,-51.691677,-57.823872,0.,-2,-99999,-99999.,-99999.,-99999.,-99999.,-99999.,-99999.
122536,579368,-51.691678,-57.823877,0.,-2,-99999,-99999.,-99999.,-99999.,-99999.,-99999.,-99999.
122536,579510,-51.691662,-57.823868,0.,-2,-99999,-99999.,-99999.,-99999.,-99999.,-99999.,-99999.
122536,580071,-51.69167,-57.823865,0.,-2,-99999,-99999.,-99999.,-99999.,-99999.,-99999.,-99999.
122536,580799,-51.69167,-57.82385,0.,-2,-99999,-99999.,-99999.,-99999.,-99999.,-99999.,-99999.
122536,581158,-51.691657,-57.823843,0.,-2,-99999,-99999.,-99999.,-99999.,-99999.,-99999.,-99999.
122536,582028,-51.691677,-57.823825,0.,-2,-99999,-99999.,-99999.,-99999.,-99999.,-99999.,-99999.
122536,582169,-51.691678,-57.823835,0.,-2,-99999,-99999.,-99999.,-99999.,-99999.,-99999.,-99999.
122536,583319,-51.691693,-57.823867,0.,-2,-99999,-99999.,-99999.,-99999.,-99999.,-99999.,-99999.
122536,584649,-51.691622,-57.823872,0.,-2,-99999,-99999.,-99999.,-99999.,-99999.,-99999.,-99999.
122536,586074,-51.691672,-57.823847,0.,-2,-99999,-99999.,-99999.,-99999.,-99999.,-99999.,-99999.
122536,601477,-51.691735,-57.823022,0.,-2,-99999,-99999.,-99999.,-99999.,-99999.,-99999.,-99999.
122536,601478,-51.691735,-57.823022,0.,-2,-99999,-99999.,-99999.,-99999.,-99999.,-99999.,-99999.
122536,601496,-51.691745,-57.823022,0.,-2,-99999,-99999.,-99999.,-99999.,-99999.,-99999.,-99999.
122536,601498,-51.691745,-57.823022,0.,-2,-99999,-99999.,-99999.,-99999.,-99999.,-99999.,-99999.
122536,601537,-51.691763,-57.823012,0.,-2,-99999,-99999.,-99999.,-99999.,-99999.,-99999.,-99999.
122536,601538,-51.691763,-57.823012,0.,-2,-99999,-99999.,-99999.,-99999.,-99999.,-99999.,-99999.
122536,601546,-51.691765,-57.823008,0.,-2,-99999,-99999.,-99999.,-99999.,-99999.,-99999.,-99999.
122536,601557,-51.691762,-57.823008,0.,-2,-99999,-99999.,-99999.,-99999.,-99999.,-99999.,-99999.
122536,601568,-51.691765,-57.823008,0.,-2,-99999,-99999.,-99999.,-99999.,-99999.,-99999.,-99999.
122536,601577,-51.691772,-57.823012,0.,-2,-99999,-99999.,-99999.,-99999.,-99999.,-99999.,-99999.
122536,601579,-51.691772,-57.823012,0.,-2,-99999,-99999.,-99999.,-99999.,-99999.,-99999.,-99999.
122536,601598,-51.691777,-57.823017,0.,-2,-99999,-99999.,-99999.,-99999.,-99999.,-99999.,-99999.
122536,601606,-51.691777,-57.823018,0.,-2,-99999,-99999.,-99999.,-99999.,-99999.,-99999.,-99999.
122536,601608,-51.691777,-57.823018,0.,-2,-99999,-99999.,-99999.,-99999.,-99999.,-99999.,-99999.
122536,601617,-51.691775,-57.823018,0.,-2,-99999,-99999.,-99999.,-99999.,-99999.,-99999.,-99999.
122536,601628,-51.691772,-57.823015,0.,-2,-99999,-99999.,-99999.,-99999.,-99999.,-99999.,-99999.
122536,601647,-51.691768,-57.823013,0.,-2,-99999,-99999.,-99999.,-99999.,-99999.,-99999.,-99999.
122536,601648,-51.691768,-57.823013,0.,-2,-99999,-99999.,-99999.,-99999.,-99999.,-99999.,-99999.
122536,601657,-51.691763,-57.82301,0.,-2,-99999,-99999.,-99999.,-99999.,-99999.,-99999.,-99999.
122536,601658,-51.691763,-57.82301,0.,-2,-99999,-99999.,-99999.,-99999.,-99999.,-99999.,-99999.
122536,601666,-51.69177,-57.822985,0.,-2,-99999,-99999.,-99999.,-99999.,-99999.,-99999.,-99999.
122536,601667,-51.69177,-57.822985,0.,-2,-99999,-99999.,-99999.,-99999.,-99999.,-99999.,-99999.
122536,601676,-51.691773,-57.82298,0.,-2,-99999,-99999.,-99999.,-99999.,-99999.,-99999.,-99999.
122536,601677,-51.691773,-57.82298,0.,-2,-99999,-99999.,-99999.,-99999.,-99999.,-99999.,-99999.
122536,601687,-51.691775,-57.822977,0.,-2,-99999,-99999.,-99999.,-99999.,-99999.,-99999.,-99999.
122536,601688,-51.691775,-57.822977,0.,-2,-99999,-99999.,-99999.,-99999.,-99999.,-99999.,-99999.
122536,601706,-51.69178,-57.822967,0.,-2,-99999,-99999.,-99999.,-99999.,-99999.,-99999.,-99999.
122536,601707,-51.69178,-57.822967,0.,-2,-99999,-99999.,-99999.,-99999.,-99999.,-99999.,-99999.
122536,601717,-51.69178,-57.82297,0.,-2,-99999,-99999.,-99999.,-99999.,-99999.,-99999.,-99999.
122536,601719,-51.69178,-57.82297,0.,-2,-99999,-99999.,-99999.,-99999.,-99999.,-99999.,-99999.
122536,601736,-51.691773,-57.822985,0.,-2,-99999,-99999.,-99999.,-99999.,-99999.,-99999.,-99999.
122536,601747,-51.691773,-57.822988,0.,-2,-99999,-99999.,-99999.,-99999.,-99999.,-99999.,-99999.
122536,601757,-51.691782,-57.822995,0.,-2,-99999,-99999.,-99999.,-99999.,-99999.,-99999.,-99999.
122536,601759,-51.691782,-57.822995,0.,-2,-99999,-99999.,-99999.,-99999.,-99999.,-99999.,-99999.
122536,601766,-51.691787,-57.823007,0.,-2,-99999,-99999.,-99999.,-99999.,-99999.,-99999.,-99999.
122536,601780,-51.691795,-57.823027,0.,-2,-99999,-99999.,-99999.,-99999.,-99999.,-99999.,-99999.
122536,601786,-51.691802,-57.823032,0.,-2,-99999,-99999.,-99999.,-99999.,-99999.,-99999.,-99999.
122536,601787,-51.691802,-57.823032,0.,-2,-99999,-99999.,-99999.,-99999.,-99999.,-99999.,-99999.
122536,601797,-51.691808,-57.823027,0.1,-2,-99999,-99999.,-99999.,-99999.,-99999.,-99999.,-99999.
122536,601807,-51.691807,-57.82302,0.,-2,-99999,-99999.,-99999.,-99999.,-99999.,-99999.,-99999.
122536,601808,-51.691807,-57.82302,0.,-2,-99999,-99999.,-99999.,-99999.,-99999.,-99999.,-99999.
122536,601826,-51.69178,-57.82301,0.,-2,-99999,-99999.,-99999.,-99999.,-99999.,-99999.,-99999.
122536,601827,-51.69178,-57.82301,0.,-2,-99999,-99999.,-99999.,-99999.,-99999.,-99999.,-99999.
122536,601837,-51.691762,-57.823015,0.,-2,-99999,-99999.,-99999.,-99999.,-99999.,-99999.,-99999.
122536,601838,-51.691762,-57.823015,0.,-2,-99999,-99999.,-99999.,-99999.,-99999.,-99999.,-99999.
122536,601847,-51.69175,-57.82302,0.,-2,-99999,-99999.,-99999.,-99999.,-99999.,-99999.,-99999.
122536,601868,-51.691738,-57.82302,0.,-2,-99999,-99999.,-99999.,-99999.,-99999.,-99999.,-99999.
122536,601877,-51.691733,-57.82302,0.,-2,-99999,-99999.,-99999.,-99999.,-99999.,-99999.,-99999.
122536,601879,-51.691733,-57.82302,0.,-2,-99999,-99999.,-99999.,-99999.,-99999.,-99999.,-99999.
122536,601897,-51.69171,-57.823038,0.,-2,-99999,-99999.,-99999.,-99999.,-99999.,-99999.,-99999.
122536,601899,-51.69171,-57.823038,0.,-2,-99999,-99999.,-99999.,-99999.,-99999.,-99999.,-99999.
122536,601918,-51.69172,-57.82301,0.1,-2,-99999,-99999.,-99999.,-99999.,-99999.,-99999.,-99999.
122536,601926,-51.691733,-57.822988,0.,-2,-99999,-99999.,-99999.,-99999.,-99999.,-99999.,-99999.
122536,601927,-51.691733,-57.822988,0.,-2,-99999,-99999.,-99999.,-99999.,-99999.,-99999.,-99999.
122536,601937,-51.691743,-57.82298,0.,-2,-99999,-99999.,-99999.,-99999.,-99999.,-99999.,-99999.
122536,601939,-51.691743,-57.82298,0.,-2,-99999,-99999.,-99999.,-99999.,-99999.,-99999.,-99999.
122536,601947,-51.691748,-57.82298,0.,-2,-99999,-99999.,-99999.,-99999.,-99999.,-99999.,-99999.
122536,601959,-51.691753,-57.82298,0.,-2,-99999,-99999.,-99999.,-99999.,-99999.,-99999.,-99999.
122536,601969,-51.691758,-57.822968,0.,-2,-99999,-99999.,-99999.,-99999.,-99999.,-99999.,-99999.
122536,601977,-51.691758,-57.822958,0.,-2,-99999,-99999.,-99999.,-99999.,-99999.,-99999.,-99999.
122536,601978,-51.691758,-57.822958,0.,-2,-99999,-99999.,-99999.,-99999.,-99999.,-99999.,-99999.
122536,601987,-51.691745,-57.822963,0.,-2,-99999,-99999.,-99999.,-99999.,-99999.,-99999.,-99999.
122536,601998,-51.69174,-57.822963,0.,-2,-99999,-99999.,-99999.,-99999.,-99999.,-99999.,-99999.
122536,602007,-51.69174,-57.822958,0.,-2,-99999,-99999.,-99999.,-99999.,-99999.,-99999.,-99999.
122536,602018,-51.691717,-57.822992,0.,-2,-99999,-99999.,-99999.,-99999.,-99999.,-99999.,-99999.
122536,602029,-51.6917,-57.823008,0.1,-2,-99999,-99999.,-99999.,-99999.,-99999.,-99999.,-99999.
122536,602047,-51.691705,-57.823,0.,-2,-99999,-99999.,-99999.,-99999.,-99999.,-99999.,-99999.
122536,607278,-51.691727,-57.822992,0.1,-2,-99999,-99999.,-99999.,-99999.,-99999.,-99999.,-99999.
122536,607307,-51.691725,-57.822988,0.,-2,-99999,-99999.,-99999.,-99999.,-99999.,-99999.,-99999.
122536,607308,-51.691725,-57.822988,0.,-2,-99999,-99999.,-99999.,-99999.,-99999.,-99999.,-99999.
122536,607338,-51.691738,-57.822998,0.,-2,-99999,-99999.,-99999.,-99999.,-99999.,-99999.,-99999.
122536,607388,-51.691702,-57.823005,0.,-2,-99999,-99999.,-99999.,-99999.,-99999.,-99999.,-99999.
122536,607389,-51.691702,-57.823005,0.,-2,-99999,-99999.,-99999.,-99999.,-99999.,-99999.,-99999.
122536,607407,-51.691732,-57.822985,0.,-2,-99999,-99999.,-99999.,-99999.,-99999.,-99999.,-99999.
122536,607419,-51.691708,-57.823007,0.1,-2,-99999,-99999.,-99999.,-99999.,-99999.,-99999.,-99999.
122536,607428,-51.691708,-57.823005,0.,-2,-99999,-99999.,-99999.,-99999.,-99999.,-99999.,-99999.
122536,607448,-51.691662,-57.823047,0.,-2,-99999,-99999.,-99999.,-99999.,-99999.,-99999.,-99999.
122536,607488,-51.691695,-57.823007,0.,-2,-99999,-99999.,-99999.,-99999.,-99999.,-99999.,-99999.
122536,607518,-51.691682,-57.823037,0.1,-2,-99999,-99999.,-99999.,-99999.,-99999.,-99999.,-99999.
122536,607527,-51.691727,-57.822993,0.,-2,-99999,-99999.,-99999.,-99999.,-99999.,-99999.,-99999.
122536,607528,-51.691727,-57.822993,0.,-2,-99999,-99999.,-99999.,-99999.,-99999.,-99999.,-99999.
122536,607538,-51.691717,-57.823,0.,-2,-99999,-99999.,-99999.,-99999.,-99999.,-99999.,-99999.
122536,607539,-51.691717,-57.823,0.,-2,-99999,-99999.,-99999.,-99999.,-99999.,-99999.,-99999.
122536,607548,-51.691713,-57.823,0.,-2,-99999,-99999.,-99999.,-99999.,-99999.,-99999.,-99999.
122536,607578,-51.691735,-57.822975,0.,-2,-99999,-99999.,-99999.,-99999.,-99999.,-99999.,-99999.
122536,607587,-51.691712,-57.822993,0.,-2,-99999,-99999.,-99999.,-99999.,-99999.,-99999.,-99999.
122536,607589,-51.691712,-57.822993,0.,-2,-99999,-99999.,-99999.,-99999.,-99999.,-99999.,-99999.
122536,607608,-51.691715,-57.822983,0.,-2,-99999,-99999.,-99999.,-99999.,-99999.,-99999.,-99999.
122536,607638,-51.691713,-57.822982,0.,-2,-99999,-99999.,-99999.,-99999.,-99999.,-99999.,-99999.
122536,607688,-51.691698,-57.822978,0.,-2,-99999,-99999.,-99999.,-99999.,-99999.,-99999.,-99999.
122536,607697,-51.69169,-57.82299,0.,-2,-99999,-99999.,-99999.,-99999.,-99999.,-99999.,-99999.
122536,607698,-51.69169,-57.82299,0.,-2,-99999,-99999.,-99999.,-99999.,-99999.,-99999.,-99999.
122536,607707,-51.691715,-57.822977,0.,-2,-99999,-99999.,-99999.,-99999.,-99999.,-99999.,-99999.
122536,607708,-51.691715,-57.822977,0.,-2,-99999,-99999.,-99999.,-99999.,-99999.,-99999.,-99999.
122536,607748,-51.69174,-57.822947,0.,-2,-99999,-99999.,-99999.,-99999.,-99999.,-99999.,-99999.
122536,607749,-51.69174,-57.822947,0.,-2,-99999,-99999.,-99999.,-99999.,-99999.,-99999.,-99999.
122536,607758,-51.691737,-57.822943,0.,-2,-99999,-99999.,-99999.,-99999.,-99999.,-99999.,-99999.
122536,607788,-51.691715,-57.822963,0.,-2,-99999,-99999.,-99999.,-99999.,-99999.,-99999.,-99999.
122536,607810,-51.691732,-57.82297,0.,-2,-99999,-99999.,-99999.,-99999.,-99999.,-99999.,-99999.
122536,607817,-51.691735,-57.822973,0.,-2,-99999,-99999.,-99999.,-99999.,-99999.,-99999.,-99999.
122536,607818,-51.691735,-57.822973,0.,-2,-99999,-99999.,-99999.,-99999.,-99999.,-99999.,-99999.
122536,607838,-51.691742,-57.822975,0.,-2,-99999,-99999.,-99999.,-99999.,-99999.,-99999.,-99999.
122536,607839,-51.691742,-57.822975,0.,-2,-99999,-99999.,-99999.,-99999.,-99999.,-99999.,-99999.
122536,607850,-51.691738,-57.82298,0.,-2,-99999,-99999.,-99999.,-99999.,-99999.,-99999.,-99999.
122536,607859,-51.691735,-57.822982,0.,-2,-99999,-99999.,-99999.,-99999.,-99999.,-99999.,-99999.
122536,607868,-51.691733,-57.82298,0.,-2,-99999,-99999.,-99999.,-99999.,-99999.,-99999.,-99999.
122536,607878,-51.691733,-57.82298,0.,-2,-99999,-99999.,-99999.,-99999.,-99999.,-99999.,-99999.
122536,607888,-51.691723,-57.82298,0.,-2,-99999,-99999.,-99999.,-99999.,-99999.,-99999.,-99999.
122536,607908,-51.691728,-57.822968,0.,-2,-99999,-99999.,-99999.,-99999.,-99999.,-99999.,-99999.
122536,607930,-51.691737,-57.822942,0.1,-2,-99999,-99999.,-99999.,-99999.,-99999.,-99999.,-99999.
122536,613168,-51.69172,-57.82296,0.,-2,-99999,-99999.,-99999.,-99999.,-99999.,-99999.,-99999.
122536,613169,-51.69172,-57.82296,0.,-2,-99999,-99999.,-99999.,-99999.,-99999.,-99999.,-99999.
122536,613228,-51.69172,-57.82297,0.,-2,-99999,-99999.,-99999.,-99999.,-99999.,-99999.,-99999.
122536,613247,-51.691725,-57.822973,0.,-2,-99999,-99999.,-99999.,-99999.,-99999.,-99999.,-99999.
122536,613268,-51.691718,-57.822973,0.,-2,-99999,-99999.,-99999.,-99999.,-99999.,-99999.,-99999.
122536,613269,-51.691718,-57.822973,0.,-2,-99999,-99999.,-99999.,-99999.,-99999.,-99999.,-99999.
122536,613288,-51.691723,-57.822967,0.1,-2,-99999,-99999.,-99999.,-99999.,-99999.,-99999.,-99999.
122536,613289,-51.691723,-57.822967,0.1,-2,-99999,-99999.,-99999.,-99999.,-99999.,-99999.,-99999.
122536,613299,-51.69173,-57.822962,0.,-2,-99999,-99999.,-99999.,-99999.,-99999.,-99999.,-99999.
122536,613307,-51.691737,-57.822962,0.,-2,-99999,-99999.,-99999.,-99999.,-99999.,-99999.,-99999.
122536,613308,-51.691737,-57.822962,0.,-2,-99999,-99999.,-99999.,-99999.,-99999.,-99999.,-99999.
122536,613359,-51.691682,-57.823007,0.,-2,-99999,-99999.,-99999.,-99999.,-99999.,-99999.,-99999.
122536,613368,-51.691688,-57.823005,0.,-2,-99999,-99999.,-99999.,-99999.,-99999.,-99999.,-99999.
122536,613369,-51.691688,-57.823005,0.,-2,-99999,-99999.,-99999.,-99999.,-99999.,-99999.,-99999.
122536,613388,-51.691695,-57.822983,0.,-2,-99999,-99999.,-99999.,-99999.,-99999.,-99999.,-99999.
122536,613389,-51.691695,-57.822983,0.,-2,-99999,-99999.,-99999.,-99999.,-99999.,-99999.,-99999.
122536,613408,-51.6917,-57.822967,0.,-2,-99999,-99999.,-99999.,-99999.,-99999.,-99999.,-99999.
122536,613409,-51.6917,-57.822967,0.,-2,-99999,-99999.,-99999.,-99999.,-99999.,-99999.,-99999.
122536,613429,-51.691692,-57.823003,0.,-2,-99999,-99999.,-99999.,-99999.,-99999.,-99999.,-99999.
122536,613439,-51.691697,-57.823003,0.,-2,-99999,-99999.,-99999.,-99999.,-99999.,-99999.,-99999.
122536,613468,-51.691697,-57.822987,0.,-2,-99999,-99999.,-99999.,-99999.,-99999.,-99999.,-99999.
122536,613479,-51.691702,-57.82298,0.,-2,-99999,-99999.,-99999.,-99999.,-99999.,-99999.,-99999.
122536,613499,-51.691707,-57.822982,0.,-2,-99999,-99999.,-99999.,-99999.,-99999.,-99999.,-99999.
122536,613508,-51.691708,-57.822985,0.,-2,-99999,-99999.,-99999.,-99999.,-99999.,-99999.,-99999.
122536,613509,-51.691708,-57.822985,0.,-2,-99999,-99999.,-99999.,-99999.,-99999.,-99999.,-99999.
122536,613528,-51.691715,-57.822992,0.,-2,-99999,-99999.,-99999.,-99999.,-99999.,-99999.,-99999.
122536,613539,-51.691715,-57.82299,0.,-2,-99999,-99999.,-99999.,-99999.,-99999.,-99999.,-99999.
122536,613540,-51.691715,-57.82299,0.,-2,-99999,-99999.,-99999.,-99999.,-99999.,-99999.,-99999.
122536,613548,-51.691713,-57.822982,0.,-2,-99999,-99999.,-99999.,-99999.,-99999.,-99999.,-99999.
122536,613569,-51.691725,-57.822975,0.,-2,-99999,-99999.,-99999.,-99999.,-99999.,-99999.,-99999.
122536,613588,-51.691715,-57.822967,0.,-2,-99999,-99999.,-99999.,-99999.,-99999.,-99999.,-99999.
122536,613600,-51.691713,-57.822962,0.,-2,-99999,-99999.,-99999.,-99999.,-99999.,-99999.,-99999.
122536,613608,-51.691722,-57.82296,0.,-2,-99999,-99999.,-99999.,-99999.,-99999.,-99999.,-99999.
122536,613619,-51.691732,-57.822962,0.,-2,-99999,-99999.,-99999.,-99999.,-99999.,-99999.,-99999.
122536,613628,-51.691742,-57.822962,0.,-2,-99999,-99999.,-99999.,-99999.,-99999.,-99999.,-99999.
122536,613637,-51.69174,-57.822965,0.,-2,-99999,-99999.,-99999.,-99999.,-99999.,-99999.,-99999.
122536,613638,-51.69174,-57.822965,0.,-2,-99999,-99999.,-99999.,-99999.,-99999.,-99999.,-99999.
122536,613648,-51.691742,-57.822972,0.,-2,-99999,-99999.,-99999.,-99999.,-99999.,-99999.,-99999.
122536,613659,-51.691752,-57.82297,0.,-2,-99999,-99999.,-99999.,-99999.,-99999.,-99999.,-99999.
122536,613668,-51.691755,-57.822965,0.,-2,-99999,-99999.,-99999.,-99999.,-99999.,-99999.,-99999.
122536,613679,-51.691758,-57.822962,0.,-2,-99999,-99999.,-99999.,-99999.,-99999.,-99999.,-99999.
122536,613689,-51.691758,-57.822958,0.,-2,-99999,-99999.,-99999.,-99999.,-99999.,-99999.,-99999.
122536,613708,-51.691745,-57.822965,0.,-2,-99999,-99999.,-99999.,-99999.,-99999.,-99999.,-99999.
122536,613719,-51.691745,-57.822977,0.,-2,-99999,-99999.,-99999.,-99999.,-99999.,-99999.,-99999.
122536,613728,-51.691753,-57.822985,0.,-2,-99999,-99999.,-99999.,-99999.,-99999.,-99999.,-99999.
122536,613749,-51.691753,-57.822982,0.,-2,-99999,-99999.,-99999.,-99999.,-99999.,-99999.,-99999.
122536,614681,-51.691723,-57.822995,0.1,-2,-99999,-99999.,-99999.,-99999.,-99999.,-99999.,-99999.
122536,619217,-51.691708,-57.822993,0.,-2,-99999,-99999.,-99999.,-99999.,-99999.,-99999.,-99999.
122536,619218,-51.691708,-57.822993,0.,-2,-99999,-99999.,-99999.,-99999.,-99999.,-99999.,-99999.
122536,619226,-51.691735,-57.82296,0.,-2,-99999,-99999.,-99999.,-99999.,-99999.,-99999.,-99999.
122536,619227,-51.691735,-57.82296,0.,-2,-99999,-99999.,-99999.,-99999.,-99999.,-99999.,-99999.
122536,619246,-51.691743,-57.822945,0.,-2,-99999,-99999.,-99999.,-99999.,-99999.,-99999.,-99999.
122536,619247,-51.691743,-57.822945,0.,-2,-99999,-99999.,-99999.,-99999.,-99999.,-99999.,-99999.
122536,619266,-51.691728,-57.822953,0.,-2,-99999,-99999.,-99999.,-99999.,-99999.,-99999.,-99999.
122536,619278,-51.69173,-57.82295,0.,-2,-99999,-99999.,-99999.,-99999.,-99999.,-99999.,-99999.
122536,619306,-51.691762,-57.822918,0.,-2,-99999,-99999.,-99999.,-99999.,-99999.,-99999.,-99999.
122536,619346,-51.691713,-57.82297,0.,-2,-99999,-99999.,-99999.,-99999.,-99999.,-99999.,-99999.
122536,619378,-51.691713,-57.82298,0.,-2,-99999,-99999.,-99999.,-99999.,-99999.,-99999.,-99999.
122536,619397,-51.691697,-57.822993,0.,-2,-99999,-99999.,-99999.,-99999.,-99999.,-99999.,-99999.
122536,619398,-51.691697,-57.822993,0.,-2,-99999,-99999.,-99999.,-99999.,-99999.,-99999.,-99999.
122536,619407,-51.691693,-57.822995,0.,-2,-99999,-99999.,-99999.,-99999.,-99999.,-99999.,-99999.
122536,620051,-51.69173,-57.822947,0.,-2,-99999,-99999.,-99999.,-99999.,-99999.,-99999.,-99999.
122536,625581,-51.691747,-57.823007,0.,-2,-99999,-99999.,-99999.,-99999.,-99999.,-99999.,-99999.
122536,637199,-51.691717,-57.822947,0.,-2,-99999,-99999.,-99999.,-99999.,-99999.,-99999.,-99999.
122536,638199,-51.691717,-57.822943,0.,-2,-99999,-99999.,-99999.,-99999.,-99999.,-99999.,-99999.
122536,639309,-51.691712,-57.823012,0.,-2,-99999,-99999.,-99999.,-99999.,-99999.,-99999.,-99999.
122536,640840,-51.691745,-57.82296,0.,-2,-99999,-99999.,-99999.,-99999.,-99999.,-99999.,-99999.
122536,642019,-51.691802,-57.823085,0.,-2,-99999,-99999.,-99999.,-99999.,-99999.,-99999.,-99999.
122536,642938,-51.691738,-57.82297,0.,-2,-99999,-99999.,-99999.,-99999.,-99999.,-99999.,-99999.
122536,643569,-51.691728,-57.82299,0.,-2,-99999,-99999.,-99999.,-99999.,-99999.,-99999.,-99999.
122536,644290,-51.691745,-57.822998,0.,-2,-99999,-99999.,-99999.,-99999.,-99999.,-99999.,-99999.
122536,644790,-51.691757,-57.822947,0.,-2,-99999,-99999.,-99999.,-99999.,-99999.,-99999.,-99999.
122536,645249,-51.691775,-57.822963,0.,-2,-99999,-99999.,-99999.,-99999.,-99999.,-99999.,-99999.
122536,646619,-51.691733,-57.822988,0.,-2,-99999,-99999.,-99999.,-99999.,-99999.,-99999.,-99999.
122536,647240,-51.691713,-57.823002,0.,-2,-99999,-99999.,-99999.,-99999.,-99999.,-99999.,-99999.
122536,647700,-51.69173,-57.822965,0.,-2,-99999,-99999.,-99999.,-99999.,-99999.,-99999.,-99999.
122536,648519,-51.69177,-57.822985,0.1,-2,-99999,-99999.,-99999.,-99999.,-99999.,-99999.,-99999.
122536,649099,-51.691757,-57.822938,0.,-2,-99999,-99999.,-99999.,-99999.,-99999.,-99999.,-99999.
122536,649718,-51.691772,-57.822922,0.1,-2,-99999,-99999.,-99999.,-99999.,-99999.,-99999.,-99999.
122536,649719,-51.691772,-57.822922,0.1,-2,-99999,-99999.,-99999.,-99999.,-99999.,-99999.,-99999.
122536,649727,-51.69176,-57.82293,0.,-2,-99999,-99999.,-99999.,-99999.,-99999.,-99999.,-99999.
122536,649728,-51.69176,-57.82293,0.,-2,-99999,-99999.,-99999.,-99999.,-99999.,-99999.,-99999.
122536,649739,-51.691757,-57.822933,0.,-2,-99999,-99999.,-99999.,-99999.,-99999.,-99999.,-99999.
122536,649740,-51.691757,-57.822933,0.,-2,-99999,-99999.,-99999.,-99999.,-99999.,-99999.,-99999.
122536,649748,-51.691765,-57.822933,0.,-2,-99999,-99999.,-99999.,-99999.,-99999.,-99999.,-99999.
122536,649749,-51.691765,-57.822933,0.,-2,-99999,-99999.,-99999.,-99999.,-99999.,-99999.,-99999.
122536,649758,-51.691775,-57.822935,0.,-2,-99999,-99999.,-99999.,-99999.,-99999.,-99999.,-99999.
122536,649759,-51.691775,-57.822935,0.,-2,-99999,-99999.,-99999.,-99999.,-99999.,-99999.,-99999.
122536,649768,-51.691777,-57.82294,0.1,-2,-99999,-99999.,-99999.,-99999.,-99999.,-99999.,-99999.
122536,649769,-51.691777,-57.82294,0.1,-2,-99999,-99999.,-99999.,-99999.,-99999.,-99999.,-99999.
122536,649778,-51.691775,-57.822942,0.1,-2,-99999,-99999.,-99999.,-99999.,-99999.,-99999.,-99999.
122536,649779,-51.691775,-57.822942,0.1,-2,-99999,-99999.,-99999.,-99999.,-99999.,-99999.,-99999.
122536,649787,-51.691775,-57.822938,0.,-2,-99999,-99999.,-99999.,-99999.,-99999.,-99999.,-99999.
122536,649788,-51.691775,-57.822938,0.,-2,-99999,-99999.,-99999.,-99999.,-99999.,-99999.,-99999.
122536,649799,-51.691777,-57.82294,0.,-2,-99999,-99999.,-99999.,-99999.,-99999.,-99999.,-99999.
122536,649808,-51.69178,-57.82294,0.1,-2,-99999,-99999.,-99999.,-99999.,-99999.,-99999.,-99999.
122536,649809,-51.69178,-57.82294,0.1,-2,-99999,-99999.,-99999.,-99999.,-99999.,-99999.,-99999.
122536,649818,-51.69178,-57.822942,0.,-2,-99999,-99999.,-99999.,-99999.,-99999.,-99999.,-99999.
122536,649819,-51.69178,-57.822942,0.,-2,-99999,-99999.,-99999.,-99999.,-99999.,-99999.,-99999.
122536,649829,-51.69178,-57.822952,0.1,-2,-99999,-99999.,-99999.,-99999.,-99999.,-99999.,-99999.
122536,649830,-51.69178,-57.822952,0.1,-2,-99999,-99999.,-99999.,-99999.,-99999.,-99999.,-99999.
122536,649838,-51.691775,-57.82295,0.,-2,-99999,-99999.,-99999.,-99999.,-99999.,-99999.,-99999.
122536,649839,-51.691775,-57.82295,0.,-2,-99999,-99999.,-99999.,-99999.,-99999.,-99999.,-99999.
122536,649849,-51.691773,-57.822942,0.,-2,-99999,-99999.,-99999.,-99999.,-99999.,-99999.,-99999.
122536,649850,-51.691773,-57.822942,0.,-2,-99999,-99999.,-99999.,-99999.,-99999.,-99999.,-99999.
122536,649859,-51.691782,-57.822937,0.,-2,-99999,-99999.,-99999.,-99999.,-99999.,-99999.,-99999.
122536,649860,-51.691782,-57.822937,0.,-2,-99999,-99999.,-99999.,-99999.,-99999.,-99999.,-99999.
122536,649889,-51.691768,-57.822923,0.1,-2,-99999,-99999.,-99999.,-99999.,-99999.,-99999.,-99999.
122536,649890,-51.691768,-57.822923,0.1,-2,-99999,-99999.,-99999.,-99999.,-99999.,-99999.,-99999.
122536,649909,-51.691758,-57.822933,0.,-2,-99999,-99999.,-99999.,-99999.,-99999.,-99999.,-99999.
122536,649910,-51.691758,-57.822933,0.,-2,-99999,-99999.,-99999.,-99999.,-99999.,-99999.,-99999.
122536,649920,-51.691758,-57.822938,0.,-2,-99999,-99999.,-99999.,-99999.,-99999.,-99999.,-99999.
122536,649969,-51.691753,-57.822948,0.,-2,-99999,-99999.,-99999.,-99999.,-99999.,-99999.,-99999.
122536,649998,-51.691758,-57.822963,0.,-2,-99999,-99999.,-99999.,-99999.,-99999.,-99999.,-99999.
122536,650019,-51.69176,-57.82297,0.,-2,-99999,-99999.,-99999.,-99999.,-99999.,-99999.,-99999.
122536,650030,-51.691757,-57.822972,0.,-2,-99999,-99999.,-99999.,-99999.,-99999.,-99999.,-99999.
122536,650038,-51.691752,-57.822978,0.,-2,-99999,-99999.,-99999.,-99999.,-99999.,-99999.,-99999.
122536,650057,-51.69175,-57.822985,0.,-2,-99999,-99999.,-99999.,-99999.,-99999.,-99999.,-99999.
122536,650058,-51.69175,-57.822985,0.,-2,-99999,-99999.,-99999.,-99999.,-99999.,-99999.,-99999.
122536,650090,-51.691755,-57.822985,0.1,-2,-99999,-99999.,-99999.,-99999.,-99999.,-99999.,-99999.
122536,650098,-51.691752,-57.822983,0.,-2,-99999,-99999.,-99999.,-99999.,-99999.,-99999.,-99999.
122536,650099,-51.691752,-57.822983,0.,-2,-99999,-99999.,-99999.,-99999.,-99999.,-99999.,-99999.
122536,650269,-51.691745,-57.822965,0.,-2,-99999,-99999.,-99999.,-99999.,-99999.,-99999.,-99999.
122536,650279,-51.691745,-57.822968,0.,-2,-99999,-99999.,-99999.,-99999.,-99999.,-99999.,-99999.
122536,650309,-51.691738,-57.822973,0.,-2,-99999,-99999.,-99999.,-99999.,-99999.,-99999.,-99999.
122536,652550,-51.691728,-57.82301,0.,-2,-99999,-99999.,-99999.,-99999.,-99999.,-99999.,-99999.
122536,652679,-51.691728,-57.822963,0.1,-2,-99999,-99999.,-99999.,-99999.,-99999.,-99999.,-99999.
122536,653900,-51.691742,-57.822977,0.,-2,-99999,-99999.,-99999.,-99999.,-99999.,-99999.,-99999.
122536,655189,-51.691765,-57.822967,0.,-2,-99999,-99999.,-99999.,-99999.,-99999.,-99999.,-99999.
122536,655497,-51.691758,-57.822965,0.1,-2,-99999,-99999.,-99999.,-99999.,-99999.,-99999.,-99999.
122536,655498,-51.691758,-57.822965,0.1,-2,-99999,-99999.,-99999.,-99999.,-99999.,-99999.,-99999.
122536,655507,-51.69176,-57.822958,0.1,-2,-99999,-99999.,-99999.,-99999.,-99999.,-99999.,-99999.
122536,655509,-51.69176,-57.822958,0.1,-2,-99999,-99999.,-99999.,-99999.,-99999.,-99999.,-99999.
122536,655537,-51.691772,-57.822962,0.,-2,-99999,-99999.,-99999.,-99999.,-99999.,-99999.,-99999.
122536,655548,-51.691773,-57.822958,0.,-2,-99999,-99999.,-99999.,-99999.,-99999.,-99999.,-99999.
122536,655586,-51.691788,-57.822953,0.,-2,-99999,-99999.,-99999.,-99999.,-99999.,-99999.,-99999.
122536,655587,-51.691788,-57.822953,0.,-2,-99999,-99999.,-99999.,-99999.,-99999.,-99999.,-99999.
122536,655637,-51.69173,-57.822988,0.1,-2,-99999,-99999.,-99999.,-99999.,-99999.,-99999.,-99999.
122536,655638,-51.69173,-57.822988,0.1,-2,-99999,-99999.,-99999.,-99999.,-99999.,-99999.,-99999.
122536,655646,-51.691762,-57.822957,0.,-2,-99999,-99999.,-99999.,-99999.,-99999.,-99999.,-99999.
122536,655648,-51.691762,-57.822957,0.,-2,-99999,-99999.,-99999.,-99999.,-99999.,-99999.,-99999.
122536,655657,-51.691762,-57.82296,0.,-2,-99999,-99999.,-99999.,-99999.,-99999.,-99999.,-99999.
122536,655668,-51.69175,-57.822965,0.1,-2,-99999,-99999.,-99999.,-99999.,-99999.,-99999.,-99999.
122536,655676,-51.691735,-57.822975,0.,-2,-99999,-99999.,-99999.,-99999.,-99999.,-99999.,-99999.
122536,655677,-51.691735,-57.822975,0.,-2,-99999,-99999.,-99999.,-99999.,-99999.,-99999.,-99999.
122536,655697,-51.691735,-57.822988,0.,-2,-99999,-99999.,-99999.,-99999.,-99999.,-99999.,-99999.
122536,655707,-51.691737,-57.822992,0.,-2,-99999,-99999.,-99999.,-99999.,-99999.,-99999.,-99999.
122536,655709,-51.691737,-57.822992,0.,-2,-99999,-99999.,-99999.,-99999.,-99999.,-99999.,-99999.
122536,655717,-51.69174,-57.82299,0.,-2,-99999,-99999.,-99999.,-99999.,-99999.,-99999.,-99999.
122536,655728,-51.69174,-57.82298,0.,-2,-99999,-99999.,-99999.,-99999.,-99999.,-99999.,-99999.
122536,655788,-51.69174,-57.822962,0.1,-2,-99999,-99999.,-99999.,-99999.,-99999.,-99999.,-99999.
122536,655817,-51.69175,-57.822965,0.,-2,-99999,-99999.,-99999.,-99999.,-99999.,-99999.,-99999.
122536,655818,-51.69175,-57.822965,0.,-2,-99999,-99999.,-99999.,-99999.,-99999.,-99999.,-99999.
122536,655848,-51.69176,-57.82297,0.,-2,-99999,-99999.,-99999.,-99999.,-99999.,-99999.,-99999.
122536,655878,-51.691763,-57.822982,0.,-2,-99999,-99999.,-99999.,-99999.,-99999.,-99999.,-99999.
122536,655957,-51.69176,-57.822957,0.,-2,-99999,-99999.,-99999.,-99999.,-99999.,-99999.,-99999.
122536,656380,-51.691763,-57.822988,0.,-2,-99999,-99999.,-99999.,-99999.,-99999.,-99999.,-99999.
122536,656919,-51.691732,-57.82296,0.1,-2,-99999,-99999.,-99999.,-99999.,-99999.,-99999.,-99999.
122536,657629,-51.691758,-57.822957,0.,-2,-99999,-99999.,-99999.,-99999.,-99999.,-99999.,-99999.
122536,657900,-51.69171,-57.823068,0.,-2,-99999,-99999.,-99999.,-99999.,-99999.,-99999.,-99999.
122536,658879,-51.691757,-57.822975,0.,-2,-99999,-99999.,-99999.,-99999.,-99999.,-99999.,-99999.
122536,659389,-51.691745,-57.822937,0.,-2,-99999,-99999.,-99999.,-99999.,-99999.,-99999.,-99999.
122536,661337,-51.691758,-57.822947,0.,-2,-99999,-99999.,-99999.,-99999.,-99999.,-99999.,-99999.
122536,661347,-51.691747,-57.822958,0.,-2,-99999,-99999.,-99999.,-99999.,-99999.,-99999.,-99999.
122536,661356,-51.69174,-57.82296,0.,-2,-99999,-99999.,-99999.,-99999.,-99999.,-99999.,-99999.
122536,661366,-51.691732,-57.822965,0.,-2,-99999,-99999.,-99999.,-99999.,-99999.,-99999.,-99999.
122536,661377,-51.69173,-57.822967,0.,-2,-99999,-99999.,-99999.,-99999.,-99999.,-99999.,-99999.
122536,661378,-51.69173,-57.822967,0.,-2,-99999,-99999.,-99999.,-99999.,-99999.,-99999.,-99999.
122536,661387,-51.691733,-57.822968,0.,-2,-99999,-99999.,-99999.,-99999.,-99999.,-99999.,-99999.
122536,661416,-51.691725,-57.822993,0.,-2,-99999,-99999.,-99999.,-99999.,-99999.,-99999.,-99999.
122536,661417,-51.691725,-57.822993,0.,-2,-99999,-99999.,-99999.,-99999.,-99999.,-99999.,-99999.
122536,661426,-51.691735,-57.822983,0.,-2,-99999,-99999.,-99999.,-99999.,-99999.,-99999.,-99999.
122536,661427,-51.691735,-57.822983,0.,-2,-99999,-99999.,-99999.,-99999.,-99999.,-99999.,-99999.
122536,661429,-51.691735,-57.822983,0.,-2,-99999,-99999.,-99999.,-99999.,-99999.,-99999.,-99999.
122536,661437,-51.691723,-57.823,0.,-2,-99999,-99999.,-99999.,-99999.,-99999.,-99999.,-99999.
122536,661438,-51.691723,-57.823,0.,-2,-99999,-99999.,-99999.,-99999.,-99999.,-99999.,-99999.
122536,661457,-51.691715,-57.822998,0.,-2,-99999,-99999.,-99999.,-99999.,-99999.,-99999.,-99999.
122536,661477,-51.691715,-57.82299,0.,-2,-99999,-99999.,-99999.,-99999.,-99999.,-99999.,-99999.
122536,661486,-51.691722,-57.822972,0.,-2,-99999,-99999.,-99999.,-99999.,-99999.,-99999.,-99999.
122536,661487,-51.691722,-57.822972,0.,-2,-99999,-99999.,-99999.,-99999.,-99999.,-99999.,-99999.
122536,661497,-51.691727,-57.822962,0.1,-2,-99999,-99999.,-99999.,-99999.,-99999.,-99999.,-99999.
122536,661498,-51.691727,-57.822962,0.1,-2,-99999,-99999.,-99999.,-99999.,-99999.,-99999.,-99999.
122536,661507,-51.69169,-57.823027,0.,-2,-99999,-99999.,-99999.,-99999.,-99999.,-99999.,-99999.
122536,661517,-51.69169,-57.823032,0.,-2,-99999,-99999.,-99999.,-99999.,-99999.,-99999.,-99999.
122536,661527,-51.691708,-57.823007,0.,-2,-99999,-99999.,-99999.,-99999.,-99999.,-99999.,-99999.
122536,661537,-51.691715,-57.822998,0.,-2,-99999,-99999.,-99999.,-99999.,-99999.,-99999.,-99999.
122536,661538,-51.691715,-57.822998,0.,-2,-99999,-99999.,-99999.,-99999.,-99999.,-99999.,-99999.
122536,661546,-51.691722,-57.822992,0.,-2,-99999,-99999.,-99999.,-99999.,-99999.,-99999.,-99999.
122536,661547,-51.691722,-57.822992,0.,-2,-99999,-99999.,-99999.,-99999.,-99999.,-99999.,-99999.
122536,661557,-51.691728,-57.822983,0.,-2,-99999,-99999.,-99999.,-99999.,-99999.,-99999.,-99999.
122536,661558,-51.691728,-57.822983,0.,-2,-99999,-99999.,-99999.,-99999.,-99999.,-99999.,-99999.
122536,661567,-51.691733,-57.82298,0.,-2,-99999,-99999.,-99999.,-99999.,-99999.,-99999.,-99999.
122536,661577,-51.691738,-57.822977,0.,-2,-99999,-99999.,-99999.,-99999.,-99999.,-99999.,-99999.
122536,661587,-51.691743,-57.822968,0.,-2,-99999,-99999.,-99999.,-99999.,-99999.,-99999.,-99999.
122536,661588,-51.691743,-57.822968,0.,-2,-99999,-99999.,-99999.,-99999.,-99999.,-99999.,-99999.
122536,661597,-51.691755,-57.822957,0.,-2,-99999,-99999.,-99999.,-99999.,-99999.,-99999.,-99999.
122536,661598,-51.691755,-57.822957,0.,-2,-99999,-99999.,-99999.,-99999.,-99999.,-99999.,-99999.
122536,661606,-51.691763,-57.822947,0.,-2,-99999,-99999.,-99999.,-99999.,-99999.,-99999.,-99999.
122536,661607,-51.691763,-57.822947,0.,-2,-99999,-99999.,-99999.,-99999.,-99999.,-99999.,-99999.
122536,661618,-51.691752,-57.822972,0.,-2,-99999,-99999.,-99999.,-99999.,-99999.,-99999.,-99999.
122536,661627,-51.691747,-57.82298,0.1,-2,-99999,-99999.,-99999.,-99999.,-99999.,-99999.,-99999.
122536,661637,-51.69175,-57.822967,0.,-2,-99999,-99999.,-99999.,-99999.,-99999.,-99999.,-99999.
122536,661648,-51.691762,-57.822935,0.,-2,-99999,-99999.,-99999.,-99999.,-99999.,-99999.,-99999.
122536,661658,-51.691763,-57.822918,0.,-2,-99999,-99999.,-99999.,-99999.,-99999.,-99999.,-99999.
122536,661666,-51.691723,-57.822977,0.1,-2,-99999,-99999.,-99999.,-99999.,-99999.,-99999.,-99999.
122536,661738,-51.691712,-57.822968,0.1,-2,-99999,-99999.,-99999.,-99999.,-99999.,-99999.,-99999.
122536,661748,-51.691718,-57.82296,0.,-2,-99999,-99999.,-99999.,-99999.,-99999.,-99999.,-99999.
122536,661768,-51.69173,-57.822953,0.,-2,-99999,-99999.,-99999.,-99999.,-99999.,-99999.,-99999.
122536,661808,-51.691747,-57.822955,0.1,-2,-99999,-99999.,-99999.,-99999.,-99999.,-99999.,-99999.
122536,661828,-51.691772,-57.822942,0.1,-2,-99999,-99999.,-99999.,-99999.,-99999.,-99999.,-99999.
122536,661847,-51.691777,-57.82293,0.1,-2,-99999,-99999.,-99999.,-99999.,-99999.,-99999.,-99999.
122536,661868,-51.691783,-57.822912,0.,-2,-99999,-99999.,-99999.,-99999.,-99999.,-99999.,-99999.
122536,661888,-51.691783,-57.822925,0.,-2,-99999,-99999.,-99999.,-99999.,-99999.,-99999.,-99999.
122536,661928,-51.691748,-57.822945,0.,-2,-99999,-99999.,-99999.,-99999.,-99999.,-99999.,-99999.
122536,661948,-51.691765,-57.822907,0.1,-2,-99999,-99999.,-99999.,-99999.,-99999.,-99999.,-99999.
122536,662067,-51.69175,-57.822928,0.1,-2,-99999,-99999.,-99999.,-99999.,-99999.,-99999.,-99999.
122536,662590,-51.691757,-57.82299,0.,-2,-99999,-99999.,-99999.,-99999.,-99999.,-99999.,-99999.
122536,663570,-51.691752,-57.822953,0.,-2,-99999,-99999.,-99999.,-99999.,-99999.,-99999.,-99999.
122536,663849,-51.691732,-57.823,0.,-2,-99999,-99999.,-99999.,-99999.,-99999.,-99999.,-99999.
122536,663989,-51.691727,-57.822967,0.,-2,-99999,-99999.,-99999.,-99999.,-99999.,-99999.,-99999.
122536,664243,91.,181.,-99999,-99999,-99999,-99999,-99999,-99999,-99999,-99999,-99999
122536,665119,-51.691773,-57.823002,0.,-2,-99999,-99999.,-99999.,-99999.,-99999.,-99999.,-99999.
122536,665439,-51.691777,-57.822988,0.,-2,-99999,-99999.,-99999.,-99999.,-99999.,-99999.,-99999.
122536,666390,-51.691755,-57.822952,0.,-2,-99999,-99999.,-99999.,-99999.,-99999.,-99999.,-99999.
122536,666511,-51.691748,-57.822963,0.,-2,-99999,-99999.,-99999.,-99999.,-99999.,-99999.,-99999.
122536,667248,-51.691745,-57.822962,0.,-2,-99999,-99999.,-99999.,-99999.,-99999.,-99999.,-99999.
122536,667258,-51.691745,-57.822968,0.,-2,-99999,-99999.,-99999.,-99999.,-99999.,-99999.,-99999.
122536,667267,-51.691747,-57.822968,0.,-2,-99999,-99999.,-99999.,-99999.,-99999.,-99999.,-99999.
122536,667268,-51.691747,-57.822968,0.,-2,-99999,-99999.,-99999.,-99999.,-99999.,-99999.,-99999.
122536,667278,-51.691748,-57.822968,0.,-2,-99999,-99999.,-99999.,-99999.,-99999.,-99999.,-99999.
122536,667279,-51.691748,-57.822968,0.,-2,-99999,-99999.,-99999.,-99999.,-99999.,-99999.,-99999.
122536,667287,-51.691752,-57.822973,0.,-2,-99999,-99999.,-99999.,-99999.,-99999.,-99999.,-99999.
122536,667297,-51.691748,-57.822987,0.,-2,-99999,-99999.,-99999.,-99999.,-99999.,-99999.,-99999.
122536,667308,-51.691752,-57.822992,0.,-2,-99999,-99999.,-99999.,-99999.,-99999.,-99999.,-99999.
122536,667318,-51.691753,-57.822998,0.1,-2,-99999,-99999.,-99999.,-99999.,-99999.,-99999.,-99999.
122536,667327,-51.691753,-57.823,0.1,-2,-99999,-99999.,-99999.,-99999.,-99999.,-99999.,-99999.
122536,667338,-51.691757,-57.822993,0.,-2,-99999,-99999.,-99999.,-99999.,-99999.,-99999.,-99999.
122536,667347,-51.691763,-57.822985,0.,-2,-99999,-99999.,-99999.,-99999.,-99999.,-99999.,-99999.
122536,667357,-51.69178,-57.822972,0.,-2,-99999,-99999.,-99999.,-99999.,-99999.,-99999.,-99999.
122536,667361,-51.69178,-57.822972,0.,-2,-99999,-99999.,-99999.,-99999.,-99999.,-99999.,-99999.
122536,667368,-51.69179,-57.822968,0.,-2,-99999,-99999.,-99999.,-99999.,-99999.,-99999.,-99999.
122536,667378,-51.691795,-57.82297,0.1,-2,-99999,-99999.,-99999.,-99999.,-99999.,-99999.,-99999.
122536,667387,-51.691803,-57.82297,0.1,-2,-99999,-99999.,-99999.,-99999.,-99999.,-99999.,-99999.
122536,667398,-51.691807,-57.822968,0.,-2,-99999,-99999.,-99999.,-99999.,-99999.,-99999.,-99999.
122536,667407,-51.69181,-57.822965,0.,-2,-99999,-99999.,-99999.,-99999.,-99999.,-99999.,-99999.
122536,667428,-51.691778,-57.822973,0.,-2,-99999,-99999.,-99999.,-99999.,-99999.,-99999.,-99999.
122536,667438,-51.691767,-57.822973,0.,-2,-99999,-99999.,-99999.,-99999.,-99999.,-99999.,-99999.
122536,667467,-51.691765,-57.822972,0.,-2,-99999,-99999.,-99999.,-99999.,-99999.,-99999.,-99999.
122536,667477,-51.691768,-57.82297,0.,-2,-99999,-99999.,-99999.,-99999.,-99999.,-99999.,-99999.
122536,667488,-51.691763,-57.822968,0.1,-2,-99999,-99999.,-99999.,-99999.,-99999.,-99999.,-99999.
122536,667498,-51.691758,-57.822972,0.1,-2,-99999,-99999.,-99999.,-99999.,-99999.,-99999.,-99999.
122536,667507,-51.691757,-57.822975,0.,-2,-99999,-99999.,-99999.,-99999.,-99999.,-99999.,-99999.
122536,667548,-51.691787,-57.822968,0.,-2,-99999,-99999.,-99999.,-99999.,-99999.,-99999.,-99999.
122536,667557,-51.691785,-57.82297,0.1,-2,-99999,-99999.,-99999.,-99999.,-99999.,-99999.,-99999.
122536,667568,-51.691787,-57.822972,0.,-2,-99999,-99999.,-99999.,-99999.,-99999.,-99999.,-99999.
122536,667580,-51.691783,-57.822972,0.,-2,-99999,-99999.,-99999.,-99999.,-99999.,-99999.,-99999.
122536,667587,-51.691775,-57.82297,0.,-2,-99999,-99999.,-99999.,-99999.,-99999.,-99999.,-99999.
122536,667597,-51.691808,-57.82297,0.,-2,-99999,-99999.,-99999.,-99999.,-99999.,-99999.,-99999.
122536,667608,-51.691828,-57.822968,0.,-2,-99999,-99999.,-99999.,-99999.,-99999.,-99999.,-99999.
122536,667647,-51.691797,-57.822958,0.,-2,-99999,-99999.,-99999.,-99999.,-99999.,-99999.,-99999.
122536,667739,-51.691763,-57.822968,0.,-2,-99999,-99999.,-99999.,-99999.,-99999.,-99999.,-99999.
122536,668949,-51.691738,-57.82297,0.,-2,-99999,-99999.,-99999.,-99999.,-99999.,-99999.,-99999.
122536,670218,-51.691782,-57.822927,0.,-2,-99999,-99999.,-99999.,-99999.,-99999.,-99999.,-99999.
122536,671598,-51.691657,-57.823022,0.,-2,-99999,-99999.,-99999.,-99999.,-99999.,-99999.,-99999.
122536,684218,-51.691753,-57.82301,0.1,-2,-99999,-99999.,-99999.,-99999.,-99999.,-99999.,-99999.
122536,684227,-51.69175,-57.823007,0.,-2,-99999,-99999.,-99999.,-99999.,-99999.,-99999.,-99999.
122536,684228,-51.69175,-57.823007,0.,-2,-99999,-99999.,-99999.,-99999.,-99999.,-99999.,-99999.
122536,684238,-51.691742,-57.823008,0.,-2,-99999,-99999.,-99999.,-99999.,-99999.,-99999.,-99999.
122536,684239,-51.691742,-57.823008,0.,-2,-99999,-99999.,-99999.,-99999.,-99999.,-99999.,-99999.
122536,684247,-51.691763,-57.822985,0.1,-2,-99999,-99999.,-99999.,-99999.,-99999.,-99999.,-99999.
122536,684248,-51.691763,-57.822985,0.1,-2,-99999,-99999.,-99999.,-99999.,-99999.,-99999.,-99999.
122536,684258,-51.691735,-57.823008,0.1,-2,-99999,-99999.,-99999.,-99999.,-99999.,-99999.,-99999.
122536,684259,-51.691735,-57.823008,0.1,-2,-99999,-99999.,-99999.,-99999.,-99999.,-99999.,-99999.
122536,684267,-51.691718,-57.823023,0.,-2,-99999,-99999.,-99999.,-99999.,-99999.,-99999.,-99999.
122536,684268,-51.691718,-57.823023,0.,-2,-99999,-99999.,-99999.,-99999.,-99999.,-99999.,-99999.
122536,684278,-51.69172,-57.82302,0.,-2,-99999,-99999.,-99999.,-99999.,-99999.,-99999.,-99999.
122536,684287,-51.691728,-57.823008,0.,-2,-99999,-99999.,-99999.,-99999.,-99999.,-99999.,-99999.
122536,684288,-51.691728,-57.823008,0.,-2,-99999,-99999.,-99999.,-99999.,-99999.,-99999.,-99999.
122536,684307,-51.691735,-57.823003,0.,-2,-99999,-99999.,-99999.,-99999.,-99999.,-99999.,-99999.
122536,684308,-51.691735,-57.823003,0.,-2,-99999,-99999.,-99999.,-99999.,-99999.,-99999.,-99999.
122536,684319,-51.69174,-57.823,0.,-2,-99999,-99999.,-99999.,-99999.,-99999.,-99999.,-99999.
122536,684327,-51.691752,-57.822995,0.,-2,-99999,-99999.,-99999.,-99999.,-99999.,-99999.,-99999.
122536,684338,-51.691755,-57.822995,0.,-2,-99999,-99999.,-99999.,-99999.,-99999.,-99999.,-99999.
122536,684339,-51.691755,-57.822995,0.,-2,-99999,-99999.,-99999.,-99999.,-99999.,-99999.,-99999.
122536,684347,-51.691752,-57.822998,0.,-2,-99999,-99999.,-99999.,-99999.,-99999.,-99999.,-99999.
122536,684348,-51.691752,-57.822998,0.,-2,-99999,-99999.,-99999.,-99999.,-99999.,-99999.,-99999.
122536,684358,-51.691753,-57.823002,0.,-2,-99999,-99999.,-99999.,-99999.,-99999.,-99999.,-99999.
122536,684359,-51.691753,-57.823002,0.,-2,-99999,-99999.,-99999.,-99999.,-99999.,-99999.,-99999.
122536,684367,-51.691763,-57.823023,0.,-2,-99999,-99999.,-99999.,-99999.,-99999.,-99999.,-99999.
122536,684368,-51.691763,-57.823023,0.,-2,-99999,-99999.,-99999.,-99999.,-99999.,-99999.,-99999.
122536,684377,-51.691772,-57.823035,0.,-2,-99999,-99999.,-99999.,-99999.,-99999.,-99999.,-99999.
122536,684378,-51.691772,-57.823035,0.,-2,-99999,-99999.,-99999.,-99999.,-99999.,-99999.,-99999.
122536,684387,-51.691772,-57.823033,0.,-2,-99999,-99999.,-99999.,-99999.,-99999.,-99999.,-99999.
122536,684398,-51.691775,-57.823018,0.1,-2,-99999,-99999.,-99999.,-99999.,-99999.,-99999.,-99999.
122536,684399,-51.691775,-57.823018,0.1,-2,-99999,-99999.,-99999.,-99999.,-99999.,-99999.,-99999.
122536,684407,-51.691777,-57.823002,0.,-2,-99999,-99999.,-99999.,-99999.,-99999.,-99999.,-99999.
122536,684408,-51.691777,-57.823002,0.,-2,-99999,-99999.,-99999.,-99999.,-99999.,-99999.,-99999.
122536,684418,-51.691775,-57.822988,0.,-2,-99999,-99999.,-99999.,-99999.,-99999.,-99999.,-99999.
122536,684419,-51.691775,-57.822988,0.,-2,-99999,-99999.,-99999.,-99999.,-99999.,-99999.,-99999.
122536,684427,-51.691778,-57.822978,0.1,-2,-99999,-99999.,-99999.,-99999.,-99999.,-99999.,-99999.
122536,684428,-51.691778,-57.822978,0.1,-2,-99999,-99999.,-99999.,-99999.,-99999.,-99999.,-99999.
122536,684437,-51.691777,-57.822977,0.,-2,-99999,-99999.,-99999.,-99999.,-99999.,-99999.,-99999.
122536,684438,-51.691777,-57.822977,0.,-2,-99999,-99999.,-99999.,-99999.,-99999.,-99999.,-99999.
122536,684457,-51.691765,-57.822997,0.,-2,-99999,-99999.,-99999.,-99999.,-99999.,-99999.,-99999.
122536,684458,-51.691765,-57.822997,0.,-2,-99999,-99999.,-99999.,-99999.,-99999.,-99999.,-99999.
122536,684468,-51.691762,-57.822998,0.,-2,-99999,-99999.,-99999.,-99999.,-99999.,-99999.,-99999.
122536,684488,-51.691762,-57.822982,0.,-2,-99999,-99999.,-99999.,-99999.,-99999.,-99999.,-99999.
122536,684507,-51.691772,-57.82296,0.,-2,-99999,-99999.,-99999.,-99999.,-99999.,-99999.,-99999.
122536,684508,-51.691772,-57.82296,0.,-2,-99999,-99999.,-99999.,-99999.,-99999.,-99999.,-99999.
122536,684529,-51.691763,-57.822972,0.,-2,-99999,-99999.,-99999.,-99999.,-99999.,-99999.,-99999.
122536,689797,-51.691745,-57.822985,0.,-2,-99999,-99999.,-99999.,-99999.,-99999.,-99999.,-99999.
122536,689848,-51.691727,-57.822998,0.,-2,-99999,-99999.,-99999.,-99999.,-99999.,-99999.,-99999.
122536,689849,-51.691727,-57.822998,0.,-2,-99999,-99999.,-99999.,-99999.,-99999.,-99999.,-99999.
122536,689898,-51.691737,-57.823012,0.,-2,-99999,-99999.,-99999.,-99999.,-99999.,-99999.,-99999.
122536,689908,-51.69174,-57.82302,0.,-2,-99999,-99999.,-99999.,-99999.,-99999.,-99999.,-99999.
122536,689909,-51.69174,-57.82302,0.,-2,-99999,-99999.,-99999.,-99999.,-99999.,-99999.,-99999.
122536,689918,-51.69174,-57.823027,0.,-2,-99999,-99999.,-99999.,-99999.,-99999.,-99999.,-99999.
122536,689988,-51.691732,-57.82302,0.,-2,-99999,-99999.,-99999.,-99999.,-99999.,-99999.,-99999.
122536,689998,-51.691733,-57.823012,0.,-2,-99999,-99999.,-99999.,-99999.,-99999.,-99999.,-99999.
122536,689999,-51.691733,-57.823012,0.,-2,-99999,-99999.,-99999.,-99999.,-99999.,-99999.,-99999.
122536,690017,-51.691742,-57.823007,0.,-2,-99999,-99999.,-99999.,-99999.,-99999.,-99999.,-99999.
122536,690047,-51.691743,-57.823,0.,-2,-99999,-99999.,-99999.,-99999.,-99999.,-99999.,-99999.
122536,690048,-51.691743,-57.823,0.,-2,-99999,-99999.,-99999.,-99999.,-99999.,-99999.,-99999.
122536,690058,-51.691743,-57.822993,0.,-2,-99999,-99999.,-99999.,-99999.,-99999.,-99999.,-99999.
122536,690059,-51.691743,-57.822993,0.,-2,-99999,-99999.,-99999.,-99999.,-99999.,-99999.,-99999.
122536,690077,-51.69175,-57.822993,0.,-2,-99999,-99999.,-99999.,-99999.,-99999.,-99999.,-99999.
122536,690078,-51.69175,-57.822993,0.,-2,-99999,-99999.,-99999.,-99999.,-99999.,-99999.,-99999.
122536,690088,-51.691752,-57.822998,0.,-2,-99999,-99999.,-99999.,-99999.,-99999.,-99999.,-99999.
122536,690089,-51.691752,-57.822998,0.,-2,-99999,-99999.,-99999.,-99999.,-99999.,-99999.,-99999.
122536,690108,-51.691743,-57.822993,0.,-2,-99999,-99999.,-99999.,-99999.,-99999.,-99999.,-99999.
122536,690119,-51.691733,-57.822982,0.,-2,-99999,-99999.,-99999.,-99999.,-99999.,-99999.,-99999.
122536,690130,-51.691728,-57.82297,0.,-2,-99999,-99999.,-99999.,-99999.,-99999.,-99999.,-99999.
122536,690138,-51.69173,-57.822967,0.,-2,-99999,-99999.,-99999.,-99999.,-99999.,-99999.,-99999.
122536,690148,-51.691737,-57.82296,0.,-2,-99999,-99999.,-99999.,-99999.,-99999.,-99999.,-99999.
122536,690168,-51.691742,-57.822942,0.,-2,-99999,-99999.,-99999.,-99999.,-99999.,-99999.,-99999.
122536,690179,-51.69174,-57.822938,0.,-2,-99999,-99999.,-99999.,-99999.,-99999.,-99999.,-99999.
122536,690189,-51.69174,-57.82294,0.,-2,-99999,-99999.,-99999.,-99999.,-99999.,-99999.,-99999.
122536,690190,-51.69174,-57.82294,0.,-2,-99999,-99999.,-99999.,-99999.,-99999.,-99999.,-99999.
122536,690198,-51.691742,-57.822943,0.,-2,-99999,-99999.,-99999.,-99999.,-99999.,-99999.,-99999.
122536,690208,-51.691742,-57.822945,0.,-2,-99999,-99999.,-99999.,-99999.,-99999.,-99999.,-99999.
122536,690209,-51.691742,-57.822945,0.,-2,-99999,-99999.,-99999.,-99999.,-99999.,-99999.,-99999.
122536,690228,-51.691738,-57.82295,0.,-2,-99999,-99999.,-99999.,-99999.,-99999.,-99999.,-99999.
122536,690238,-51.691742,-57.822953,0.,-2,-99999,-99999.,-99999.,-99999.,-99999.,-99999.,-99999.
122536,690249,-51.691745,-57.822955,0.,-2,-99999,-99999.,-99999.,-99999.,-99999.,-99999.,-99999.
122536,690250,-51.691745,-57.822955,0.,-2,-99999,-99999.,-99999.,-99999.,-99999.,-99999.,-99999.
122536,690258,-51.691745,-57.822957,0.,-2,-99999,-99999.,-99999.,-99999.,-99999.,-99999.,-99999.
122536,690268,-51.691742,-57.822958,0.,-2,-99999,-99999.,-99999.,-99999.,-99999.,-99999.,-99999.
122536,690288,-51.691733,-57.82296,0.,-2,-99999,-99999.,-99999.,-99999.,-99999.,-99999.,-99999.
122536,690298,-51.691737,-57.822955,0.,-2,-99999,-99999.,-99999.,-99999.,-99999.,-99999.,-99999.
122536,690309,-51.691743,-57.822957,0.,-2,-99999,-99999.,-99999.,-99999.,-99999.,-99999.,-99999.
122536,690310,-51.691743,-57.822957,0.,-2,-99999,-99999.,-99999.,-99999.,-99999.,-99999.,-99999.
122536,690318,-51.691748,-57.822957,0.,-2,-99999,-99999.,-99999.,-99999.,-99999.,-99999.,-99999.
122536,690328,-51.691753,-57.822958,0.,-2,-99999,-99999.,-99999.,-99999.,-99999.,-99999.,-99999.
122536,690369,-51.69177,-57.822977,0.,-2,-99999,-99999.,-99999.,-99999.,-99999.,-99999.,-99999.
122536,690378,-51.691768,-57.822977,0.,-2,-99999,-99999.,-99999.,-99999.,-99999.,-99999.,-99999.
122536,690388,-51.691763,-57.822978,0.,-2,-99999,-99999.,-99999.,-99999.,-99999.,-99999.,-99999.
122536,690408,-51.691767,-57.822978,0.,-2,-99999,-99999.,-99999.,-99999.,-99999.,-99999.,-99999.
122536,690418,-51.69176,-57.822973,0.,-2,-99999,-99999.,-99999.,-99999.,-99999.,-99999.,-99999.
122536,690438,-51.69174,-57.822985,0.,-2,-99999,-99999.,-99999.,-99999.,-99999.,-99999.,-99999.
122536,690448,-51.691747,-57.822983,0.,-2,-99999,-99999.,-99999.,-99999.,-99999.,-99999.,-99999.
122536,690459,-51.691755,-57.82298,0.,-2,-99999,-99999.,-99999.,-99999.,-99999.,-99999.,-99999.
122536,690468,-51.69176,-57.82298,0.,-2,-99999,-99999.,-99999.,-99999.,-99999.,-99999.,-99999.
122536,695717,-51.691765,-57.823007,0.,-2,-99999,-99999.,-99999.,-99999.,-99999.,-99999.,-99999.
122536,695718,-51.691765,-57.823007,0.,-2,-99999,-99999.,-99999.,-99999.,-99999.,-99999.,-99999.
122536,695856,-51.691733,-57.823013,0.,-2,-99999,-99999.,-99999.,-99999.,-99999.,-99999.,-99999.
122536,695968,-51.69175,-57.823005,0.,-2,-99999,-99999.,-99999.,-99999.,-99999.,-99999.,-99999.
122536,696077,-51.69176,-57.822985,0.,-2,-99999,-99999.,-99999.,-99999.,-99999.,-99999.,-99999.
122536,696097,-51.69176,-57.822987,0.,-2,-99999,-99999.,-99999.,-99999.,-99999.,-99999.,-99999.
122536,696107,-51.691772,-57.822988,0.,-2,-99999,-99999.,-99999.,-99999.,-99999.,-99999.,-99999.
122536,696108,-51.691772,-57.822988,0.,-2,-99999,-99999.,-99999.,-99999.,-99999.,-99999.,-99999.
122536,696137,-51.691805,-57.82299,0.,-2,-99999,-99999.,-99999.,-99999.,-99999.,-99999.,-99999.
122536,696147,-51.6918,-57.822993,0.,-2,-99999,-99999.,-99999.,-99999.,-99999.,-99999.,-99999.
122536,696157,-51.691797,-57.822995,0.,-2,-99999,-99999.,-99999.,-99999.,-99999.,-99999.,-99999.
122536,696168,-51.691795,-57.822992,0.,-2,-99999,-99999.,-99999.,-99999.,-99999.,-99999.,-99999.
122536,696188,-51.691807,-57.82299,0.,-2,-99999,-99999.,-99999.,-99999.,-99999.,-99999.,-99999.
122536,696197,-51.691812,-57.822993,0.,-2,-99999,-99999.,-99999.,-99999.,-99999.,-99999.,-99999.
122536,696207,-51.691803,-57.822983,0.,-2,-99999,-99999.,-99999.,-99999.,-99999.,-99999.,-99999.
122536,696248,-51.691743,-57.823002,0.,-2,-99999,-99999.,-99999.,-99999.,-99999.,-99999.,-99999.
122536,696268,-51.69175,-57.82309,0.,-2,-99999,-99999.,-99999.,-99999.,-99999.,-99999.,-99999.
122536,696297,-51.691685,-57.823117,0.,-2,-99999,-99999.,-99999.,-99999.,-99999.,-99999.,-99999.
122536,701667,-51.691758,-57.823005,0.,-2,-99999,-99999.,-99999.,-99999.,-99999.,-99999.,-99999.
122536,701686,-51.691755,-57.822998,0.,-2,-99999,-99999.,-99999.,-99999.,-99999.,-99999.,-99999.
122536,701687,-51.691755,-57.822998,0.,-2,-99999,-99999.,-99999.,-99999.,-99999.,-99999.,-99999.
122536,701727,-51.691748,-57.82299,0.,-2,-99999,-99999.,-99999.,-99999.,-99999.,-99999.,-99999.
122536,701746,-51.691725,-57.823005,0.,-2,-99999,-99999.,-99999.,-99999.,-99999.,-99999.,-99999.
122536,701766,-51.691733,-57.822985,0.,-2,-99999,-99999.,-99999.,-99999.,-99999.,-99999.,-99999.
122536,701777,-51.691733,-57.822982,0.,-2,-99999,-99999.,-99999.,-99999.,-99999.,-99999.,-99999.
122536,701787,-51.691738,-57.822978,0.,-2,-99999,-99999.,-99999.,-99999.,-99999.,-99999.,-99999.
122536,701817,-51.691742,-57.822978,0.,-2,-99999,-99999.,-99999.,-99999.,-99999.,-99999.,-99999.
122536,701828,-51.69174,-57.822973,0.,-2,-99999,-99999.,-99999.,-99999.,-99999.,-99999.,-99999.
122536,701837,-51.69174,-57.82297,0.,-2,-99999,-99999.,-99999.,-99999.,-99999.,-99999.,-99999.
122536,701838,-51.69174,-57.82297,0.,-2,-99999,-99999.,-99999.,-99999.,-99999.,-99999.,-99999.
122536,701847,-51.691738,-57.82297,0.,-2,-99999,-99999.,-99999.,-99999.,-99999.,-99999.,-99999.
122536,701856,-51.691735,-57.822972,0.1,-2,-99999,-99999.,-99999.,-99999.,-99999.,-99999.,-99999.
122536,701857,-51.691735,-57.822972,0.1,-2,-99999,-99999.,-99999.,-99999.,-99999.,-99999.,-99999.
122536,701916,-51.691748,-57.822963,0.,-2,-99999,-99999.,-99999.,-99999.,-99999.,-99999.,-99999.
122536,701917,-51.691748,-57.822963,0.,-2,-99999,-99999.,-99999.,-99999.,-99999.,-99999.,-99999.
122536,701925,-51.691758,-57.822962,0.,-2,-99999,-99999.,-99999.,-99999.,-99999.,-99999.,-99999.
122536,701936,-51.691758,-57.822952,0.,-2,-99999,-99999.,-99999.,-99999.,-99999.,-99999.,-99999.
122536,701947,-51.691762,-57.822955,0.,-2,-99999,-99999.,-99999.,-99999.,-99999.,-99999.,-99999.
122536,701958,-51.691762,-57.822953,0.,-2,-99999,-99999.,-99999.,-99999.,-99999.,-99999.,-99999.
122536,701976,-51.691762,-57.822955,0.,-2,-99999,-99999.,-99999.,-99999.,-99999.,-99999.,-99999.
122536,701977,-51.691762,-57.822955,0.,-2,-99999,-99999.,-99999.,-99999.,-99999.,-99999.,-99999.
122536,701996,-51.691775,-57.822978,0.,-2,-99999,-99999.,-99999.,-99999.,-99999.,-99999.,-99999.
122536,702007,-51.691775,-57.822973,0.,-2,-99999,-99999.,-99999.,-99999.,-99999.,-99999.,-99999.
122536,702008,-51.691775,-57.822973,0.,-2,-99999,-99999.,-99999.,-99999.,-99999.,-99999.,-99999.
122536,702017,-51.691773,-57.822967,0.,-2,-99999,-99999.,-99999.,-99999.,-99999.,-99999.,-99999.
122536,702018,-51.691773,-57.822967,0.,-2,-99999,-99999.,-99999.,-99999.,-99999.,-99999.,-99999.
122536,702027,-51.691775,-57.822967,0.,-2,-99999,-99999.,-99999.,-99999.,-99999.,-99999.,-99999.
122536,702028,-51.691775,-57.822967,0.,-2,-99999,-99999.,-99999.,-99999.,-99999.,-99999.,-99999.
122536,702037,-51.691772,-57.822965,0.,-2,-99999,-99999.,-99999.,-99999.,-99999.,-99999.,-99999.
122536,702046,-51.691767,-57.822967,0.,-2,-99999,-99999.,-99999.,-99999.,-99999.,-99999.,-99999.
122536,702096,-51.69177,-57.822977,0.,-2,-99999,-99999.,-99999.,-99999.,-99999.,-99999.,-99999.
122536,702097,-51.69177,-57.822977,0.,-2,-99999,-99999.,-99999.,-99999.,-99999.,-99999.,-99999.
122536,702106,-51.691762,-57.822972,0.,-2,-99999,-99999.,-99999.,-99999.,-99999.,-99999.,-99999.
122536,702107,-51.691762,-57.822972,0.,-2,-99999,-99999.,-99999.,-99999.,-99999.,-99999.,-99999.
122536,702116,-51.691755,-57.82297,0.,-2,-99999,-99999.,-99999.,-99999.,-99999.,-99999.,-99999.
122536,702117,-51.691755,-57.82297,0.,-2,-99999,-99999.,-99999.,-99999.,-99999.,-99999.,-99999.
122536,702137,-51.691755,-57.822968,0.1,-2,-99999,-99999.,-99999.,-99999.,-99999.,-99999.,-99999.
122536,703501,-51.691797,-57.822957,0.1,-2,-99999,-99999.,-99999.,-99999.,-99999.,-99999.,-99999.
122536,708981,-51.691747,-57.822963,0.,-2,-99999,-99999.,-99999.,-99999.,-99999.,-99999.,-99999.
122536,714561,-51.691742,-57.822957,0.,-2,-99999,-99999.,-99999.,-99999.,-99999.,-99999.,-99999.
122536,721319,-51.691735,-57.822928,0.,-2,-99999,-99999.,-99999.,-99999.,-99999.,-99999.,-99999.
122536,722590,-51.691748,-57.822937,0.,-2,-99999,-99999.,-99999.,-99999.,-99999.,-99999.,-99999.
122536,723769,-51.691722,-57.822982,0.,-2,-99999,-99999.,-99999.,-99999.,-99999.,-99999.,-99999.
122536,725411,-51.691723,-57.822973,0.,-2,-99999,-99999.,-99999.,-99999.,-99999.,-99999.,-99999.
122536,726269,-51.691725,-57.823,0.,-2,-99999,-99999.,-99999.,-99999.,-99999.,-99999.,-99999.
122536,727468,-51.691745,-57.822993,0.,-2,-99999,-99999.,-99999.,-99999.,-99999.,-99999.,-99999.
122536,728530,-51.691762,-57.823003,0.,-2,-99999,-99999.,-99999.,-99999.,-99999.,-99999.,-99999.
122536,729609,-51.691767,-57.822998,0.,-2,-99999,-99999.,-99999.,-99999.,-99999.,-99999.,-99999.
122536,730330,-51.691733,-57.82296,0.1,-2,-99999,-99999.,-99999.,-99999.,-99999.,-99999.,-99999.
122536,730869,-51.691715,-57.822967,0.1,-2,-99999,-99999.,-99999.,-99999.,-99999.,-99999.,-99999.
122536,731489,-51.689728,-57.825183,4.4,-2,-99999,-99999.,-99999.,-99999.,-99999.,-99999.,-99999.
122536,732126,-51.676767,-57.831572,4.,-1,-99999,-99999.,-99999.,-99999.,-99999.,-99999.,-99999.
122536,733550,-51.674395,-57.837115,0.1,-1,-99999,-99999.,-99999.,-99999.,-99999.,-99999.,-99999.
122536,734109,-51.674268,-57.837163,0.,-1,-99999,-99999.,-99999.,-99999.,-99999.,-99999.,-99999.
122536,734540,-51.674302,-57.837145,0.1,-1,-99999,-99999.,-99999.,-99999.,-99999.,-99999.,-99999.
122536,734600,-51.674305,-57.837142,0.,-1,-99999,-99999.,-99999.,-99999.,-99999.,-99999.,-99999.
122536,736100,-51.674357,-57.83715,0.1,-1,-99999,-99999.,-99999.,-99999.,-99999.,-99999.,-99999.
122536,737019,-51.674323,-57.837152,0.1,-1,-99999,-99999.,-99999.,-99999.,-99999.,-99999.,-99999.
122536,737639,-51.674348,-57.837125,0.1,-1,-99999,-99999.,-99999.,-99999.,-99999.,-99999.,-99999.
122536,738067,-51.674273,-57.83719,0.1,-1,-99999,-99999.,-99999.,-99999.,-99999.,-99999.,-99999.
122536,738068,-51.674273,-57.83719,0.1,-1,-99999,-99999.,-99999.,-99999.,-99999.,-99999.,-99999.
122536,738078,-51.674273,-57.83719,0.1,-1,-99999,-99999.,-99999.,-99999.,-99999.,-99999.,-99999.
122536,738088,-51.67427,-57.837187,0.,-1,-99999,-99999.,-99999.,-99999.,-99999.,-99999.,-99999.
122536,738089,-51.67427,-57.837187,0.,-1,-99999,-99999.,-99999.,-99999.,-99999.,-99999.,-99999.
122536,738097,-51.674267,-57.837172,0.,-1,-99999,-99999.,-99999.,-99999.,-99999.,-99999.,-99999.
122536,738098,-51.674267,-57.837172,0.,-1,-99999,-99999.,-99999.,-99999.,-99999.,-99999.,-99999.
122536,738108,-51.674265,-57.837168,0.,-1,-99999,-99999.,-99999.,-99999.,-99999.,-99999.,-99999.
122536,738118,-51.674272,-57.837173,0.,-1,-99999,-99999.,-99999.,-99999.,-99999.,-99999.,-99999.
122536,738129,-51.674273,-57.837168,0.,-1,-99999,-99999.,-99999.,-99999.,-99999.,-99999.,-99999.
122536,738138,-51.674268,-57.83716,0.,-1,-99999,-99999.,-99999.,-99999.,-99999.,-99999.,-99999.
122536,738148,-51.674268,-57.837157,0.,-1,-99999,-99999.,-99999.,-99999.,-99999.,-99999.,-99999.
122536,738157,-51.67427,-57.837152,0.1,-1,-99999,-99999.,-99999.,-99999.,-99999.,-99999.,-99999.
122536,738158,-51.67427,-57.837152,0.1,-1,-99999,-99999.,-99999.,-99999.,-99999.,-99999.,-99999.
122536,738168,-51.674267,-57.837143,0.,-1,-99999,-99999.,-99999.,-99999.,-99999.,-99999.,-99999.
122536,738177,-51.674262,-57.837128,0.1,-1,-99999,-99999.,-99999.,-99999.,-99999.,-99999.,-99999.
122536,738178,-51.674262,-57.837128,0.1,-1,-99999,-99999.,-99999.,-99999.,-99999.,-99999.,-99999.
122536,738189,-51.67427,-57.83713,0.1,-1,-99999,-99999.,-99999.,-99999.,-99999.,-99999.,-99999.
122536,738190,-51.67427,-57.83713,0.1,-1,-99999,-99999.,-99999.,-99999.,-99999.,-99999.,-99999.
122536,738198,-51.674272,-57.837135,0.,-1,-99999,-99999.,-99999.,-99999.,-99999.,-99999.,-99999.
122536,738208,-51.674272,-57.83714,0.1,-1,-99999,-99999.,-99999.,-99999.,-99999.,-99999.,-99999.
122536,738209,-51.674272,-57.83714,0.1,-1,-99999,-99999.,-99999.,-99999.,-99999.,-99999.,-99999.
122536,738217,-51.67427,-57.837147,0.1,-1,-99999,-99999.,-99999.,-99999.,-99999.,-99999.,-99999.
122536,738218,-51.67427,-57.837147,0.1,-1,-99999,-99999.,-99999.,-99999.,-99999.,-99999.,-99999.
122536,738228,-51.67427,-57.837152,0.,-1,-99999,-99999.,-99999.,-99999.,-99999.,-99999.,-99999.
122536,738229,-51.67427,-57.837152,0.,-1,-99999,-99999.,-99999.,-99999.,-99999.,-99999.,-99999.
122536,738237,-51.674268,-57.83715,0.1,-1,-99999,-99999.,-99999.,-99999.,-99999.,-99999.,-99999.
122536,738238,-51.674268,-57.83715,0.1,-1,-99999,-99999.,-99999.,-99999.,-99999.,-99999.,-99999.
122536,738249,-51.674275,-57.837147,0.,-1,-99999,-99999.,-99999.,-99999.,-99999.,-99999.,-99999.
122536,738250,-51.674275,-57.837147,0.,-1,-99999,-99999.,-99999.,-99999.,-99999.,-99999.,-99999.
122536,738258,-51.674288,-57.837143,0.,-1,-99999,-99999.,-99999.,-99999.,-99999.,-99999.,-99999.
122536,738267,-51.6743,-57.83714,0.,-1,-99999,-99999.,-99999.,-99999.,-99999.,-99999.,-99999.
122536,738268,-51.6743,-57.83714,0.,-1,-99999,-99999.,-99999.,-99999.,-99999.,-99999.,-99999.
122536,738277,-51.674307,-57.837143,0.,-1,-99999,-99999.,-99999.,-99999.,-99999.,-99999.,-99999.
122536,738278,-51.674307,-57.837143,0.,-1,-99999,-99999.,-99999.,-99999.,-99999.,-99999.,-99999.
122536,738288,-51.674308,-57.83714,0.,-1,-99999,-99999.,-99999.,-99999.,-99999.,-99999.,-99999.
122536,738289,-51.674308,-57.83714,0.,-1,-99999,-99999.,-99999.,-99999.,-99999.,-99999.,-99999.
122536,738297,-51.67431,-57.837138,0.1,-1,-99999,-99999.,-99999.,-99999.,-99999.,-99999.,-99999.
122536,738309,-51.674317,-57.837145,0.1,-1,-99999,-99999.,-99999.,-99999.,-99999.,-99999.,-99999.
122536,738318,-51.674318,-57.837155,0.1,-1,-99999,-99999.,-99999.,-99999.,-99999.,-99999.,-99999.
122536,738319,-51.674318,-57.837155,0.1,-1,-99999,-99999.,-99999.,-99999.,-99999.,-99999.,-99999.
122536,738327,-51.674317,-57.837158,0.1,-1,-99999,-99999.,-99999.,-99999.,-99999.,-99999.,-99999.
122536,738328,-51.674317,-57.837158,0.1,-1,-99999,-99999.,-99999.,-99999.,-99999.,-99999.,-99999.
122536,738339,-51.67431,-57.837152,0.1,-1,-99999,-99999.,-99999.,-99999.,-99999.,-99999.,-99999.
122536,738357,-51.674295,-57.837138,0.,-1,-99999,-99999.,-99999.,-99999.,-99999.,-99999.,-99999.
122536,738358,-51.674295,-57.837138,0.,-1,-99999,-99999.,-99999.,-99999.,-99999.,-99999.,-99999.
122536,738370,-51.674288,-57.837133,0.1,-1,-99999,-99999.,-99999.,-99999.,-99999.,-99999.,-99999.
122536,738379,-51.674282,-57.837128,0.,-1,-99999,-99999.,-99999.,-99999.,-99999.,-99999.,-99999.
122536,738388,-51.674282,-57.837145,0.1,-1,-99999,-99999.,-99999.,-99999.,-99999.,-99999.,-99999.
122536,738398,-51.674283,-57.83715,0.,-1,-99999,-99999.,-99999.,-99999.,-99999.,-99999.,-99999.
122536,738399,-51.674283,-57.83715,0.,-1,-99999,-99999.,-99999.,-99999.,-99999.,-99999.,-99999.
122536,738409,-51.674288,-57.837148,0.,-1,-99999,-99999.,-99999.,-99999.,-99999.,-99999.,-99999.
122536,738417,-51.674292,-57.837145,0.,-1,-99999,-99999.,-99999.,-99999.,-99999.,-99999.,-99999.
122536,738418,-51.674292,-57.837145,0.,-1,-99999,-99999.,-99999.,-99999.,-99999.,-99999.,-99999.
122536,738429,-51.6743,-57.837142,0.,-1,-99999,-99999.,-99999.,-99999.,-99999.,-99999.,-99999.
122536,738438,-51.674302,-57.837137,0.1,-1,-99999,-99999.,-99999.,-99999.,-99999.,-99999.,-99999.
122536,738439,-51.674302,-57.837137,0.1,-1,-99999,-99999.,-99999.,-99999.,-99999.,-99999.,-99999.
122536,738489,-51.674313,-57.837142,0.1,-1,-99999,-99999.,-99999.,-99999.,-99999.,-99999.,-99999.
122536,738490,-51.674313,-57.837142,0.1,-1,-99999,-99999.,-99999.,-99999.,-99999.,-99999.,-99999.
122536,738499,-51.674327,-57.837148,0.1,-1,-99999,-99999.,-99999.,-99999.,-99999.,-99999.,-99999.
122536,738508,-51.674335,-57.837153,0.,-1,-99999,-99999.,-99999.,-99999.,-99999.,-99999.,-99999.
122536,738519,-51.674328,-57.837155,0.1,-1,-99999,-99999.,-99999.,-99999.,-99999.,-99999.,-99999.
122536,738537,-51.67432,-57.837155,0.,-1,-99999,-99999.,-99999.,-99999.,-99999.,-99999.,-99999.
122536,738538,-51.67432,-57.837155,0.,-1,-99999,-99999.,-99999.,-99999.,-99999.,-99999.,-99999.
122536,739040,-51.674267,-57.837143,0.1,-1,-99999,-99999.,-99999.,-99999.,-99999.,-99999.,-99999.
122536,740719,-51.67425,-57.837187,0.,-1,-99999,-99999.,-99999.,-99999.,-99999.,-99999.,-99999.
122536,741330,-51.674245,-57.8372,0.,-1,-99999,-99999.,-99999.,-99999.,-99999.,-99999.,-99999.
122536,741978,-51.67429,-57.83718,0.,-1,-99999,-99999.,-99999.,-99999.,-99999.,-99999.,-99999.
122536,742758,-51.674213,-57.83716,0.1,-1,-99999,-99999.,-99999.,-99999.,-99999.,-99999.,-99999.
122536,743220,-51.674222,-57.837137,0.,-1,-99999,-99999.,-99999.,-99999.,-99999.,-99999.,-99999.
122536,743248,-51.674217,-57.837153,0.,-1,-99999,-99999.,-99999.,-99999.,-99999.,-99999.,-99999.
122536,743877,-51.674242,-57.837142,0.,-1,-99999,-99999.,-99999.,-99999.,-99999.,-99999.,-99999.
122536,743878,-51.674242,-57.837142,0.,-1,-99999,-99999.,-99999.,-99999.,-99999.,-99999.,-99999.
122536,743886,-51.674238,-57.837142,0.,-1,-99999,-99999.,-99999.,-99999.,-99999.,-99999.,-99999.
122536,743887,-51.674238,-57.837142,0.,-1,-99999,-99999.,-99999.,-99999.,-99999.,-99999.,-99999.
122536,743897,-51.674233,-57.837142,0.1,-1,-99999,-99999.,-99999.,-99999.,-99999.,-99999.,-99999.
122536,743898,-51.674233,-57.837142,0.1,-1,-99999,-99999.,-99999.,-99999.,-99999.,-99999.,-99999.
122536,743906,-51.674233,-57.837147,0.1,-1,-99999,-99999.,-99999.,-99999.,-99999.,-99999.,-99999.
122536,743907,-51.674233,-57.837147,0.1,-1,-99999,-99999.,-99999.,-99999.,-99999.,-99999.,-99999.
122536,743927,-51.67423,-57.837168,0.1,-1,-99999,-99999.,-99999.,-99999.,-99999.,-99999.,-99999.
122536,743928,-51.67423,-57.837168,0.1,-1,-99999,-99999.,-99999.,-99999.,-99999.,-99999.,-99999.
122536,743937,-51.674243,-57.837162,0.,-1,-99999,-99999.,-99999.,-99999.,-99999.,-99999.,-99999.
122536,743938,-51.674243,-57.837162,0.,-1,-99999,-99999.,-99999.,-99999.,-99999.,-99999.,-99999.
122536,743946,-51.67425,-57.837163,0.,-1,-99999,-99999.,-99999.,-99999.,-99999.,-99999.,-99999.
122536,743957,-51.67426,-57.837158,0.,-1,-99999,-99999.,-99999.,-99999.,-99999.,-99999.,-99999.
122536,743959,-51.67426,-57.837158,0.,-1,-99999,-99999.,-99999.,-99999.,-99999.,-99999.,-99999.
122536,743966,-51.674283,-57.837145,0.,-1,-99999,-99999.,-99999.,-99999.,-99999.,-99999.,-99999.
122536,743967,-51.674283,-57.837145,0.,-1,-99999,-99999.,-99999.,-99999.,-99999.,-99999.,-99999.
122536,743976,-51.674295,-57.837137,0.,-1,-99999,-99999.,-99999.,-99999.,-99999.,-99999.,-99999.
122536,743977,-51.674295,-57.837137,0.,-1,-99999,-99999.,-99999.,-99999.,-99999.,-99999.,-99999.
122536,743987,-51.674303,-57.837138,0.1,-1,-99999,-99999.,-99999.,-99999.,-99999.,-99999.,-99999.
122536,743988,-51.674303,-57.837138,0.1,-1,-99999,-99999.,-99999.,-99999.,-99999.,-99999.,-99999.
122536,743999,-51.674297,-57.837147,0.,-1,-99999,-99999.,-99999.,-99999.,-99999.,-99999.,-99999.
122536,744006,-51.674292,-57.837153,0.,-1,-99999,-99999.,-99999.,-99999.,-99999.,-99999.,-99999.
122536,744007,-51.674292,-57.837153,0.,-1,-99999,-99999.,-99999.,-99999.,-99999.,-99999.,-99999.
122536,744026,-51.674283,-57.83717,0.,-1,-99999,-99999.,-99999.,-99999.,-99999.,-99999.,-99999.
122536,744027,-51.674283,-57.83717,0.,-1,-99999,-99999.,-99999.,-99999.,-99999.,-99999.,-99999.
122536,744037,-51.674278,-57.837172,0.1,-1,-99999,-99999.,-99999.,-99999.,-99999.,-99999.,-99999.
122536,744047,-51.67426,-57.837158,0.,-1,-99999,-99999.,-99999.,-99999.,-99999.,-99999.,-99999.
122536,744058,-51.674258,-57.837155,0.,-1,-99999,-99999.,-99999.,-99999.,-99999.,-99999.,-99999.
122536,744059,-51.674258,-57.837155,0.,-1,-99999,-99999.,-99999.,-99999.,-99999.,-99999.,-99999.
122536,744066,-51.674257,-57.837152,0.1,-1,-99999,-99999.,-99999.,-99999.,-99999.,-99999.,-99999.
122536,744077,-51.674253,-57.83715,0.,-1,-99999,-99999.,-99999.,-99999.,-99999.,-99999.,-99999.
122536,744078,-51.674253,-57.83715,0.,-1,-99999,-99999.,-99999.,-99999.,-99999.,-99999.,-99999.
122536,744097,-51.674252,-57.83715,0.1,-1,-99999,-99999.,-99999.,-99999.,-99999.,-99999.,-99999.
122536,744127,-51.67425,-57.837163,0.1,-1,-99999,-99999.,-99999.,-99999.,-99999.,-99999.,-99999.
122536,744148,-51.674248,-57.837172,0.1,-1,-99999,-99999.,-99999.,-99999.,-99999.,-99999.,-99999.
122536,744149,-51.674248,-57.837172,0.1,-1,-99999,-99999.,-99999.,-99999.,-99999.,-99999.,-99999.
122536,744168,-51.674248,-57.837173,0.,-1,-99999,-99999.,-99999.,-99999.,-99999.,-99999.,-99999.
122536,744178,-51.674245,-57.837173,0.,-1,-99999,-99999.,-99999.,-99999.,-99999.,-99999.,-99999.
122536,744179,-51.674245,-57.837173,0.,-1,-99999,-99999.,-99999.,-99999.,-99999.,-99999.,-99999.
122536,744198,-51.674243,-57.837168,0.,-1,-99999,-99999.,-99999.,-99999.,-99999.,-99999.,-99999.
122536,744209,-51.674245,-57.837168,0.1,-1,-99999,-99999.,-99999.,-99999.,-99999.,-99999.,-99999.
122536,744228,-51.674248,-57.837158,0.,-1,-99999,-99999.,-99999.,-99999.,-99999.,-99999.,-99999.
122536,744258,-51.674242,-57.837155,0.1,-1,-99999,-99999.,-99999.,-99999.,-99999.,-99999.,-99999.
122536,744259,-51.674242,-57.837155,0.1,-1,-99999,-99999.,-99999.,-99999.,-99999.,-99999.,-99999.
122536,744318,-51.674247,-57.837153,0.1,-1,-99999,-99999.,-99999.,-99999.,-99999.,-99999.,-99999.
122536,744408,-51.67428,-57.837193,0.1,-1,-99999,-99999.,-99999.,-99999.,-99999.,-99999.,-99999.
122536,744409,-51.67428,-57.837193,0.1,-1,-99999,-99999.,-99999.,-99999.,-99999.,-99999.,-99999.
122536,744530,-51.674272,-57.83719,0.,-1,-99999,-99999.,-99999.,-99999.,-99999.,-99999.,-99999.
122536,744548,-51.674272,-57.837192,0.,-1,-99999,-99999.,-99999.,-99999.,-99999.,-99999.,-99999.
122536,745710,-51.67427,-57.837202,0.,-1,-99999,-99999.,-99999.,-99999.,-99999.,-99999.,-99999.
122536,746831,-51.674272,-57.837152,0.1,-1,-99999,-99999.,-99999.,-99999.,-99999.,-99999.,-99999.
122536,746938,-51.674263,-57.837168,0.,-1,-99999,-99999.,-99999.,-99999.,-99999.,-99999.,-99999.
122536,748209,-51.674325,-57.83716,0.1,-1,-99999,-99999.,-99999.,-99999.,-99999.,-99999.,-99999.
122536,749460,-51.674508,-57.837025,0.1,-1,-99999,-99999.,-99999.,-99999.,-99999.,-99999.,-99999.
122536,749470,-51.674508,-57.837018,0.1,-1,-99999,-99999.,-99999.,-99999.,-99999.,-99999.,-99999.
122536,749756,-51.674617,-57.83674,0.1,-1,-99999,-99999.,-99999.,-99999.,-99999.,-99999.,-99999.
122536,749766,-51.674625,-57.836727,0.2,-1,-99999,-99999.,-99999.,-99999.,-99999.,-99999.,-99999.
122536,749776,-51.67463,-57.83671,0.2,-1,-99999,-99999.,-99999.,-99999.,-99999.,-99999.,-99999.
122536,749785,-51.674643,-57.836693,0.1,-1,-99999,-99999.,-99999.,-99999.,-99999.,-99999.,-99999.
122536,749786,-51.674643,-57.836693,0.1,-1,-99999,-99999.,-99999.,-99999.,-99999.,-99999.,-99999.
122536,749795,-51.674657,-57.836678,0.1,-1,-99999,-99999.,-99999.,-99999.,-99999.,-99999.,-99999.
122536,749806,-51.67466,-57.836672,0.1,-1,-99999,-99999.,-99999.,-99999.,-99999.,-99999.,-99999.
122536,749816,-51.674658,-57.836683,0.1,-1,-99999,-99999.,-99999.,-99999.,-99999.,-99999.,-99999.
122536,749826,-51.674662,-57.836682,0.1,-1,-99999,-99999.,-99999.,-99999.,-99999.,-99999.,-99999.
122536,749836,-51.674652,-57.836643,0.1,-1,-99999,-99999.,-99999.,-99999.,-99999.,-99999.,-99999.
122536,749846,-51.674645,-57.836613,0.1,-1,-99999,-99999.,-99999.,-99999.,-99999.,-99999.,-99999.
122536,749855,-51.674643,-57.8366,0.,-1,-99999,-99999.,-99999.,-99999.,-99999.,-99999.,-99999.
122536,749866,-51.674653,-57.8366,0.1,-1,-99999,-99999.,-99999.,-99999.,-99999.,-99999.,-99999.
122536,749876,-51.674658,-57.8366,0.1,-1,-99999,-99999.,-99999.,-99999.,-99999.,-99999.,-99999.
122536,749877,-51.674658,-57.8366,0.1,-1,-99999,-99999.,-99999.,-99999.,-99999.,-99999.,-99999.
122536,749886,-51.67466,-57.836598,0.1,-1,-99999,-99999.,-99999.,-99999.,-99999.,-99999.,-99999.
122536,749887,-51.67466,-57.836598,0.1,-1,-99999,-99999.,-99999.,-99999.,-99999.,-99999.,-99999.
122536,749896,-51.674642,-57.836585,0.1,-1,-99999,-99999.,-99999.,-99999.,-99999.,-99999.,-99999.
122536,749897,-51.674642,-57.836585,0.1,-1,-99999,-99999.,-99999.,-99999.,-99999.,-99999.,-99999.
122536,749905,-51.674628,-57.836575,0.1,-1,-99999,-99999.,-99999.,-99999.,-99999.,-99999.,-99999.
122536,749906,-51.674628,-57.836575,0.1,-1,-99999,-99999.,-99999.,-99999.,-99999.,-99999.,-99999.
122536,749915,-51.674643,-57.83654,0.,-1,-99999,-99999.,-99999.,-99999.,-99999.,-99999.,-99999.
122536,749926,-51.674637,-57.83654,0.1,-1,-99999,-99999.,-99999.,-99999.,-99999.,-99999.,-99999.
122536,749936,-51.674627,-57.83651,0.1,-1,-99999,-99999.,-99999.,-99999.,-99999.,-99999.,-99999.
122536,749946,-51.674622,-57.836497,0.,-1,-99999,-99999.,-99999.,-99999.,-99999.,-99999.,-99999.
122536,749947,-51.674622,-57.836497,0.,-1,-99999,-99999.,-99999.,-99999.,-99999.,-99999.,-99999.
122536,749956,-51.674623,-57.8365,0.1,-1,-99999,-99999.,-99999.,-99999.,-99999.,-99999.,-99999.
122536,749975,-51.674633,-57.83653,0.,-1,-99999,-99999.,-99999.,-99999.,-99999.,-99999.,-99999.
122536,749986,-51.674648,-57.836555,0.,-1,-99999,-99999.,-99999.,-99999.,-99999.,-99999.,-99999.
122536,749987,-51.674648,-57.836555,0.,-1,-99999,-99999.,-99999.,-99999.,-99999.,-99999.,-99999.
122536,749996,-51.67465,-57.836563,0.1,-1,-99999,-99999.,-99999.,-99999.,-99999.,-99999.,-99999.
122536,750006,-51.674645,-57.836565,0.,-1,-99999,-99999.,-99999.,-99999.,-99999.,-99999.,-99999.
122536,750007,-51.674645,-57.836565,0.,-1,-99999,-99999.,-99999.,-99999.,-99999.,-99999.,-99999.
122536,750214,-51.674645,-57.836582,0.1,-1,-99999,-99999.,-99999.,-99999.,-99999.,-99999.,-99999.
122536,750215,-51.674645,-57.836582,0.1,-1,-99999,-99999.,-99999.,-99999.,-99999.,-99999.,-99999.
122536,750226,-51.674645,-57.836563,0.1,-1,-99999,-99999.,-99999.,-99999.,-99999.,-99999.,-99999.
122536,750255,-51.674647,-57.836555,0.1,-1,-99999,-99999.,-99999.,-99999.,-99999.,-99999.,-99999.
122536,750274,-51.674643,-57.836567,0.,-1,-99999,-99999.,-99999.,-99999.,-99999.,-99999.,-99999.
122536,750275,-51.674643,-57.836567,0.,-1,-99999,-99999.,-99999.,-99999.,-99999.,-99999.,-99999.
122536,750286,-51.674645,-57.836568,0.,-1,-99999,-99999.,-99999.,-99999.,-99999.,-99999.,-99999.
122536,750294,-51.67465,-57.83657,0.,-1,-99999,-99999.,-99999.,-99999.,-99999.,-99999.,-99999.
122536,750295,-51.67465,-57.83657,0.,-1,-99999,-99999.,-99999.,-99999.,-99999.,-99999.,-99999.
122536,750334,-51.674663,-57.83657,0.1,-1,-99999,-99999.,-99999.,-99999.,-99999.,-99999.,-99999.
122536,750387,-51.674658,-57.836592,0.,-1,-99999,-99999.,-99999.,-99999.,-99999.,-99999.,-99999.
122536,750406,-51.674658,-57.836592,0.1,-1,-99999,-99999.,-99999.,-99999.,-99999.,-99999.,-99999.
122536,750759,-51.674668,-57.836505,0.,-1,-99999,-99999.,-99999.,-99999.,-99999.,-99999.,-99999.
122536,751950,-51.674635,-57.836375,0.2,-1,-99999,-99999.,-99999.,-99999.,-99999.,-99999.,-99999.
122536,752441,-51.674668,-57.836308,0.,-1,-99999,-99999.,-99999.,-99999.,-99999.,-99999.,-99999.
122536,753199,-51.674662,-57.836253,0.2,-1,-99999,-99999.,-99999.,-99999.,-99999.,-99999.,-99999.
122536,754639,-51.67464,-57.835617,0.1,-1,-99999,-99999.,-99999.,-99999.,-99999.,-99999.,-99999.
122536,755745,-51.674653,-57.835678,0.3,-1,-99999,-99999.,-99999.,-99999.,-99999.,-99999.,-99999.
122536,755756,-51.674667,-57.835642,0.4,-1,-99999,-99999.,-99999.,-99999.,-99999.,-99999.,-99999.
122536,755766,-51.674665,-57.835623,0.2,-1,-99999,-99999.,-99999.,-99999.,-99999.,-99999.,-99999.
122536,755776,-51.674653,-57.835608,0.3,-1,-99999,-99999.,-99999.,-99999.,-99999.,-99999.,-99999.
122536,755861,-51.67453,-57.83545,0.4,-1,-99999,-99999.,-99999.,-99999.,-99999.,-99999.,-99999.
122536,755880,-51.674505,-57.835438,0.3,-1,-99999,-99999.,-99999.,-99999.,-99999.,-99999.,-99999.
122536,772487,-51.674708,-57.836168,0.3,-1,-99999,-99999.,-99999.,-99999.,-99999.,-99999.,-99999.
122536,772497,-51.674713,-57.836153,0.2,-1,-99999,-99999.,-99999.,-99999.,-99999.,-99999.,-99999.
122536,772507,-51.674715,-57.836135,0.1,-1,-99999,-99999.,-99999.,-99999.,-99999.,-99999.,-99999.
122536,772509,-51.674715,-57.836135,0.1,-1,-99999,-99999.,-99999.,-99999.,-99999.,-99999.,-99999.
122536,772518,-51.674713,-57.836117,0.1,-1,-99999,-99999.,-99999.,-99999.,-99999.,-99999.,-99999.
122536,772526,-51.674712,-57.836102,0.1,-1,-99999,-99999.,-99999.,-99999.,-99999.,-99999.,-99999.
122536,772528,-51.674712,-57.836102,0.1,-1,-99999,-99999.,-99999.,-99999.,-99999.,-99999.,-99999.
122536,772537,-51.674717,-57.836102,0.1,-1,-99999,-99999.,-99999.,-99999.,-99999.,-99999.,-99999.
122536,772567,-51.674728,-57.836098,0.,-1,-99999,-99999.,-99999.,-99999.,-99999.,-99999.,-99999.
122536,772569,-51.674728,-57.836098,0.,-1,-99999,-99999.,-99999.,-99999.,-99999.,-99999.,-99999.
122536,772576,-51.67473,-57.836098,0.1,-1,-99999,-99999.,-99999.,-99999.,-99999.,-99999.,-99999.
122536,772588,-51.674725,-57.836127,0.2,-1,-99999,-99999.,-99999.,-99999.,-99999.,-99999.,-99999.
122536,772596,-51.674723,-57.836137,0.1,-1,-99999,-99999.,-99999.,-99999.,-99999.,-99999.,-99999.
122536,772597,-51.674723,-57.836137,0.1,-1,-99999,-99999.,-99999.,-99999.,-99999.,-99999.,-99999.
122536,772607,-51.674722,-57.836143,0.2,-1,-99999,-99999.,-99999.,-99999.,-99999.,-99999.,-99999.
122536,772608,-51.674722,-57.836143,0.2,-1,-99999,-99999.,-99999.,-99999.,-99999.,-99999.,-99999.
122536,772616,-51.674737,-57.836163,0.1,-1,-99999,-99999.,-99999.,-99999.,-99999.,-99999.,-99999.
122536,772618,-51.674737,-57.836163,0.1,-1,-99999,-99999.,-99999.,-99999.,-99999.,-99999.,-99999.
122536,772636,-51.67472,-57.83614,0.2,-1,-99999,-99999.,-99999.,-99999.,-99999.,-99999.,-99999.
122536,772637,-51.67472,-57.83614,0.2,-1,-99999,-99999.,-99999.,-99999.,-99999.,-99999.,-99999.
122536,772646,-51.674727,-57.83615,0.,-1,-99999,-99999.,-99999.,-99999.,-99999.,-99999.,-99999.
122536,772647,-51.674727,-57.83615,0.,-1,-99999,-99999.,-99999.,-99999.,-99999.,-99999.,-99999.
122536,772656,-51.674727,-57.836155,0.1,-1,-99999,-99999.,-99999.,-99999.,-99999.,-99999.,-99999.
122536,772657,-51.674727,-57.836155,0.1,-1,-99999,-99999.,-99999.,-99999.,-99999.,-99999.,-99999.
122536,772666,-51.674733,-57.836167,0.1,-1,-99999,-99999.,-99999.,-99999.,-99999.,-99999.,-99999.
122536,772676,-51.674742,-57.836185,0.2,-1,-99999,-99999.,-99999.,-99999.,-99999.,-99999.,-99999.
122536,772678,-51.674742,-57.836185,0.2,-1,-99999,-99999.,-99999.,-99999.,-99999.,-99999.,-99999.
122536,772686,-51.674738,-57.836183,0.2,-1,-99999,-99999.,-99999.,-99999.,-99999.,-99999.,-99999.
122536,772687,-51.674738,-57.836183,0.2,-1,-99999,-99999.,-99999.,-99999.,-99999.,-99999.,-99999.
122536,772696,-51.674733,-57.836192,0.2,-1,-99999,-99999.,-99999.,-99999.,-99999.,-99999.,-99999.
122536,772697,-51.674733,-57.836192,0.2,-1,-99999,-99999.,-99999.,-99999.,-99999.,-99999.,-99999.
122536,772706,-51.674733,-57.836217,0.3,-1,-99999,-99999.,-99999.,-99999.,-99999.,-99999.,-99999.
122536,772707,-51.674733,-57.836217,0.3,-1,-99999,-99999.,-99999.,-99999.,-99999.,-99999.,-99999.
122536,772716,-51.674732,-57.83624,0.3,-1,-99999,-99999.,-99999.,-99999.,-99999.,-99999.,-99999.
122536,772717,-51.674732,-57.83624,0.3,-1,-99999,-99999.,-99999.,-99999.,-99999.,-99999.,-99999.
122536,772726,-51.674725,-57.836258,0.3,-1,-99999,-99999.,-99999.,-99999.,-99999.,-99999.,-99999.
122536,772727,-51.674725,-57.836258,0.3,-1,-99999,-99999.,-99999.,-99999.,-99999.,-99999.,-99999.
122536,772736,-51.674718,-57.836288,0.3,-1,-99999,-99999.,-99999.,-99999.,-99999.,-99999.,-99999.
122536,772747,-51.67471,-57.836302,0.3,-1,-99999,-99999.,-99999.,-99999.,-99999.,-99999.,-99999.
122536,772767,-51.67469,-57.836358,0.3,-1,-99999,-99999.,-99999.,-99999.,-99999.,-99999.,-99999.
122536,772768,-51.67469,-57.836358,0.3,-1,-99999,-99999.,-99999.,-99999.,-99999.,-99999.,-99999.
122536,772777,-51.674678,-57.836383,0.3,-1,-99999,-99999.,-99999.,-99999.,-99999.,-99999.,-99999.
122536,772779,-51.674678,-57.836383,0.3,-1,-99999,-99999.,-99999.,-99999.,-99999.,-99999.,-99999.
122536,772786,-51.674667,-57.836388,0.3,-1,-99999,-99999.,-99999.,-99999.,-99999.,-99999.,-99999.
122536,772787,-51.674667,-57.836388,0.3,-1,-99999,-99999.,-99999.,-99999.,-99999.,-99999.,-99999.
122536,772796,-51.674662,-57.836422,0.3,-1,-99999,-99999.,-99999.,-99999.,-99999.,-99999.,-99999.
122536,772798,-51.674662,-57.836422,0.3,-1,-99999,-99999.,-99999.,-99999.,-99999.,-99999.,-99999.
122536,772806,-51.674665,-57.836442,0.3,-1,-99999,-99999.,-99999.,-99999.,-99999.,-99999.,-99999.
122536,772807,-51.674665,-57.836442,0.3,-1,-99999,-99999.,-99999.,-99999.,-99999.,-99999.,-99999.
122536,772828,-51.674643,-57.836453,0.3,-1,-99999,-99999.,-99999.,-99999.,-99999.,-99999.,-99999.
122536,772837,-51.674635,-57.836463,0.1,-1,-99999,-99999.,-99999.,-99999.,-99999.,-99999.,-99999.
122536,772839,-51.674635,-57.836463,0.1,-1,-99999,-99999.,-99999.,-99999.,-99999.,-99999.,-99999.
122536,772846,-51.674632,-57.836465,0.1,-1,-99999,-99999.,-99999.,-99999.,-99999.,-99999.,-99999.
122536,772847,-51.674632,-57.836465,0.1,-1,-99999,-99999.,-99999.,-99999.,-99999.,-99999.,-99999.
122536,772866,-51.674633,-57.836507,0.1,-1,-99999,-99999.,-99999.,-99999.,-99999.,-99999.,-99999.
122536,772867,-51.674633,-57.836507,0.1,-1,-99999,-99999.,-99999.,-99999.,-99999.,-99999.,-99999.
122536,772876,-51.674647,-57.836532,0.1,-1,-99999,-99999.,-99999.,-99999.,-99999.,-99999.,-99999.
122536,772877,-51.674647,-57.836532,0.1,-1,-99999,-99999.,-99999.,-99999.,-99999.,-99999.,-99999.
122536,772888,-51.674652,-57.83655,0.,-1,-99999,-99999.,-99999.,-99999.,-99999.,-99999.,-99999.
122536,772897,-51.674652,-57.836558,0.2,-1,-99999,-99999.,-99999.,-99999.,-99999.,-99999.,-99999.
122536,772899,-51.674652,-57.836558,0.2,-1,-99999,-99999.,-99999.,-99999.,-99999.,-99999.,-99999.
122536,772906,-51.674652,-57.83656,0.2,-1,-99999,-99999.,-99999.,-99999.,-99999.,-99999.,-99999.
122536,772907,-51.674652,-57.83656,0.2,-1,-99999,-99999.,-99999.,-99999.,-99999.,-99999.,-99999.
122536,772917,-51.674647,-57.836555,0.3,-1,-99999,-99999.,-99999.,-99999.,-99999.,-99999.,-99999.
122536,772918,-51.674647,-57.836555,0.3,-1,-99999,-99999.,-99999.,-99999.,-99999.,-99999.,-99999.
122536,772928,-51.674642,-57.836538,0.1,-1,-99999,-99999.,-99999.,-99999.,-99999.,-99999.,-99999.
122536,772936,-51.674638,-57.836527,0.1,-1,-99999,-99999.,-99999.,-99999.,-99999.,-99999.,-99999.
122536,772937,-51.674638,-57.836527,0.1,-1,-99999,-99999.,-99999.,-99999.,-99999.,-99999.,-99999.
122536,772948,-51.674638,-57.836525,0.1,-1,-99999,-99999.,-99999.,-99999.,-99999.,-99999.,-99999.
122536,772969,-51.674638,-57.83651,0.1,-1,-99999,-99999.,-99999.,-99999.,-99999.,-99999.,-99999.
122536,772988,-51.674668,-57.836515,0.1,-1,-99999,-99999.,-99999.,-99999.,-99999.,-99999.,-99999.
122536,778118,-51.67464,-57.83655,0.1,-1,-99999,-99999.,-99999.,-99999.,-99999.,-99999.,-99999.
122536,778127,-51.674645,-57.836543,0.1,-1,-99999,-99999.,-99999.,-99999.,-99999.,-99999.,-99999.
122536,778138,-51.67466,-57.836535,0.1,-1,-99999,-99999.,-99999.,-99999.,-99999.,-99999.,-99999.
122536,778178,-51.674663,-57.836557,0.1,-1,-99999,-99999.,-99999.,-99999.,-99999.,-99999.,-99999.
122536,778238,-51.674647,-57.836573,0.2,-1,-99999,-99999.,-99999.,-99999.,-99999.,-99999.,-99999.
122536,778326,-51.674615,-57.836635,0.1,-1,-99999,-99999.,-99999.,-99999.,-99999.,-99999.,-99999.
122536,778329,-51.674615,-57.836635,0.1,-1,-99999,-99999.,-99999.,-99999.,-99999.,-99999.,-99999.
122536,778339,-51.674612,-57.836643,0.1,-1,-99999,-99999.,-99999.,-99999.,-99999.,-99999.,-99999.
122536,778358,-51.674613,-57.836655,0.2,-1,-99999,-99999.,-99999.,-99999.,-99999.,-99999.,-99999.
122536,778359,-51.674613,-57.836655,0.2,-1,-99999,-99999.,-99999.,-99999.,-99999.,-99999.,-99999.
122536,778368,-51.674612,-57.83666,0.1,-1,-99999,-99999.,-99999.,-99999.,-99999.,-99999.,-99999.
122536,778386,-51.67461,-57.836662,0.1,-1,-99999,-99999.,-99999.,-99999.,-99999.,-99999.,-99999.
122536,778418,-51.674612,-57.83668,0.1,-1,-99999,-99999.,-99999.,-99999.,-99999.,-99999.,-99999.
122536,778419,-51.674612,-57.83668,0.1,-1,-99999,-99999.,-99999.,-99999.,-99999.,-99999.,-99999.
122536,778429,-51.674608,-57.836683,0.1,-1,-99999,-99999.,-99999.,-99999.,-99999.,-99999.,-99999.
122536,778458,-51.67459,-57.836698,0.2,-1,-99999,-99999.,-99999.,-99999.,-99999.,-99999.,-99999.
122536,778506,-51.674587,-57.836693,0.1,-1,-99999,-99999.,-99999.,-99999.,-99999.,-99999.,-99999.
122536,778507,-51.674587,-57.836693,0.1,-1,-99999,-99999.,-99999.,-99999.,-99999.,-99999.,-99999.
122536,778528,-51.674608,-57.836673,0.1,-1,-99999,-99999.,-99999.,-99999.,-99999.,-99999.,-99999.
122536,778529,-51.674608,-57.836673,0.1,-1,-99999,-99999.,-99999.,-99999.,-99999.,-99999.,-99999.
122536,778538,-51.674627,-57.836663,0.1,-1,-99999,-99999.,-99999.,-99999.,-99999.,-99999.,-99999.
122536,778539,-51.674627,-57.836663,0.1,-1,-99999,-99999.,-99999.,-99999.,-99999.,-99999.,-99999.
122536,778548,-51.674637,-57.836657,0.1,-1,-99999,-99999.,-99999.,-99999.,-99999.,-99999.,-99999.
122536,778549,-51.674637,-57.836657,0.1,-1,-99999,-99999.,-99999.,-99999.,-99999.,-99999.,-99999.
122536,778566,-51.674645,-57.836667,0.1,-1,-99999,-99999.,-99999.,-99999.,-99999.,-99999.,-99999.
122536,778567,-51.674645,-57.836667,0.1,-1,-99999,-99999.,-99999.,-99999.,-99999.,-99999.,-99999.
122536,778598,-51.674652,-57.836672,0.,-1,-99999,-99999.,-99999.,-99999.,-99999.,-99999.,-99999.
122536,778608,-51.674657,-57.836658,0.,-1,-99999,-99999.,-99999.,-99999.,-99999.,-99999.,-99999.
122536,778609,-51.674657,-57.836658,0.,-1,-99999,-99999.,-99999.,-99999.,-99999.,-99999.,-99999.
122536,778679,-51.674615,-57.836655,0.1,-1,-99999,-99999.,-99999.,-99999.,-99999.,-99999.,-99999.
122536,778687,-51.674612,-57.836657,0.1,-1,-99999,-99999.,-99999.,-99999.,-99999.,-99999.,-99999.
122536,778697,-51.674607,-57.836653,0.1,-1,-99999,-99999.,-99999.,-99999.,-99999.,-99999.,-99999.
122536,778709,-51.674598,-57.836652,0.,-1,-99999,-99999.,-99999.,-99999.,-99999.,-99999.,-99999.
122536,778717,-51.674593,-57.836663,0.1,-1,-99999,-99999.,-99999.,-99999.,-99999.,-99999.,-99999.
122536,778738,-51.674585,-57.83668,0.1,-1,-99999,-99999.,-99999.,-99999.,-99999.,-99999.,-99999.
122536,778739,-51.674585,-57.83668,0.1,-1,-99999,-99999.,-99999.,-99999.,-99999.,-99999.,-99999.
122536,778748,-51.674582,-57.836687,0.1,-1,-99999,-99999.,-99999.,-99999.,-99999.,-99999.,-99999.
122536,778758,-51.67458,-57.836693,0.1,-1,-99999,-99999.,-99999.,-99999.,-99999.,-99999.,-99999.
122536,778769,-51.67458,-57.836703,0.1,-1,-99999,-99999.,-99999.,-99999.,-99999.,-99999.,-99999.
122536,778778,-51.674583,-57.836705,0.1,-1,-99999,-99999.,-99999.,-99999.,-99999.,-99999.,-99999.
122536,778787,-51.674588,-57.836708,0.1,-1,-99999,-99999.,-99999.,-99999.,-99999.,-99999.,-99999.
122536,778788,-51.674588,-57.836708,0.1,-1,-99999,-99999.,-99999.,-99999.,-99999.,-99999.,-99999.
122536,778798,-51.674592,-57.83671,0.1,-1,-99999,-99999.,-99999.,-99999.,-99999.,-99999.,-99999.
122536,778799,-51.674592,-57.83671,0.1,-1,-99999,-99999.,-99999.,-99999.,-99999.,-99999.,-99999.
122536,778807,-51.674593,-57.836715,0.1,-1,-99999,-99999.,-99999.,-99999.,-99999.,-99999.,-99999.
122536,778818,-51.674598,-57.83672,0.,-1,-99999,-99999.,-99999.,-99999.,-99999.,-99999.,-99999.
122536,778828,-51.674605,-57.836717,0.,-1,-99999,-99999.,-99999.,-99999.,-99999.,-99999.,-99999.
122536,778838,-51.674608,-57.83671,0.,-1,-99999,-99999.,-99999.,-99999.,-99999.,-99999.,-99999.
122536,778847,-51.67461,-57.83671,0.,-1,-99999,-99999.,-99999.,-99999.,-99999.,-99999.,-99999.
122536,778867,-51.674613,-57.836683,0.1,-1,-99999,-99999.,-99999.,-99999.,-99999.,-99999.,-99999.
122536,787000,-51.674445,-57.836912,0.1,-1,-99999,-99999.,-99999.,-99999.,-99999.,-99999.,-99999.
122536,789945,-51.674185,-57.836938,0.,-1,-99999,-99999.,-99999.,-99999.,-99999.,-99999.,-99999.
122536,789946,-51.674185,-57.836938,0.,-1,-99999,-99999.,-99999.,-99999.,-99999.,-99999.,-99999.
122536,789997,-51.674203,-57.836948,0.1,-1,-99999,-99999.,-99999.,-99999.,-99999.,-99999.,-99999.
122536,790005,-51.674205,-57.83695,0.1,-1,-99999,-99999.,-99999.,-99999.,-99999.,-99999.,-99999.
122536,790006,-51.674205,-57.83695,0.1,-1,-99999,-99999.,-99999.,-99999.,-99999.,-99999.,-99999.
122536,790015,-51.674203,-57.836953,0.1,-1,-99999,-99999.,-99999.,-99999.,-99999.,-99999.,-99999.
122536,790057,-51.674188,-57.83695,0.1,-1,-99999,-99999.,-99999.,-99999.,-99999.,-99999.,-99999.
122536,790106,-51.674172,-57.836947,0.1,-1,-99999,-99999.,-99999.,-99999.,-99999.,-99999.,-99999.
122536,790147,-51.674167,-57.83694,0.1,-1,-99999,-99999.,-99999.,-99999.,-99999.,-99999.,-99999.
122536,790166,-51.674158,-57.836948,0.1,-1,-99999,-99999.,-99999.,-99999.,-99999.,-99999.,-99999.
122536,790178,-51.674157,-57.836928,0.,-1,-99999,-99999.,-99999.,-99999.,-99999.,-99999.,-99999.
122536,790207,-51.674147,-57.836912,0.1,-1,-99999,-99999.,-99999.,-99999.,-99999.,-99999.,-99999.
122536,790226,-51.674143,-57.83692,0.1,-1,-99999,-99999.,-99999.,-99999.,-99999.,-99999.,-99999.
122536,790238,-51.674147,-57.836925,0.1,-1,-99999,-99999.,-99999.,-99999.,-99999.,-99999.,-99999.
122536,790267,-51.674135,-57.836928,0.1,-1,-99999,-99999.,-99999.,-99999.,-99999.,-99999.,-99999.
122536,790286,-51.674132,-57.836917,0.1,-1,-99999,-99999.,-99999.,-99999.,-99999.,-99999.,-99999.
122536,790327,-51.67412,-57.836912,0.1,-1,-99999,-99999.,-99999.,-99999.,-99999.,-99999.,-99999.
122536,790358,-51.67411,-57.836915,0.1,-1,-99999,-99999.,-99999.,-99999.,-99999.,-99999.,-99999.
122536,790376,-51.674108,-57.836908,0.1,-1,-99999,-99999.,-99999.,-99999.,-99999.,-99999.,-99999.
122536,790387,-51.674112,-57.8369,0.1,-1,-99999,-99999.,-99999.,-99999.,-99999.,-99999.,-99999.
122536,790406,-51.67411,-57.836885,0.1,-1,-99999,-99999.,-99999.,-99999.,-99999.,-99999.,-99999.
122536,790418,-51.674105,-57.836885,0.,-1,-99999,-99999.,-99999.,-99999.,-99999.,-99999.,-99999.
122536,790426,-51.674102,-57.836887,0.1,-1,-99999,-99999.,-99999.,-99999.,-99999.,-99999.,-99999.
122536,790436,-51.674095,-57.836887,0.1,-1,-99999,-99999.,-99999.,-99999.,-99999.,-99999.,-99999.
122536,790447,-51.674088,-57.836882,0.1,-1,-99999,-99999.,-99999.,-99999.,-99999.,-99999.,-99999.
122536,790456,-51.674085,-57.836878,0.1,-1,-99999,-99999.,-99999.,-99999.,-99999.,-99999.,-99999.
122536,790466,-51.674083,-57.836878,0.1,-1,-99999,-99999.,-99999.,-99999.,-99999.,-99999.,-99999.
122536,792370,-51.67399,-57.8368,0.,-1,-99999,-99999.,-99999.,-99999.,-99999.,-99999.,-99999.
122536,797891,-51.673743,-57.836517,0.1,-1,-99999,-99999.,-99999.,-99999.,-99999.,-99999.,-99999.
122536,803551,-51.673668,-57.836097,0.,-1,-99999,-99999.,-99999.,-99999.,-99999.,-99999.,-99999.
122536,806910,-51.67369,-57.83582,0.1,-1,-99999,-99999.,-99999.,-99999.,-99999.,-99999.,-99999.
122536,808170,-51.673693,-57.83579,0.1,-1,-99999,-99999.,-99999.,-99999.,-99999.,-99999.,-99999.
122536,808441,-51.673723,-57.835732,0.,-1,-99999,-99999.,-99999.,-99999.,-99999.,-99999.,-99999.
122536,809768,-51.673815,-57.835543,0.1,-1,-99999,-99999.,-99999.,-99999.,-99999.,-99999.,-99999.
122536,810600,-51.673845,-57.835328,0.1,-1,-99999,-99999.,-99999.,-99999.,-99999.,-99999.,-99999.
122536,812009,-51.673855,-57.83534,0.3,-1,-99999,-99999.,-99999.,-99999.,-99999.,-99999.,-99999.
122536,812869,-51.673887,-57.835307,0.1,-1,-99999,-99999.,-99999.,-99999.,-99999.,-99999.,-99999.
122536,813439,-51.673732,-57.83537,0.2,-1,-99999,-99999.,-99999.,-99999.,-99999.,-99999.,-99999.
122536,814060,-51.673635,-57.835512,0.1,-1,-99999,-99999.,-99999.,-99999.,-99999.,-99999.,-99999.
122536,814639,-51.673752,-57.835338,0.4,-1,-99999,-99999.,-99999.,-99999.,-99999.,-99999.,-99999.
122536,815379,-51.673833,-57.835285,0.3,-1,-99999,-99999.,-99999.,-99999.,-99999.,-99999.,-99999.
122536,815899,-51.67384,-57.83529,0.1,-1,-99999,-99999.,-99999.,-99999.,-99999.,-99999.,-99999.
122536,816480,-51.673647,-57.835538,0.2,-1,-99999,-99999.,-99999.,-99999.,-99999.,-99999.,-99999.
122536,817748,-51.672922,-57.83398,0.1,-1,-99999,-99999.,-99999.,-99999.,-99999.,-99999.,-99999.
122536,818439,-51.672703,-57.834262,0.9,-1,-99999,-99999.,-99999.,-99999.,-99999.,-99999.,-99999.
122536,818963,-51.67283,-57.833932,0.9,-1,-99999,-99999.,-99999.,-99999.,-99999.,-99999.,-99999.
122536,819699,-51.672508,-57.834735,0.1,-1,-99999,-99999.,-99999.,-99999.,-99999.,-99999.,-99999.
122536,820153,-51.672547,-57.834613,0.6,-1,-99999,-99999.,-99999.,-99999.,-99999.,-99999.,-99999.
122536,820737,-51.672493,-57.834758,0.3,-1,-99999,-99999.,-99999.,-99999.,-99999.,-99999.,-99999.
122536,820755,-51.672485,-57.834787,0.2,-1,-99999,-99999.,-99999.,-99999.,-99999.,-99999.,-99999.
122536,820756,-51.672485,-57.834787,0.2,-1,-99999,-99999.,-99999.,-99999.,-99999.,-99999.,-99999.
122536,820761,-51.672483,-57.83478,0.1,-1,-99999,-99999.,-99999.,-99999.,-99999.,-99999.,-99999.
122536,820762,-51.672483,-57.83478,0.1,-1,-99999,-99999.,-99999.,-99999.,-99999.,-99999.,-99999.
122536,820767,-51.672487,-57.834802,0.1,-1,-99999,-99999.,-99999.,-99999.,-99999.,-99999.,-99999.
122536,820788,-51.672502,-57.834762,0.4,-1,-99999,-99999.,-99999.,-99999.,-99999.,-99999.,-99999.
122536,820797,-51.67249,-57.834707,0.4,-1,-99999,-99999.,-99999.,-99999.,-99999.,-99999.,-99999.
122536,820798,-51.67249,-57.834707,0.4,-1,-99999,-99999.,-99999.,-99999.,-99999.,-99999.,-99999.
122536,820807,-51.672485,-57.834685,0.6,-1,-99999,-99999.,-99999.,-99999.,-99999.,-99999.,-99999.
122536,820808,-51.672485,-57.834685,0.6,-1,-99999,-99999.,-99999.,-99999.,-99999.,-99999.,-99999.
122536,820814,-51.67249,-57.834653,0.7,-1,-99999,-99999.,-99999.,-99999.,-99999.,-99999.,-99999.
122536,820815,-51.67249,-57.834653,0.7,-1,-99999,-99999.,-99999.,-99999.,-99999.,-99999.,-99999.
122536,820818,-51.67249,-57.834628,0.7,-1,-99999,-99999.,-99999.,-99999.,-99999.,-99999.,-99999.
122536,820819,-51.67249,-57.834628,0.7,-1,-99999,-99999.,-99999.,-99999.,-99999.,-99999.,-99999.
122536,820822,-51.672493,-57.834612,0.5,-1,-99999,-99999.,-99999.,-99999.,-99999.,-99999.,-99999.
122536,820823,-51.672498,-57.834602,0.5,-1,-99999,-99999.,-99999.,-99999.,-99999.,-99999.,-99999.
122536,820824,-51.672498,-57.834602,0.5,-1,-99999,-99999.,-99999.,-99999.,-99999.,-99999.,-99999.
122536,820828,-51.672498,-57.834587,0.5,-1,-99999,-99999.,-99999.,-99999.,-99999.,-99999.,-99999.
122536,820831,-51.672502,-57.834572,0.6,-1,-99999,-99999.,-99999.,-99999.,-99999.,-99999.,-99999.
122536,820832,-51.672502,-57.834572,0.6,-1,-99999,-99999.,-99999.,-99999.,-99999.,-99999.,-99999.
122536,820834,-51.672508,-57.83456,0.7,-1,-99999,-99999.,-99999.,-99999.,-99999.,-99999.,-99999.
122536,820835,-51.672508,-57.83456,0.7,-1,-99999,-99999.,-99999.,-99999.,-99999.,-99999.,-99999.
122536,820838,-51.672518,-57.834545,0.7,-1,-99999,-99999.,-99999.,-99999.,-99999.,-99999.,-99999.
122536,820839,-51.672518,-57.834545,0.7,-1,-99999,-99999.,-99999.,-99999.,-99999.,-99999.,-99999.
122536,820841,-51.67252,-57.834528,0.7,-1,-99999,-99999.,-99999.,-99999.,-99999.,-99999.,-99999.
122536,820842,-51.67252,-57.834528,0.7,-1,-99999,-99999.,-99999.,-99999.,-99999.,-99999.,-99999.
122536,820844,-51.672523,-57.834522,0.6,-1,-99999,-99999.,-99999.,-99999.,-99999.,-99999.,-99999.
122536,820848,-51.672535,-57.834512,0.7,-1,-99999,-99999.,-99999.,-99999.,-99999.,-99999.,-99999.
122536,820849,-51.672535,-57.834512,0.7,-1,-99999,-99999.,-99999.,-99999.,-99999.,-99999.,-99999.
122536,820851,-51.672548,-57.834502,0.7,-1,-99999,-99999.,-99999.,-99999.,-99999.,-99999.,-99999.
122536,820852,-51.672548,-57.834502,0.7,-1,-99999,-99999.,-99999.,-99999.,-99999.,-99999.,-99999.
122536,820855,-51.672558,-57.83449,0.9,-1,-99999,-99999.,-99999.,-99999.,-99999.,-99999.,-99999.
122536,820857,-51.672575,-57.834475,1.,-1,-99999,-99999.,-99999.,-99999.,-99999.,-99999.,-99999.
122536,820858,-51.672575,-57.834475,1.,-1,-99999,-99999.,-99999.,-99999.,-99999.,-99999.,-99999.
122536,820859,-51.672575,-57.834475,1.,-1,-99999,-99999.,-99999.,-99999.,-99999.,-99999.,-99999.
122536,820867,-51.672592,-57.834418,0.7,-1,-99999,-99999.,-99999.,-99999.,-99999.,-99999.,-99999.
122536,820868,-51.672592,-57.834418,0.7,-1,-99999,-99999.,-99999.,-99999.,-99999.,-99999.,-99999.
122536,820878,-51.672612,-57.83436,1.1,-1,-99999,-99999.,-99999.,-99999.,-99999.,-99999.,-99999.
122536,820879,-51.672612,-57.83436,1.1,-1,-99999,-99999.,-99999.,-99999.,-99999.,-99999.,-99999.
122536,820887,-51.67265,-57.83432,0.8,-1,-99999,-99999.,-99999.,-99999.,-99999.,-99999.,-99999.
122536,820888,-51.67265,-57.83432,0.8,-1,-99999,-99999.,-99999.,-99999.,-99999.,-99999.,-99999.
122536,820897,-51.672682,-57.83427,0.9,-1,-99999,-99999.,-99999.,-99999.,-99999.,-99999.,-99999.
122536,820899,-51.672682,-57.83427,0.9,-1,-99999,-99999.,-99999.,-99999.,-99999.,-99999.,-99999.
122536,820907,-51.672703,-57.834247,0.8,-1,-99999,-99999.,-99999.,-99999.,-99999.,-99999.,-99999.
122536,820909,-51.672703,-57.834247,0.8,-1,-99999,-99999.,-99999.,-99999.,-99999.,-99999.,-99999.
122536,820917,-51.672735,-57.83421,0.7,-1,-99999,-99999.,-99999.,-99999.,-99999.,-99999.,-99999.
122536,820918,-51.672735,-57.83421,0.7,-1,-99999,-99999.,-99999.,-99999.,-99999.,-99999.,-99999.
122536,820928,-51.67275,-57.834167,0.8,-1,-99999,-99999.,-99999.,-99999.,-99999.,-99999.,-99999.
122536,820929,-51.67275,-57.834167,0.8,-1,-99999,-99999.,-99999.,-99999.,-99999.,-99999.,-99999.
122536,820937,-51.672772,-57.834118,0.5,-1,-99999,-99999.,-99999.,-99999.,-99999.,-99999.,-99999.
122536,820938,-51.672772,-57.834118,0.5,-1,-99999,-99999.,-99999.,-99999.,-99999.,-99999.,-99999.
122536,820947,-51.672792,-57.834077,0.8,-1,-99999,-99999.,-99999.,-99999.,-99999.,-99999.,-99999.
122536,820948,-51.672792,-57.834077,0.8,-1,-99999,-99999.,-99999.,-99999.,-99999.,-99999.,-99999.
122536,820977,-51.672835,-57.834032,0.3,-1,-99999,-99999.,-99999.,-99999.,-99999.,-99999.,-99999.
122536,820978,-51.672835,-57.834032,0.3,-1,-99999,-99999.,-99999.,-99999.,-99999.,-99999.,-99999.
122536,820985,-51.67285,-57.83401,0.6,-1,-99999,-99999.,-99999.,-99999.,-99999.,-99999.,-99999.
122536,820986,-51.67285,-57.83401,0.6,-1,-99999,-99999.,-99999.,-99999.,-99999.,-99999.,-99999.
122536,820988,-51.672853,-57.834002,0.5,-1,-99999,-99999.,-99999.,-99999.,-99999.,-99999.,-99999.
122536,820989,-51.672855,-57.833998,0.5,-1,-99999,-99999.,-99999.,-99999.,-99999.,-99999.,-99999.
122536,820998,-51.672862,-57.833985,0.2,-1,-99999,-99999.,-99999.,-99999.,-99999.,-99999.,-99999.
122536,821017,-51.672885,-57.833953,0.2,-1,-99999,-99999.,-99999.,-99999.,-99999.,-99999.,-99999.
122536,821019,-51.672885,-57.833953,0.2,-1,-99999,-99999.,-99999.,-99999.,-99999.,-99999.,-99999.
122536,821028,-51.672883,-57.833947,0.2,-1,-99999,-99999.,-99999.,-99999.,-99999.,-99999.,-99999.
122536,821048,-51.672893,-57.833933,0.,-1,-99999,-99999.,-99999.,-99999.,-99999.,-99999.,-99999.
122536,821049,-51.672893,-57.833933,0.,-1,-99999,-99999.,-99999.,-99999.,-99999.,-99999.,-99999.
122536,821067,-51.672893,-57.833915,0.1,-1,-99999,-99999.,-99999.,-99999.,-99999.,-99999.,-99999.
122536,821077,-51.672882,-57.833912,0.2,-1,-99999,-99999.,-99999.,-99999.,-99999.,-99999.,-99999.
122536,821109,-51.672833,-57.833882,0.4,-1,-99999,-99999.,-99999.,-99999.,-99999.,-99999.,-99999.
122536,821435,-51.67256,-57.834487,0.8,-1,-99999,-99999.,-99999.,-99999.,-99999.,-99999.,-99999.
122536,822699,-51.672877,-57.833843,0.2,-1,-99999,-99999.,-99999.,-99999.,-99999.,-99999.,-99999.
122536,823430,-51.67267,-57.834185,1.,-1,-99999,-99999.,-99999.,-99999.,-99999.,-99999.,-99999.
122536,823835,-51.673012,-57.833875,0.3,-1,-99999,-99999.,-99999.,-99999.,-99999.,-99999.,-99999.
122536,824887,-51.672488,-57.83443,0.9,-1,-99999,-99999.,-99999.,-99999.,-99999.,-99999.,-99999.
122536,825070,-51.672888,-57.833852,0.1,-1,-99999,-99999.,-99999.,-99999.,-99999.,-99999.,-99999.
122536,826329,-51.67256,-57.834513,0.4,-1,-99999,-99999.,-99999.,-99999.,-99999.,-99999.,-99999.
122536,826441,-51.672508,-57.83437,0.7,-1,-99999,-99999.,-99999.,-99999.,-99999.,-99999.,-99999.
122536,826444,-51.67251,-57.834358,0.7,-1,-99999,-99999.,-99999.,-99999.,-99999.,-99999.,-99999.
122536,826448,-51.672518,-57.834338,0.7,-1,-99999,-99999.,-99999.,-99999.,-99999.,-99999.,-99999.
122536,826451,-51.672523,-57.834323,0.7,-1,-99999,-99999.,-99999.,-99999.,-99999.,-99999.,-99999.
122536,826455,-51.672533,-57.834302,0.8,-1,-99999,-99999.,-99999.,-99999.,-99999.,-99999.,-99999.
122536,826456,-51.672533,-57.834302,0.8,-1,-99999,-99999.,-99999.,-99999.,-99999.,-99999.,-99999.
122536,826457,-51.67254,-57.834288,0.9,-1,-99999,-99999.,-99999.,-99999.,-99999.,-99999.,-99999.
122536,826462,-51.672555,-57.834262,0.9,-1,-99999,-99999.,-99999.,-99999.,-99999.,-99999.,-99999.
122536,826465,-51.672565,-57.834245,1.,-1,-99999,-99999.,-99999.,-99999.,-99999.,-99999.,-99999.
122536,826469,-51.672578,-57.834227,1.,-1,-99999,-99999.,-99999.,-99999.,-99999.,-99999.,-99999.
122536,826472,-51.672588,-57.834212,1.1,-1,-99999,-99999.,-99999.,-99999.,-99999.,-99999.,-99999.
122536,826473,-51.672588,-57.834212,1.1,-1,-99999,-99999.,-99999.,-99999.,-99999.,-99999.,-99999.
122536,826474,-51.6726,-57.834195,1.1,-1,-99999,-99999.,-99999.,-99999.,-99999.,-99999.,-99999.
122536,826475,-51.6726,-57.834195,1.1,-1,-99999,-99999.,-99999.,-99999.,-99999.,-99999.,-99999.
122536,826478,-51.672613,-57.834177,1.1,-1,-99999,-99999.,-99999.,-99999.,-99999.,-99999.,-99999.
122536,826479,-51.672613,-57.834177,1.1,-1,-99999,-99999.,-99999.,-99999.,-99999.,-99999.,-99999.
122536,826481,-51.67262,-57.834167,1.,-1,-99999,-99999.,-99999.,-99999.,-99999.,-99999.,-99999.
122536,826485,-51.672637,-57.834145,1.1,-1,-99999,-99999.,-99999.,-99999.,-99999.,-99999.,-99999.
122536,826486,-51.672637,-57.834145,1.1,-1,-99999,-99999.,-99999.,-99999.,-99999.,-99999.,-99999.
122536,826488,-51.672643,-57.83414,1.1,-1,-99999,-99999.,-99999.,-99999.,-99999.,-99999.,-99999.
122536,826489,-51.672643,-57.83414,1.1,-1,-99999,-99999.,-99999.,-99999.,-99999.,-99999.,-99999.
122536,826491,-51.672655,-57.83413,1.1,-1,-99999,-99999.,-99999.,-99999.,-99999.,-99999.,-99999.
122536,826494,-51.672667,-57.834117,1.2,-1,-99999,-99999.,-99999.,-99999.,-99999.,-99999.,-99999.
122536,826497,-51.672683,-57.834102,1.1,-1,-99999,-99999.,-99999.,-99999.,-99999.,-99999.,-99999.
122536,826498,-51.672683,-57.834102,1.1,-1,-99999,-99999.,-99999.,-99999.,-99999.,-99999.,-99999.
122536,826507,-51.672722,-57.834065,1.,-1,-99999,-99999.,-99999.,-99999.,-99999.,-99999.,-99999.
122536,826508,-51.672722,-57.834065,1.,-1,-99999,-99999.,-99999.,-99999.,-99999.,-99999.,-99999.
122536,826517,-51.672763,-57.834022,1.,-1,-99999,-99999.,-99999.,-99999.,-99999.,-99999.,-99999.
122536,826529,-51.6728,-57.833957,1.,-1,-99999,-99999.,-99999.,-99999.,-99999.,-99999.,-99999.
122536,826548,-51.672868,-57.83388,0.9,-1,-99999,-99999.,-99999.,-99999.,-99999.,-99999.,-99999.
122536,826549,-51.672868,-57.83388,0.9,-1,-99999,-99999.,-99999.,-99999.,-99999.,-99999.,-99999.
122536,826557,-51.672903,-57.833847,0.8,-1,-99999,-99999.,-99999.,-99999.,-99999.,-99999.,-99999.
122536,826558,-51.672903,-57.833847,0.8,-1,-99999,-99999.,-99999.,-99999.,-99999.,-99999.,-99999.
122536,826567,-51.672932,-57.833822,0.8,-1,-99999,-99999.,-99999.,-99999.,-99999.,-99999.,-99999.
122536,826568,-51.672932,-57.833822,0.8,-1,-99999,-99999.,-99999.,-99999.,-99999.,-99999.,-99999.
122536,826589,-51.673008,-57.833782,0.5,-1,-99999,-99999.,-99999.,-99999.,-99999.,-99999.,-99999.
122536,826592,-51.673018,-57.833778,0.4,-1,-99999,-99999.,-99999.,-99999.,-99999.,-99999.,-99999.
122536,826594,-51.673023,-57.833773,0.5,-1,-99999,-99999.,-99999.,-99999.,-99999.,-99999.,-99999.
122536,826598,-51.673035,-57.83376,0.5,-1,-99999,-99999.,-99999.,-99999.,-99999.,-99999.,-99999.
122536,826599,-51.673035,-57.83376,0.5,-1,-99999,-99999.,-99999.,-99999.,-99999.,-99999.,-99999.
122536,826601,-51.67304,-57.833755,0.5,-1,-99999,-99999.,-99999.,-99999.,-99999.,-99999.,-99999.
122536,826605,-51.673048,-57.833747,0.4,-1,-99999,-99999.,-99999.,-99999.,-99999.,-99999.,-99999.
122536,826606,-51.673048,-57.833747,0.4,-1,-99999,-99999.,-99999.,-99999.,-99999.,-99999.,-99999.
122536,826611,-51.673058,-57.83374,0.3,-1,-99999,-99999.,-99999.,-99999.,-99999.,-99999.,-99999.
122536,826615,-51.673065,-57.833733,0.4,-1,-99999,-99999.,-99999.,-99999.,-99999.,-99999.,-99999.
122536,826616,-51.673065,-57.833733,0.4,-1,-99999,-99999.,-99999.,-99999.,-99999.,-99999.,-99999.
122536,826619,-51.67307,-57.833728,0.4,-1,-99999,-99999.,-99999.,-99999.,-99999.,-99999.,-99999.
122536,826621,-51.673072,-57.833725,0.3,-1,-99999,-99999.,-99999.,-99999.,-99999.,-99999.,-99999.
122536,826625,-51.673077,-57.833722,0.2,-1,-99999,-99999.,-99999.,-99999.,-99999.,-99999.,-99999.
122536,826626,-51.673077,-57.833722,0.2,-1,-99999,-99999.,-99999.,-99999.,-99999.,-99999.,-99999.
122536,826627,-51.673077,-57.833722,0.2,-1,-99999,-99999.,-99999.,-99999.,-99999.,-99999.,-99999.
122536,826628,-51.673077,-57.833722,0.2,-1,-99999,-99999.,-99999.,-99999.,-99999.,-99999.,-99999.
122536,826630,-51.67308,-57.833717,0.3,-1,-99999,-99999.,-99999.,-99999.,-99999.,-99999.,-99999.
122536,826631,-51.67308,-57.833717,0.3,-1,-99999,-99999.,-99999.,-99999.,-99999.,-99999.,-99999.
122536,826634,-51.673082,-57.833717,0.3,-1,-99999,-99999.,-99999.,-99999.,-99999.,-99999.,-99999.
122536,826637,-51.673083,-57.833718,0.2,-1,-99999,-99999.,-99999.,-99999.,-99999.,-99999.,-99999.
122536,826642,-51.673085,-57.833712,0.1,-1,-99999,-99999.,-99999.,-99999.,-99999.,-99999.,-99999.
122536,826643,-51.673085,-57.833712,0.1,-1,-99999,-99999.,-99999.,-99999.,-99999.,-99999.,-99999.
122536,826645,-51.673083,-57.833707,0.1,-1,-99999,-99999.,-99999.,-99999.,-99999.,-99999.,-99999.
122536,826649,-51.673082,-57.833705,0.1,-1,-99999,-99999.,-99999.,-99999.,-99999.,-99999.,-99999.
122536,826650,-51.673082,-57.833705,0.1,-1,-99999,-99999.,-99999.,-99999.,-99999.,-99999.,-99999.
122536,826651,-51.673082,-57.833705,0.1,-1,-99999,-99999.,-99999.,-99999.,-99999.,-99999.,-99999.
122536,826658,-51.673068,-57.833722,0.2,-1,-99999,-99999.,-99999.,-99999.,-99999.,-99999.,-99999.
122536,826659,-51.673068,-57.833722,0.2,-1,-99999,-99999.,-99999.,-99999.,-99999.,-99999.,-99999.
122536,826669,-51.673055,-57.833722,0.1,-1,-99999,-99999.,-99999.,-99999.,-99999.,-99999.,-99999.
122536,826687,-51.673055,-57.83371,0.3,-1,-99999,-99999.,-99999.,-99999.,-99999.,-99999.,-99999.
122536,826688,-51.673055,-57.83371,0.3,-1,-99999,-99999.,-99999.,-99999.,-99999.,-99999.,-99999.
122536,826697,-51.673038,-57.833708,0.6,-1,-99999,-99999.,-99999.,-99999.,-99999.,-99999.,-99999.
122536,826714,-51.67299,-57.83371,0.7,-1,-99999,-99999.,-99999.,-99999.,-99999.,-99999.,-99999.
122536,826715,-51.67299,-57.83371,0.7,-1,-99999,-99999.,-99999.,-99999.,-99999.,-99999.,-99999.
122536,826725,-51.672945,-57.833755,0.9,-1,-99999,-99999.,-99999.,-99999.,-99999.,-99999.,-99999.
122536,826726,-51.672945,-57.833755,0.9,-1,-99999,-99999.,-99999.,-99999.,-99999.,-99999.,-99999.
122536,826742,-51.672888,-57.833822,1.1,-1,-99999,-99999.,-99999.,-99999.,-99999.,-99999.,-99999.
122536,826748,-51.672865,-57.833843,1.,-1,-99999,-99999.,-99999.,-99999.,-99999.,-99999.,-99999.
122536,826770,-51.672778,-57.833952,0.9,-1,-99999,-99999.,-99999.,-99999.,-99999.,-99999.,-99999.
122536,826778,-51.672753,-57.833998,1.,-1,-99999,-99999.,-99999.,-99999.,-99999.,-99999.,-99999.
122536,826839,-51.672603,-57.83426,0.7,-1,-99999,-99999.,-99999.,-99999.,-99999.,-99999.,-99999.
122536,826868,-51.672568,-57.834353,0.4,-1,-99999,-99999.,-99999.,-99999.,-99999.,-99999.,-99999.
122536,826894,-51.672545,-57.834407,0.3,-1,-99999,-99999.,-99999.,-99999.,-99999.,-99999.,-99999.
122536,828796,-51.673062,-57.83367,0.5,-1,-99999,-99999.,-99999.,-99999.,-99999.,-99999.,-99999.
122536,830050,-51.672543,-57.834235,0.6,-1,-99999,-99999.,-99999.,-99999.,-99999.,-99999.,-99999.
122536,830401,-51.67273,-57.834007,0.9,-1,-99999,-99999.,-99999.,-99999.,-99999.,-99999.,-99999.
122536,831272,-51.673095,-57.833692,0.2,-1,-99999,-99999.,-99999.,-99999.,-99999.,-99999.,-99999.
122536,832277,-51.673002,-57.833728,0.2,-1,-99999,-99999.,-99999.,-99999.,-99999.,-99999.,-99999.
122536,832278,-51.673002,-57.833728,0.2,-1,-99999,-99999.,-99999.,-99999.,-99999.,-99999.,-99999.
122536,832280,-51.673005,-57.833725,0.1,-1,-99999,-99999.,-99999.,-99999.,-99999.,-99999.,-99999.
122536,832281,-51.673005,-57.833725,0.1,-1,-99999,-99999.,-99999.,-99999.,-99999.,-99999.,-99999.
122536,832284,-51.673007,-57.833725,0.2,-1,-99999,-99999.,-99999.,-99999.,-99999.,-99999.,-99999.
122536,832286,-51.673007,-57.833725,0.2,-1,-99999,-99999.,-99999.,-99999.,-99999.,-99999.,-99999.
122536,832287,-51.673008,-57.833723,0.3,-1,-99999,-99999.,-99999.,-99999.,-99999.,-99999.,-99999.
122536,832294,-51.673008,-57.83372,0.1,-1,-99999,-99999.,-99999.,-99999.,-99999.,-99999.,-99999.
122536,832296,-51.673008,-57.833717,0.,-1,-99999,-99999.,-99999.,-99999.,-99999.,-99999.,-99999.
122536,832304,-51.673005,-57.833703,0.2,-1,-99999,-99999.,-99999.,-99999.,-99999.,-99999.,-99999.
122536,832307,-51.673008,-57.833723,0.3,-1,-99999,-99999.,-99999.,-99999.,-99999.,-99999.,-99999.
122536,832308,-51.673005,-57.8337,0.2,-1,-99999,-99999.,-99999.,-99999.,-99999.,-99999.,-99999.
122536,832318,-51.673002,-57.833678,0.3,-1,-99999,-99999.,-99999.,-99999.,-99999.,-99999.,-99999.
122536,832338,-51.672967,-57.833693,0.5,-1,-99999,-99999.,-99999.,-99999.,-99999.,-99999.,-99999.
122536,832347,-51.672943,-57.833683,0.5,-1,-99999,-99999.,-99999.,-99999.,-99999.,-99999.,-99999.
122536,832348,-51.672943,-57.833683,0.5,-1,-99999,-99999.,-99999.,-99999.,-99999.,-99999.,-99999.
122536,832356,-51.672918,-57.833683,0.6,-1,-99999,-99999.,-99999.,-99999.,-99999.,-99999.,-99999.
122536,832360,-51.672905,-57.833685,0.6,-1,-99999,-99999.,-99999.,-99999.,-99999.,-99999.,-99999.
122536,832361,-51.672905,-57.833685,0.6,-1,-99999,-99999.,-99999.,-99999.,-99999.,-99999.,-99999.
122536,832363,-51.672893,-57.83369,0.7,-1,-99999,-99999.,-99999.,-99999.,-99999.,-99999.,-99999.
122536,832364,-51.672893,-57.83369,0.7,-1,-99999,-99999.,-99999.,-99999.,-99999.,-99999.,-99999.
122536,832367,-51.67288,-57.833702,0.6,-1,-99999,-99999.,-99999.,-99999.,-99999.,-99999.,-99999.
122536,832368,-51.67288,-57.833702,0.6,-1,-99999,-99999.,-99999.,-99999.,-99999.,-99999.,-99999.
122536,832370,-51.672872,-57.833712,0.7,-1,-99999,-99999.,-99999.,-99999.,-99999.,-99999.,-99999.
122536,832371,-51.672872,-57.833712,0.7,-1,-99999,-99999.,-99999.,-99999.,-99999.,-99999.,-99999.
122536,832374,-51.67286,-57.833727,0.7,-1,-99999,-99999.,-99999.,-99999.,-99999.,-99999.,-99999.
122536,832375,-51.67286,-57.833727,0.7,-1,-99999,-99999.,-99999.,-99999.,-99999.,-99999.,-99999.
122536,832378,-51.672852,-57.833743,0.8,-1,-99999,-99999.,-99999.,-99999.,-99999.,-99999.,-99999.
122536,832383,-51.672842,-57.833762,0.9,-1,-99999,-99999.,-99999.,-99999.,-99999.,-99999.,-99999.
122536,832386,-51.67283,-57.833778,0.9,-1,-99999,-99999.,-99999.,-99999.,-99999.,-99999.,-99999.
122536,832387,-51.67283,-57.833778,0.9,-1,-99999,-99999.,-99999.,-99999.,-99999.,-99999.,-99999.
122536,832390,-51.672825,-57.833797,0.9,-1,-99999,-99999.,-99999.,-99999.,-99999.,-99999.,-99999.
122536,832393,-51.67282,-57.833808,0.9,-1,-99999,-99999.,-99999.,-99999.,-99999.,-99999.,-99999.
122536,832397,-51.67281,-57.833822,0.9,-1,-99999,-99999.,-99999.,-99999.,-99999.,-99999.,-99999.
122536,832398,-51.67281,-57.833822,0.9,-1,-99999,-99999.,-99999.,-99999.,-99999.,-99999.,-99999.
122536,832400,-51.672803,-57.833835,1.,-1,-99999,-99999.,-99999.,-99999.,-99999.,-99999.,-99999.
122536,832401,-51.672803,-57.833835,1.,-1,-99999,-99999.,-99999.,-99999.,-99999.,-99999.,-99999.
122536,832403,-51.672797,-57.833852,1.,-1,-99999,-99999.,-99999.,-99999.,-99999.,-99999.,-99999.
122536,832404,-51.672797,-57.833852,1.,-1,-99999,-99999.,-99999.,-99999.,-99999.,-99999.,-99999.
122536,832407,-51.67278,-57.833875,1.,-1,-99999,-99999.,-99999.,-99999.,-99999.,-99999.,-99999.
122536,832408,-51.67278,-57.833875,1.,-1,-99999,-99999.,-99999.,-99999.,-99999.,-99999.,-99999.
122536,832417,-51.672757,-57.833917,1.,-1,-99999,-99999.,-99999.,-99999.,-99999.,-99999.,-99999.
122536,832438,-51.672688,-57.834038,0.9,-1,-99999,-99999.,-99999.,-99999.,-99999.,-99999.,-99999.
122536,832446,-51.672675,-57.83407,0.9,-1,-99999,-99999.,-99999.,-99999.,-99999.,-99999.,-99999.
122536,832447,-51.672675,-57.83407,0.9,-1,-99999,-99999.,-99999.,-99999.,-99999.,-99999.,-99999.
122536,832457,-51.672648,-57.834128,0.9,-1,-99999,-99999.,-99999.,-99999.,-99999.,-99999.,-99999.
122536,832458,-51.672648,-57.834128,0.9,-1,-99999,-99999.,-99999.,-99999.,-99999.,-99999.,-99999.
122536,832467,-51.672623,-57.834178,0.8,-1,-99999,-99999.,-99999.,-99999.,-99999.,-99999.,-99999.
122536,832468,-51.672623,-57.834178,0.8,-1,-99999,-99999.,-99999.,-99999.,-99999.,-99999.,-99999.
122536,832478,-51.672603,-57.83422,0.8,-1,-99999,-99999.,-99999.,-99999.,-99999.,-99999.,-99999.
122536,832487,-51.672578,-57.834263,0.6,-1,-99999,-99999.,-99999.,-99999.,-99999.,-99999.,-99999.
122536,832488,-51.672578,-57.834263,0.6,-1,-99999,-99999.,-99999.,-99999.,-99999.,-99999.,-99999.
122536,832498,-51.672558,-57.834307,0.8,-1,-99999,-99999.,-99999.,-99999.,-99999.,-99999.,-99999.
122536,832508,-51.672542,-57.834337,0.5,-1,-99999,-99999.,-99999.,-99999.,-99999.,-99999.,-99999.
122536,832516,-51.672528,-57.83436,0.6,-1,-99999,-99999.,-99999.,-99999.,-99999.,-99999.,-99999.
122536,832517,-51.672528,-57.83436,0.6,-1,-99999,-99999.,-99999.,-99999.,-99999.,-99999.,-99999.
122536,832526,-51.67252,-57.834385,0.3,-1,-99999,-99999.,-99999.,-99999.,-99999.,-99999.,-99999.
122536,832527,-51.67252,-57.834385,0.3,-1,-99999,-99999.,-99999.,-99999.,-99999.,-99999.,-99999.
122536,832547,-51.672505,-57.834435,0.2,-1,-99999,-99999.,-99999.,-99999.,-99999.,-99999.,-99999.
122536,832548,-51.672505,-57.834435,0.2,-1,-99999,-99999.,-99999.,-99999.,-99999.,-99999.,-99999.
122536,832550,-51.672503,-57.834442,0.3,-1,-99999,-99999.,-99999.,-99999.,-99999.,-99999.,-99999.
122536,832551,-51.672503,-57.834442,0.3,-1,-99999,-99999.,-99999.,-99999.,-99999.,-99999.,-99999.
122536,832560,-51.6725,-57.834442,0.2,-1,-99999,-99999.,-99999.,-99999.,-99999.,-99999.,-99999.
122536,832561,-51.6725,-57.834442,0.2,-1,-99999,-99999.,-99999.,-99999.,-99999.,-99999.,-99999.
122536,832568,-51.672498,-57.834442,0.1,-1,-99999,-99999.,-99999.,-99999.,-99999.,-99999.,-99999.
122536,832576,-51.67249,-57.834452,0.2,-1,-99999,-99999.,-99999.,-99999.,-99999.,-99999.,-99999.
122536,832577,-51.67249,-57.834452,0.2,-1,-99999,-99999.,-99999.,-99999.,-99999.,-99999.,-99999.
122536,832586,-51.67248,-57.834455,0.2,-1,-99999,-99999.,-99999.,-99999.,-99999.,-99999.,-99999.
122536,832587,-51.67248,-57.834455,0.2,-1,-99999,-99999.,-99999.,-99999.,-99999.,-99999.,-99999.
122536,832598,-51.672472,-57.834445,0.2,-1,-99999,-99999.,-99999.,-99999.,-99999.,-99999.,-99999.
122536,832608,-51.672477,-57.834415,0.4,-1,-99999,-99999.,-99999.,-99999.,-99999.,-99999.,-99999.
122536,832616,-51.672483,-57.834398,0.5,-1,-99999,-99999.,-99999.,-99999.,-99999.,-99999.,-99999.
122536,832617,-51.672483,-57.834398,0.5,-1,-99999,-99999.,-99999.,-99999.,-99999.,-99999.,-99999.
122536,832628,-51.672493,-57.834355,0.6,-1,-99999,-99999.,-99999.,-99999.,-99999.,-99999.,-99999.
122536,832637,-51.672497,-57.834303,0.7,-1,-99999,-99999.,-99999.,-99999.,-99999.,-99999.,-99999.
122536,832640,-51.672507,-57.834282,0.9,-1,-99999,-99999.,-99999.,-99999.,-99999.,-99999.,-99999.
122536,832641,-51.672507,-57.834282,0.9,-1,-99999,-99999.,-99999.,-99999.,-99999.,-99999.,-99999.
122536,832644,-51.672512,-57.834262,0.7,-1,-99999,-99999.,-99999.,-99999.,-99999.,-99999.,-99999.
122536,832646,-51.672518,-57.834252,0.7,-1,-99999,-99999.,-99999.,-99999.,-99999.,-99999.,-99999.
122536,832659,-51.672547,-57.834177,1.,-1,-99999,-99999.,-99999.,-99999.,-99999.,-99999.,-99999.
122536,832688,-51.672645,-57.83401,1.1,-1,-99999,-99999.,-99999.,-99999.,-99999.,-99999.,-99999.
122536,832799,-51.672978,-57.833713,0.4,-1,-99999,-99999.,-99999.,-99999.,-99999.,-99999.,-99999.
122536,832888,-51.672865,-57.833667,0.7,-1,-99999,-99999.,-99999.,-99999.,-99999.,-99999.,-99999.
122536,832904,-51.672812,-57.83373,1.1,-1,-99999,-99999.,-99999.,-99999.,-99999.,-99999.,-99999.
122536,833836,-51.673017,-57.833643,0.4,-1,-99999,-99999.,-99999.,-99999.,-99999.,-99999.,-99999.
122536,835018,-51.673062,-57.83356,0.2,-1,-99999,-99999.,-99999.,-99999.,-99999.,-99999.,-99999.
122536,835078,-51.673037,-57.833505,0.3,-1,-99999,-99999.,-99999.,-99999.,-99999.,-99999.,-99999.
122536,835731,-51.672912,-57.833598,0.9,-1,-99999,-99999.,-99999.,-99999.,-99999.,-99999.,-99999.
122536,836266,-51.673053,-57.833518,0.7,-1,-99999,-99999.,-99999.,-99999.,-99999.,-99999.,-99999.
122536,837529,-51.672568,-57.834025,0.1,-1,-99999,-99999.,-99999.,-99999.,-99999.,-99999.,-99999.
122536,838152,-51.672667,-57.833748,0.8,-1,-99999,-99999.,-99999.,-99999.,-99999.,-99999.,-99999.
122536,838156,-51.672677,-57.833748,0.9,-1,-99999,-99999.,-99999.,-99999.,-99999.,-99999.,-99999.
122536,838160,-51.67269,-57.833738,1.,-1,-99999,-99999.,-99999.,-99999.,-99999.,-99999.,-99999.
122536,838164,-51.6727,-57.83373,1.,-1,-99999,-99999.,-99999.,-99999.,-99999.,-99999.,-99999.
122536,838167,-51.672715,-57.833717,1.,-1,-99999,-99999.,-99999.,-99999.,-99999.,-99999.,-99999.
122536,838177,-51.672753,-57.833693,1.,-1,-99999,-99999.,-99999.,-99999.,-99999.,-99999.,-99999.
122536,838186,-51.672715,-57.833717,1.,-1,-99999,-99999.,-99999.,-99999.,-99999.,-99999.,-99999.
122536,838187,-51.672792,-57.83367,1.,-1,-99999,-99999.,-99999.,-99999.,-99999.,-99999.,-99999.
122536,838196,-51.672837,-57.833647,0.9,-1,-99999,-99999.,-99999.,-99999.,-99999.,-99999.,-99999.
122536,838207,-51.672882,-57.833627,0.9,-1,-99999,-99999.,-99999.,-99999.,-99999.,-99999.,-99999.
122536,838208,-51.672882,-57.833627,0.9,-1,-99999,-99999.,-99999.,-99999.,-99999.,-99999.,-99999.
122536,838215,-51.672917,-57.833613,0.9,-1,-99999,-99999.,-99999.,-99999.,-99999.,-99999.,-99999.
122536,838216,-51.672917,-57.833613,0.9,-1,-99999,-99999.,-99999.,-99999.,-99999.,-99999.,-99999.
122536,838227,-51.672967,-57.833585,0.8,-1,-99999,-99999.,-99999.,-99999.,-99999.,-99999.,-99999.
122536,838236,-51.673,-57.833563,0.8,-1,-99999,-99999.,-99999.,-99999.,-99999.,-99999.,-99999.
122536,838237,-51.673,-57.833563,0.8,-1,-99999,-99999.,-99999.,-99999.,-99999.,-99999.,-99999.
122536,838246,-51.673032,-57.833547,0.7,-1,-99999,-99999.,-99999.,-99999.,-99999.,-99999.,-99999.
122536,838255,-51.673063,-57.833545,0.7,-1,-99999,-99999.,-99999.,-99999.,-99999.,-99999.,-99999.
122536,838267,-51.673093,-57.833535,0.5,-1,-99999,-99999.,-99999.,-99999.,-99999.,-99999.,-99999.
122536,838268,-51.673093,-57.833535,0.5,-1,-99999,-99999.,-99999.,-99999.,-99999.,-99999.,-99999.
122536,838272,-51.673105,-57.83353,0.5,-1,-99999,-99999.,-99999.,-99999.,-99999.,-99999.,-99999.
122536,838273,-51.673105,-57.83353,0.5,-1,-99999,-99999.,-99999.,-99999.,-99999.,-99999.,-99999.
122536,838275,-51.673112,-57.833528,0.5,-1,-99999,-99999.,-99999.,-99999.,-99999.,-99999.,-99999.
122536,838276,-51.673112,-57.833528,0.5,-1,-99999,-99999.,-99999.,-99999.,-99999.,-99999.,-99999.
122536,838279,-51.673118,-57.833525,0.5,-1,-99999,-99999.,-99999.,-99999.,-99999.,-99999.,-99999.
122536,838284,-51.673133,-57.833523,0.5,-1,-99999,-99999.,-99999.,-99999.,-99999.,-99999.,-99999.
122536,838287,-51.673147,-57.833525,0.4,-1,-99999,-99999.,-99999.,-99999.,-99999.,-99999.,-99999.
122536,838288,-51.673147,-57.833525,0.4,-1,-99999,-99999.,-99999.,-99999.,-99999.,-99999.,-99999.
122536,838290,-51.673152,-57.833527,0.4,-1,-99999,-99999.,-99999.,-99999.,-99999.,-99999.,-99999.
122536,838294,-51.67316,-57.833527,0.3,-1,-99999,-99999.,-99999.,-99999.,-99999.,-99999.,-99999.
122536,838296,-51.673167,-57.833525,0.4,-1,-99999,-99999.,-99999.,-99999.,-99999.,-99999.,-99999.
122536,838297,-51.673167,-57.833525,0.4,-1,-99999,-99999.,-99999.,-99999.,-99999.,-99999.,-99999.
122536,838300,-51.673177,-57.833523,0.4,-1,-99999,-99999.,-99999.,-99999.,-99999.,-99999.,-99999.
122536,838303,-51.673182,-57.83352,0.3,-1,-99999,-99999.,-99999.,-99999.,-99999.,-99999.,-99999.
122536,838306,-51.673183,-57.83352,0.2,-1,-99999,-99999.,-99999.,-99999.,-99999.,-99999.,-99999.
122536,838310,-51.673185,-57.83352,0.1,-1,-99999,-99999.,-99999.,-99999.,-99999.,-99999.,-99999.
122536,838313,-51.673188,-57.833518,0.2,-1,-99999,-99999.,-99999.,-99999.,-99999.,-99999.,-99999.
122536,838314,-51.673188,-57.833518,0.2,-1,-99999,-99999.,-99999.,-99999.,-99999.,-99999.,-99999.
122536,838315,-51.673188,-57.833517,0.2,-1,-99999,-99999.,-99999.,-99999.,-99999.,-99999.,-99999.
122536,838316,-51.673188,-57.833517,0.2,-1,-99999,-99999.,-99999.,-99999.,-99999.,-99999.,-99999.
122536,838320,-51.673192,-57.83351,0.2,-1,-99999,-99999.,-99999.,-99999.,-99999.,-99999.,-99999.
122536,838321,-51.673192,-57.83351,0.2,-1,-99999,-99999.,-99999.,-99999.,-99999.,-99999.,-99999.
122536,838323,-51.673192,-57.833507,0.1,-1,-99999,-99999.,-99999.,-99999.,-99999.,-99999.,-99999.
122536,838331,-51.67319,-57.833502,0.,-1,-99999,-99999.,-99999.,-99999.,-99999.,-99999.,-99999.
122536,838347,-51.673187,-57.833498,0.2,-1,-99999,-99999.,-99999.,-99999.,-99999.,-99999.,-99999.
122536,838348,-51.673187,-57.833498,0.2,-1,-99999,-99999.,-99999.,-99999.,-99999.,-99999.,-99999.
122536,838356,-51.673173,-57.833487,0.3,-1,-99999,-99999.,-99999.,-99999.,-99999.,-99999.,-99999.
122536,838357,-51.673173,-57.833487,0.3,-1,-99999,-99999.,-99999.,-99999.,-99999.,-99999.,-99999.
122536,838366,-51.673162,-57.833478,0.4,-1,-99999,-99999.,-99999.,-99999.,-99999.,-99999.,-99999.
122536,838375,-51.673145,-57.833467,0.5,-1,-99999,-99999.,-99999.,-99999.,-99999.,-99999.,-99999.
122536,838376,-51.673145,-57.833467,0.5,-1,-99999,-99999.,-99999.,-99999.,-99999.,-99999.,-99999.
122536,838387,-51.673115,-57.833452,0.6,-1,-99999,-99999.,-99999.,-99999.,-99999.,-99999.,-99999.
122536,838388,-51.673115,-57.833452,0.6,-1,-99999,-99999.,-99999.,-99999.,-99999.,-99999.,-99999.
122536,838393,-51.67309,-57.833457,0.6,-1,-99999,-99999.,-99999.,-99999.,-99999.,-99999.,-99999.
122536,838394,-51.67309,-57.833457,0.6,-1,-99999,-99999.,-99999.,-99999.,-99999.,-99999.,-99999.
122536,838396,-51.673085,-57.833458,0.6,-1,-99999,-99999.,-99999.,-99999.,-99999.,-99999.,-99999.
122536,838399,-51.673075,-57.833455,0.7,-1,-99999,-99999.,-99999.,-99999.,-99999.,-99999.,-99999.
122536,838402,-51.673067,-57.833458,0.7,-1,-99999,-99999.,-99999.,-99999.,-99999.,-99999.,-99999.
122536,838403,-51.673067,-57.833458,0.7,-1,-99999,-99999.,-99999.,-99999.,-99999.,-99999.,-99999.
122536,838410,-51.67305,-57.833473,0.9,-1,-99999,-99999.,-99999.,-99999.,-99999.,-99999.,-99999.
122536,838412,-51.673037,-57.833485,0.9,-1,-99999,-99999.,-99999.,-99999.,-99999.,-99999.,-99999.
122536,838413,-51.673037,-57.833485,0.9,-1,-99999,-99999.,-99999.,-99999.,-99999.,-99999.,-99999.
122536,838416,-51.67302,-57.833497,1.,-1,-99999,-99999.,-99999.,-99999.,-99999.,-99999.,-99999.
122536,838417,-51.67302,-57.833497,1.,-1,-99999,-99999.,-99999.,-99999.,-99999.,-99999.,-99999.
122536,838419,-51.673005,-57.833508,0.9,-1,-99999,-99999.,-99999.,-99999.,-99999.,-99999.,-99999.
122536,838422,-51.672995,-57.83352,0.9,-1,-99999,-99999.,-99999.,-99999.,-99999.,-99999.,-99999.
122536,838423,-51.672995,-57.83352,0.9,-1,-99999,-99999.,-99999.,-99999.,-99999.,-99999.,-99999.
122536,838426,-51.672982,-57.833538,1.,-1,-99999,-99999.,-99999.,-99999.,-99999.,-99999.,-99999.
122536,838447,-51.672882,-57.833652,1.,-1,-99999,-99999.,-99999.,-99999.,-99999.,-99999.,-99999.
122536,838448,-51.672882,-57.833652,1.,-1,-99999,-99999.,-99999.,-99999.,-99999.,-99999.,-99999.
122536,838465,-51.672817,-57.833727,0.9,-1,-99999,-99999.,-99999.,-99999.,-99999.,-99999.,-99999.
122536,838466,-51.672817,-57.833727,0.9,-1,-99999,-99999.,-99999.,-99999.,-99999.,-99999.,-99999.
122536,838486,-51.672742,-57.833808,0.8,-1,-99999,-99999.,-99999.,-99999.,-99999.,-99999.,-99999.
122536,838495,-51.672718,-57.83384,0.8,-1,-99999,-99999.,-99999.,-99999.,-99999.,-99999.,-99999.
122536,838496,-51.672718,-57.83384,0.8,-1,-99999,-99999.,-99999.,-99999.,-99999.,-99999.,-99999.
122536,838507,-51.672693,-57.833878,0.7,-1,-99999,-99999.,-99999.,-99999.,-99999.,-99999.,-99999.
122536,838517,-51.67268,-57.833918,0.6,-1,-99999,-99999.,-99999.,-99999.,-99999.,-99999.,-99999.
122536,838526,-51.672665,-57.83395,0.5,-1,-99999,-99999.,-99999.,-99999.,-99999.,-99999.,-99999.
122536,838546,-51.672638,-57.833997,0.3,-1,-99999,-99999.,-99999.,-99999.,-99999.,-99999.,-99999.
122536,838555,-51.67263,-57.834003,0.3,-1,-99999,-99999.,-99999.,-99999.,-99999.,-99999.,-99999.
122536,838585,-51.672602,-57.834005,0.1,-1,-99999,-99999.,-99999.,-99999.,-99999.,-99999.,-99999.
122536,838586,-51.672602,-57.834005,0.1,-1,-99999,-99999.,-99999.,-99999.,-99999.,-99999.,-99999.
122536,838615,-51.672602,-57.833943,0.2,-1,-99999,-99999.,-99999.,-99999.,-99999.,-99999.,-99999.
122536,838616,-51.672602,-57.833943,0.2,-1,-99999,-99999.,-99999.,-99999.,-99999.,-99999.,-99999.
122536,838627,-51.672608,-57.83392,0.3,-1,-99999,-99999.,-99999.,-99999.,-99999.,-99999.,-99999.
122536,838645,-51.672623,-57.833862,0.5,-1,-99999,-99999.,-99999.,-99999.,-99999.,-99999.,-99999.
122536,838646,-51.672623,-57.833862,0.5,-1,-99999,-99999.,-99999.,-99999.,-99999.,-99999.,-99999.
122536,838653,-51.672627,-57.833832,0.6,-1,-99999,-99999.,-99999.,-99999.,-99999.,-99999.,-99999.
122536,838660,-51.672638,-57.8338,0.7,-1,-99999,-99999.,-99999.,-99999.,-99999.,-99999.,-99999.
122536,838672,-51.672662,-57.833757,0.6,-1,-99999,-99999.,-99999.,-99999.,-99999.,-99999.,-99999.
122536,838676,-51.672673,-57.833745,0.8,-1,-99999,-99999.,-99999.,-99999.,-99999.,-99999.,-99999.
122536,838677,-51.672673,-57.833745,0.8,-1,-99999,-99999.,-99999.,-99999.,-99999.,-99999.,-99999.
122536,838680,-51.67269,-57.833735,0.9,-1,-99999,-99999.,-99999.,-99999.,-99999.,-99999.,-99999.
122536,838681,-51.67269,-57.833735,0.9,-1,-99999,-99999.,-99999.,-99999.,-99999.,-99999.,-99999.
122536,838687,-51.672712,-57.833727,0.8,-1,-99999,-99999.,-99999.,-99999.,-99999.,-99999.,-99999.
122536,838691,-51.672725,-57.833722,0.8,-1,-99999,-99999.,-99999.,-99999.,-99999.,-99999.,-99999.
122536,838694,-51.672743,-57.833707,0.9,-1,-99999,-99999.,-99999.,-99999.,-99999.,-99999.,-99999.
122536,838810,-51.673093,-57.83354,0.4,-1,-99999,-99999.,-99999.,-99999.,-99999.,-99999.,-99999.
122536,840169,-51.672655,-57.833885,0.,-1,-99999,-99999.,-99999.,-99999.,-99999.,-99999.,-99999.
122536,855387,-51.455785,-57.710117,9.6,-19,-99999,-99999.,-99999.,-99999.,-99999.,-99999.,-99999.
122536,855408,-51.455082,-57.710865,9.5,-19,-99999,-99999.,-99999.,-99999.,-99999.,-99999.,-99999.
122536,860799,-51.259603,-57.92607,8.8,-8,-99999,31.1,-0.52,9.8,14.700000000000001,0.06,0.04
122536,860889,-51.256533,-57.92944,9.3,-8,-99999,31.1,-0.52,9.8,14.4,0.06,0.04
122536,860918,-51.255442,-57.930617,8.3,-8,-99999,31.1,-0.52,9.8,14.200000000000001,0.05,0.04
122536,860919,-51.255442,-57.930617,8.3,-8,-99999,31.1,-0.52,9.8,14.200000000000001,0.05,0.04
122536,860937,-51.25478,-57.931393,9.4,-8,-99999,31.1,-0.52,9.8,14.200000000000001,0.05,0.04
122536,860938,-51.25478,-57.931393,9.4,-8,-99999,31.1,-0.52,9.8,14.200000000000001,0.05,0.04
122536,860948,-51.254393,-57.931813,8.5,-8,-99999,31.1,-0.52,9.9,14.100000000000001,0.05,0.04
122536,860949,-51.254393,-57.931813,8.5,-8,-99999,31.1,-0.52,9.9,14.100000000000001,0.05,0.04
122536,860969,-51.253653,-57.932643,9.4,-8,-99999,31.1,-0.52,9.9,14.100000000000001,0.05,0.04
122536,860979,-51.25334,-57.933035,9.2,-8,-99999,31.1,-0.52,9.9,14.,0.05,0.04
122536,860997,-51.252663,-57.93384,10.3,-8,-99999,31.1,-0.52,9.9,13.9,0.05,0.04
122536,860998,-51.252663,-57.93384,10.3,-8,-99999,31.1,-0.52,9.9,13.9,0.05,0.04
122536,861008,-51.252262,-57.934287,9.8,-8,-99999,31.1,-0.52,9.9,13.9,0.05,0.04
122536,861009,-51.252262,-57.934287,9.8,-8,-99999,31.1,-0.52,9.9,13.9,0.05,0.04
122536,861029,-51.251522,-57.935182,9.8,-8,-99999,31.1,-0.52,9.9,13.8,0.05,0.04
122536,861039,-51.251188,-57.93552,9.7,-9,-99999,31.1,-0.52,9.9,13.8,0.05,0.04
122536,861047,-51.250865,-57.935878,9.,-9,-99999,31.1,-0.52,9.9,13.700000000000001,0.05,0.04
122536,861048,-51.250865,-57.935878,9.,-9,-99999,31.1,-0.52,9.9,13.700000000000001,0.05,0.04
122536,861069,-51.25012,-57.936778,9.1,-9,-99999,31.1,-0.52,9.9,13.700000000000001,0.05,0.04
122536,861077,-51.2498,-57.937107,9.1,-19,-99999,31.1,-0.52,9.9,13.600000000000001,0.05,0.04
122536,861098,-51.249072,-57.937835,8.8,-19,-99999,31.1,-0.52,9.9,13.600000000000001,0.05,0.04
122536,861099,-51.249072,-57.937835,8.8,-19,-99999,31.1,-0.52,9.9,13.600000000000001,0.05,0.04
122536,861107,-51.248788,-57.938212,9.2,-19,-99999,31.1,-0.52,9.9,13.5,0.05,0.04
122536,861108,-51.248788,-57.938212,9.2,-19,-99999,31.1,-0.52,9.9,13.5,0.05,0.04
122536,861117,-51.248455,-57.9386,9.4,-19,-99999,31.1,-0.52,9.9,13.5,0.05,0.04
122536,861118,-51.248455,-57.9386,9.4,-19,-99999,31.1,-0.52,9.9,13.5,0.05,0.04
122536,861129,-51.248078,-57.939015,9.2,-19,-99999,31.1,-0.52,9.9,13.5,0.05,0.04
122536,861138,-51.247733,-57.939375,8.7,-19,-99999,31.1,-0.52,9.9,13.4,0.05,0.04
122536,861148,-51.247357,-57.939825,9.2,-19,-99999,31.1,-0.52,9.9,13.4,0.05,0.04
122536,861150,-51.247357,-57.939825,9.2,-19,-99999,31.1,-0.52,9.9,13.4,0.05,0.04
122536,861158,-51.247047,-57.940213,9.4,-19,-99999,31.1,-0.52,9.9,13.3,0.05,0.04
122536,861159,-51.247047,-57.940213,9.4,-19,-99999,31.1,-0.52,9.9,13.3,0.05,0.04
122536,861168,-51.24673,-57.940597,9.8,-19,-99999,31.1,-0.52,9.9,13.3,0.05,0.04
122536,861177,-51.246355,-57.940977,9.1,-19,-99999,31.1,-0.52,9.9,13.3,0.05,0.04
122536,861178,-51.246355,-57.940977,9.1,-19,-99999,31.1,-0.52,9.9,13.3,0.05,0.04
122536,861189,-51.245953,-57.941395,9.6,-19,-99999,31.1,-0.52,9.9,13.200000000000001,0.04,0.04
122536,861198,-51.24561,-57.941795,9.,-19,-99999,31.1,-0.52,9.9,13.200000000000001,0.04,0.04
122536,861229,-51.244513,-57.943025,9.4,-19,-99999,31.1,-0.52,9.9,13.100000000000001,0.04,0.04
122536,861230,-51.244513,-57.943025,9.4,-19,-99999,31.1,-0.52,9.9,13.100000000000001,0.04,0.04
122536,861237,-51.244227,-57.943368,9.4,-19,-99999,31.1,-0.52,9.9,13.100000000000001,0.04,0.04
122536,861238,-51.244227,-57.943368,9.4,-19,-99999,31.1,-0.52,9.9,13.100000000000001,0.04,0.04
122536,861248,-51.243835,-57.943862,10.1,-19,-99999,31.1,-0.52,9.9,13.,0.04,0.04
122536,861249,-51.243835,-57.943862,10.1,-19,-99999,31.1,-0.52,9.9,13.,0.04,0.04
122536,861258,-51.24347,-57.944282,10.3,-19,-99999,31.1,-0.52,9.9,13.,0.04,0.04
122536,861268,-51.243062,-57.944705,9.,-19,-99999,31.1,-0.52,10.,13.,0.04,0.04
122536,861269,-51.243062,-57.944705,9.,-19,-99999,31.1,-0.52,10.,13.,0.04,0.04
122536,861289,-51.242337,-57.945515,9.2,-20,-99999,31.1,-0.52,10.,12.9,0.04,0.04
122536,861298,-51.242047,-57.94585,9.6,-20,-99999,31.1,-0.52,10.,12.9,0.04,0.04
122536,861308,-51.241642,-57.94631,8.9,-20,-99999,31.1,-0.52,10.,12.8,0.04,0.04
122536,861310,-51.241642,-57.94631,8.9,-20,-99999,31.1,-0.52,10.,12.8,0.04,0.04
122536,861318,-51.241278,-57.946708,9.,-20,-99999,31.1,-0.52,10.,12.8,0.04,0.04
122536,861349,-51.24019,-57.94795,9.1,-20,-99999,31.1,-0.52,10.,12.700000000000001,0.04,0.04
122536,861357,-51.2399,-57.948265,9.9,-20,-99999,31.1,-0.52,10.,12.700000000000001,0.04,0.04
122536,861358,-51.2399,-57.948265,9.9,-20,-99999,31.1,-0.52,10.,12.700000000000001,0.04,0.04
122536,861368,-51.239508,-57.948648,9.1,-20,-99999,31.1,-0.52,10.,12.600000000000001,0.04,0.04
122536,861369,-51.239508,-57.948648,9.1,-20,-99999,31.1,-0.52,10.,12.600000000000001,0.04,0.04
122536,861378,-51.239162,-57.94902,9.2,-20,-99999,31.1,-0.52,10.,12.600000000000001,0.04,0.04
122536,861388,-51.238825,-57.949453,9.4,-20,-99999,31.1,-0.52,10.,12.600000000000001,0.04,0.04
122536,861399,-51.23847,-57.94985,9.8,-20,-99999,31.1,-0.52,10.,12.5,0.04,0.04
122536,861409,-51.238073,-57.950257,9.,-20,-99999,31.1,-0.52,10.,12.5,0.04,0.04
122536,861430,-51.237408,-57.951022,8.7,-20,-99999,31.1,-0.52,10.,12.4,0.04,0.04
122536,866720,-51.053528,-58.15478,9.,-29,-99999,31.,-0.53,11.100000000000001,10.3,0.06,0.03
122536,866727,-51.053222,-58.15503,8.7,-30,-99999,31.,-0.53,11.100000000000001,10.3,0.06,0.03
122536,866728,-51.053222,-58.15503,8.7,-30,-99999,31.,-0.53,11.100000000000001,10.3,0.06,0.03
122536,866737,-51.052913,-58.155375,9.1,-30,-99999,31.,-0.53,11.100000000000001,10.3,0.06,0.03
122536,866746,-51.052575,-58.15575,8.8,-30,-99999,31.,-0.53,11.100000000000001,10.3,0.06,0.03
122536,866747,-51.052575,-58.15575,8.8,-30,-99999,31.,-0.53,11.100000000000001,10.3,0.06,0.03
122536,866756,-51.052267,-58.156105,9.7,-30,-99999,31.,-0.53,11.100000000000001,10.3,0.06,0.03
122536,866766,-51.051917,-58.156463,9.5,-30,-99999,31.,-0.53,11.100000000000001,10.4,0.06,0.03
122536,866777,-51.05151,-58.156865,9.5,-30,-99999,31.,-0.53,11.100000000000001,10.4,0.06,0.03
122536,866816,-51.050093,-58.158373,9.5,-30,-99999,31.,-0.53,11.100000000000001,10.4,0.06,0.03
122536,866866,-51.048363,-58.160252,9.3,-30,-99999,31.,-0.53,11.100000000000001,10.4,0.06,0.03
122536,866867,-51.048363,-58.160252,9.3,-30,-99999,31.,-0.53,11.100000000000001,10.4,0.06,0.03
122536,866876,-51.048045,-58.160582,8.4,-30,-99999,31.,-0.53,11.100000000000001,10.4,0.06,0.03
122536,866886,-51.047692,-58.160953,9.1,-30,-99999,31.,-0.53,11.100000000000001,10.4,0.06,0.03
122536,866897,-51.047297,-58.161338,9.8,-30,-99999,31.,-0.53,11.100000000000001,10.4,0.06,0.03
122536,866907,-51.0469,-58.161697,9.1,-30,-99999,31.,-0.53,11.100000000000001,10.4,0.06,0.03
122536,866908,-51.0469,-58.161697,9.1,-30,-99999,31.,-0.53,11.100000000000001,10.4,0.06,0.03
122536,866926,-51.046217,-58.162402,9.1,-30,-99999,31.,-0.53,11.100000000000001,10.4,0.06,0.03
122536,866927,-51.046217,-58.162402,9.1,-30,-99999,31.,-0.53,11.100000000000001,10.4,0.06,0.03
122536,866948,-51.045477,-58.163168,9.2,-30,-99999,31.,-0.53,11.100000000000001,10.4,0.06,0.03
122536,866956,-51.045153,-58.163502,8.7,-30,-99999,31.,-0.53,11.100000000000001,10.4,0.06,0.03
122536,866957,-51.045153,-58.163502,8.7,-30,-99999,31.,-0.53,11.100000000000001,10.4,0.06,0.03
122536,866967,-51.04476,-58.163918,9.8,-30,-99999,31.,-0.53,11.100000000000001,10.4,0.06,0.03
122536,866968,-51.04476,-58.163918,9.8,-30,-99999,31.,-0.53,11.100000000000001,10.4,0.06,0.03
122536,866975,-51.044482,-58.164213,8.6,-30,-99999,31.,-0.53,11.100000000000001,10.4,0.06,0.03
122536,866977,-51.044482,-58.164213,8.6,-30,-99999,31.,-0.53,11.100000000000001,10.4,0.06,0.03
122536,867007,-51.04337,-58.165425,8.9,-30,-99999,31.,-0.53,11.100000000000001,10.4,0.06,0.03
122536,867046,-51.041992,-58.16689,10.,-25,-99999,31.,-0.53,11.100000000000001,10.4,0.07,0.03
122536,867096,-51.040133,-58.168823,10.,-25,-99999,31.,-0.53,11.100000000000001,10.4,0.07,0.03
122536,867106,-51.039785,-58.169173,9.8,-25,-99999,31.,-0.53,11.100000000000001,10.4,0.07,0.03
122536,867127,-51.039022,-58.169895,8.6,-25,-99999,31.,-0.53,11.,10.4,0.07,0.03
122536,867136,-51.038757,-58.170143,8.8,-25,-99999,31.,-0.53,11.,10.4,0.07,0.03
122536,867147,-51.038343,-58.170567,8.6,-25,-99999,31.,-0.53,11.,10.4,0.07,0.03
122536,867148,-51.038343,-58.170567,8.6,-25,-99999,31.,-0.53,11.,10.4,0.07,0.03
122536,867156,-51.038055,-58.170827,9.5,-25,-99999,31.,-0.53,11.,10.4,0.07,0.03
122536,867166,-51.0377,-58.171177,8.8,-25,-99999,31.,-0.53,11.,10.4,0.07,0.03
122536,867176,-51.037322,-58.171587,9.3,-25,-99999,31.,-0.53,11.,10.4,0.07,0.03
122536,867177,-51.037322,-58.171587,9.3,-25,-99999,31.,-0.53,11.,10.4,0.07,0.03
122536,867186,-51.03699,-58.171952,8.6,-25,-99999,31.,-0.53,11.,10.4,0.07,0.03
122536,867187,-51.03699,-58.171952,8.6,-25,-99999,31.,-0.53,11.,10.4,0.07,0.03
122536,867196,-51.036683,-58.172278,8.9,-25,-99999,31.,-0.53,11.,10.4,0.07,0.03
122536,867216,-51.035993,-58.17301,9.7,-25,-99999,31.,-0.53,11.,10.3,0.07,0.02
122536,867256,-51.03476,-58.174188,8.1,-25,-99999,31.,-0.53,11.,10.3,0.07,0.02
122536,867266,-51.034432,-58.174538,8.9,-25,-99999,31.,-0.53,11.,10.3,0.07,0.02
122536,867276,-51.034115,-58.174913,8.1,-25,-99999,31.,-0.53,11.,10.3,0.07,0.02
122536,867285,-51.033777,-58.175238,7.3,-25,-99999,31.,-0.53,11.,10.3,0.07,0.02
122536,867286,-51.033777,-58.175238,7.3,-25,-99999,31.,-0.53,11.,10.3,0.07,0.02
122536,872476,-50.867297,-58.37546,9.5,-35,-99999,31.,-0.53,11.3,10.,0.1,0.01
122536,872477,-50.867297,-58.37546,9.5,-35,-99999,31.,-0.53,11.3,10.,0.1,0.01
122536,872547,-50.865013,-58.37828,9.4,-35,-99999,31.,-0.53,11.200000000000001,10.,0.1,0.01
122536,872557,-50.864708,-58.378668,9.7,-35,-99999,31.,-0.53,11.200000000000001,10.,0.1,0.01
122536,872587,-50.863673,-58.380008,9.,-35,-99999,31.,-0.53,11.200000000000001,10.,0.1,0.01
122536,872647,-50.861733,-58.382313,7.9,-36,-99999,31.,-0.52,11.200000000000001,10.,0.11,0.01
122536,872657,-50.861422,-58.382692,8.8,-36,-99999,31.,-0.52,11.200000000000001,10.,0.11,0.01
122536,872667,-50.861093,-58.38314,9.1,-36,-99999,31.,-0.52,11.200000000000001,10.,0.11,0.01
122536,872746,-50.858525,-58.386233,9.2,-36,-99999,31.,-0.52,11.200000000000001,10.,0.11,0.01
122536,872776,-50.857492,-58.387522,8.7,-36,-99999,31.,-0.52,11.200000000000001,10.,0.11,0.01
122536,872786,-50.857223,-58.387927,8.6,-36,-99999,31.,-0.52,11.200000000000001,10.,0.11,0.01
122536,872827,-50.855903,-58.389552,9.2,-36,-99999,31.,-0.52,11.200000000000001,10.,0.11,0.01
122536,872837,-50.855592,-58.389977,9.1,-36,-99999,31.,-0.52,11.200000000000001,10.,0.11,0.01
122536,872857,-50.854897,-58.39077,9.3,-36,-99999,31.,-0.52,11.200000000000001,10.,0.11,0.01
122536,872897,-50.853547,-58.392455,8.8,-36,-99999,31.,-0.52,11.200000000000001,10.,0.11,0.01
122536,872906,-50.853252,-58.392837,8.7,-36,-99999,31.,-0.52,11.200000000000001,10.,0.11,0.01
122536,872915,-50.852917,-58.393232,9.5,-36,-99999,31.,-0.52,11.200000000000001,10.,0.11,0.01
122536,872928,-50.852583,-58.393688,8.3,-36,-99999,31.,-0.52,11.200000000000001,10.,0.11,0.01
122536,872937,-50.852262,-58.394102,8.6,-36,-99999,31.,-0.52,11.200000000000001,10.,0.11,0.01
122536,872948,-50.851915,-58.394472,10.1,-36,-99999,31.,-0.52,11.200000000000001,10.,0.11,0.01
122536,872956,-50.851635,-58.394792,8.4,-36,-99999,31.,-0.52,11.200000000000001,10.,0.11,0.01
122536,872966,-50.851327,-58.395168,8.6,-36,-99999,31.,-0.52,11.200000000000001,10.,0.11,0.01
122536,873008,-50.850068,-58.396775,8.8,-36,-99999,31.,-0.52,11.200000000000001,10.,0.11,0.01
122536,873016,-50.849768,-58.397103,9.6,-36,-99999,31.,-0.52,11.200000000000001,10.,0.11,0.01
122536,873026,-50.849465,-58.397478,8.7,-36,-99999,31.,-0.52,11.200000000000001,10.,0.11,0.01
122536,873056,-50.848475,-58.398687,9.3,-36,-99999,31.,-0.52,11.200000000000001,10.,0.11,0.01
122536,873067,-50.848145,-58.399068,9.1,-36,-99999,31.,-0.52,11.200000000000001,10.,0.11,0.01
122536,873076,-50.84786,-58.399442,9.3,-36,-99999,31.,-0.52,11.200000000000001,10.,0.11,0.01
122536,873086,-50.847533,-58.399867,9.5,-36,-99999,31.,-0.52,11.200000000000001,10.,0.11,0.01
122536,875831,-50.76149,-58.509668,8.1,-36,-99999,31.1,-0.52,10.9,10.,0.12,0.
122536,878497,-50.679928,-58.616327,9.1,-38,-99999,31.1,-0.52,10.9,10.200000000000001,0.1,0.01
122536,878498,-50.679928,-58.616327,9.1,-38,-99999,31.1,-0.52,10.9,10.200000000000001,0.1,0.01
122536,878606,-50.676383,-58.6207,9.2,-38,-99999,31.1,-0.52,10.9,10.200000000000001,0.1,0.01
122536,878607,-50.676383,-58.6207,9.2,-38,-99999,31.1,-0.52,10.9,10.200000000000001,0.1,0.01
122536,878638,-50.67534,-58.62193,8.6,-38,-99999,31.1,-0.52,10.9,10.200000000000001,0.1,0.01
122536,878657,-50.674743,-58.622735,9.5,-38,-99999,31.1,-0.52,10.9,10.200000000000001,0.1,0.01
122536,878658,-50.674743,-58.622735,9.5,-38,-99999,31.1,-0.52,10.9,10.200000000000001,0.1,0.01
122536,878666,-50.674415,-58.623105,7.6,-38,-99999,31.1,-0.52,10.9,10.200000000000001,0.1,0.01
122536,878667,-50.674415,-58.623105,7.6,-38,-99999,31.1,-0.52,10.9,10.200000000000001,0.1,0.01
122536,878679,-50.674043,-58.623522,9.1,-38,-99999,31.1,-0.52,10.9,10.200000000000001,0.1,0.01
122536,878685,-50.673793,-58.623862,8.8,-38,-99999,31.1,-0.52,10.9,10.200000000000001,0.1,0.01
122536,878687,-50.673793,-58.623862,8.8,-38,-99999,31.1,-0.52,10.9,10.200000000000001,0.1,0.01
122536,878697,-50.673398,-58.624362,8.7,-38,-99999,31.1,-0.52,10.9,10.200000000000001,0.1,0.01
122536,878698,-50.673398,-58.624362,8.7,-38,-99999,31.1,-0.52,10.9,10.200000000000001,0.1,0.01
122536,878707,-50.673052,-58.624733,10.4,-38,-99999,31.1,-0.52,10.9,10.200000000000001,0.1,0.01
122536,878708,-50.673052,-58.624733,10.4,-38,-99999,31.1,-0.52,10.9,10.200000000000001,0.1,0.01
122536,878717,-50.672772,-58.625108,8.,-38,-99999,31.1,-0.52,10.9,10.200000000000001,0.1,0.01
122536,878718,-50.672772,-58.625108,8.,-38,-99999,31.1,-0.52,10.9,10.200000000000001,0.1,0.01
122536,878726,-50.672463,-58.625552,9.7,-38,-99999,31.1,-0.52,10.9,10.200000000000001,0.1,0.01
122536,878727,-50.672463,-58.625552,9.7,-38,-99999,31.1,-0.52,10.9,10.200000000000001,0.1,0.01
122536,881290,-50.59307,-58.721728,8.3,-40,-99999,31.,-0.52,11.,10.,0.11,0.01
122536,886871,-50.419125,-58.918968,7.1,-40,-99999,31.1,-0.53,11.200000000000001,12.3,0.16,-0.01
122536,891320,-50.282895,-59.075195,8.8,-40,-99999,31.1,-0.53,11.5,11.9,0.12,-0.03
122536,892369,-50.249238,-59.113933,8.2,-40,-99999,31.1,-0.54,11.600000000000001,12.700000000000001,0.1,-0.04
122536,893944,-50.199512,-59.170318,9.1,-38,-99999,31.1,-0.54,11.700000000000001,11.600000000000001,0.09,-0.06
122536,894929,-50.169277,-59.204312,9.3,-37,-99999,31.1,-0.54,11.9,10.3,0.08,-0.07
122536,895824,-50.142853,-59.237143,7.9,-37,-99999,31.1,-0.54,11.9,10.4,0.07,-0.08
122536,896238,-50.137942,-59.243737,2.1,-37,-99999,31.1,-0.54,11.9,10.5,0.07,-0.08
122536,897099,-50.127345,-59.25859,5.,-36,-99999,31.1,-0.55,11.9,10.700000000000001,0.07,-0.08
122536,898638,-50.109237,-59.284695,3.5,-35,-99999,31.1,-0.55,11.9,10.8,0.06,-0.09
122536,899118,-50.103645,-59.292242,3.1,-35,-99999,31.1,-0.55,11.9,10.9,0.05,-0.09
122536,900249,-50.090205,-59.310802,4.1,-35,-99999,31.1,-0.55,11.9,10.8,0.05,-0.09
122536,900748,-50.084455,-59.319188,3.,-34,-99999,31.1,-0.55,11.9,10.8,0.04,-0.09
122536,901429,-50.077285,-59.331245,3.8,-35,-99999,31.1,-0.55,11.9,10.700000000000001,0.04,-0.1
122536,901979,-50.071392,-59.341198,3.7,-34,-99999,31.1,-0.55,11.9,10.700000000000001,0.04,-0.1
122536,902650,-50.06413,-59.353223,3.9,-34,-99999,31.1,-0.55,11.9,10.700000000000001,0.04,-0.1
122536,903268,-50.05706,-59.363727,3.7,-34,-99999,31.1,-0.55,11.9,10.8,0.04,-0.1
122536,904568,-50.042283,-59.385687,3.7,-33,-99999,31.1,-0.55,12.,10.9,0.03,-0.11
122536,905730,-50.028958,-59.404923,3.1,-33,-99999,31.1,-0.55,12.,11.,0.03,-0.11
122536,906469,-50.020577,-59.417197,3.3,-33,-99999,31.1,-0.55,12.100000000000001,11.100000000000001,0.03,-0.12
122536,908128,-50.00118,-59.444797,3.4,-33,-99999,31.1,-0.55,12.100000000000001,11.5,0.02,-0.13
122536,909117,-49.989537,-59.4622,3.5,-32,-99999,31.1,-0.55,12.100000000000001,11.600000000000001,0.02,-0.13
122536,909128,-49.989387,-59.46242,3.7,-32,-99999,31.1,-0.55,12.100000000000001,11.600000000000001,0.02,-0.13
122536,909136,-49.989292,-59.462565,3.9,-32,-99999,31.1,-0.55,12.100000000000001,11.600000000000001,0.02,-0.13
122536,909137,-49.989292,-59.462565,3.9,-32,-99999,31.1,-0.55,12.100000000000001,11.600000000000001,0.02,-0.13
122536,909147,-49.989155,-59.462753,3.6,-32,-99999,31.1,-0.55,12.100000000000001,11.600000000000001,0.02,-0.13
122536,909148,-49.989155,-59.462753,3.6,-32,-99999,31.1,-0.55,12.100000000000001,11.600000000000001,0.02,-0.13
122536,909157,-49.989025,-59.46294,3.5,-32,-99999,31.1,-0.55,12.100000000000001,11.600000000000001,0.02,-0.13
122536,909158,-49.989025,-59.46294,3.5,-32,-99999,31.1,-0.55,12.100000000000001,11.600000000000001,0.02,-0.13
122536,909167,-49.988917,-59.46311,4.,-32,-99999,31.1,-0.55,12.100000000000001,11.600000000000001,0.02,-0.13
122536,909176,-49.988807,-59.46327,4.,-32,-99999,31.1,-0.55,12.100000000000001,11.600000000000001,0.02,-0.13
122536,909177,-49.988807,-59.46327,4.,-32,-99999,31.1,-0.55,12.100000000000001,11.600000000000001,0.02,-0.13
122536,909187,-49.988677,-59.463458,3.9,-32,-99999,31.1,-0.55,12.100000000000001,11.600000000000001,0.02,-0.13
122536,909188,-49.988677,-59.463458,3.9,-32,-99999,31.1,-0.55,12.100000000000001,11.600000000000001,0.02,-0.13
122536,909196,-49.988573,-59.463627,3.,-32,-99999,31.1,-0.55,12.100000000000001,11.600000000000001,0.02,-0.13
122536,909197,-49.988573,-59.463627,3.,-32,-99999,31.1,-0.55,12.100000000000001,11.600000000000001,0.02,-0.13
122536,909216,-49.988348,-59.463973,2.8,-32,-99999,31.1,-0.55,12.100000000000001,11.600000000000001,0.02,-0.13
122536,909217,-49.988348,-59.463973,2.8,-32,-99999,31.1,-0.55,12.100000000000001,11.600000000000001,0.02,-0.13
122536,909227,-49.988235,-59.464167,2.7,-32,-99999,31.1,-0.55,12.100000000000001,11.600000000000001,0.02,-0.13
122536,909236,-49.98813,-59.464313,3.4,-32,-99999,31.1,-0.55,12.100000000000001,11.600000000000001,0.02,-0.13
122536,909277,-49.987678,-59.464993,3.7,-32,-99999,31.1,-0.55,12.100000000000001,11.600000000000001,0.02,-0.13
122536,909296,-49.987438,-59.465363,3.3,-32,-99999,31.1,-0.55,12.100000000000001,11.600000000000001,0.02,-0.13
122536,909297,-49.987438,-59.465363,3.3,-32,-99999,31.1,-0.55,12.100000000000001,11.600000000000001,0.02,-0.13
122536,909316,-49.987212,-59.465695,3.8,-32,-99999,31.1,-0.55,12.100000000000001,11.600000000000001,0.02,-0.13
122536,909317,-49.987212,-59.465695,3.8,-32,-99999,31.1,-0.55,12.100000000000001,11.600000000000001,0.02,-0.13
122536,909347,-49.986853,-59.466228,3.1,-32,-99999,31.1,-0.55,12.100000000000001,11.600000000000001,0.02,-0.13
122536,909380,-49.98651,-59.466733,3.4,-32,-99999,31.1,-0.55,12.100000000000001,11.600000000000001,0.02,-0.13
122536,909386,-49.986398,-59.46686,3.5,-32,-99999,31.1,-0.55,12.100000000000001,11.600000000000001,0.02,-0.13
122536,909387,-49.986398,-59.46686,3.5,-32,-99999,31.1,-0.55,12.100000000000001,11.600000000000001,0.02,-0.13
122536,909396,-49.986283,-59.46701,3.5,-32,-99999,31.1,-0.55,12.100000000000001,11.600000000000001,0.02,-0.13
122536,909397,-49.986283,-59.46701,3.5,-32,-99999,31.1,-0.55,12.100000000000001,11.600000000000001,0.02,-0.13
122536,909516,-49.98484,-59.469047,3.9,-32,-99999,31.1,-0.55,12.100000000000001,11.600000000000001,0.02,-0.13
122536,910668,-49.971357,-59.488655,3.3,-32,-99999,31.1,-0.55,12.100000000000001,11.700000000000001,0.03,-0.13
122536,911830,-49.958052,-59.508198,3.8,-32,-99999,31.1,-0.56,12.100000000000001,11.8,0.03,-0.14
122536,913090,-49.942342,-59.527948,3.2,-32,-99999,31.1,-0.56,12.100000000000001,11.8,0.03,-0.14
122536,913140,-49.941623,-59.528648,4.3,-32,-99999,31.1,-0.56,12.100000000000001,11.8,0.03,-0.14
122536,913810,-49.932623,-59.538308,4.,-32,-99999,31.1,-0.56,12.100000000000001,11.8,0.03,-0.14
122536,914340,-49.925523,-59.546275,4.,-32,-99999,31.1,-0.56,12.100000000000001,11.8,0.03,-0.14
122536,914440,-49.924158,-59.547753,3.3,-32,-99999,31.1,-0.56,12.100000000000001,11.8,0.03,-0.14
122536,914877,-49.918317,-59.554367,3.9,-32,-99999,31.1,-0.56,12.100000000000001,11.9,0.03,-0.14
122536,914878,-49.918317,-59.554367,3.9,-32,-99999,31.1,-0.56,12.100000000000001,11.9,0.03,-0.14
122536,914887,-49.918192,-59.554523,3.5,-32,-99999,31.1,-0.56,12.100000000000001,11.9,0.03,-0.14
122536,914888,-49.918192,-59.554523,3.5,-32,-99999,31.1,-0.56,12.100000000000001,11.9,0.03,-0.14
122536,914907,-49.917912,-59.554857,4.,-32,-99999,31.1,-0.56,12.100000000000001,11.9,0.03,-0.14
122536,914908,-49.917912,-59.554857,4.,-32,-99999,31.1,-0.56,12.100000000000001,11.9,0.03,-0.14
122536,914918,-49.917777,-59.555003,4.2,-32,-99999,31.1,-0.56,12.100000000000001,11.9,0.03,-0.14
122536,914928,-49.917625,-59.555185,3.7,-32,-99999,31.1,-0.56,12.100000000000001,11.9,0.03,-0.14
122536,914929,-49.917625,-59.555185,3.7,-32,-99999,31.1,-0.56,12.100000000000001,11.9,0.03,-0.14
122536,914937,-49.917507,-59.55534,3.2,-32,-99999,31.1,-0.56,12.100000000000001,11.9,0.03,-0.14
122536,914938,-49.917507,-59.55534,3.2,-32,-99999,31.1,-0.56,12.100000000000001,11.9,0.03,-0.14
122536,914947,-49.917368,-59.555493,3.3,-32,-99999,31.1,-0.56,12.100000000000001,11.9,0.03,-0.14
122536,914958,-49.917217,-59.555662,4.4,-32,-99999,31.1,-0.56,12.100000000000001,11.9,0.03,-0.14
122536,914959,-49.917217,-59.555662,4.4,-32,-99999,31.1,-0.56,12.100000000000001,11.9,0.03,-0.14
122536,914978,-49.916967,-59.555957,3.9,-32,-99999,31.1,-0.56,12.100000000000001,11.9,0.04,-0.14
122536,914988,-49.916822,-59.556127,3.1,-32,-99999,31.1,-0.56,12.100000000000001,11.9,0.04,-0.14
122536,914989,-49.916822,-59.556127,3.1,-32,-99999,31.1,-0.56,12.100000000000001,11.9,0.04,-0.14
122536,914999,-49.916682,-59.556282,2.7,-32,-99999,31.1,-0.56,12.100000000000001,11.9,0.04,-0.14
122536,915007,-49.916558,-59.556422,3.3,-31,-99999,31.1,-0.56,12.100000000000001,11.9,0.04,-0.14
122536,915008,-49.916558,-59.556422,3.3,-31,-99999,31.1,-0.56,12.100000000000001,11.9,0.04,-0.14
122536,915019,-49.916418,-59.5566,3.7,-31,-99999,31.1,-0.56,12.100000000000001,11.9,0.04,-0.14
122536,915028,-49.916305,-59.556745,2.1,-31,-99999,31.1,-0.56,12.100000000000001,11.9,0.04,-0.14
122536,915038,-49.916175,-59.556897,3.3,-31,-99999,31.1,-0.56,12.100000000000001,11.9,0.04,-0.14
122536,915048,-49.916023,-59.557067,3.3,-31,-99999,31.1,-0.56,12.100000000000001,11.9,0.04,-0.14
122536,915049,-49.916023,-59.557067,3.3,-31,-99999,31.1,-0.56,12.100000000000001,11.9,0.04,-0.14
122536,915067,-49.915777,-59.557395,3.1,-31,-99999,31.1,-0.56,12.100000000000001,11.9,0.04,-0.14
122536,915078,-49.915628,-59.557563,3.1,-31,-99999,31.1,-0.56,12.100000000000001,11.9,0.04,-0.14
122536,915079,-49.915628,-59.557563,3.1,-31,-99999,31.1,-0.56,12.100000000000001,11.9,0.04,-0.14
122536,915088,-49.915542,-59.557722,3.3,-31,-99999,31.1,-0.56,12.100000000000001,11.9,0.04,-0.14
122536,915108,-49.915285,-59.558098,3.4,-31,-99999,31.1,-0.56,12.100000000000001,11.9,0.04,-0.14
122536,915109,-49.915285,-59.558098,3.4,-31,-99999,31.1,-0.56,12.100000000000001,11.9,0.04,-0.14
122536,915119,-49.915168,-59.558252,3.7,-31,-99999,31.1,-0.56,12.100000000000001,11.9,0.04,-0.14
122536,915168,-49.914542,-59.559073,2.7,-31,-99999,31.1,-0.56,12.100000000000001,11.9,0.04,-0.14
122536,915169,-49.914542,-59.559073,2.7,-31,-99999,31.1,-0.56,12.100000000000001,11.9,0.04,-0.14
122536,915267,-49.913297,-59.560678,4.3,-31,-99999,31.1,-0.56,12.100000000000001,11.9,0.04,-0.14
122536,915369,-49.911983,-59.562213,3.9,-31,-99999,31.1,-0.56,12.100000000000001,11.9,0.04,-0.14
122536,915589,-49.909212,-59.565757,3.7,-31,-99999,31.1,-0.56,12.100000000000001,11.9,0.04,-0.14
122536,916920,-49.89262,-59.587257,3.9,-32,-99999,31.1,-0.56,12.100000000000001,12.100000000000001,0.04,-0.15
122536,916940,-49.892397,-59.587575,3.,-32,-99999,31.1,-0.56,12.100000000000001,12.100000000000001,0.04,-0.15
122536,918060,-49.878338,-59.606702,3.,-32,-99999,31.1,-0.56,12.,12.3,0.05,-0.15
122536,919201,-49.86438,-59.62651,3.2,-32,-99999,31.1,-0.56,11.9,12.5,0.06,-0.15
122536,919320,-49.862928,-59.628515,3.1,-32,-99999,31.1,-0.56,11.9,12.5,0.06,-0.15
122536,919430,-49.861608,-59.630395,3.,-32,-99999,31.1,-0.56,11.9,12.5,0.06,-0.15
122536,920619,-49.847425,-59.65181,3.6,-32,-99999,31.1,-0.56,11.9,12.4,0.06,-0.15
122536,920728,-49.84612,-59.65385,3.8,-32,-99999,31.1,-0.56,11.9,12.4,0.06,-0.15
122536,920729,-49.84612,-59.65385,3.8,-32,-99999,31.1,-0.56,11.9,12.4,0.06,-0.15
122536,920737,-49.846023,-59.654035,3.8,-32,-99999,31.1,-0.56,11.9,12.4,0.06,-0.15
122536,920738,-49.846023,-59.654035,3.8,-32,-99999,31.1,-0.56,11.9,12.4,0.06,-0.15
122536,920747,-49.845908,-59.65424,3.5,-32,-99999,31.1,-0.56,11.9,12.4,0.06,-0.15
122536,920748,-49.845908,-59.65424,3.5,-32,-99999,31.1,-0.56,11.9,12.4,0.06,-0.15
122536,920758,-49.845767,-59.654448,4.1,-32,-99999,31.1,-0.56,11.9,12.4,0.06,-0.15
122536,920759,-49.845767,-59.654448,4.1,-32,-99999,31.1,-0.56,11.9,12.4,0.06,-0.15
122536,920767,-49.845657,-59.654617,3.9,-32,-99999,31.1,-0.56,11.9,12.4,0.06,-0.15
122536,920768,-49.845657,-59.654617,3.9,-32,-99999,31.1,-0.56,11.9,12.4,0.06,-0.15
122536,920777,-49.845547,-59.654797,3.7,-32,-99999,31.1,-0.56,11.9,12.4,0.06,-0.15
122536,920788,-49.845388,-59.655005,3.8,-32,-99999,31.1,-0.56,11.9,12.4,0.06,-0.15
122536,920798,-49.845258,-59.655192,3.8,-32,-99999,31.1,-0.56,11.9,12.4,0.06,-0.15
122536,920799,-49.845258,-59.655192,3.8,-32,-99999,31.1,-0.56,11.9,12.4,0.06,-0.15
122536,920807,-49.845138,-59.655345,4.3,-32,-99999,31.1,-0.56,11.9,12.4,0.06,-0.15
122536,920808,-49.845138,-59.655345,4.3,-32,-99999,31.1,-0.56,11.9,12.4,0.06,-0.15
122536,920818,-49.844998,-59.655532,4.2,-32,-99999,31.1,-0.56,11.9,12.4,0.06,-0.15
122536,920819,-49.844998,-59.655532,4.2,-32,-99999,31.1,-0.56,11.9,12.4,0.06,-0.15
122536,920827,-49.844892,-59.655682,3.1,-32,-99999,31.1,-0.56,11.9,12.4,0.07,-0.15
122536,920828,-49.844892,-59.655682,3.1,-32,-99999,31.1,-0.56,11.9,12.4,0.07,-0.15
122536,920837,-49.844795,-59.655828,3.2,-32,-99999,31.1,-0.56,11.9,12.4,0.07,-0.15
122536,920859,-49.84454,-59.656197,3.7,-32,-99999,31.1,-0.56,11.9,12.4,0.07,-0.15
122536,920867,-49.844428,-59.656353,3.9,-32,-99999,31.1,-0.56,11.9,12.4,0.07,-0.15
122536,920868,-49.844428,-59.656353,3.9,-32,-99999,31.1,-0.56,11.9,12.4,0.07,-0.15
122536,920879,-49.84429,-59.65655,4.2,-32,-99999,31.1,-0.56,11.9,12.4,0.07,-0.15
122536,920887,-49.844172,-59.656708,3.9,-32,-99999,31.1,-0.56,11.9,12.4,0.07,-0.15
122536,920888,-49.844172,-59.656708,3.9,-32,-99999,31.1,-0.56,11.9,12.4,0.07,-0.15
122536,920897,-49.84406,-59.656878,3.8,-32,-99999,31.1,-0.56,11.9,12.4,0.07,-0.15
122536,920918,-49.84379,-59.657293,4.2,-32,-99999,31.1,-0.56,11.9,12.4,0.07,-0.15
122536,920919,-49.84379,-59.657293,4.2,-32,-99999,31.1,-0.56,11.9,12.4,0.07,-0.15
122536,920928,-49.843678,-59.657468,4.2,-32,-99999,31.1,-0.56,11.9,12.4,0.07,-0.15
122536,920939,-49.843558,-59.657635,3.9,-32,-99999,31.1,-0.56,11.9,12.4,0.07,-0.15
122536,920957,-49.843345,-59.657952,4.,-32,-99999,31.1,-0.56,11.9,12.4,0.07,-0.15
122536,920968,-49.843195,-59.658155,3.2,-32,-99999,31.1,-0.56,11.9,12.4,0.07,-0.15
122536,920969,-49.843195,-59.658155,3.2,-32,-99999,31.1,-0.56,11.9,12.4,0.07,-0.15
122536,920979,-49.843082,-59.65835,3.5,-32,-99999,31.1,-0.56,11.9,12.4,0.07,-0.15
122536,920988,-49.842958,-59.658533,4.2,-32,-99999,31.1,-0.56,11.9,12.4,0.07,-0.15
122536,920989,-49.842958,-59.658533,4.2,-32,-99999,31.1,-0.56,11.9,12.4,0.07,-0.15
122536,921018,-49.84265,-59.6591,3.9,-32,-99999,31.1,-0.56,11.9,12.4,0.07,-0.15
122536,921028,-49.842515,-59.659307,4.,-32,-99999,31.1,-0.56,11.9,12.4,0.07,-0.15
122536,921039,-49.842388,-59.659495,4.2,-32,-99999,31.1,-0.56,11.9,12.3,0.07,-0.15
122536,921048,-49.84227,-59.659685,4.1,-32,-99999,31.1,-0.56,11.9,12.3,0.07,-0.15
122536,921058,-49.84216,-59.659848,3.6,-32,-99999,31.1,-0.56,11.9,12.3,0.07,-0.15
122536,921059,-49.84216,-59.659848,3.6,-32,-99999,31.1,-0.56,11.9,12.3,0.07,-0.15
122536,921068,-49.842033,-59.660037,4.2,-32,-99999,31.1,-0.56,11.9,12.3,0.07,-0.15
122536,921078,-49.84191,-59.660222,4.2,-32,-99999,31.1,-0.56,11.9,12.3,0.07,-0.15
122536,921089,-49.841795,-59.660437,3.5,-32,-99999,31.1,-0.56,11.9,12.3,0.07,-0.15
122536,921099,-49.841672,-59.660615,3.6,-32,-99999,31.1,-0.56,11.9,12.3,0.07,-0.15
122536,921118,-49.841452,-59.66096,3.5,-32,-99999,31.1,-0.56,11.9,12.3,0.07,-0.15
122536,921246,-49.83999,-59.663323,3.4,-32,-99999,31.1,-0.56,11.8,12.3,0.07,-0.15
122536,921307,-49.839252,-59.66444,4.4,-32,-99999,31.1,-0.56,11.8,12.3,0.07,-0.15
122536,921840,-49.833067,-59.674092,4.3,-32,-99999,31.1,-0.56,11.8,12.3,0.07,-0.15
122536,923169,-49.817698,-59.698485,4.2,-32,-99999,31.1,-0.56,11.8,12.4,0.08,-0.15
122536,924336,-49.823512,-59.710315,3.3,-32,-99999,31.1,-0.56,11.8,12.3,0.08,-0.15
122536,924621,-49.816857,-59.719655,8.7,-32,-99999,31.1,-0.56,11.8,12.4,0.08,-0.15
122536,925630,-49.797572,-59.745038,5.5,-33,-99999,31.1,-0.56,11.700000000000001,12.700000000000001,0.1,-0.16
122536,926656,-49.784612,-59.765103,4.6,-34,-99999,31.1,-0.56,11.700000000000001,12.9,0.1,-0.16
122536,926686,-49.784275,-59.765663,3.1,-34,-99999,31.1,-0.56,11.700000000000001,12.9,0.1,-0.16
122536,926687,-49.784275,-59.765663,3.1,-34,-99999,31.1,-0.56,11.700000000000001,12.9,0.1,-0.16
122536,926707,-49.784023,-59.766072,3.1,-34,-99999,31.1,-0.56,11.700000000000001,12.9,0.1,-0.16
122536,926708,-49.784023,-59.766072,3.1,-34,-99999,31.1,-0.56,11.700000000000001,12.9,0.1,-0.16
122536,926726,-49.783812,-59.766402,3.5,-34,-99999,31.1,-0.56,11.700000000000001,12.9,0.1,-0.16
122536,926727,-49.783812,-59.766402,3.5,-34,-99999,31.1,-0.56,11.700000000000001,12.9,0.1,-0.16
122536,926746,-49.783583,-59.766752,4.3,-34,-99999,31.1,-0.56,11.700000000000001,12.9,0.1,-0.16
122536,926747,-49.783583,-59.766752,4.3,-34,-99999,31.1,-0.56,11.700000000000001,12.9,0.1,-0.16
122536,926767,-49.78336,-59.767102,4.2,-34,-99999,31.1,-0.56,11.700000000000001,12.9,0.1,-0.16
122536,926768,-49.78336,-59.767102,4.2,-34,-99999,31.1,-0.56,11.700000000000001,12.9,0.1,-0.16
122536,926776,-49.783252,-59.767235,3.2,-34,-99999,31.1,-0.56,11.700000000000001,12.9,0.1,-0.16
122536,926777,-49.783252,-59.767235,3.2,-34,-99999,31.1,-0.56,11.700000000000001,12.9,0.1,-0.16
122536,926786,-49.78311,-59.76745,3.5,-34,-99999,31.1,-0.56,11.700000000000001,12.9,0.1,-0.16
122536,926787,-49.78311,-59.76745,3.5,-34,-99999,31.1,-0.56,11.700000000000001,12.9,0.1,-0.16
122536,926807,-49.782853,-59.767857,4.1,-34,-99999,31.1,-0.56,11.700000000000001,12.9,0.1,-0.16
122536,926808,-49.782853,-59.767857,4.1,-34,-99999,31.1,-0.56,11.700000000000001,12.9,0.1,-0.16
122536,926816,-49.782748,-59.76803,4.4,-34,-99999,31.1,-0.56,11.700000000000001,12.9,0.1,-0.16
122536,926817,-49.782748,-59.76803,4.4,-34,-99999,31.1,-0.56,11.700000000000001,12.9,0.1,-0.16
122536,926827,-49.782613,-59.768242,4.4,-34,-99999,31.1,-0.56,11.700000000000001,12.9,0.1,-0.16
122536,926836,-49.782532,-59.768392,2.8,-34,-99999,31.1,-0.56,11.700000000000001,12.9,0.1,-0.16
122536,926837,-49.782532,-59.768392,2.8,-34,-99999,31.1,-0.56,11.700000000000001,12.9,0.1,-0.16
122536,926846,-49.782397,-59.76859,4.1,-34,-99999,31.1,-0.56,11.700000000000001,12.9,0.1,-0.16
122536,926847,-49.782397,-59.76859,4.1,-34,-99999,31.1,-0.56,11.700000000000001,12.9,0.1,-0.16
122536,926867,-49.782155,-59.768978,3.6,-34,-99999,31.1,-0.56,11.700000000000001,12.9,0.1,-0.16
122536,926868,-49.782155,-59.768978,3.6,-34,-99999,31.1,-0.56,11.700000000000001,12.9,0.1,-0.16
122536,926876,-49.78206,-59.769147,4.2,-34,-99999,31.1,-0.56,11.700000000000001,12.9,0.1,-0.16
122536,926877,-49.78206,-59.769147,4.2,-34,-99999,31.1,-0.56,11.700000000000001,12.9,0.1,-0.16
122536,926887,-49.781947,-59.769365,3.8,-34,-99999,31.1,-0.56,11.700000000000001,12.9,0.1,-0.16
122536,926888,-49.781947,-59.769365,3.8,-34,-99999,31.1,-0.56,11.700000000000001,12.9,0.1,-0.16
122536,926896,-49.781855,-59.769523,4.,-34,-99999,31.1,-0.56,11.700000000000001,12.9,0.1,-0.16
122536,926897,-49.781855,-59.769523,4.,-34,-99999,31.1,-0.56,11.700000000000001,12.9,0.1,-0.16
122536,926906,-49.781715,-59.76974,3.9,-34,-99999,31.1,-0.56,11.700000000000001,12.9,0.1,-0.16
122536,926907,-49.781715,-59.76974,3.9,-34,-99999,31.1,-0.56,11.700000000000001,12.9,0.1,-0.16
122536,926917,-49.781567,-59.76994,4.2,-34,-99999,31.1,-0.56,11.700000000000001,12.9,0.1,-0.16
122536,926927,-49.781442,-59.77015,4.,-34,-99999,31.1,-0.56,11.700000000000001,12.9,0.1,-0.16
122536,926928,-49.781442,-59.77015,4.,-34,-99999,31.1,-0.56,11.700000000000001,12.9,0.1,-0.16
122536,926929,-49.781442,-59.77015,4.,-34,-99999,31.1,-0.56,11.700000000000001,12.9,0.1,-0.16
122536,926967,-49.780955,-59.770895,3.9,-34,-99999,31.1,-0.56,11.700000000000001,12.9,0.11,-0.16
122536,927006,-49.780478,-59.771517,3.2,-34,-99999,31.1,-0.56,11.700000000000001,12.9,0.11,-0.16
122536,927016,-49.78036,-59.771677,4.,-34,-99999,31.1,-0.56,11.700000000000001,12.9,0.11,-0.16
122536,943708,-49.600768,-60.065877,2.4,-44,-99999,31.1,-0.55,11.,13.4,0.15,-0.09
122536,943717,-49.60068,-60.06604,2.2,-44,-99999,31.1,-0.55,11.,13.4,0.15,-0.09
122536,943718,-49.60068,-60.06604,2.2,-44,-99999,31.1,-0.55,11.,13.4,0.15,-0.09
122536,943735,-49.600482,-60.06621,3.,-44,-99999,31.1,-0.55,11.,13.4,0.15,-0.09
122536,943741,-49.60039,-60.0663,3.1,-44,-99999,31.1,-0.55,11.,13.4,0.15,-0.09
122536,943744,-49.600348,-60.06635,4.,-44,-99999,31.1,-0.55,11.,13.4,0.15,-0.09
122536,943747,-49.600308,-60.066393,3.,-44,-99999,31.1,-0.55,11.,13.4,0.15,-0.09
122536,943748,-49.600308,-60.066393,3.,-44,-99999,31.1,-0.55,11.,13.4,0.15,-0.09
122536,943752,-49.600258,-60.06646,3.4,-44,-99999,31.1,-0.55,11.,13.4,0.15,-0.09
122536,943758,-49.600197,-60.066548,2.8,-44,-99999,31.1,-0.55,11.,13.4,0.15,-0.09
122536,943765,-49.600113,-60.06666,3.1,-44,-99999,31.1,-0.55,11.,13.4,0.15,-0.09
122536,943777,-49.59998,-60.066865,3.2,-44,-99999,31.1,-0.55,11.,13.4,0.15,-0.09
122536,943787,-49.599877,-60.06703,3.6,-44,-99999,31.1,-0.55,11.,13.4,0.15,-0.09
122536,943797,-49.599762,-60.067217,3.9,-44,-99999,31.1,-0.55,11.,13.4,0.15,-0.09
122536,943807,-49.599642,-60.06742,4.,-44,-99999,31.1,-0.55,11.,13.4,0.15,-0.09
122536,943808,-49.599642,-60.06742,4.,-44,-99999,31.1,-0.55,11.,13.4,0.15,-0.09
122536,943818,-49.599523,-60.06761,3.8,-44,-99999,31.1,-0.55,11.,13.4,0.15,-0.09
122536,949353,-49.562373,-60.164992,2.9,-48,-99999,31.1,-0.55,11.100000000000001,11.8,0.15,-0.04
122536,949418,-49.561398,-60.16572,3.3,-48,-99999,31.1,-0.55,11.100000000000001,11.8,0.15,-0.04
122536,949419,-49.561398,-60.16572,3.3,-48,-99999,31.1,-0.55,11.100000000000001,11.8,0.15,-0.04
122536,949461,-49.560865,-60.166128,3.3,-48,-99999,31.1,-0.55,11.100000000000001,11.8,0.15,-0.04
122536,949462,-49.560865,-60.166128,3.3,-48,-99999,31.1,-0.55,11.100000000000001,11.8,0.15,-0.04
122536,949472,-49.560702,-60.166238,4.3,-48,-99999,31.1,-0.55,11.100000000000001,11.8,0.15,-0.04
122536,949542,-49.559698,-60.167037,4.2,-46,-99999,31.1,-0.55,11.100000000000001,11.8,0.15,-0.04
122536,949553,-49.559523,-60.167152,3.3,-46,-99999,31.1,-0.55,11.100000000000001,11.8,0.15,-0.04
122536,949581,-49.559075,-60.167533,4.2,-46,-99999,31.1,-0.55,11.100000000000001,11.8,0.15,-0.04
122536,949582,-49.559075,-60.167533,4.2,-46,-99999,31.1,-0.55,11.100000000000001,11.8,0.15,-0.04
122536,949593,-49.558902,-60.167708,5.4,-46,-99999,31.1,-0.55,11.100000000000001,11.8,0.15,-0.04
122536,949602,-49.558728,-60.167887,3.7,-46,-99999,31.1,-0.55,11.100000000000001,11.8,0.15,-0.04
122536,949603,-49.558728,-60.167887,3.7,-46,-99999,31.1,-0.55,11.100000000000001,11.8,0.15,-0.04
122536,949612,-49.558568,-60.168057,3.7,-46,-99999,31.1,-0.55,11.100000000000001,11.8,0.15,-0.04
122536,949613,-49.558568,-60.168057,3.7,-46,-99999,31.1,-0.55,11.100000000000001,11.8,0.15,-0.04
122536,949623,-49.558428,-60.168257,4.6,-46,-99999,31.1,-0.55,11.100000000000001,11.8,0.15,-0.04
122536,949641,-49.558142,-60.16861,4.6,-46,-99999,31.1,-0.55,11.100000000000001,11.8,0.15,-0.04
122536,949642,-49.558142,-60.16861,4.6,-46,-99999,31.1,-0.55,11.100000000000001,11.8,0.15,-0.04
122536,949661,-49.557823,-60.168937,4.9,-46,-99999,31.1,-0.55,11.100000000000001,11.8,0.15,-0.04
122536,949673,-49.557658,-60.169135,4.6,-46,-99999,31.1,-0.55,11.100000000000001,11.8,0.15,-0.04
122536,949683,-49.557522,-60.169312,4.5,-46,-99999,31.1,-0.55,11.100000000000001,11.8,0.14,-0.04
122536,949702,-49.557213,-60.169685,4.7,-46,-99999,31.1,-0.55,11.100000000000001,11.8,0.14,-0.04
122536,949722,-49.556877,-60.170115,5.7,-46,-99999,31.1,-0.55,11.100000000000001,11.8,0.14,-0.04
122536,949733,-49.556665,-60.170305,5.2,-46,-99999,31.1,-0.55,11.100000000000001,11.8,0.14,-0.04
122536,949743,-49.556488,-60.170493,4.2,-46,-99999,31.1,-0.55,11.100000000000001,11.8,0.14,-0.04
122536,949754,-49.556318,-60.170692,3.1,-46,-99999,31.1,-0.55,11.100000000000001,11.8,0.14,-0.04
122536,949762,-49.556202,-60.170828,4.4,-46,-99999,31.1,-0.55,11.100000000000001,11.8,0.14,-0.04
122536,949773,-49.556062,-60.171007,3.5,-46,-99999,31.1,-0.55,11.100000000000001,11.8,0.14,-0.04
122536,949782,-49.555927,-60.171128,2.7,-46,-99999,31.1,-0.55,11.100000000000001,11.8,0.14,-0.04
122536,949793,-49.55579,-60.171217,4.1,-46,-99999,31.1,-0.55,11.100000000000001,11.8,0.14,-0.04
122536,949802,-49.555712,-60.171252,1.4,-46,-99999,31.1,-0.55,11.100000000000001,11.8,0.14,-0.04
122536,949803,-49.555712,-60.171252,1.4,-46,-99999,31.1,-0.55,11.100000000000001,11.8,0.14,-0.04
122536,949813,-49.5556,-60.171337,3.,-46,-99999,31.1,-0.55,11.100000000000001,11.8,0.14,-0.04
122536,955123,-49.501683,-60.266975,2.8,-47,-99999,31.1,-0.55,11.3,13.700000000000001,0.12,-0.03
122536,955124,-49.501683,-60.266975,2.8,-47,-99999,31.1,-0.55,11.3,13.700000000000001,0.12,-0.03
122536,955152,-49.501397,-60.267485,3.7,-47,-99999,31.1,-0.55,11.3,13.700000000000001,0.12,-0.03
122536,955293,-49.499977,-60.270022,3.1,-49,-99999,31.1,-0.55,11.3,13.700000000000001,0.12,-0.03
122536,955434,-49.49856,-60.27245,3.6,-49,-99999,31.1,-0.55,11.3,13.700000000000001,0.11,-0.03
122536,955454,-49.498362,-60.272837,3.6,-49,-99999,31.1,-0.55,11.3,13.700000000000001,0.11,-0.03
122536,955483,-49.498045,-60.273438,3.4,-49,-99999,31.1,-0.55,11.3,13.700000000000001,0.11,-0.03
122536,955484,-49.498045,-60.273438,3.4,-49,-99999,31.1,-0.55,11.3,13.700000000000001,0.11,-0.03
122536,955493,-49.497952,-60.27365,4.,-49,-99999,31.1,-0.55,11.3,13.700000000000001,0.11,-0.03
122536,955504,-49.497835,-60.273853,4.,-49,-99999,31.1,-0.55,11.3,13.700000000000001,0.11,-0.03
122536,955523,-49.497633,-60.274192,3.8,-49,-99999,31.1,-0.55,11.3,13.700000000000001,0.11,-0.03
122536,955534,-49.4975,-60.274437,3.3,-49,-99999,31.1,-0.55,11.3,13.700000000000001,0.11,-0.03
122536,955544,-49.497403,-60.274622,4.2,-49,-99999,31.1,-0.55,11.3,13.700000000000001,0.11,-0.03
122536,955594,-49.49689,-60.275633,4.1,-49,-99999,31.1,-0.55,11.3,13.700000000000001,0.11,-0.03
122536,955614,-49.49667,-60.275962,4.4,-49,-99999,31.1,-0.55,11.3,13.700000000000001,0.11,-0.03
122536,955633,-49.49649,-60.276268,3.,-49,-99999,31.1,-0.55,11.3,13.700000000000001,0.11,-0.03
122536,955643,-49.496403,-60.276447,2.3,-49,-99999,31.1,-0.55,11.3,13.700000000000001,0.11,-0.03
122536,955654,-49.49629,-60.276678,3.7,-49,-99999,31.1,-0.55,11.3,13.700000000000001,0.11,-0.03
122536,955663,-49.496202,-60.276857,3.8,-49,-99999,31.1,-0.55,11.3,13.700000000000001,0.11,-0.03
122536,960748,-49.440585,-60.372762,2.2,-49,-99999,31.1,-0.55,11.5,14.700000000000001,0.08,-0.01
122536,960816,-49.439833,-60.374163,4.8,-49,-99999,31.1,-0.55,11.5,14.700000000000001,0.08,-0.01
122536,960858,-49.439352,-60.375015,4.3,-49,-99999,31.1,-0.55,11.5,14.700000000000001,0.08,-0.01
122536,960877,-49.439137,-60.375412,3.5,-49,-99999,31.1,-0.55,11.5,14.700000000000001,0.08,-0.01
122536,961077,-49.436745,-60.37938,3.5,-49,-99999,31.1,-0.56,11.5,14.700000000000001,0.08,-0.01
122536,961106,-49.436455,-60.37996,4.,-49,-99999,31.1,-0.56,11.5,14.700000000000001,0.08,-0.01
122536,961107,-49.436455,-60.37996,4.,-49,-99999,31.1,-0.56,11.5,14.700000000000001,0.08,-0.01
122536,961137,-49.436098,-60.380635,4.7,-49,-99999,31.1,-0.56,11.5,14.8,0.08,-0.01
122536,961209,-49.435238,-60.382013,3.2,-49,-99999,31.1,-0.56,11.5,14.8,0.08,-0.01
122536,961227,-49.43502,-60.382388,3.7,-49,-99999,31.1,-0.56,11.5,14.8,0.08,-0.01
122536,961247,-49.434783,-60.382803,4.9,-49,-99999,31.1,-0.56,11.5,14.8,0.08,-0.01
122536,961248,-49.434783,-60.382803,4.9,-49,-99999,31.1,-0.56,11.5,14.8,0.08,-0.01
122536,961257,-49.434673,-60.383003,3.2,-49,-99999,31.1,-0.56,11.5,14.8,0.08,-0.01
122536,961258,-49.434673,-60.383003,3.2,-49,-99999,31.1,-0.56,11.5,14.8,0.08,-0.01
122536,961267,-49.434547,-60.383227,2.7,-49,-99999,31.1,-0.56,11.5,14.8,0.08,-0.01
122536,961268,-49.434547,-60.383227,2.7,-49,-99999,31.1,-0.56,11.5,14.8,0.08,-0.01
122536,961287,-49.434335,-60.383627,4.2,-49,-99999,31.1,-0.56,11.5,14.8,0.08,-0.01
122536,961347,-49.433683,-60.384937,2.5,-49,-99999,31.1,-0.56,11.5,14.8,0.08,-0.01
122536,961357,-49.43358,-60.38514,3.7,-49,-99999,31.1,-0.56,11.5,14.8,0.08,-0.01
122536,961358,-49.43358,-60.38514,3.7,-49,-99999,31.1,-0.56,11.5,14.8,0.08,-0.01
122536,961398,-49.433097,-60.385947,4.2,-49,-99999,31.1,-0.56,11.5,14.8,0.08,-0.01
122536,961406,-49.432995,-60.386145,4.2,-49,-99999,31.1,-0.56,11.5,14.8,0.08,-0.01
122536,961407,-49.432995,-60.386145,4.2,-49,-99999,31.1,-0.56,11.5,14.8,0.08,-0.01
122536,961417,-49.432878,-60.38636,2.7,-49,-99999,31.1,-0.56,11.5,14.8,0.08,-0.01
122536,961418,-49.432878,-60.38636,2.7,-49,-99999,31.1,-0.56,11.5,14.8,0.08,-0.01
122536,961428,-49.432767,-60.386562,4.2,-49,-99999,31.1,-0.56,11.5,14.8,0.08,-0.01
122536,961449,-49.432573,-60.386915,4.4,-49,-99999,31.1,-0.56,11.5,14.8,0.08,-0.01
122536,961458,-49.432495,-60.387105,2.8,-49,-99999,31.1,-0.56,11.5,14.8,0.08,-0.01
122536,961467,-49.4324,-60.387303,4.3,-49,-99999,31.1,-0.56,11.5,14.8,0.08,-0.01
122536,964741,-49.39394,-60.454348,4.6,-50,-99999,31.1,-0.56,11.700000000000001,15.100000000000001,0.08,-0.01
122536,970250,-49.315915,-60.538123,3.2,-50,-99999,31.1,-0.56,11.700000000000001,16.6,0.1,-0.05
122536,975921,-49.23207,-60.60757,3.6,-51,-99999,31.,-0.56,11.600000000000001,17.3,0.14,-0.08
122536,978068,-49.199313,-60.635042,4.6,-51,-99999,30.900000000000002,-0.56,11.600000000000001,17.400000000000002,0.15,-0.09
122536,979389,-49.179183,-60.651468,4.1,-51,-99999,30.900000000000002,-0.56,11.5,16.7,0.16,-0.1
122536,979549,-49.176762,-60.65348,3.1,-51,-99999,30.900000000000002,-0.56,11.5,16.6,0.16,-0.1
122536,980300,-49.165722,-60.662938,3.7,-53,-99999,30.900000000000002,-0.55,11.5,16.3,0.17,-0.1
122536,980840,-49.157798,-60.66994,3.,-51,-99999,30.900000000000002,-0.55,11.5,16.,0.17,-0.1
122536,981470,-49.14849,-60.678123,4.7,-51,-99999,30.900000000000002,-0.55,11.5,15.8,0.17,-0.11
122536,982609,-49.13562,-60.688533,0.9,-50,-99999,30.900000000000002,-0.55,11.5,15.600000000000001,0.18,-0.11
122536,982909,-49.135443,-60.687395,1.6,-50,-99999,30.900000000000002,-0.55,11.5,15.600000000000001,0.18,-0.11
122536,983969,-49.126942,-60.709133,7.8,-50,-99999,30.8,-0.55,11.5,15.5,0.19,-0.12
122536,984578,-49.122748,-60.740367,5.8,-51,-99999,30.8,-0.55,11.5,15.4,0.19,-0.12
122536,985170,-49.11953,-60.771333,5.6,-49,-99999,30.8,-0.54,11.5,15.100000000000001,0.2,-0.12
122536,986500,-49.133295,-60.809753,3.6,-49,-99999,30.8,-0.54,11.600000000000001,14.700000000000001,0.2,-0.12
122536,987549,-49.143108,-60.83404,3.9,-47,-99999,30.8,-0.54,11.600000000000001,14.100000000000001,0.19,-0.11
122536,988709,-49.153248,-60.859923,3.5,-48,-99999,30.8,-0.54,11.700000000000001,13.5,0.19,-0.11
122536,989969,-49.163405,-60.887622,4.2,-48,-99999,30.8,-0.54,11.700000000000001,13.4,0.19,-0.1
122536,991369,-49.174985,-60.917485,3.9,-46,-99999,30.8,-0.54,11.700000000000001,13.9,0.19,-0.09
122536,992489,-49.186287,-60.937883,3.3,-46,-99999,30.8,-0.53,11.8,14.,0.19,-0.08
122536,993798,-49.201498,-60.958368,3.6,-46,-99999,30.8,-0.53,11.8,13.9,0.2,-0.07
122536,994939,-49.215257,-60.974477,3.2,-46,-99999,30.8,-0.54,11.8,13.3,0.19,-0.07
122536,996181,-49.23103,-60.99093,3.,-47,-99999,30.8,-0.54,11.8,12.9,0.19,-0.07
122536,996410,-49.234115,-60.993358,2.9,-47,-99999,30.8,-0.54,11.8,12.8,0.19,-0.07
122536,997470,-49.249,-61.004623,3.5,-46,-99999,30.8,-0.54,11.9,12.600000000000001,0.19,-0.07
122536,997488,-49.249282,-61.004865,3.6,-46,-99999,30.8,-0.54,11.9,12.600000000000001,0.19,-0.07
122536,997498,-49.249422,-61.004978,3.5,-46,-99999,30.8,-0.54,11.9,12.600000000000001,0.19,-0.07
122536,997507,-49.24956,-61.00507,4.3,-46,-99999,30.8,-0.54,11.9,12.600000000000001,0.19,-0.07
122536,997508,-49.24956,-61.00507,4.3,-46,-99999,30.8,-0.54,11.9,12.600000000000001,0.19,-0.07
122536,997519,-49.249743,-61.005208,4.3,-46,-99999,30.8,-0.54,11.9,12.600000000000001,0.19,-0.07
122536,997528,-49.249862,-61.005297,2.9,-46,-99999,30.8,-0.54,11.9,12.600000000000001,0.19,-0.07
122536,997529,-49.249862,-61.005297,2.9,-46,-99999,30.8,-0.54,11.9,12.600000000000001,0.19,-0.07
122536,997548,-49.250163,-61.005517,4.,-45,-99999,30.8,-0.54,11.9,12.600000000000001,0.19,-0.07
122536,997549,-49.250163,-61.005517,4.,-45,-99999,30.8,-0.54,11.9,12.600000000000001,0.19,-0.07
122536,997558,-49.250317,-61.00564,4.2,-45,-99999,30.8,-0.54,11.9,12.600000000000001,0.19,-0.07
122536,997559,-49.250317,-61.00564,4.2,-45,-99999,30.8,-0.54,11.9,12.600000000000001,0.19,-0.07
122536,997579,-49.250605,-61.005872,2.2,-45,-99999,30.8,-0.54,11.9,12.600000000000001,0.19,-0.07
122536,997589,-49.250745,-61.005965,2.4,-45,-99999,30.8,-0.54,11.9,12.600000000000001,0.19,-0.07
122536,997608,-49.250988,-61.00617,3.3,-45,-99999,30.8,-0.54,11.9,12.600000000000001,0.19,-0.07
122536,997618,-49.25111,-61.006277,4.1,-45,-99999,30.8,-0.54,11.9,12.600000000000001,0.19,-0.07
122536,997619,-49.25111,-61.006277,4.1,-45,-99999,30.8,-0.54,11.9,12.600000000000001,0.19,-0.07
122536,997627,-49.251227,-61.006382,2.8,-45,-99999,30.8,-0.54,11.9,12.600000000000001,0.19,-0.07
122536,997628,-49.251227,-61.006382,2.8,-45,-99999,30.8,-0.54,11.9,12.600000000000001,0.19,-0.07
122536,997637,-49.251387,-61.006553,4.2,-45,-99999,30.8,-0.54,11.9,12.600000000000001,0.19,-0.07
122536,997639,-49.251387,-61.006553,4.2,-45,-99999,30.8,-0.54,11.9,12.600000000000001,0.19,-0.07
122536,997647,-49.251512,-61.006653,3.9,-45,-99999,30.8,-0.54,11.9,12.600000000000001,0.19,-0.07
122536,997659,-49.251648,-61.006752,2.6,-45,-99999,30.8,-0.54,11.9,12.600000000000001,0.19,-0.07
122536,997667,-49.25177,-61.006853,3.1,-45,-99999,30.8,-0.54,11.9,12.600000000000001,0.19,-0.07
122536,997686,-49.252032,-61.007092,3.7,-45,-99999,30.8,-0.54,11.9,12.600000000000001,0.19,-0.07
122536,997687,-49.252032,-61.007092,3.7,-45,-99999,30.8,-0.54,11.9,12.600000000000001,0.19,-0.07
122536,997707,-49.252312,-61.007358,2.8,-45,-99999,30.8,-0.54,11.9,12.5,0.19,-0.07
122536,997709,-49.252312,-61.007358,2.8,-45,-99999,30.8,-0.54,11.9,12.5,0.19,-0.07
122536,997717,-49.25244,-61.007465,3.1,-45,-99999,30.8,-0.54,11.9,12.5,0.19,-0.07
122536,997719,-49.25244,-61.007465,3.1,-45,-99999,30.8,-0.54,11.9,12.5,0.19,-0.07
122536,997727,-49.252557,-61.00759,3.1,-45,-99999,30.8,-0.54,11.9,12.5,0.19,-0.07
122536,997897,-49.254753,-61.00953,3.3,-45,-99999,30.8,-0.54,11.9,12.5,0.19,-0.07
122536,997899,-49.254753,-61.00953,3.3,-45,-99999,30.8,-0.54,11.9,12.5,0.19,-0.07
122536,997937,-49.255265,-61.009963,3.2,-45,-99999,30.8,-0.54,11.9,12.5,0.19,-0.07
122536,998699,-49.265653,-61.017743,3.7,-45,-99999,30.8,-0.54,11.9,12.4,0.19,-0.06
122536,1000008,-49.28418,-61.030148,2.8,-45,-99999,30.8,-0.54,12.,12.3,0.19,-0.06
122536,1000098,-49.285487,-61.030888,3.8,-46,-99999,30.8,-0.54,12.,12.3,0.19,-0.06
122536,1000838,-49.295818,-61.037098,3.4,-46,-99999,30.8,-0.54,12.,12.3,0.19,-0.06
122536,1001149,-49.300253,-61.039882,3.5,-46,-99999,30.8,-0.54,12.,12.200000000000001,0.19,-0.06
122536,1002430,-49.318213,-61.050117,3.7,-46,-99999,30.8,-0.54,12.,12.100000000000001,0.18,-0.06
122536,1002630,-49.321135,-61.05148,4.,-46,-99999,30.8,-0.54,12.,12.100000000000001,0.18,-0.06
122536,1003297,-49.330872,-61.056188,3.3,-46,-99999,30.8,-0.54,12.,12.100000000000001,0.18,-0.06
122536,1003298,-49.330872,-61.056188,3.3,-46,-99999,30.8,-0.54,12.,12.100000000000001,0.18,-0.06
122536,1003306,-49.33101,-61.056267,2.2,-46,-99999,30.8,-0.54,12.,12.100000000000001,0.18,-0.06
122536,1003307,-49.33101,-61.056267,2.2,-46,-99999,30.8,-0.54,12.,12.100000000000001,0.18,-0.06
122536,1003316,-49.331132,-61.056363,3.6,-46,-99999,30.8,-0.54,12.,12.100000000000001,0.18,-0.06
122536,1003317,-49.331132,-61.056363,3.6,-46,-99999,30.8,-0.54,12.,12.100000000000001,0.18,-0.06
122536,1003326,-49.331262,-61.056483,2.8,-46,-99999,30.8,-0.54,12.,12.100000000000001,0.18,-0.06
122536,1003327,-49.331262,-61.056483,2.8,-46,-99999,30.8,-0.54,12.,12.100000000000001,0.18,-0.06
122536,1003337,-49.331417,-61.056617,3.4,-46,-99999,30.8,-0.54,12.,12.100000000000001,0.18,-0.06
122536,1003338,-49.331417,-61.056617,3.4,-46,-99999,30.8,-0.54,12.,12.100000000000001,0.18,-0.06
122536,1003357,-49.33172,-61.056805,3.5,-46,-99999,30.8,-0.54,12.,12.100000000000001,0.18,-0.06
122536,1003358,-49.33172,-61.056805,3.5,-46,-99999,30.8,-0.54,12.,12.100000000000001,0.18,-0.06
122536,1003376,-49.331973,-61.056992,2.6,-46,-99999,30.8,-0.54,12.,12.100000000000001,0.18,-0.06
122536,1003377,-49.331973,-61.056992,2.6,-46,-99999,30.8,-0.54,12.,12.100000000000001,0.18,-0.06
122536,1003386,-49.332113,-61.057087,3.3,-46,-99999,30.8,-0.54,12.,12.100000000000001,0.18,-0.06
122536,1003397,-49.332265,-61.057178,3.,-46,-99999,30.8,-0.54,12.,12.100000000000001,0.18,-0.06
122536,1003398,-49.332265,-61.057178,3.,-46,-99999,30.8,-0.54,12.,12.100000000000001,0.18,-0.06
122536,1003417,-49.332537,-61.05737,3.8,-46,-99999,30.8,-0.54,12.,12.100000000000001,0.18,-0.06
122536,1003418,-49.332537,-61.05737,3.8,-46,-99999,30.8,-0.54,12.,12.100000000000001,0.18,-0.06
122536,1003426,-49.33266,-61.05746,3.8,-46,-99999,30.8,-0.54,12.,12.100000000000001,0.18,-0.06
122536,1003437,-49.332805,-61.057557,3.4,-46,-99999,30.8,-0.54,12.,12.100000000000001,0.18,-0.06
122536,1003438,-49.332805,-61.057557,3.4,-46,-99999,30.8,-0.54,12.,12.100000000000001,0.18,-0.06
122536,1003447,-49.332945,-61.057623,3.6,-46,-99999,30.8,-0.54,12.,12.100000000000001,0.18,-0.06
122536,1003448,-49.332945,-61.057623,3.6,-46,-99999,30.8,-0.54,12.,12.100000000000001,0.18,-0.06
122536,1003457,-49.333097,-61.05769,3.3,-46,-99999,30.8,-0.54,12.,12.100000000000001,0.18,-0.06
122536,1003458,-49.333097,-61.05769,3.3,-46,-99999,30.8,-0.54,12.,12.100000000000001,0.18,-0.06
122536,1003477,-49.333355,-61.057842,3.2,-45,-99999,30.8,-0.54,12.,12.100000000000001,0.18,-0.06
122536,1003478,-49.333355,-61.057842,3.2,-45,-99999,30.8,-0.54,12.,12.100000000000001,0.18,-0.06
122536,1003507,-49.333785,-61.058103,3.1,-45,-99999,30.8,-0.54,12.,12.100000000000001,0.18,-0.06
122536,1003508,-49.333785,-61.058103,3.1,-45,-99999,30.8,-0.54,12.,12.100000000000001,0.18,-0.06
122536,1003517,-49.333933,-61.058223,3.3,-45,-99999,30.8,-0.54,12.,12.100000000000001,0.18,-0.06
122536,1003518,-49.333933,-61.058223,3.3,-45,-99999,30.8,-0.54,12.,12.100000000000001,0.18,-0.06
122536,1003526,-49.334032,-61.058308,2.8,-45,-99999,30.8,-0.54,12.,12.100000000000001,0.18,-0.06
122536,1003557,-49.334458,-61.058572,3.3,-45,-99999,30.8,-0.54,12.,12.100000000000001,0.18,-0.06
122536,1003558,-49.334458,-61.058572,3.3,-45,-99999,30.8,-0.54,12.,12.100000000000001,0.18,-0.06
122536,1003567,-49.33458,-61.058668,3.1,-45,-99999,30.8,-0.54,12.,12.100000000000001,0.18,-0.06
122536,1003669,-49.335933,-61.059627,3.2,-45,-99999,30.8,-0.54,12.,12.100000000000001,0.18,-0.06
122536,1003697,-49.336353,-61.060012,3.8,-45,-99999,30.8,-0.54,12.,12.100000000000001,0.18,-0.06
122536,1003698,-49.336353,-61.060012,3.8,-45,-99999,30.8,-0.54,12.,12.100000000000001,0.18,-0.06
122536,1006279,-49.36796,-61.091235,3.2,-45,-99999,30.8,-0.55,12.,12.100000000000001,0.18,-0.05
122536,1006359,-49.368858,-61.09226,3.3,-45,-99999,30.8,-0.55,12.,12.200000000000001,0.18,-0.05
122536,1007389,-49.380302,-61.106063,3.6,-45,-99999,30.8,-0.55,12.,12.3,0.18,-0.05
122536,1008110,-49.388413,-61.115997,3.1,-45,-99999,30.8,-0.55,12.,12.3,0.17,-0.05
122536,1008671,-49.394713,-61.124022,3.9,-45,-99999,30.8,-0.55,12.,12.3,0.17,-0.04
122536,1008731,-49.39534,-61.124963,3.2,-45,-99999,30.8,-0.55,12.,12.3,0.17,-0.04
122536,1009148,-49.399902,-61.131163,2.6,-45,-99999,30.8,-0.55,12.,12.200000000000001,0.17,-0.04
122536,1009157,-49.400003,-61.13128,4.2,-45,-99999,30.8,-0.55,12.,12.200000000000001,0.17,-0.04
122536,1009158,-49.400003,-61.13128,4.2,-45,-99999,30.8,-0.55,12.,12.200000000000001,0.17,-0.04
122536,1009166,-49.400112,-61.131423,3.2,-45,-99999,30.8,-0.55,12.,12.200000000000001,0.17,-0.04
122536,1009167,-49.400112,-61.131423,3.2,-45,-99999,30.8,-0.55,12.,12.200000000000001,0.17,-0.04
122536,1009177,-49.400247,-61.131603,3.9,-45,-99999,30.8,-0.55,12.,12.200000000000001,0.17,-0.04
122536,1009188,-49.400378,-61.131772,3.8,-45,-99999,30.8,-0.55,12.,12.200000000000001,0.17,-0.04
122536,1009189,-49.400378,-61.131772,3.8,-45,-99999,30.8,-0.55,12.,12.200000000000001,0.17,-0.04
122536,1009196,-49.400478,-61.131872,2.7,-45,-99999,30.8,-0.55,12.,12.200000000000001,0.17,-0.04
122536,1009197,-49.400478,-61.131872,2.7,-45,-99999,30.8,-0.55,12.,12.200000000000001,0.17,-0.04
122536,1009208,-49.40061,-61.132023,2.9,-45,-99999,30.8,-0.55,12.,12.200000000000001,0.17,-0.04
122536,1009217,-49.400707,-61.132173,4.1,-45,-99999,30.8,-0.55,12.,12.200000000000001,0.17,-0.04
122536,1009226,-49.400825,-61.132313,3.6,-45,-99999,30.8,-0.55,12.,12.200000000000001,0.17,-0.04
122536,1009227,-49.400825,-61.132313,3.6,-45,-99999,30.8,-0.55,12.,12.200000000000001,0.17,-0.04
122536,1009237,-49.400962,-61.132472,2.8,-45,-99999,30.8,-0.55,12.,12.200000000000001,0.17,-0.04
122536,1009256,-49.401183,-61.13278,4.1,-45,-99999,30.8,-0.55,12.,12.200000000000001,0.17,-0.04
122536,1009257,-49.401183,-61.13278,4.1,-45,-99999,30.8,-0.55,12.,12.200000000000001,0.17,-0.04
122536,1009268,-49.401295,-61.13295,3.,-45,-99999,30.8,-0.55,12.,12.200000000000001,0.17,-0.04
122536,1009277,-49.401402,-61.133098,3.7,-45,-99999,30.8,-0.55,12.,12.200000000000001,0.17,-0.04
122536,1009286,-49.401518,-61.133278,3.9,-45,-99999,30.8,-0.55,12.,12.200000000000001,0.17,-0.04
122536,1009287,-49.401518,-61.133278,3.9,-45,-99999,30.8,-0.55,12.,12.200000000000001,0.17,-0.04
122536,1009297,-49.401625,-61.133477,4.4,-45,-99999,30.8,-0.55,12.,12.200000000000001,0.17,-0.04
122536,1009308,-49.40175,-61.13365,3.9,-45,-99999,30.8,-0.55,12.,12.200000000000001,0.17,-0.04
122536,1009318,-49.401863,-61.133778,2.5,-45,-99999,30.8,-0.55,12.,12.200000000000001,0.17,-0.04
122536,1009338,-49.402108,-61.134063,2.9,-45,-99999,30.8,-0.55,12.,12.200000000000001,0.17,-0.04
122536,1009339,-49.402108,-61.134063,2.9,-45,-99999,30.8,-0.55,12.,12.200000000000001,0.17,-0.04
122536,1009346,-49.402208,-61.134172,3.3,-45,-99999,30.8,-0.55,12.,12.200000000000001,0.17,-0.04
122536,1009347,-49.402208,-61.134172,3.3,-45,-99999,30.8,-0.55,12.,12.200000000000001,0.17,-0.04
122536,1009357,-49.402335,-61.134335,3.4,-45,-99999,30.8,-0.55,12.,12.200000000000001,0.17,-0.04
122536,1009367,-49.402443,-61.134475,3.7,-45,-99999,30.8,-0.55,12.,12.200000000000001,0.17,-0.04
122536,1009377,-49.402567,-61.134603,3.7,-45,-99999,30.8,-0.55,12.,12.200000000000001,0.17,-0.04
122536,1009378,-49.402567,-61.134603,3.7,-45,-99999,30.8,-0.55,12.,12.200000000000001,0.17,-0.04
122536,1009387,-49.402673,-61.134765,2.7,-45,-99999,30.8,-0.55,12.,12.200000000000001,0.17,-0.04
122536,1009398,-49.402793,-61.134927,2.1,-45,-99999,30.8,-0.55,12.,12.200000000000001,0.17,-0.04
122536,1009399,-49.402793,-61.134927,2.1,-45,-99999,30.8,-0.55,12.,12.200000000000001,0.17,-0.04
122536,1009406,-49.402877,-61.13503,2.6,-45,-99999,30.8,-0.55,12.,12.200000000000001,0.17,-0.04
122536,1009407,-49.402877,-61.13503,2.6,-45,-99999,30.8,-0.55,12.,12.200000000000001,0.17,-0.04
122536,1009427,-49.403122,-61.135307,3.3,-45,-99999,30.8,-0.55,12.,12.200000000000001,0.17,-0.04
122536,1009447,-49.403357,-61.135625,3.9,-45,-99999,30.8,-0.55,12.,12.200000000000001,0.17,-0.04
122536,1009459,-49.40349,-61.135803,2.5,-45,-99999,30.8,-0.55,12.,12.200000000000001,0.17,-0.04
122536,1009466,-49.403573,-61.135942,3.4,-45,-99999,30.8,-0.55,12.,12.200000000000001,0.17,-0.04
122536,1009467,-49.403573,-61.135942,3.4,-45,-99999,30.8,-0.55,12.,12.200000000000001,0.17,-0.04
122536,1009478,-49.40371,-61.136117,3.3,-45,-99999,30.8,-0.55,12.,12.200000000000001,0.17,-0.04
122536,1009479,-49.40371,-61.136117,3.3,-45,-99999,30.8,-0.55,12.,12.200000000000001,0.17,-0.04
122536,1009487,-49.40382,-61.136242,4.1,-45,-99999,30.8,-0.55,12.,12.200000000000001,0.17,-0.04
122536,1009518,-49.404192,-61.136703,4.8,-45,-99999,30.8,-0.55,12.,12.200000000000001,0.17,-0.04
122536,1009526,-49.404282,-61.136805,3.6,-45,-99999,30.8,-0.55,12.,12.200000000000001,0.17,-0.04
122536,1009527,-49.404282,-61.136805,3.6,-45,-99999,30.8,-0.55,12.,12.200000000000001,0.17,-0.04
122536,1009547,-49.404497,-61.13714,2.7,-45,-99999,30.8,-0.55,12.,12.200000000000001,0.17,-0.04
122536,1009567,-49.404735,-61.137433,1.9,-45,-99999,30.8,-0.55,12.,12.200000000000001,0.17,-0.04
122536,1009578,-49.404855,-61.137595,3.2,-45,-99999,30.8,-0.55,12.,12.200000000000001,0.17,-0.04
122536,1009607,-49.405107,-61.13799,1.2,-45,-99999,30.8,-0.55,12.,12.200000000000001,0.17,-0.04
122536,1009617,-49.40515,-61.138,0.7,-45,-99999,30.8,-0.55,12.,12.200000000000001,0.17,-0.04
122536,1009638,-49.405197,-61.137892,0.7,-45,-99999,30.8,-0.55,12.,12.200000000000001,0.17,-0.04
122536,1009918,-49.404302,-61.13452,2.6,-45,-99999,30.8,-0.55,12.,12.3,0.17,-0.04
122536,1009999,-49.404257,-61.13361,2.7,-45,-99999,30.8,-0.55,12.,12.3,0.17,-0.04
122536,1011259,-49.41251,-61.123022,6.2,-45,-99999,30.8,-0.55,12.,12.4,0.16,-0.04
122536,1012719,-49.418818,-61.15054,3.2,-45,-99999,30.8,-0.55,12.,12.200000000000001,0.17,-0.04
122536,1013711,-49.428075,-61.17062,3.5,-45,-99999,30.8,-0.55,12.,12.200000000000001,0.17,-0.03
122536,1015148,-49.442938,-61.199865,2.5,-45,-99999,30.8,-0.55,12.,12.100000000000001,0.17,-0.02
122536,1015168,-49.4431,-61.200282,4.4,-45,-99999,30.8,-0.55,12.,12.100000000000001,0.17,-0.02
122536,1015187,-49.443243,-61.200672,3.7,-45,-99999,30.8,-0.55,12.,12.,0.17,-0.02
122536,1015188,-49.443243,-61.200672,3.7,-45,-99999,30.8,-0.55,12.,12.,0.17,-0.02
122536,1015217,-49.443525,-61.201313,3.9,-45,-99999,30.8,-0.55,12.,12.,0.17,-0.02
122536,1015218,-49.443525,-61.201313,3.9,-45,-99999,30.8,-0.55,12.,12.,0.17,-0.02
122536,1015228,-49.443615,-61.20155,4.4,-45,-99999,30.8,-0.55,12.,12.,0.17,-0.02
122536,1015237,-49.44371,-61.201762,3.5,-45,-99999,30.8,-0.55,12.,12.,0.17,-0.02
122536,1015247,-49.443813,-61.201983,4.3,-45,-99999,30.8,-0.55,12.,12.,0.17,-0.02
122536,1031898,-49.644067,-61.546835,3.8,-45,-99999,30.900000000000002,-0.55,12.100000000000001,10.9,0.1,0.05
122536,1031928,-49.644458,-61.547372,3.5,-45,-99999,30.900000000000002,-0.55,12.100000000000001,10.9,0.1,0.05
122536,1031929,-49.644458,-61.547372,3.5,-45,-99999,30.900000000000002,-0.55,12.100000000000001,10.9,0.1,0.05
122536,1031939,-49.644595,-61.547548,3.5,-45,-99999,30.900000000000002,-0.55,12.100000000000001,10.9,0.1,0.05
122536,1031958,-49.644852,-61.547922,4.2,-45,-99999,30.900000000000002,-0.55,12.100000000000001,10.9,0.1,0.05
122536,1031988,-49.645213,-61.548567,3.5,-45,-99999,30.900000000000002,-0.55,12.100000000000001,10.9,0.1,0.05
122536,1031989,-49.645213,-61.548567,3.5,-45,-99999,30.900000000000002,-0.55,12.100000000000001,10.9,0.1,0.05
122536,1031998,-49.645353,-61.548757,4.1,-45,-99999,30.900000000000002,-0.55,12.100000000000001,10.9,0.1,0.05
122536,1031999,-49.645353,-61.548757,4.1,-45,-99999,30.900000000000002,-0.55,12.100000000000001,10.9,0.1,0.05
122536,1032018,-49.645632,-61.549122,3.6,-45,-99999,30.900000000000002,-0.55,12.100000000000001,10.9,0.1,0.05
122536,1032019,-49.645632,-61.549122,3.6,-45,-99999,30.900000000000002,-0.55,12.100000000000001,10.9,0.1,0.05
122536,1032039,-49.645888,-61.549512,3.9,-45,-99999,30.900000000000002,-0.55,12.100000000000001,10.9,0.1,0.05
122536,1032040,-49.645888,-61.549512,3.9,-45,-99999,30.900000000000002,-0.55,12.100000000000001,10.9,0.1,0.05
122536,1032058,-49.646103,-61.54987,4.,-45,-99999,30.900000000000002,-0.55,12.100000000000001,10.9,0.1,0.05
122536,1032068,-49.646223,-61.550063,3.2,-45,-99999,30.900000000000002,-0.55,12.100000000000001,10.9,0.1,0.05
122536,1032069,-49.646223,-61.550063,3.2,-45,-99999,30.900000000000002,-0.55,12.100000000000001,10.9,0.1,0.05
122536,1032078,-49.646348,-61.550252,3.5,-45,-99999,30.900000000000002,-0.55,12.100000000000001,10.9,0.1,0.05
122536,1032088,-49.646478,-61.55043,4.5,-45,-99999,30.900000000000002,-0.55,12.100000000000001,10.9,0.1,0.05
122536,1032089,-49.646478,-61.55043,4.5,-45,-99999,30.900000000000002,-0.55,12.100000000000001,10.9,0.1,0.05
122536,1032109,-49.646712,-61.55078,3.5,-45,-99999,30.900000000000002,-0.55,12.100000000000001,10.9,0.1,0.05
122536,1032128,-49.646987,-61.551105,3.8,-45,-99999,30.900000000000002,-0.55,12.100000000000001,10.9,0.1,0.05
122536,1032129,-49.646987,-61.551105,3.8,-45,-99999,30.900000000000002,-0.55,12.100000000000001,10.9,0.1,0.05
122536,1032148,-49.647243,-61.55147,3.9,-45,-99999,30.900000000000002,-0.55,12.100000000000001,10.9,0.1,0.05
122536,1032169,-49.647512,-61.551848,4.2,-45,-99999,30.900000000000002,-0.55,12.100000000000001,10.9,0.1,0.05
122536,1032189,-49.647767,-61.55222,2.9,-45,-99999,30.900000000000002,-0.55,12.100000000000001,10.9,0.1,0.05
122536,1032209,-49.648023,-61.552575,4.5,-45,-99999,30.900000000000002,-0.55,12.100000000000001,10.9,0.1,0.05
122536,1032219,-49.648162,-61.552762,4.3,-45,-99999,30.900000000000002,-0.55,12.100000000000001,10.9,0.1,0.05
122536,1032228,-49.648273,-61.55294,4.7,-45,-99999,30.900000000000002,-0.55,12.100000000000001,10.9,0.1,0.05
122536,1032229,-49.648273,-61.55294,4.7,-45,-99999,30.900000000000002,-0.55,12.100000000000001,10.9,0.1,0.05
122536,1032249,-49.648528,-61.553298,4.2,-45,-99999,30.900000000000002,-0.55,12.100000000000001,10.9,0.1,0.05
122536,1032259,-49.648665,-61.553507,3.5,-45,-99999,30.900000000000002,-0.55,12.100000000000001,10.9,0.1,0.05
122536,1032269,-49.648808,-61.553693,4.5,-45,-99999,30.900000000000002,-0.55,12.100000000000001,10.9,0.1,0.05
122536,1032279,-49.648928,-61.553878,3.7,-45,-99999,30.900000000000002,-0.55,12.100000000000001,10.9,0.1,0.05
122536,1032289,-49.649058,-61.554075,4.,-45,-99999,30.900000000000002,-0.55,12.100000000000001,10.9,0.1,0.05
122536,1032290,-49.649058,-61.554075,4.,-45,-99999,30.900000000000002,-0.55,12.100000000000001,10.9,0.1,0.05
122536,1032299,-49.6492,-61.554267,4.2,-45,-99999,30.900000000000002,-0.55,12.100000000000001,10.9,0.1,0.05
122536,1032300,-49.6492,-61.554267,4.2,-45,-99999,30.900000000000002,-0.55,12.100000000000001,10.9,0.1,0.05
122536,1037749,-49.765797,-61.615757,6.7,-45,-99999,30.900000000000002,-0.54,12.100000000000001,10.8,0.09,0.06
122536,1037750,-49.765797,-61.615757,6.7,-45,-99999,30.900000000000002,-0.54,12.100000000000001,10.8,0.09,0.06
122536,1037809,-49.767437,-61.61705,6.1,-45,-99999,30.900000000000002,-0.54,12.100000000000001,10.8,0.09,0.06
122536,1037818,-49.767652,-61.617237,7.,-45,-99999,30.900000000000002,-0.54,12.100000000000001,10.8,0.09,0.06
122536,1037838,-49.768083,-61.617573,4.7,-45,-99999,30.900000000000002,-0.54,12.100000000000001,10.8,0.09,0.06
122536,1037839,-49.768083,-61.617573,4.7,-45,-99999,30.900000000000002,-0.54,12.100000000000001,10.8,0.09,0.06
122536,1037869,-49.768765,-61.618097,4.1,-45,-99999,30.900000000000002,-0.54,12.100000000000001,10.8,0.09,0.06
122536,1037870,-49.768765,-61.618097,4.1,-45,-99999,30.900000000000002,-0.54,12.100000000000001,10.8,0.09,0.06
122536,1037878,-49.768963,-61.618243,5.4,-45,-99999,30.900000000000002,-0.54,12.100000000000001,10.8,0.09,0.06
122536,1037898,-49.769427,-61.618607,6.5,-45,-99999,30.900000000000002,-0.54,12.100000000000001,10.8,0.09,0.06
122536,1037909,-49.769728,-61.61883,4.7,-45,-99999,30.900000000000002,-0.54,12.100000000000001,10.8,0.09,0.06
122536,1037910,-49.769728,-61.61883,4.7,-45,-99999,30.900000000000002,-0.54,12.100000000000001,10.8,0.09,0.06
122536,1037929,-49.770252,-61.61917,6.6,-45,-99999,30.900000000000002,-0.54,12.100000000000001,10.8,0.09,0.06
122536,1037930,-49.770252,-61.61917,6.6,-45,-99999,30.900000000000002,-0.54,12.100000000000001,10.8,0.09,0.06
122536,1037938,-49.770483,-61.619348,5.4,-45,-99999,30.900000000000002,-0.54,12.100000000000001,10.8,0.09,0.06
122536,1037949,-49.770748,-61.619563,6.8,-45,-99999,30.900000000000002,-0.54,12.100000000000001,10.8,0.09,0.06
122536,1037969,-49.771305,-61.620037,6.1,-45,-99999,30.900000000000002,-0.54,12.100000000000001,10.8,0.09,0.06
122536,1037970,-49.771305,-61.620037,6.1,-45,-99999,30.900000000000002,-0.54,12.100000000000001,10.8,0.09,0.06
122536,1037989,-49.771833,-61.620477,5.8,-45,-99999,30.900000000000002,-0.54,12.100000000000001,10.8,0.08,0.06
122536,1037998,-49.772108,-61.620697,5.5,-45,-99999,30.900000000000002,-0.54,12.100000000000001,10.8,0.08,0.06
122536,1038009,-49.772378,-61.620912,6.2,-45,-99999,30.900000000000002,-0.54,12.100000000000001,10.8,0.08,0.07
122536,1038018,-49.772608,-61.621113,6.9,-45,-99999,30.900000000000002,-0.54,12.100000000000001,10.8,0.08,0.07
122536,1038030,-49.772937,-61.621402,7.5,-45,-99999,30.900000000000002,-0.54,12.100000000000001,10.8,0.08,0.07
122536,1038049,-49.773432,-61.621817,5.5,-45,-99999,30.900000000000002,-0.54,12.100000000000001,10.8,0.08,0.07
122536,1038059,-49.773698,-61.622025,6.6,-45,-99999,30.900000000000002,-0.54,12.100000000000001,10.8,0.08,0.07
122536,1038068,-49.773955,-61.622272,6.4,-45,-99999,30.900000000000002,-0.54,12.100000000000001,10.8,0.08,0.07
122536,1038070,-49.773955,-61.622272,6.4,-45,-99999,30.900000000000002,-0.54,12.100000000000001,10.8,0.08,0.07
122536,1038078,-49.774185,-61.62248,5.5,-45,-99999,30.900000000000002,-0.54,12.100000000000001,10.8,0.08,0.07
122536,1038089,-49.774508,-61.62275,6.5,-45,-99999,30.900000000000002,-0.54,12.100000000000001,10.8,0.08,0.07
122536,1038090,-49.774508,-61.62275,6.5,-45,-99999,30.900000000000002,-0.54,12.100000000000001,10.8,0.08,0.07
122536,1038099,-49.774748,-61.622952,6.3,-45,-99999,30.900000000000002,-0.54,12.100000000000001,10.8,0.08,0.07
122536,1038109,-49.775015,-61.623182,6.1,-45,-99999,30.900000000000002,-0.54,12.100000000000001,10.8,0.08,0.07
122536,1038118,-49.77527,-61.623413,5.4,-45,-99999,30.900000000000002,-0.54,12.100000000000001,10.8,0.08,0.07
122536,1038128,-49.775525,-61.623623,6.7,-45,-99999,30.900000000000002,-0.54,12.100000000000001,10.8,0.08,0.07
122536,1038138,-49.775748,-61.623822,5.4,-45,-99999,30.900000000000002,-0.54,12.100000000000001,10.8,0.08,0.07
122536,1038150,-49.776075,-61.624058,5.8,-45,-99999,30.900000000000002,-0.54,12.100000000000001,10.8,0.08,0.07
122536,1038159,-49.776323,-61.624247,7.2,-45,-99999,30.900000000000002,-0.54,12.100000000000001,10.8,0.08,0.07
122536,1038169,-49.776593,-61.624462,6.8,-45,-99999,30.900000000000002,-0.54,12.100000000000001,10.8,0.08,0.07
122536,1038179,-49.776873,-61.624687,6.6,-45,-99999,30.900000000000002,-0.54,12.100000000000001,10.8,0.08,0.07
122536,1038189,-49.777137,-61.624912,6.2,-45,-99999,30.900000000000002,-0.54,12.100000000000001,10.8,0.08,0.07
122536,1038210,-49.77773,-61.62541,7.1,-45,-99999,30.900000000000002,-0.54,12.100000000000001,10.8,0.08,0.07
122536,1038219,-49.778,-61.625608,7.4,-45,-99999,30.900000000000002,-0.54,12.100000000000001,10.8,0.08,0.07
122536,1038229,-49.778293,-61.62584,7.2,-45,-99999,30.900000000000002,-0.54,12.100000000000001,10.8,0.08,0.07
122536,1038238,-49.778578,-61.626063,7.4,-45,-99999,30.900000000000002,-0.54,12.100000000000001,10.8,0.08,0.07
122536,1043456,-49.915438,-61.731685,6.1,-45,-99999,31.,-0.53,11.4,10.600000000000001,0.05,0.1
122536,1043547,-49.91765,-61.733367,7.,-45,-99999,31.,-0.53,11.4,10.600000000000001,0.04,0.1
122536,1043637,-49.91985,-61.735277,6.5,-45,-99999,31.,-0.53,11.4,10.5,0.04,0.1
122536,1043638,-49.91985,-61.735277,6.5,-45,-99999,31.,-0.53,11.4,10.5,0.04,0.1
122536,1043646,-49.920093,-61.73545,6.5,-45,-99999,31.,-0.53,11.4,10.5,0.04,0.1
122536,1043647,-49.920093,-61.73545,6.5,-45,-99999,31.,-0.53,11.4,10.5,0.04,0.1
122536,1043656,-49.920372,-61.735607,7.,-45,-99999,31.,-0.53,11.4,10.5,0.04,0.1
122536,1043687,-49.921182,-61.736245,6.9,-45,-99999,31.,-0.53,11.4,10.5,0.04,0.1
122536,1043707,-49.921683,-61.736682,6.5,-45,-99999,31.,-0.53,11.4,10.5,0.04,0.1
122536,1043727,-49.922215,-61.737108,5.8,-45,-99999,31.,-0.53,11.4,10.5,0.04,0.1
122536,1043728,-49.922215,-61.737108,5.8,-45,-99999,31.,-0.53,11.4,10.5,0.04,0.1
122536,1043738,-49.922478,-61.737337,6.1,-45,-99999,31.,-0.53,11.4,10.5,0.05,0.1
122536,1043747,-49.922713,-61.737522,6.8,-45,-99999,31.,-0.53,11.4,10.5,0.05,0.1
122536,1043767,-49.923213,-61.737932,6.4,-45,-99999,31.,-0.53,11.4,10.5,0.05,0.1
122536,1043776,-49.923437,-61.7381,5.7,-45,-99999,31.,-0.53,11.4,10.5,0.05,0.1
122536,1043797,-49.924,-61.738483,6.,-45,-99999,31.,-0.53,11.4,10.5,0.05,0.1
122536,1043798,-49.924,-61.738483,6.,-45,-99999,31.,-0.53,11.4,10.5,0.05,0.1
122536,1043807,-49.924225,-61.738683,6.2,-45,-99999,31.,-0.53,11.4,10.5,0.05,0.1
122536,1043818,-49.924502,-61.738942,6.7,-45,-99999,31.,-0.53,11.4,10.5,0.05,0.1
122536,1043827,-49.92474,-61.73914,6.9,-45,-99999,31.,-0.53,11.4,10.5,0.05,0.1
122536,1043836,-49.924968,-61.73934,6.1,-45,-99999,31.,-0.53,11.4,10.5,0.05,0.1
122536,1043848,-49.925285,-61.739588,6.,-45,-99999,31.,-0.53,11.4,10.4,0.05,0.1
122536,1043858,-49.925543,-61.739812,6.4,-45,-99999,31.,-0.53,11.3,10.4,0.05,0.1
122536,1043887,-49.926322,-61.740493,7.4,-45,-99999,31.,-0.53,11.3,10.4,0.05,0.1
122536,1043896,-49.926563,-61.74071,7.,-45,-99999,31.,-0.53,11.3,10.4,0.05,0.1
122536,1043897,-49.926563,-61.74071,7.,-45,-99999,31.,-0.53,11.3,10.4,0.05,0.1
122536,1043907,-49.92687,-61.74095,6.7,-45,-99999,31.,-0.53,11.3,10.4,0.05,0.1
122536,1043917,-49.927188,-61.741183,6.6,-45,-99999,31.,-0.53,11.3,10.4,0.05,0.1
122536,1043927,-49.927435,-61.741375,6.4,-45,-99999,31.,-0.53,11.3,10.4,0.05,0.1
122536,1043937,-49.927708,-61.7416,6.4,-45,-99999,31.,-0.53,11.3,10.4,0.05,0.1
122536,1043948,-49.927977,-61.74181,6.9,-45,-99999,31.,-0.53,11.3,10.4,0.05,0.1
122536,1043956,-49.928207,-61.742003,5.6,-45,-99999,31.,-0.53,11.3,10.4,0.05,0.1
122536,1043967,-49.928485,-61.74225,7.,-45,-99999,31.,-0.53,11.3,10.4,0.05,0.1
122536,1043988,-49.929027,-61.7426,6.,-45,-99999,31.,-0.53,11.3,10.4,0.05,0.1
122536,1043997,-49.929282,-61.742818,6.4,-45,-99999,31.,-0.53,11.3,10.4,0.05,0.1
122536,1044006,-49.929515,-61.742935,5.6,-45,-99999,31.,-0.53,11.3,10.4,0.05,0.1
122536,1044017,-49.929767,-61.743163,6.3,-45,-99999,31.,-0.53,11.3,10.4,0.05,0.1
122536,1044027,-49.930008,-61.74339,6.3,-45,-99999,31.,-0.53,11.3,10.4,0.05,0.1
122536,1044038,-49.930278,-61.743638,6.4,-45,-99999,31.,-0.53,11.3,10.4,0.05,0.1
122536,1044047,-49.930523,-61.743873,6.4,-45,-99999,31.,-0.53,11.3,10.4,0.05,0.1
122536,1044048,-49.930523,-61.743873,6.4,-45,-99999,31.,-0.53,11.3,10.4,0.05,0.1
122536,1044057,-49.930747,-61.744087,6.3,-45,-99999,31.,-0.53,11.3,10.4,0.05,0.1
122536,1044066,-49.930975,-61.744288,5.4,-45,-99999,31.,-0.53,11.3,10.4,0.05,0.1
122536,1044076,-49.931232,-61.744468,5.5,-45,-99999,31.,-0.53,11.3,10.4,0.05,0.1
122536,1044077,-49.931232,-61.744468,5.5,-45,-99999,31.,-0.53,11.3,10.4,0.05,0.1
122536,1048211,-50.03714,-61.825142,6.4,-45,-99999,30.700000000000003,-0.52,11.100000000000001,10.200000000000001,0.04,0.08
122536,1049386,-50.067143,-61.847198,6.4,-45,-99999,30.5,-0.52,11.,10.,0.02,0.08
122536,1049387,-50.067143,-61.847198,6.4,-45,-99999,30.5,-0.52,11.,10.,0.02,0.08
122536,1049397,-50.067377,-61.847372,5.2,-45,-99999,30.5,-0.52,11.,10.,0.02,0.08
122536,1049548,-50.071252,-61.850335,6.8,-45,-99999,30.5,-0.52,11.,10.,0.01,0.08
122536,1049557,-50.07151,-61.850505,5.9,-45,-99999,30.5,-0.52,11.,10.,0.01,0.08
122536,1049576,-50.071988,-61.850832,6.1,-45,-99999,30.5,-0.52,11.,10.,0.01,0.08
122536,1049577,-50.071988,-61.850832,6.1,-45,-99999,30.5,-0.52,11.,10.,0.01,0.08
122536,1049587,-50.072285,-61.851075,6.8,-45,-99999,30.5,-0.52,11.,10.,0.01,0.08
122536,1049588,-50.072285,-61.851075,6.8,-45,-99999,30.5,-0.52,11.,10.,0.01,0.08
122536,1049596,-50.072483,-61.851283,5.5,-45,-99999,30.5,-0.52,11.,10.,0.01,0.08
122536,1049597,-50.072483,-61.851283,5.5,-45,-99999,30.5,-0.52,11.,10.,0.01,0.08
122536,1049607,-50.072752,-61.851528,5.8,-45,-99999,30.5,-0.52,11.,10.,0.01,0.08
122536,1049627,-50.07325,-61.851918,6.8,-45,-99999,30.5,-0.52,11.,10.,0.01,0.08
122536,1049647,-50.073793,-61.852358,5.1,-45,-99999,30.5,-0.52,11.,10.,0.01,0.08
122536,1049648,-50.073793,-61.852358,5.1,-45,-99999,30.5,-0.52,11.,10.,0.01,0.08
122536,1049656,-50.07403,-61.852517,5.6,-45,-99999,30.5,-0.52,11.,10.,0.01,0.08
122536,1049657,-50.07403,-61.852517,5.6,-45,-99999,30.5,-0.52,11.,10.,0.01,0.08
122536,1049666,-50.0743,-61.852708,6.6,-45,-99999,30.5,-0.52,11.,10.,0.01,0.08
122536,1049677,-50.074573,-61.852863,7.7,-45,-99999,30.5,-0.52,11.,10.,0.01,0.08
122536,1049678,-50.074573,-61.852863,7.7,-45,-99999,30.5,-0.52,11.,10.,0.01,0.08
122536,1049696,-50.07508,-61.853168,5.8,-45,-99999,30.5,-0.52,11.,10.,0.01,0.08
122536,1049697,-50.07508,-61.853168,5.8,-45,-99999,30.5,-0.52,11.,10.,0.01,0.08
122536,1049707,-50.075388,-61.85339,5.4,-45,-99999,30.5,-0.52,11.,10.,0.01,0.08
122536,1049708,-50.075388,-61.85339,5.4,-45,-99999,30.5,-0.52,11.,10.,0.01,0.08
122536,1049716,-50.07563,-61.853543,5.9,-45,-99999,30.5,-0.52,11.,10.,0.01,0.08
122536,1049717,-50.07563,-61.853543,5.9,-45,-99999,30.5,-0.52,11.,10.,0.01,0.08
122536,1049746,-50.076363,-61.854178,5.9,-45,-99999,30.5,-0.52,11.,10.,0.01,0.08
122536,1049747,-50.076363,-61.854178,5.9,-45,-99999,30.5,-0.52,11.,10.,0.01,0.08
122536,1049756,-50.07663,-61.854362,6.8,-45,-99999,30.5,-0.52,11.,10.,0.01,0.08
122536,1049767,-50.07694,-61.854587,6.2,-45,-99999,30.5,-0.52,11.,10.,0.01,0.08
122536,1049768,-50.07694,-61.854587,6.2,-45,-99999,30.5,-0.52,11.,10.,0.01,0.08
122536,1049776,-50.077173,-61.854763,6.9,-45,-99999,30.5,-0.52,11.,10.,0.01,0.08
122536,1049777,-50.077173,-61.854763,6.9,-45,-99999,30.5,-0.52,11.,10.,0.01,0.08
122536,1049786,-50.077402,-61.854953,6.6,-45,-99999,30.5,-0.52,11.,10.,0.01,0.08
122536,1049787,-50.077402,-61.854953,6.6,-45,-99999,30.5,-0.52,11.,10.,0.01,0.08
122536,1049797,-50.077617,-61.85514,5.6,-45,-99999,30.5,-0.52,11.,10.,0.01,0.08
122536,1049798,-50.077617,-61.85514,5.6,-45,-99999,30.5,-0.52,11.,10.,0.01,0.08
122536,1049807,-50.077837,-61.855362,5.2,-45,-99999,30.5,-0.52,11.,10.,0.01,0.08
122536,1049817,-50.078043,-61.855567,5.5,-45,-99999,30.5,-0.52,11.,10.,0.01,0.08
122536,1049826,-50.078303,-61.855745,6.4,-45,-99999,30.5,-0.52,11.,10.,0.01,0.08
122536,1049837,-50.078587,-61.85597,5.4,-45,-99999,30.5,-0.52,11.,10.,0.01,0.08
122536,1049846,-50.07885,-61.85615,5.7,-45,-99999,30.5,-0.52,11.,10.,0.01,0.08
122536,1049847,-50.07885,-61.85615,5.7,-45,-99999,30.5,-0.52,11.,10.,0.01,0.08
122536,1049858,-50.079143,-61.856272,7.9,-45,-99999,30.5,-0.52,11.,10.,0.01,0.08
122536,1053630,-50.181335,-61.934585,5.8,-45,-99999,29.6,-0.5,10.200000000000001,19.3,0.,0.1
122536,1059170,-50.321855,-62.032397,7.5,-45,-99999,-99999.,-99999.,-99999.,-99999.,-99999.,-99999.
122536,1062410,-50.416368,-62.083737,7.5,-46,-99999,-99999.,-99999.,-99999.,-99999.,-99999.,-99999.
122536,1063648,-50.453088,-62.103175,6.7,-46,-99999,-99999.,-99999.,-99999.,-99999.,-99999.,-99999.
122536,1064851,-50.48293,-62.117777,4.9,-46,-99999,-99999.,-99999.,-99999.,-99999.,-99999.,-99999.
122536,1065780,-50.505697,-62.129423,7.2,-47,-99999,-99999.,-99999.,-99999.,-99999.,-99999.,-99999.
122536,1067079,-50.537195,-62.144768,5.8,-47,-99999,-99999.,-99999.,-99999.,-99999.,-99999.,-99999.
122536,1068502,-50.567485,-62.156668,3.2,-46,-99999,-99999.,-99999.,-99999.,-99999.,-99999.,-99999.
122536,1069429,-50.559848,-62.158935,1.5,-46,-99999,-99999.,-99999.,-99999.,-99999.,-99999.,-99999.
122536,1070159,-50.555097,-62.163655,2.7,-46,-99999,-99999.,-99999.,-99999.,-99999.,-99999.,-99999.
122536,1070700,-50.551627,-62.166605,1.5,-46,-99999,-99999.,-99999.,-99999.,-99999.,-99999.,-99999.
122536,1071369,-50.546815,-62.17166,3.,-47,-99999,-99999.,-99999.,-99999.,-99999.,-99999.,-99999.
122536,1072056,-50.541232,-62.1778,1.8,-47,-99999,-99999.,-99999.,-99999.,-99999.,-99999.,-99999.
122536,1072221,-50.540177,-62.179132,1.6,-47,-99999,-99999.,-99999.,-99999.,-99999.,-99999.,-99999.
122536,1073070,-50.533443,-62.182352,0.9,-47,-99999,-99999.,-99999.,-99999.,-99999.,-99999.,-99999.
122536,1074340,-50.522235,-62.179082,1.2,-47,-99999,-99999.,-99999.,-99999.,-99999.,-99999.,-99999.
122536,1075140,-50.515898,-62.173308,1.3,-47,-99999,-99999.,-99999.,-99999.,-99999.,-99999.,-99999.
122536,1075550,-50.512068,-62.17096,2.2,-47,-99999,-99999.,-99999.,-99999.,-99999.,-99999.,-99999.
122536,1076839,-50.499328,-62.160768,4.5,-46,-99999,-99999.,-99999.,-99999.,-99999.,-99999.,-99999.
122536,1078020,-50.480813,-62.136395,5.7,-46,-99999,-99999.,-99999.,-99999.,-99999.,-99999.,-99999.
122536,1079270,-50.465558,-62.107342,4.5,-46,-99999,-99999.,-99999.,-99999.,-99999.,-99999.,-99999.
122536,1080358,-50.453512,-62.082963,3.7,-46,-99999,-99999.,-99999.,-99999.,-99999.,-99999.,-99999.
122536,1080519,-50.451767,-62.079222,4.,-46,-99999,-99999.,-99999.,-99999.,-99999.,-99999.,-99999.
122536,1081770,-50.437828,-62.050333,5.3,-46,-99999,-99999.,-99999.,-99999.,-99999.,-99999.,-99999.
122536,1082009,-50.435053,-62.044823,4.4,-46,-99999,-99999.,-99999.,-99999.,-99999.,-99999.,-99999.
122536,1083058,-50.425042,-62.017818,2.5,-46,-99999,-99999.,-99999.,-99999.,-99999.,-99999.,-99999.
122536,1084240,-50.413782,-61.987668,4.7,-45,-99999,-99999.,-99999.,-99999.,-99999.,-99999.,-99999.
122536,1084509,-50.411312,-61.980873,3.5,-45,-99999,-99999.,-99999.,-99999.,-99999.,-99999.,-99999.
122536,1085519,-50.400987,-61.955077,5.,-45,-99999,-99999.,-99999.,-99999.,-99999.,-99999.,-99999.
122536,1085847,-50.397593,-61.946495,4.7,-45,-99999,-99999.,-99999.,-99999.,-99999.,-99999.,-99999.
122536,1085867,-50.39739,-61.946002,3.2,-45,-99999,-99999.,-99999.,-99999.,-99999.,-99999.,-99999.
122536,1085868,-50.39739,-61.946002,3.2,-45,-99999,-99999.,-99999.,-99999.,-99999.,-99999.,-99999.
122536,1085877,-50.397305,-61.945735,4.9,-45,-99999,-99999.,-99999.,-99999.,-99999.,-99999.,-99999.
122536,1085878,-50.397305,-61.945735,4.9,-45,-99999,-99999.,-99999.,-99999.,-99999.,-99999.,-99999.
122536,1085887,-50.397227,-61.945477,4.,-45,-99999,-99999.,-99999.,-99999.,-99999.,-99999.,-99999.
122536,1085898,-50.397122,-61.945203,4.1,-45,-99999,-99999.,-99999.,-99999.,-99999.,-99999.,-99999.
122536,1085899,-50.397122,-61.945203,4.1,-45,-99999,-99999.,-99999.,-99999.,-99999.,-99999.,-99999.
122536,1085907,-50.397047,-61.944932,4.5,-45,-99999,-99999.,-99999.,-99999.,-99999.,-99999.,-99999.
122536,1085909,-50.397047,-61.944932,4.5,-45,-99999,-99999.,-99999.,-99999.,-99999.,-99999.,-99999.
122536,1085927,-50.396853,-61.944402,4.5,-45,-99999,-99999.,-99999.,-99999.,-99999.,-99999.,-99999.
122536,1085929,-50.396853,-61.944402,4.5,-45,-99999,-99999.,-99999.,-99999.,-99999.,-99999.,-99999.
122536,1085937,-50.39674,-61.944157,4.5,-45,-99999,-99999.,-99999.,-99999.,-99999.,-99999.,-99999.
122536,1085938,-50.39674,-61.944157,4.5,-45,-99999,-99999.,-99999.,-99999.,-99999.,-99999.,-99999.
122536,1085947,-50.396652,-61.943893,5.3,-45,-99999,-99999.,-99999.,-99999.,-99999.,-99999.,-99999.
122536,1085948,-50.396652,-61.943893,5.3,-45,-99999,-99999.,-99999.,-99999.,-99999.,-99999.,-99999.
122536,1085968,-50.396472,-61.943318,7.1,-45,-99999,-99999.,-99999.,-99999.,-99999.,-99999.,-99999.
122536,1085988,-50.396288,-61.942735,4.3,-45,-99999,-99999.,-99999.,-99999.,-99999.,-99999.,-99999.
122536,1085989,-50.396288,-61.942735,4.3,-45,-99999,-99999.,-99999.,-99999.,-99999.,-99999.,-99999.
122536,1085998,-50.396168,-61.942493,3.8,-45,-99999,-99999.,-99999.,-99999.,-99999.,-99999.,-99999.
122536,1086028,-50.395838,-61.941732,4.7,-45,-99999,-99999.,-99999.,-99999.,-99999.,-99999.,-99999.
122536,1086048,-50.395613,-61.94119,4.,-45,-99999,-99999.,-99999.,-99999.,-99999.,-99999.,-99999.
122536,1086049,-50.395613,-61.94119,4.,-45,-99999,-99999.,-99999.,-99999.,-99999.,-99999.,-99999.
122536,1086067,-50.395392,-61.940693,4.5,-45,-99999,-99999.,-99999.,-99999.,-99999.,-99999.,-99999.
122536,1086068,-50.395392,-61.940693,4.5,-45,-99999,-99999.,-99999.,-99999.,-99999.,-99999.,-99999.
122536,1086088,-50.39521,-61.940178,4.2,-45,-99999,-99999.,-99999.,-99999.,-99999.,-99999.,-99999.
122536,1086099,-50.395088,-61.939902,4.6,-45,-99999,-99999.,-99999.,-99999.,-99999.,-99999.,-99999.
122536,1086100,-50.395088,-61.939902,4.6,-45,-99999,-99999.,-99999.,-99999.,-99999.,-99999.,-99999.
122536,1086108,-50.39501,-61.939687,4.,-45,-99999,-99999.,-99999.,-99999.,-99999.,-99999.,-99999.
122536,1086109,-50.39501,-61.939687,4.,-45,-99999,-99999.,-99999.,-99999.,-99999.,-99999.,-99999.
122536,1086127,-50.394795,-61.939208,4.5,-45,-99999,-99999.,-99999.,-99999.,-99999.,-99999.,-99999.
122536,1086128,-50.394795,-61.939208,4.5,-45,-99999,-99999.,-99999.,-99999.,-99999.,-99999.,-99999.
122536,1086160,-50.394405,-61.938442,4.3,-45,-99999,-99999.,-99999.,-99999.,-99999.,-99999.,-99999.
122536,1086177,-50.394195,-61.937995,4.,-45,-99999,-99999.,-99999.,-99999.,-99999.,-99999.,-99999.
122536,1086178,-50.394195,-61.937995,4.,-45,-99999,-99999.,-99999.,-99999.,-99999.,-99999.,-99999.
122536,1086180,-50.394195,-61.937995,4.,-45,-99999,-99999.,-99999.,-99999.,-99999.,-99999.,-99999.
122536,1086208,-50.393807,-61.937235,4.8,-45,-99999,-99999.,-99999.,-99999.,-99999.,-99999.,-99999.
122536,1086228,-50.393567,-61.936693,4.2,-45,-99999,-99999.,-99999.,-99999.,-99999.,-99999.,-99999.
122536,1086229,-50.393567,-61.936693,4.2,-45,-99999,-99999.,-99999.,-99999.,-99999.,-99999.,-99999.
122536,1086268,-50.393172,-61.935672,3.8,-45,-99999,-99999.,-99999.,-99999.,-99999.,-99999.,-99999.
122536,1086328,-50.392482,-61.934153,6.,-45,-99999,-99999.,-99999.,-99999.,-99999.,-99999.,-99999.
122536,1087980,-50.374117,-61.892282,4.6,-45,-99999,-99999.,-99999.,-99999.,-99999.,-99999.,-99999.
122536,1088040,-50.373428,-61.8907,5.5,-45,-99999,-99999.,-99999.,-99999.,-99999.,-99999.,-99999.
122536,1089278,-50.358597,-61.8597,3.9,-45,-99999,-99999.,-99999.,-99999.,-99999.,-99999.,-99999.
122536,1090460,-50.344412,-61.830218,3.7,-44,-99999,-99999.,-99999.,-99999.,-99999.,-99999.,-99999.
122536,1090520,-50.34373,-61.82872,4.7,-44,-99999,-99999.,-99999.,-99999.,-99999.,-99999.,-99999.
122536,1091380,-50.333982,-61.807328,4.1,-44,-99999,-99999.,-99999.,-99999.,-99999.,-99999.,-99999.
122536,1091677,-50.330535,-61.800003,4.9,-44,-99999,-99999.,-99999.,-99999.,-99999.,-99999.,-99999.
122536,1091688,-50.33039,-61.79976,3.6,-44,-99999,-99999.,-99999.,-99999.,-99999.,-99999.,-99999.
122536,1091689,-50.33039,-61.79976,3.6,-44,-99999,-99999.,-99999.,-99999.,-99999.,-99999.,-99999.
122536,1091696,-50.330312,-61.799573,4.2,-44,-99999,-99999.,-99999.,-99999.,-99999.,-99999.,-99999.
122536,1091697,-50.330312,-61.799573,4.2,-44,-99999,-99999.,-99999.,-99999.,-99999.,-99999.,-99999.
122536,1091707,-50.330177,-61.7993,3.6,-44,-99999,-99999.,-99999.,-99999.,-99999.,-99999.,-99999.
122536,1091709,-50.330177,-61.7993,3.6,-44,-99999,-99999.,-99999.,-99999.,-99999.,-99999.,-99999.
122536,1091717,-50.33006,-61.79908,4.7,-44,-99999,-99999.,-99999.,-99999.,-99999.,-99999.,-99999.
122536,1091719,-50.33006,-61.79908,4.7,-44,-99999,-99999.,-99999.,-99999.,-99999.,-99999.,-99999.
122536,1091737,-50.329812,-61.798568,5.2,-44,-99999,-99999.,-99999.,-99999.,-99999.,-99999.,-99999.
122536,1091738,-50.329812,-61.798568,5.2,-44,-99999,-99999.,-99999.,-99999.,-99999.,-99999.,-99999.
122536,1091748,-50.329687,-61.7983,5.1,-44,-99999,-99999.,-99999.,-99999.,-99999.,-99999.,-99999.
122536,1091756,-50.329583,-61.798098,5.,-44,-99999,-99999.,-99999.,-99999.,-99999.,-99999.,-99999.
122536,1091757,-50.329583,-61.798098,5.,-44,-99999,-99999.,-99999.,-99999.,-99999.,-99999.,-99999.
122536,1091777,-50.329332,-61.797605,4.2,-44,-99999,-99999.,-99999.,-99999.,-99999.,-99999.,-99999.
122536,1091787,-50.32921,-61.797305,5.3,-44,-99999,-99999.,-99999.,-99999.,-99999.,-99999.,-99999.
122536,1091788,-50.32921,-61.797305,5.3,-44,-99999,-99999.,-99999.,-99999.,-99999.,-99999.,-99999.
122536,1091797,-50.329095,-61.797077,4.5,-44,-99999,-99999.,-99999.,-99999.,-99999.,-99999.,-99999.
122536,1091798,-50.329095,-61.797077,4.5,-44,-99999,-99999.,-99999.,-99999.,-99999.,-99999.,-99999.
122536,1091808,-50.328968,-61.796817,4.4,-44,-99999,-99999.,-99999.,-99999.,-99999.,-99999.,-99999.
122536,1091809,-50.328968,-61.796817,4.4,-44,-99999,-99999.,-99999.,-99999.,-99999.,-99999.,-99999.
122536,1091816,-50.328883,-61.796635,4.6,-44,-99999,-99999.,-99999.,-99999.,-99999.,-99999.,-99999.
122536,1091817,-50.328883,-61.796635,4.6,-44,-99999,-99999.,-99999.,-99999.,-99999.,-99999.,-99999.
122536,1091827,-50.328762,-61.796358,3.9,-44,-99999,-99999.,-99999.,-99999.,-99999.,-99999.,-99999.
122536,1091828,-50.328762,-61.796358,3.9,-44,-99999,-99999.,-99999.,-99999.,-99999.,-99999.,-99999.
122536,1091837,-50.328662,-61.796128,3.8,-44,-99999,-99999.,-99999.,-99999.,-99999.,-99999.,-99999.
122536,1091838,-50.328662,-61.796128,3.8,-44,-99999,-99999.,-99999.,-99999.,-99999.,-99999.,-99999.
122536,1091847,-50.328525,-61.795865,3.9,-44,-99999,-99999.,-99999.,-99999.,-99999.,-99999.,-99999.
122536,1091848,-50.328525,-61.795865,3.9,-44,-99999,-99999.,-99999.,-99999.,-99999.,-99999.,-99999.
122536,1091857,-50.328407,-61.795593,3.9,-44,-99999,-99999.,-99999.,-99999.,-99999.,-99999.,-99999.
122536,1091858,-50.328407,-61.795593,3.9,-44,-99999,-99999.,-99999.,-99999.,-99999.,-99999.,-99999.
122536,1091868,-50.328278,-61.795332,4.3,-44,-99999,-99999.,-99999.,-99999.,-99999.,-99999.,-99999.
122536,1091907,-50.327828,-61.794363,5.2,-44,-99999,-99999.,-99999.,-99999.,-99999.,-99999.,-99999.
122536,1091908,-50.327828,-61.794363,5.2,-44,-99999,-99999.,-99999.,-99999.,-99999.,-99999.,-99999.
122536,1091918,-50.327722,-61.7941,4.3,-44,-99999,-99999.,-99999.,-99999.,-99999.,-99999.,-99999.
122536,1091919,-50.327722,-61.7941,4.3,-44,-99999,-99999.,-99999.,-99999.,-99999.,-99999.,-99999.
122536,1091928,-50.327602,-61.793858,3.8,-44,-99999,-99999.,-99999.,-99999.,-99999.,-99999.,-99999.
122536,1091929,-50.327602,-61.793858,3.8,-44,-99999,-99999.,-99999.,-99999.,-99999.,-99999.,-99999.
122536,1091936,-50.327502,-61.793655,4.2,-44,-99999,-99999.,-99999.,-99999.,-99999.,-99999.,-99999.
122536,1091938,-50.327502,-61.793655,4.2,-44,-99999,-99999.,-99999.,-99999.,-99999.,-99999.,-99999.
122536,1091978,-50.327047,-61.792637,4.3,-44,-99999,-99999.,-99999.,-99999.,-99999.,-99999.,-99999.
122536,1092049,-50.326172,-61.790887,4.6,-44,-99999,-99999.,-99999.,-99999.,-99999.,-99999.,-99999.
122536,1092087,-50.3257,-61.789967,3.8,-44,-99999,-99999.,-99999.,-99999.,-99999.,-99999.,-99999.
122536,1092088,-50.3257,-61.789967,3.8,-44,-99999,-99999.,-99999.,-99999.,-99999.,-99999.,-99999.
122536,1092098,-50.32557,-61.789697,4.3,-44,-99999,-99999.,-99999.,-99999.,-99999.,-99999.,-99999.
122536,1092229,-50.324142,-61.78655,5.5,-44,-99999,-99999.,-99999.,-99999.,-99999.,-99999.,-99999.
122536,1092247,-50.323923,-61.786128,3.5,-44,-99999,-99999.,-99999.,-99999.,-99999.,-99999.,-99999.
122536,1092367,-50.322565,-61.783292,5.,-44,-99999,-99999.,-99999.,-99999.,-99999.,-99999.,-99999.
122536,1092388,-50.322318,-61.782792,4.5,-44,-99999,-99999.,-99999.,-99999.,-99999.,-99999.,-99999.
122536,1092980,-50.315168,-61.768873,4.4,-44,-99999,-99999.,-99999.,-99999.,-99999.,-99999.,-99999.
122536,1095900,-50.279047,-61.70201,4.1,-44,-99999,-99999.,-99999.,-99999.,-99999.,-99999.,-99999.
122536,1096809,-50.26772,-61.681883,5.2,-44,-99999,-99999.,-99999.,-99999.,-99999.,-99999.,-99999.
122536,1097181,-50.26292,-61.673937,4.5,-44,-99999,-99999.,-99999.,-99999.,-99999.,-99999.,-99999.
122536,1097608,-50.257647,-61.664388,4.1,-44,-99999,-99999.,-99999.,-99999.,-99999.,-99999.,-99999.
122536,1097609,-50.257647,-61.664388,4.1,-44,-99999,-99999.,-99999.,-99999.,-99999.,-99999.,-99999.
122536,1097627,-50.257435,-61.663975,4.4,-44,-99999,-99999.,-99999.,-99999.,-99999.,-99999.,-99999.
122536,1097628,-50.257435,-61.663975,4.4,-44,-99999,-99999.,-99999.,-99999.,-99999.,-99999.,-99999.
122536,1097648,-50.257163,-61.663532,4.,-44,-99999,-99999.,-99999.,-99999.,-99999.,-99999.,-99999.
122536,1097668,-50.256898,-61.663052,3.5,-44,-99999,-99999.,-99999.,-99999.,-99999.,-99999.,-99999.
122536,1097669,-50.256898,-61.663052,3.5,-44,-99999,-99999.,-99999.,-99999.,-99999.,-99999.,-99999.
122536,1097708,-50.25642,-61.66222,3.4,-44,-99999,-99999.,-99999.,-99999.,-99999.,-99999.,-99999.
122536,1097717,-50.25628,-61.661997,3.9,-44,-99999,-99999.,-99999.,-99999.,-99999.,-99999.,-99999.
122536,1097718,-50.25628,-61.661997,3.9,-44,-99999,-99999.,-99999.,-99999.,-99999.,-99999.,-99999.
122536,1097727,-50.256152,-61.66178,4.3,-44,-99999,-99999.,-99999.,-99999.,-99999.,-99999.,-99999.
122536,1097728,-50.256152,-61.66178,4.3,-44,-99999,-99999.,-99999.,-99999.,-99999.,-99999.,-99999.
122536,1097758,-50.255793,-61.661138,4.7,-44,-99999,-99999.,-99999.,-99999.,-99999.,-99999.,-99999.
122536,1097768,-50.255662,-61.660883,5.,-44,-99999,-99999.,-99999.,-99999.,-99999.,-99999.,-99999.
122536,1097787,-50.255413,-61.660447,3.6,-44,-99999,-99999.,-99999.,-99999.,-99999.,-99999.,-99999.
122536,1097788,-50.255413,-61.660447,3.6,-44,-99999,-99999.,-99999.,-99999.,-99999.,-99999.,-99999.
122536,1097797,-50.255328,-61.660257,3.2,-44,-99999,-99999.,-99999.,-99999.,-99999.,-99999.,-99999.
122536,1097818,-50.255262,-61.659958,1.1,-44,-99999,-99999.,-99999.,-99999.,-99999.,-99999.,-99999.
122536,1097824,-50.255275,-61.659838,2.1,-44,-99999,-99999.,-99999.,-99999.,-99999.,-99999.,-99999.
122536,1097825,-50.255275,-61.659838,2.1,-44,-99999,-99999.,-99999.,-99999.,-99999.,-99999.,-99999.
122536,1097828,-50.255287,-61.659803,1.3,-44,-99999,-99999.,-99999.,-99999.,-99999.,-99999.,-99999.
122536,1097833,-50.255293,-61.659753,0.5,-44,-99999,-99999.,-99999.,-99999.,-99999.,-99999.,-99999.
122536,1097834,-50.255293,-61.659753,0.5,-44,-99999,-99999.,-99999.,-99999.,-99999.,-99999.,-99999.
122536,1097837,-50.255318,-61.659718,2.8,-44,-99999,-99999.,-99999.,-99999.,-99999.,-99999.,-99999.
122536,1097842,-50.255328,-61.659698,0.3,-44,-99999,-99999.,-99999.,-99999.,-99999.,-99999.,-99999.
122536,1097844,-50.255332,-61.659698,0.6,-44,-99999,-99999.,-99999.,-99999.,-99999.,-99999.,-99999.
122536,1097847,-50.255355,-61.65967,1.4,-44,-99999,-99999.,-99999.,-99999.,-99999.,-99999.,-99999.
122536,1097848,-50.255355,-61.65967,1.4,-44,-99999,-99999.,-99999.,-99999.,-99999.,-99999.,-99999.
122536,1097851,-50.255365,-61.659652,0.9,-44,-99999,-99999.,-99999.,-99999.,-99999.,-99999.,-99999.
122536,1097852,-50.255365,-61.659652,0.9,-44,-99999,-99999.,-99999.,-99999.,-99999.,-99999.,-99999.
122536,1097854,-50.255378,-61.659647,0.7,-44,-99999,-99999.,-99999.,-99999.,-99999.,-99999.,-99999.
122536,1097855,-50.255378,-61.659647,0.7,-44,-99999,-99999.,-99999.,-99999.,-99999.,-99999.,-99999.
122536,1097861,-50.255415,-61.659588,0.4,-44,-99999,-99999.,-99999.,-99999.,-99999.,-99999.,-99999.
122536,1097862,-50.255415,-61.659588,0.4,-44,-99999,-99999.,-99999.,-99999.,-99999.,-99999.,-99999.
122536,1097888,-50.25553,-61.659535,0.9,-44,-99999,-99999.,-99999.,-99999.,-99999.,-99999.,-99999.
122536,1097917,-50.255667,-61.659517,0.5,-44,-99999,-99999.,-99999.,-99999.,-99999.,-99999.,-99999.
122536,1097918,-50.255667,-61.659517,0.5,-44,-99999,-99999.,-99999.,-99999.,-99999.,-99999.,-99999.
122536,1097937,-50.255778,-61.659528,2.4,-44,-99999,-99999.,-99999.,-99999.,-99999.,-99999.,-99999.
122536,1097938,-50.255778,-61.659528,2.4,-44,-99999,-99999.,-99999.,-99999.,-99999.,-99999.,-99999.
122536,1097948,-50.255848,-61.659525,0.6,-44,-99999,-99999.,-99999.,-99999.,-99999.,-99999.,-99999.
122536,1097979,-50.25603,-61.659567,1.2,-44,-99999,-99999.,-99999.,-99999.,-99999.,-99999.,-99999.
122536,1098009,-50.256187,-61.659595,2.9,-44,-99999,-99999.,-99999.,-99999.,-99999.,-99999.,-99999.
122536,1098039,-50.25635,-61.659625,0.8,-44,-99999,-99999.,-99999.,-99999.,-99999.,-99999.,-99999.
122536,1098057,-50.256432,-61.659615,0.8,-44,-99999,-99999.,-99999.,-99999.,-99999.,-99999.,-99999.
122536,1098059,-50.256432,-61.659615,0.8,-44,-99999,-99999.,-99999.,-99999.,-99999.,-99999.,-99999.
122536,1098068,-50.256472,-61.659613,1.6,-44,-99999,-99999.,-99999.,-99999.,-99999.,-99999.,-99999.
122536,1098088,-50.256558,-61.659578,1.6,-44,-99999,-99999.,-99999.,-99999.,-99999.,-99999.,-99999.
122536,1098099,-50.256602,-61.65954,1.4,-44,-99999,-99999.,-99999.,-99999.,-99999.,-99999.,-99999.
122536,1098118,-50.256663,-61.659462,1.7,-44,-99999,-99999.,-99999.,-99999.,-99999.,-99999.,-99999.
122536,1098128,-50.256687,-61.6594,1.2,-44,-99999,-99999.,-99999.,-99999.,-99999.,-99999.,-99999.
122536,1098129,-50.256687,-61.6594,1.2,-44,-99999,-99999.,-99999.,-99999.,-99999.,-99999.,-99999.
122536,1120167,-50.4448,-61.120267,4.1,-40,-99999,-99999.,-99999.,-99999.,-99999.,-99999.,-99999.
122536,1120189,-50.444885,-61.119693,3.9,-40,-99999,-99999.,-99999.,-99999.,-99999.,-99999.,-99999.
122536,1120209,-50.444975,-61.119165,3.4,-40,-99999,-99999.,-99999.,-99999.,-99999.,-99999.,-99999.
122536,1120217,-50.445002,-61.118955,3.6,-40,-99999,-99999.,-99999.,-99999.,-99999.,-99999.,-99999.
122536,1120238,-50.445137,-61.118398,3.6,-40,-99999,-99999.,-99999.,-99999.,-99999.,-99999.,-99999.
122536,1120248,-50.445177,-61.118142,3.9,-40,-99999,-99999.,-99999.,-99999.,-99999.,-99999.,-99999.
122536,1120249,-50.445177,-61.118142,3.9,-40,-99999,-99999.,-99999.,-99999.,-99999.,-99999.,-99999.
122536,1120258,-50.445225,-61.117828,3.9,-40,-99999,-99999.,-99999.,-99999.,-99999.,-99999.,-99999.
122536,1120259,-50.445225,-61.117828,3.9,-40,-99999,-99999.,-99999.,-99999.,-99999.,-99999.,-99999.
122536,1120268,-50.445277,-61.117553,4.2,-40,-99999,-99999.,-99999.,-99999.,-99999.,-99999.,-99999.
122536,1120269,-50.445277,-61.117553,4.2,-40,-99999,-99999.,-99999.,-99999.,-99999.,-99999.,-99999.
122536,1120287,-50.445337,-61.117085,3.8,-40,-99999,-99999.,-99999.,-99999.,-99999.,-99999.,-99999.
122536,1120298,-50.445387,-61.116783,3.7,-40,-99999,-99999.,-99999.,-99999.,-99999.,-99999.,-99999.
122536,1120299,-50.445387,-61.116783,3.7,-40,-99999,-99999.,-99999.,-99999.,-99999.,-99999.,-99999.
122536,1120308,-50.445448,-61.116512,3.8,-40,-99999,-99999.,-99999.,-99999.,-99999.,-99999.,-99999.
122536,1120318,-50.445515,-61.116233,4.1,-40,-99999,-99999.,-99999.,-99999.,-99999.,-99999.,-99999.
122536,1120319,-50.445515,-61.116233,4.1,-40,-99999,-99999.,-99999.,-99999.,-99999.,-99999.,-99999.
122536,1120337,-50.445592,-61.11577,3.8,-40,-99999,-99999.,-99999.,-99999.,-99999.,-99999.,-99999.
122536,1120338,-50.445592,-61.11577,3.8,-40,-99999,-99999.,-99999.,-99999.,-99999.,-99999.,-99999.
122536,1120368,-50.445755,-61.114968,3.7,-40,-99999,-99999.,-99999.,-99999.,-99999.,-99999.,-99999.
122536,1120369,-50.445755,-61.114968,3.7,-40,-99999,-99999.,-99999.,-99999.,-99999.,-99999.,-99999.
122536,1120378,-50.445798,-61.114682,3.7,-40,-99999,-99999.,-99999.,-99999.,-99999.,-99999.,-99999.
122536,1120379,-50.445798,-61.114682,3.7,-40,-99999,-99999.,-99999.,-99999.,-99999.,-99999.,-99999.
122536,1120387,-50.445835,-61.114447,3.5,-40,-99999,-99999.,-99999.,-99999.,-99999.,-99999.,-99999.
122536,1120406,-50.445937,-61.113937,3.3,-40,-99999,-99999.,-99999.,-99999.,-99999.,-99999.,-99999.
122536,1120407,-50.445937,-61.113937,3.3,-40,-99999,-99999.,-99999.,-99999.,-99999.,-99999.,-99999.
122536,1120438,-50.446127,-61.113103,3.7,-40,-99999,-99999.,-99999.,-99999.,-99999.,-99999.,-99999.
122536,1120439,-50.446127,-61.113103,3.7,-40,-99999,-99999.,-99999.,-99999.,-99999.,-99999.,-99999.
122536,1120458,-50.446212,-61.112638,3.6,-40,-99999,-99999.,-99999.,-99999.,-99999.,-99999.,-99999.
122536,1120467,-50.44626,-61.11239,3.4,-40,-99999,-99999.,-99999.,-99999.,-99999.,-99999.,-99999.
122536,1120488,-50.446353,-61.111833,3.8,-40,-99999,-99999.,-99999.,-99999.,-99999.,-99999.,-99999.
122536,1120489,-50.446353,-61.111833,3.8,-40,-99999,-99999.,-99999.,-99999.,-99999.,-99999.,-99999.
122536,1120496,-50.446392,-61.111598,3.6,-40,-99999,-99999.,-99999.,-99999.,-99999.,-99999.,-99999.
122536,1120497,-50.446392,-61.111598,3.6,-40,-99999,-99999.,-99999.,-99999.,-99999.,-99999.,-99999.
122536,1120507,-50.446442,-61.111308,4.,-40,-99999,-99999.,-99999.,-99999.,-99999.,-99999.,-99999.
122536,1120508,-50.446442,-61.111308,4.,-40,-99999,-99999.,-99999.,-99999.,-99999.,-99999.,-99999.
122536,1120517,-50.44649,-61.111048,3.5,-40,-99999,-99999.,-99999.,-99999.,-99999.,-99999.,-99999.
122536,1120518,-50.44649,-61.111048,3.5,-40,-99999,-99999.,-99999.,-99999.,-99999.,-99999.,-99999.
122536,1120527,-50.446538,-61.11081,3.1,-40,-99999,-99999.,-99999.,-99999.,-99999.,-99999.,-99999.
122536,1120538,-50.446578,-61.110562,2.3,-40,-99999,-99999.,-99999.,-99999.,-99999.,-99999.,-99999.
122536,1120539,-50.446578,-61.110562,2.3,-40,-99999,-99999.,-99999.,-99999.,-99999.,-99999.,-99999.
122536,1120548,-50.446612,-61.110412,1.8,-40,-99999,-99999.,-99999.,-99999.,-99999.,-99999.,-99999.
122536,1120549,-50.446612,-61.110412,1.8,-40,-99999,-99999.,-99999.,-99999.,-99999.,-99999.,-99999.
122536,1120556,-50.44664,-61.110278,2.3,-40,-99999,-99999.,-99999.,-99999.,-99999.,-99999.,-99999.
122536,1120557,-50.44664,-61.110278,2.3,-40,-99999,-99999.,-99999.,-99999.,-99999.,-99999.,-99999.
122536,1120567,-50.446668,-61.110123,2.3,-40,-99999,-99999.,-99999.,-99999.,-99999.,-99999.,-99999.
122536,1120568,-50.446668,-61.110123,2.3,-40,-99999,-99999.,-99999.,-99999.,-99999.,-99999.,-99999.
122536,1120587,-50.446728,-61.109797,3.5,-40,-99999,-99999.,-99999.,-99999.,-99999.,-99999.,-99999.
122536,1120598,-50.446783,-61.109513,4.,-40,-99999,-99999.,-99999.,-99999.,-99999.,-99999.,-99999.
122536,1120599,-50.446783,-61.109513,4.,-40,-99999,-99999.,-99999.,-99999.,-99999.,-99999.,-99999.
122536,1120608,-50.446822,-61.109292,3.8,-40,-99999,-99999.,-99999.,-99999.,-99999.,-99999.,-99999.
122536,1120609,-50.446822,-61.109292,3.8,-40,-99999,-99999.,-99999.,-99999.,-99999.,-99999.,-99999.
122536,1120628,-50.446888,-61.108793,4.1,-40,-99999,-99999.,-99999.,-99999.,-99999.,-99999.,-99999.
122536,1120637,-50.44694,-61.108535,4.,-40,-99999,-99999.,-99999.,-99999.,-99999.,-99999.,-99999.
122536,1120638,-50.44694,-61.108535,4.,-40,-99999,-99999.,-99999.,-99999.,-99999.,-99999.,-99999.
122536,1120647,-50.44699,-61.108292,4.3,-40,-99999,-99999.,-99999.,-99999.,-99999.,-99999.,-99999.
122536,1120668,-50.447098,-61.107713,4.2,-40,-99999,-99999.,-99999.,-99999.,-99999.,-99999.,-99999.
122536,1120669,-50.447098,-61.107713,4.2,-40,-99999,-99999.,-99999.,-99999.,-99999.,-99999.,-99999.
122536,1120676,-50.44716,-61.10748,4.4,-40,-99999,-99999.,-99999.,-99999.,-99999.,-99999.,-99999.
122536,1120677,-50.44716,-61.10748,4.4,-40,-99999,-99999.,-99999.,-99999.,-99999.,-99999.,-99999.
122536,1120697,-50.447245,-61.106903,3.7,-40,-99999,-99999.,-99999.,-99999.,-99999.,-99999.,-99999.
122536,1120698,-50.447245,-61.106903,3.7,-40,-99999,-99999.,-99999.,-99999.,-99999.,-99999.,-99999.
122536,1120709,-50.447298,-61.106642,4.,-40,-99999,-99999.,-99999.,-99999.,-99999.,-99999.,-99999.
122536,1120718,-50.447348,-61.106355,4.1,-40,-99999,-99999.,-99999.,-99999.,-99999.,-99999.,-99999.
122536,1120719,-50.447348,-61.106355,4.1,-40,-99999,-99999.,-99999.,-99999.,-99999.,-99999.,-99999.
122536,1120727,-50.447385,-61.106147,3.4,-40,-99999,-99999.,-99999.,-99999.,-99999.,-99999.,-99999.
122536,1120737,-50.447443,-61.105885,3.2,-40,-99999,-99999.,-99999.,-99999.,-99999.,-99999.,-99999.
122536,1120748,-50.447503,-61.105595,3.3,-40,-99999,-99999.,-99999.,-99999.,-99999.,-99999.,-99999.
122536,1120758,-50.44755,-61.105338,3.6,-40,-99999,-99999.,-99999.,-99999.,-99999.,-99999.,-99999.
122536,1120769,-50.447608,-61.105078,3.4,-40,-99999,-99999.,-99999.,-99999.,-99999.,-99999.,-99999.
122536,1125894,-50.495163,-61.136685,3.6,-40,-99999,-99999.,-99999.,-99999.,-99999.,-99999.,-99999.
122536,1126119,-50.496443,-61.140255,2.1,-40,-99999,-99999.,-99999.,-99999.,-99999.,-99999.,-99999.
122536,1126159,-50.496608,-61.140763,2.,-40,-99999,-99999.,-99999.,-99999.,-99999.,-99999.,-99999.
122536,1126167,-50.496635,-61.140892,1.6,-40,-99999,-99999.,-99999.,-99999.,-99999.,-99999.,-99999.
122536,1126168,-50.496635,-61.140892,1.6,-40,-99999,-99999.,-99999.,-99999.,-99999.,-99999.,-99999.
122536,1126178,-50.49666,-61.14102,2.1,-40,-99999,-99999.,-99999.,-99999.,-99999.,-99999.,-99999.
122536,1126187,-50.496672,-61.141152,2.,-40,-99999,-99999.,-99999.,-99999.,-99999.,-99999.,-99999.
122536,1126289,-50.496822,-61.142497,1.9,-40,-99999,-99999.,-99999.,-99999.,-99999.,-99999.,-99999.
122536,1126298,-50.496847,-61.142602,1.7,-40,-99999,-99999.,-99999.,-99999.,-99999.,-99999.,-99999.
122536,1126299,-50.496847,-61.142602,1.7,-40,-99999,-99999.,-99999.,-99999.,-99999.,-99999.,-99999.
122536,1126308,-50.496858,-61.142737,1.7,-40,-99999,-99999.,-99999.,-99999.,-99999.,-99999.,-99999.
122536,1126309,-50.496858,-61.142737,1.7,-40,-99999,-99999.,-99999.,-99999.,-99999.,-99999.,-99999.
122536,1126318,-50.496862,-61.142875,1.3,-40,-99999,-99999.,-99999.,-99999.,-99999.,-99999.,-99999.
122536,1126319,-50.496862,-61.142875,1.3,-40,-99999,-99999.,-99999.,-99999.,-99999.,-99999.,-99999.
122536,1126338,-50.496907,-61.14314,2.9,-40,-99999,-99999.,-99999.,-99999.,-99999.,-99999.,-99999.
122536,1126339,-50.496907,-61.14314,2.9,-40,-99999,-99999.,-99999.,-99999.,-99999.,-99999.,-99999.
122536,1126368,-50.49697,-61.143568,2.5,-40,-99999,-99999.,-99999.,-99999.,-99999.,-99999.,-99999.
122536,1126389,-50.497013,-61.143872,2.1,-40,-99999,-99999.,-99999.,-99999.,-99999.,-99999.,-99999.
122536,1126428,-50.497087,-61.14446,2.7,-40,-99999,-99999.,-99999.,-99999.,-99999.,-99999.,-99999.
122536,1126429,-50.497087,-61.14446,2.7,-40,-99999,-99999.,-99999.,-99999.,-99999.,-99999.,-99999.
122536,1126439,-50.497087,-61.14462,2.4,-40,-99999,-99999.,-99999.,-99999.,-99999.,-99999.,-99999.
122536,1126449,-50.4971,-61.1448,2.3,-40,-99999,-99999.,-99999.,-99999.,-99999.,-99999.,-99999.
122536,1126469,-50.497102,-61.14514,2.7,-40,-99999,-99999.,-99999.,-99999.,-99999.,-99999.,-99999.
122536,1126499,-50.497167,-61.145592,2.,-40,-99999,-99999.,-99999.,-99999.,-99999.,-99999.,-99999.
122536,1126509,-50.497223,-61.145743,2.1,-40,-99999,-99999.,-99999.,-99999.,-99999.,-99999.,-99999.
122536,1126518,-50.497228,-61.145883,3.,-40,-99999,-99999.,-99999.,-99999.,-99999.,-99999.,-99999.
122536,1126519,-50.497228,-61.145883,3.,-40,-99999,-99999.,-99999.,-99999.,-99999.,-99999.,-99999.
122536,1126529,-50.497242,-61.146043,2.8,-40,-99999,-99999.,-99999.,-99999.,-99999.,-99999.,-99999.
122536,1126538,-50.497262,-61.146153,1.3,-40,-99999,-99999.,-99999.,-99999.,-99999.,-99999.,-99999.
122536,1126548,-50.49728,-61.146307,1.2,-40,-99999,-99999.,-99999.,-99999.,-99999.,-99999.,-99999.
122536,1126559,-50.497305,-61.146425,1.8,-40,-99999,-99999.,-99999.,-99999.,-99999.,-99999.,-99999.
122536,1126564,-50.49733,-61.146497,1.5,-40,-99999,-99999.,-99999.,-99999.,-99999.,-99999.,-99999.
122536,1126569,-50.497357,-61.14655,1.7,-40,-99999,-99999.,-99999.,-99999.,-99999.,-99999.,-99999.
122536,1126570,-50.497362,-61.146577,1.7,-40,-99999,-99999.,-99999.,-99999.,-99999.,-99999.,-99999.
122536,1126571,-50.497362,-61.146577,1.7,-40,-99999,-99999.,-99999.,-99999.,-99999.,-99999.,-99999.
122536,1126575,-50.497377,-61.14661,2.3,-40,-99999,-99999.,-99999.,-99999.,-99999.,-99999.,-99999.
122536,1126579,-50.497385,-61.146655,1.7,-40,-99999,-99999.,-99999.,-99999.,-99999.,-99999.,-99999.
122536,1126589,-50.497435,-61.14679,1.8,-40,-99999,-99999.,-99999.,-99999.,-99999.,-99999.,-99999.
122536,1126597,-50.497457,-61.146897,2.7,-40,-99999,-99999.,-99999.,-99999.,-99999.,-99999.,-99999.
122536,1126598,-50.497457,-61.146897,2.7,-40,-99999,-99999.,-99999.,-99999.,-99999.,-99999.,-99999.
122536,1126608,-50.497508,-61.147032,2.1,-40,-99999,-99999.,-99999.,-99999.,-99999.,-99999.,-99999.
122536,1126618,-50.497533,-61.147158,1.7,-40,-99999,-99999.,-99999.,-99999.,-99999.,-99999.,-99999.
122536,1126619,-50.497533,-61.147158,1.7,-40,-99999,-99999.,-99999.,-99999.,-99999.,-99999.,-99999.
122536,1126629,-50.497562,-61.147302,1.6,-40,-99999,-99999.,-99999.,-99999.,-99999.,-99999.,-99999.
122536,1126639,-50.497585,-61.147423,2.9,-40,-99999,-99999.,-99999.,-99999.,-99999.,-99999.,-99999.
122536,1126649,-50.4976,-61.147545,1.5,-40,-99999,-99999.,-99999.,-99999.,-99999.,-99999.,-99999.
122536,1131848,-50.504557,-61.214055,2.,-38,-99999,-99999.,-99999.,-99999.,-99999.,-99999.,-99999.
122536,1131908,-50.504675,-61.214987,2.6,-38,-99999,-99999.,-99999.,-99999.,-99999.,-99999.,-99999.
122536,1132068,-50.504605,-61.217373,2.3,-38,-99999,-99999.,-99999.,-99999.,-99999.,-99999.,-99999.
122536,1132118,-50.504597,-61.217907,1.8,-38,-99999,-99999.,-99999.,-99999.,-99999.,-99999.,-99999.
122536,1132119,-50.504597,-61.217907,1.8,-38,-99999,-99999.,-99999.,-99999.,-99999.,-99999.,-99999.
122536,1132137,-50.504595,-61.218122,2.,-38,-99999,-99999.,-99999.,-99999.,-99999.,-99999.,-99999.
122536,1132138,-50.504595,-61.218122,2.,-38,-99999,-99999.,-99999.,-99999.,-99999.,-99999.,-99999.
122536,1132147,-50.50461,-61.218235,1.8,-38,-99999,-99999.,-99999.,-99999.,-99999.,-99999.,-99999.
122536,1132168,-50.504622,-61.218445,1.2,-38,-99999,-99999.,-99999.,-99999.,-99999.,-99999.,-99999.
122536,1132179,-50.50463,-61.21854,1.2,-38,-99999,-99999.,-99999.,-99999.,-99999.,-99999.,-99999.
122536,1132188,-50.504658,-61.21863,1.5,-38,-99999,-99999.,-99999.,-99999.,-99999.,-99999.,-99999.
122536,1132189,-50.504658,-61.21863,1.5,-38,-99999,-99999.,-99999.,-99999.,-99999.,-99999.,-99999.
122536,1132198,-50.50469,-61.218715,1.4,-38,-99999,-99999.,-99999.,-99999.,-99999.,-99999.,-99999.
122536,1132207,-50.504718,-61.218817,1.3,-39,-99999,-99999.,-99999.,-99999.,-99999.,-99999.,-99999.
122536,1132219,-50.504742,-61.218947,1.8,-39,-99999,-99999.,-99999.,-99999.,-99999.,-99999.,-99999.
122536,1132228,-50.504773,-61.219075,1.8,-39,-99999,-99999.,-99999.,-99999.,-99999.,-99999.,-99999.
122536,1132248,-50.504827,-61.219273,1.2,-39,-99999,-99999.,-99999.,-99999.,-99999.,-99999.,-99999.
122536,1132249,-50.504827,-61.219273,1.2,-39,-99999,-99999.,-99999.,-99999.,-99999.,-99999.,-99999.
122536,1132268,-50.504858,-61.219497,1.7,-39,-99999,-99999.,-99999.,-99999.,-99999.,-99999.,-99999.
122536,1132269,-50.504858,-61.219497,1.7,-39,-99999,-99999.,-99999.,-99999.,-99999.,-99999.,-99999.
122536,1132289,-50.504882,-61.219748,2.3,-39,-99999,-99999.,-99999.,-99999.,-99999.,-99999.,-99999.
122536,1132299,-50.504903,-61.219845,1.3,-39,-99999,-99999.,-99999.,-99999.,-99999.,-99999.,-99999.
122536,1132308,-50.504935,-61.219952,1.7,-39,-99999,-99999.,-99999.,-99999.,-99999.,-99999.,-99999.
122536,1132319,-50.504972,-61.220068,1.4,-39,-99999,-99999.,-99999.,-99999.,-99999.,-99999.,-99999.
122536,1132329,-50.50499,-61.220177,2.,-39,-99999,-99999.,-99999.,-99999.,-99999.,-99999.,-99999.
122536,1132339,-50.505023,-61.220287,1.7,-39,-99999,-99999.,-99999.,-99999.,-99999.,-99999.,-99999.
122536,1132359,-50.505075,-61.220562,1.8,-39,-99999,-99999.,-99999.,-99999.,-99999.,-99999.,-99999.
122536,1132369,-50.505112,-61.220702,1.5,-39,-99999,-99999.,-99999.,-99999.,-99999.,-99999.,-99999.
122536,1132379,-50.505152,-61.22084,2.7,-39,-99999,-99999.,-99999.,-99999.,-99999.,-99999.,-99999.
122536,1132389,-50.505175,-61.22093,1.8,-39,-99999,-99999.,-99999.,-99999.,-99999.,-99999.,-99999.
122536,1132409,-50.50522,-61.221155,1.2,-39,-99999,-99999.,-99999.,-99999.,-99999.,-99999.,-99999.
122536,1132419,-50.505243,-61.221258,2.1,-39,-99999,-99999.,-99999.,-99999.,-99999.,-99999.,-99999.
122536,1132429,-50.505272,-61.221368,1.9,-39,-99999,-99999.,-99999.,-99999.,-99999.,-99999.,-99999.
122536,1132439,-50.505293,-61.221508,1.9,-39,-99999,-99999.,-99999.,-99999.,-99999.,-99999.,-99999.
122536,1132449,-50.505312,-61.221605,1.4,-39,-99999,-99999.,-99999.,-99999.,-99999.,-99999.,-99999.
122536,1132457,-50.505328,-61.221722,1.4,-39,-99999,-99999.,-99999.,-99999.,-99999.,-99999.,-99999.
122536,1132458,-50.505328,-61.221722,1.4,-39,-99999,-99999.,-99999.,-99999.,-99999.,-99999.,-99999.
122536,1132469,-50.505342,-61.221892,1.7,-39,-99999,-99999.,-99999.,-99999.,-99999.,-99999.,-99999.
122536,1132479,-50.505363,-61.222008,2.,-39,-99999,-99999.,-99999.,-99999.,-99999.,-99999.,-99999.
122536,1137041,-50.50617,-61.268628,2.,-38,-99999,-99999.,-99999.,-99999.,-99999.,-99999.,-99999.
122536,1137837,-50.506568,-61.277252,1.6,-38,-99999,-99999.,-99999.,-99999.,-99999.,-99999.,-99999.
122536,1137848,-50.506572,-61.277405,2.5,-38,-99999,-99999.,-99999.,-99999.,-99999.,-99999.,-99999.
122536,1137857,-50.506565,-61.277553,1.,-38,-99999,-99999.,-99999.,-99999.,-99999.,-99999.,-99999.
122536,1137878,-50.506578,-61.27789,1.2,-38,-99999,-99999.,-99999.,-99999.,-99999.,-99999.,-99999.
122536,1137879,-50.506578,-61.27789,1.2,-38,-99999,-99999.,-99999.,-99999.,-99999.,-99999.,-99999.
122536,1137887,-50.506587,-61.277962,0.8,-38,-99999,-99999.,-99999.,-99999.,-99999.,-99999.,-99999.
122536,1137896,-50.506582,-61.278063,1.6,-38,-99999,-99999.,-99999.,-99999.,-99999.,-99999.,-99999.
122536,1137897,-50.506582,-61.278063,1.6,-38,-99999,-99999.,-99999.,-99999.,-99999.,-99999.,-99999.
122536,1137903,-50.506557,-61.278127,1.4,-38,-99999,-99999.,-99999.,-99999.,-99999.,-99999.,-99999.
122536,1137908,-50.506528,-61.278198,0.3,-38,-99999,-99999.,-99999.,-99999.,-99999.,-99999.,-99999.
122536,1137911,-50.506497,-61.278243,3.6,-38,-99999,-99999.,-99999.,-99999.,-99999.,-99999.,-99999.
122536,1137912,-50.506497,-61.278243,3.6,-38,-99999,-99999.,-99999.,-99999.,-99999.,-99999.,-99999.
122536,1137913,-50.50649,-61.278257,0.3,-38,-99999,-99999.,-99999.,-99999.,-99999.,-99999.,-99999.
122536,1137914,-50.50649,-61.278257,0.3,-38,-99999,-99999.,-99999.,-99999.,-99999.,-99999.,-99999.
122536,1137920,-50.506463,-61.27831,0.9,-38,-99999,-99999.,-99999.,-99999.,-99999.,-99999.,-99999.
122536,1137921,-50.506463,-61.27831,0.9,-38,-99999,-99999.,-99999.,-99999.,-99999.,-99999.,-99999.
122536,1137933,-50.50641,-61.278392,1.,-38,-99999,-99999.,-99999.,-99999.,-99999.,-99999.,-99999.
122536,1137934,-50.50641,-61.278392,1.,-38,-99999,-99999.,-99999.,-99999.,-99999.,-99999.,-99999.
122536,1137938,-50.506375,-61.278427,0.7,-38,-99999,-99999.,-99999.,-99999.,-99999.,-99999.,-99999.
122536,1137939,-50.506375,-61.278427,0.7,-38,-99999,-99999.,-99999.,-99999.,-99999.,-99999.,-99999.
122536,1137947,-50.506325,-61.278462,1.6,-38,-99999,-99999.,-99999.,-99999.,-99999.,-99999.,-99999.
122536,1137956,-50.506257,-61.278528,1.5,-38,-99999,-99999.,-99999.,-99999.,-99999.,-99999.,-99999.
122536,1137957,-50.506257,-61.278528,1.5,-38,-99999,-99999.,-99999.,-99999.,-99999.,-99999.,-99999.
122536,1137968,-50.506215,-61.278598,0.3,-38,-99999,-99999.,-99999.,-99999.,-99999.,-99999.,-99999.
122536,1137987,-50.506123,-61.278762,1.9,-38,-99999,-99999.,-99999.,-99999.,-99999.,-99999.,-99999.
122536,1137988,-50.506123,-61.278762,1.9,-38,-99999,-99999.,-99999.,-99999.,-99999.,-99999.,-99999.
122536,1137994,-50.506108,-61.278825,2.,-38,-99999,-99999.,-99999.,-99999.,-99999.,-99999.,-99999.
122536,1137998,-50.506095,-61.278857,1.8,-38,-99999,-99999.,-99999.,-99999.,-99999.,-99999.,-99999.
122536,1138000,-50.50609,-61.278873,2.8,-38,-99999,-99999.,-99999.,-99999.,-99999.,-99999.,-99999.
122536,1138004,-50.506078,-61.278917,1.5,-38,-99999,-99999.,-99999.,-99999.,-99999.,-99999.,-99999.
122536,1138007,-50.506078,-61.27895,1.2,-38,-99999,-99999.,-99999.,-99999.,-99999.,-99999.,-99999.
122536,1138028,-50.506027,-61.279215,2.9,-38,-99999,-99999.,-99999.,-99999.,-99999.,-99999.,-99999.
122536,1138037,-50.506008,-61.279337,2.2,-38,-99999,-99999.,-99999.,-99999.,-99999.,-99999.,-99999.
122536,1138048,-50.505973,-61.279498,3.2,-38,-99999,-99999.,-99999.,-99999.,-99999.,-99999.,-99999.
122536,1138058,-50.50597,-61.279608,1.9,-38,-99999,-99999.,-99999.,-99999.,-99999.,-99999.,-99999.
122536,1138059,-50.50597,-61.279608,1.9,-38,-99999,-99999.,-99999.,-99999.,-99999.,-99999.,-99999.
122536,1138067,-50.505953,-61.279712,2.1,-38,-99999,-99999.,-99999.,-99999.,-99999.,-99999.,-99999.
122536,1138077,-50.505927,-61.279818,1.7,-38,-99999,-99999.,-99999.,-99999.,-99999.,-99999.,-99999.
122536,1138087,-50.505873,-61.27993,1.6,-38,-99999,-99999.,-99999.,-99999.,-99999.,-99999.,-99999.
122536,1138088,-50.505873,-61.27993,1.6,-38,-99999,-99999.,-99999.,-99999.,-99999.,-99999.,-99999.
122536,1138097,-50.505838,-61.280005,2.4,-38,-99999,-99999.,-99999.,-99999.,-99999.,-99999.,-99999.
122536,1138108,-50.505787,-61.280107,0.8,-38,-99999,-99999.,-99999.,-99999.,-99999.,-99999.,-99999.
122536,1138109,-50.505787,-61.280107,0.8,-38,-99999,-99999.,-99999.,-99999.,-99999.,-99999.,-99999.
122536,1138118,-50.505767,-61.280193,2.,-38,-99999,-99999.,-99999.,-99999.,-99999.,-99999.,-99999.
122536,1138127,-50.505733,-61.28031,1.2,-38,-99999,-99999.,-99999.,-99999.,-99999.,-99999.,-99999.
122536,1138137,-50.505713,-61.280435,1.6,-38,-99999,-99999.,-99999.,-99999.,-99999.,-99999.,-99999.
122536,1138158,-50.505682,-61.280733,1.7,-38,-99999,-99999.,-99999.,-99999.,-99999.,-99999.,-99999.
122536,1138168,-50.505667,-61.280927,2.9,-38,-99999,-99999.,-99999.,-99999.,-99999.,-99999.,-99999.
122536,1142531,-50.500682,-61.335512,1.9,-39,-99999,-99999.,-99999.,-99999.,-99999.,-99999.,-99999.
122536,1148131,-50.496153,-61.401142,1.9,-40,-99999,-99999.,-99999.,-99999.,-99999.,-99999.,-99999.
122536,1148270,-50.495425,-61.401798,1.3,-40,-99999,-99999.,-99999.,-99999.,-99999.,-99999.,-99999.
122536,1149120,-50.491907,-61.406333,1.3,-41,-99999,-99999.,-99999.,-99999.,-99999.,-99999.,-99999.
122536,1150526,-50.487847,-61.418092,2.6,-39,-99999,-99999.,-99999.,-99999.,-99999.,-99999.,-99999.
122536,1151480,-50.485138,-61.42636,1.5,-40,-99999,-99999.,-99999.,-99999.,-99999.,-99999.,-99999.
122536,1151980,-50.482938,-61.43068,1.4,-40,-99999,-99999.,-99999.,-99999.,-99999.,-99999.,-99999.
122536,1152790,-50.480443,-61.438625,1.9,-40,-99999,-99999.,-99999.,-99999.,-99999.,-99999.,-99999.
122536,1153240,-50.480262,-61.443737,1.9,-40,-99999,-99999.,-99999.,-99999.,-99999.,-99999.,-99999.
122536,1154070,-50.47854,-61.451685,2.4,-40,-99999,-99999.,-99999.,-99999.,-99999.,-99999.,-99999.
122536,1154980,-50.478845,-61.460103,2.5,-40,-99999,-99999.,-99999.,-99999.,-99999.,-99999.,-99999.
122536,1155769,-50.489713,-61.476465,5.6,-40,-99999,-99999.,-99999.,-99999.,-99999.,-99999.,-99999.
122536,1156279,-50.496365,-61.487798,3.2,-41,-99999,-99999.,-99999.,-99999.,-99999.,-99999.,-99999.
122536,1156949,-50.504392,-61.501413,3.,-39,-99999,-99999.,-99999.,-99999.,-99999.,-99999.,-99999.
122536,1157529,-50.5112,-61.513092,3.6,-39,-99999,-99999.,-99999.,-99999.,-99999.,-99999.,-99999.
122536,1158260,-50.519573,-61.528355,4.,-40,-99999,-99999.,-99999.,-99999.,-99999.,-99999.,-99999.
122536,1158887,-50.525912,-61.54238,4.,-40,-99999,-99999.,-99999.,-99999.,-99999.,-99999.,-99999.
122536,1159518,-50.532375,-61.556697,4.1,-40,-99999,-99999.,-99999.,-99999.,-99999.,-99999.,-99999.
122536,1160089,-50.538718,-61.568678,4.8,-40,-99999,-99999.,-99999.,-99999.,-99999.,-99999.,-99999.
122536,1161161,-50.550893,-61.591245,4.5,-40,-99999,-99999.,-99999.,-99999.,-99999.,-99999.,-99999.
122536,1162379,-50.56363,-61.617293,4.,-40,-99999,-99999.,-99999.,-99999.,-99999.,-99999.,-99999.
122536,1163619,-50.576857,-61.643842,4.5,-40,-99999,-99999.,-99999.,-99999.,-99999.,-99999.,-99999.
122536,1164469,-50.585623,-61.662198,3.9,-40,-99999,-99999.,-99999.,-99999.,-99999.,-99999.,-99999.
122536,1166160,-50.602062,-61.699122,3.8,-41,-99999,-99999.,-99999.,-99999.,-99999.,-99999.,-99999.
122536,1167328,-50.612345,-61.72516,3.2,-41,-99999,-99999.,-99999.,-99999.,-99999.,-99999.,-99999.
122536,1167498,-50.613858,-61.728922,3.9,-41,-99999,-99999.,-99999.,-99999.,-99999.,-99999.,-99999.
122536,1168486,-50.621873,-61.750952,3.4,-42,-99999,-99999.,-99999.,-99999.,-99999.,-99999.,-99999.
122536,1168487,-50.621873,-61.750952,3.4,-42,-99999,-99999.,-99999.,-99999.,-99999.,-99999.,-99999.
122536,1168507,-50.622025,-61.75145,3.6,-42,-99999,-99999.,-99999.,-99999.,-99999.,-99999.,-99999.
122536,1168508,-50.622025,-61.75145,3.6,-42,-99999,-99999.,-99999.,-99999.,-99999.,-99999.,-99999.
122536,1168519,-50.622112,-61.75172,3.8,-42,-99999,-99999.,-99999.,-99999.,-99999.,-99999.,-99999.
122536,1168527,-50.622165,-61.751925,4.2,-42,-99999,-99999.,-99999.,-99999.,-99999.,-99999.,-99999.
122536,1168528,-50.622165,-61.751925,4.2,-42,-99999,-99999.,-99999.,-99999.,-99999.,-99999.,-99999.
122536,1168546,-50.622283,-61.752363,3.6,-42,-99999,-99999.,-99999.,-99999.,-99999.,-99999.,-99999.
122536,1168548,-50.622283,-61.752363,3.6,-42,-99999,-99999.,-99999.,-99999.,-99999.,-99999.,-99999.
122536,1168558,-50.622368,-61.752645,3.3,-42,-99999,-99999.,-99999.,-99999.,-99999.,-99999.,-99999.
122536,1168559,-50.622368,-61.752645,3.3,-42,-99999,-99999.,-99999.,-99999.,-99999.,-99999.,-99999.
122536,1168579,-50.622528,-61.753037,3.,-42,-99999,-99999.,-99999.,-99999.,-99999.,-99999.,-99999.
122536,1168588,-50.622598,-61.753223,3.5,-42,-99999,-99999.,-99999.,-99999.,-99999.,-99999.,-99999.
122536,1168589,-50.622598,-61.753223,3.5,-42,-99999,-99999.,-99999.,-99999.,-99999.,-99999.,-99999.
122536,1168619,-50.622807,-61.753905,3.7,-42,-99999,-99999.,-99999.,-99999.,-99999.,-99999.,-99999.
122536,1168658,-50.623122,-61.754768,3.6,-42,-99999,-99999.,-99999.,-99999.,-99999.,-99999.,-99999.
122536,1168668,-50.623195,-61.754972,4.2,-42,-99999,-99999.,-99999.,-99999.,-99999.,-99999.,-99999.
122536,1168717,-50.623617,-61.756077,3.5,-42,-99999,-99999.,-99999.,-99999.,-99999.,-99999.,-99999.
122536,1169840,-50.632187,-61.781458,3.6,-42,-99999,-99999.,-99999.,-99999.,-99999.,-99999.,-99999.
122536,1169900,-50.632675,-61.782805,3.7,-42,-99999,-99999.,-99999.,-99999.,-99999.,-99999.,-99999.
122536,1171090,-50.642037,-61.808642,2.9,-42,-99999,-99999.,-99999.,-99999.,-99999.,-99999.,-99999.
122536,1172368,-50.653448,-61.834732,3.7,-44,-99999,-99999.,-99999.,-99999.,-99999.,-99999.,-99999.
122536,1173580,-50.666005,-61.857137,3.2,-43,-99999,-99999.,-99999.,-99999.,-99999.,-99999.,-99999.
122536,1173719,-50.667388,-61.85969,3.4,-45,-99999,-99999.,-99999.,-99999.,-99999.,-99999.,-99999.
122536,1174237,-50.672537,-61.86928,4.,-45,-99999,-99999.,-99999.,-99999.,-99999.,-99999.,-99999.
122536,1174246,-50.672652,-61.869465,2.9,-45,-99999,-99999.,-99999.,-99999.,-99999.,-99999.,-99999.
122536,1174247,-50.672652,-61.869465,2.9,-45,-99999,-99999.,-99999.,-99999.,-99999.,-99999.,-99999.
122536,1174257,-50.672767,-61.86965,2.3,-45,-99999,-99999.,-99999.,-99999.,-99999.,-99999.,-99999.
122536,1174258,-50.672767,-61.86965,2.3,-45,-99999,-99999.,-99999.,-99999.,-99999.,-99999.,-99999.
122536,1174267,-50.672875,-61.86982,2.7,-45,-99999,-99999.,-99999.,-99999.,-99999.,-99999.,-99999.
122536,1174268,-50.672875,-61.86982,2.7,-45,-99999,-99999.,-99999.,-99999.,-99999.,-99999.,-99999.
122536,1174275,-50.672967,-61.869963,3.5,-45,-99999,-99999.,-99999.,-99999.,-99999.,-99999.,-99999.
122536,1174277,-50.672967,-61.869963,3.5,-45,-99999,-99999.,-99999.,-99999.,-99999.,-99999.,-99999.
122536,1174285,-50.673067,-61.870162,3.,-45,-99999,-99999.,-99999.,-99999.,-99999.,-99999.,-99999.
122536,1174287,-50.673067,-61.870162,3.,-45,-99999,-99999.,-99999.,-99999.,-99999.,-99999.,-99999.
122536,1174316,-50.673407,-61.870698,2.5,-45,-99999,-99999.,-99999.,-99999.,-99999.,-99999.,-99999.
122536,1174318,-50.673407,-61.870698,2.5,-45,-99999,-99999.,-99999.,-99999.,-99999.,-99999.,-99999.
122536,1174327,-50.67351,-61.870867,3.3,-45,-99999,-99999.,-99999.,-99999.,-99999.,-99999.,-99999.
122536,1174328,-50.67351,-61.870867,3.3,-45,-99999,-99999.,-99999.,-99999.,-99999.,-99999.,-99999.
122536,1174336,-50.673602,-61.871018,3.6,-45,-99999,-99999.,-99999.,-99999.,-99999.,-99999.,-99999.
122536,1174338,-50.673602,-61.871018,3.6,-45,-99999,-99999.,-99999.,-99999.,-99999.,-99999.,-99999.
122536,1174345,-50.673675,-61.871205,3.4,-45,-99999,-99999.,-99999.,-99999.,-99999.,-99999.,-99999.
122536,1174347,-50.673675,-61.871205,3.4,-45,-99999,-99999.,-99999.,-99999.,-99999.,-99999.,-99999.
122536,1174355,-50.673792,-61.871362,3.5,-45,-99999,-99999.,-99999.,-99999.,-99999.,-99999.,-99999.
122536,1174357,-50.673792,-61.871362,3.5,-45,-99999,-99999.,-99999.,-99999.,-99999.,-99999.,-99999.
122536,1174375,-50.674002,-61.871758,3.6,-45,-99999,-99999.,-99999.,-99999.,-99999.,-99999.,-99999.
122536,1174377,-50.674002,-61.871758,3.6,-45,-99999,-99999.,-99999.,-99999.,-99999.,-99999.,-99999.
122536,1174396,-50.674208,-61.872113,2.9,-45,-99999,-99999.,-99999.,-99999.,-99999.,-99999.,-99999.
122536,1174398,-50.674208,-61.872113,2.9,-45,-99999,-99999.,-99999.,-99999.,-99999.,-99999.,-99999.
122536,1174405,-50.674302,-61.872258,3.2,-45,-99999,-99999.,-99999.,-99999.,-99999.,-99999.,-99999.
122536,1174407,-50.674302,-61.872258,3.2,-45,-99999,-99999.,-99999.,-99999.,-99999.,-99999.,-99999.
122536,1174437,-50.674555,-61.872787,3.1,-45,-99999,-99999.,-99999.,-99999.,-99999.,-99999.,-99999.
122536,1174447,-50.674672,-61.873017,2.8,-45,-99999,-99999.,-99999.,-99999.,-99999.,-99999.,-99999.
122536,1174448,-50.674672,-61.873017,2.8,-45,-99999,-99999.,-99999.,-99999.,-99999.,-99999.,-99999.
122536,1174457,-50.674768,-61.873172,3.6,-45,-99999,-99999.,-99999.,-99999.,-99999.,-99999.,-99999.
122536,1174476,-50.674977,-61.873565,4.1,-45,-99999,-99999.,-99999.,-99999.,-99999.,-99999.,-99999.
122536,1174477,-50.674977,-61.873565,4.1,-45,-99999,-99999.,-99999.,-99999.,-99999.,-99999.,-99999.
122536,1174496,-50.67518,-61.873913,3.8,-45,-99999,-99999.,-99999.,-99999.,-99999.,-99999.,-99999.
122536,1174497,-50.67518,-61.873913,3.8,-45,-99999,-99999.,-99999.,-99999.,-99999.,-99999.,-99999.
122536,1174508,-50.675283,-61.874132,2.8,-45,-99999,-99999.,-99999.,-99999.,-99999.,-99999.,-99999.
122536,1174517,-50.675373,-61.874292,3.1,-45,-99999,-99999.,-99999.,-99999.,-99999.,-99999.,-99999.
122536,1174518,-50.675373,-61.874292,3.1,-45,-99999,-99999.,-99999.,-99999.,-99999.,-99999.,-99999.
122536,1174526,-50.675447,-61.874457,2.6,-45,-99999,-99999.,-99999.,-99999.,-99999.,-99999.,-99999.
122536,1174527,-50.675447,-61.874457,2.6,-45,-99999,-99999.,-99999.,-99999.,-99999.,-99999.,-99999.
122536,1174809,-50.678295,-61.879418,3.3,-45,-99999,-99999.,-99999.,-99999.,-99999.,-99999.,-99999.
122536,1174911,-50.6794,-61.881233,3.1,-45,-99999,-99999.,-99999.,-99999.,-99999.,-99999.,-99999.
122536,1176059,-50.690672,-61.902417,2.6,-45,-99999,-99999.,-99999.,-99999.,-99999.,-99999.,-99999.
122536,1176148,-50.691497,-61.904037,3.3,-44,-99999,-99999.,-99999.,-99999.,-99999.,-99999.,-99999.
122536,1177350,-50.702668,-61.927145,3.3,-46,-99999,-99999.,-99999.,-99999.,-99999.,-99999.,-99999.
122536,1178638,-50.709518,-61.933407,1.5,-46,-99999,-99999.,-99999.,-99999.,-99999.,-99999.,-99999.
122536,1179840,-50.71733,-61.934248,8.6,-46,-99999,-99999.,-99999.,-99999.,-99999.,-99999.,-99999.
122536,1180046,-50.718987,-61.946052,8.5,-46,-99999,-99999.,-99999.,-99999.,-99999.,-99999.,-99999.
122536,1180085,-50.719093,-61.948532,7.7,-46,-99999,-99999.,-99999.,-99999.,-99999.,-99999.,-99999.
122536,1180086,-50.719093,-61.948532,7.7,-46,-99999,-99999.,-99999.,-99999.,-99999.,-99999.,-99999.
122536,1180096,-50.71911,-61.94915,7.3,-46,-99999,-99999.,-99999.,-99999.,-99999.,-99999.,-99999.
122536,1180097,-50.71911,-61.94915,7.3,-46,-99999,-99999.,-99999.,-99999.,-99999.,-99999.,-99999.
122536,1180116,-50.719165,-61.950328,7.2,-46,-99999,-99999.,-99999.,-99999.,-99999.,-99999.,-99999.
122536,1180117,-50.719165,-61.950328,7.2,-46,-99999,-99999.,-99999.,-99999.,-99999.,-99999.,-99999.
122536,1180135,-50.71921,-61.951415,8.3,-46,-99999,-99999.,-99999.,-99999.,-99999.,-99999.,-99999.
122536,1180136,-50.71921,-61.951415,8.3,-46,-99999,-99999.,-99999.,-99999.,-99999.,-99999.,-99999.
122536,1180145,-50.719223,-61.952023,8.9,-46,-99999,-99999.,-99999.,-99999.,-99999.,-99999.,-99999.
122536,1180156,-50.719275,-61.952675,8.5,-46,-99999,-99999.,-99999.,-99999.,-99999.,-99999.,-99999.
122536,1180157,-50.719275,-61.952675,8.5,-46,-99999,-99999.,-99999.,-99999.,-99999.,-99999.,-99999.
122536,1180166,-50.719302,-61.953255,7.,-46,-99999,-99999.,-99999.,-99999.,-99999.,-99999.,-99999.
122536,1180167,-50.719302,-61.953255,7.,-46,-99999,-99999.,-99999.,-99999.,-99999.,-99999.,-99999.
122536,1180176,-50.719302,-61.953848,8.4,-46,-99999,-99999.,-99999.,-99999.,-99999.,-99999.,-99999.
122536,1180177,-50.719302,-61.953848,8.4,-46,-99999,-99999.,-99999.,-99999.,-99999.,-99999.,-99999.
122536,1180185,-50.719308,-61.954368,7.9,-46,-99999,-99999.,-99999.,-99999.,-99999.,-99999.,-99999.
122536,1180186,-50.719308,-61.954368,7.9,-46,-99999,-99999.,-99999.,-99999.,-99999.,-99999.,-99999.
122536,1180195,-50.719353,-61.954958,8.4,-46,-99999,-99999.,-99999.,-99999.,-99999.,-99999.,-99999.
122536,1180196,-50.719353,-61.954958,8.4,-46,-99999,-99999.,-99999.,-99999.,-99999.,-99999.,-99999.
122536,1180205,-50.719402,-61.955535,8.7,-46,-99999,-99999.,-99999.,-99999.,-99999.,-99999.,-99999.
122536,1180206,-50.719402,-61.955535,8.7,-46,-99999,-99999.,-99999.,-99999.,-99999.,-99999.,-99999.
122536,1180226,-50.719438,-61.95675,7.9,-46,-99999,-99999.,-99999.,-99999.,-99999.,-99999.,-99999.
122536,1180227,-50.719438,-61.95675,7.9,-46,-99999,-99999.,-99999.,-99999.,-99999.,-99999.,-99999.
122536,1180236,-50.71949,-61.957322,7.2,-46,-99999,-99999.,-99999.,-99999.,-99999.,-99999.,-99999.
122536,1180245,-50.719518,-61.957847,8.,-46,-99999,-99999.,-99999.,-99999.,-99999.,-99999.,-99999.
122536,1180246,-50.719518,-61.957847,8.,-46,-99999,-99999.,-99999.,-99999.,-99999.,-99999.,-99999.
122536,1180255,-50.719538,-61.958425,7.6,-46,-99999,-99999.,-99999.,-99999.,-99999.,-99999.,-99999.
122536,1180256,-50.719538,-61.958425,7.6,-46,-99999,-99999.,-99999.,-99999.,-99999.,-99999.,-99999.
122536,1180265,-50.719543,-61.95899,7.6,-46,-99999,-99999.,-99999.,-99999.,-99999.,-99999.,-99999.
122536,1180266,-50.719543,-61.95899,7.6,-46,-99999,-99999.,-99999.,-99999.,-99999.,-99999.,-99999.
122536,1180275,-50.719555,-61.959573,7.4,-46,-99999,-99999.,-99999.,-99999.,-99999.,-99999.,-99999.
122536,1180276,-50.719555,-61.959573,7.4,-46,-99999,-99999.,-99999.,-99999.,-99999.,-99999.,-99999.
122536,1180287,-50.719592,-61.960252,8.5,-46,-99999,-99999.,-99999.,-99999.,-99999.,-99999.,-99999.
122536,1180296,-50.719615,-61.960772,8.3,-46,-99999,-99999.,-99999.,-99999.,-99999.,-99999.,-99999.
122536,1180297,-50.719615,-61.960772,8.3,-46,-99999,-99999.,-99999.,-99999.,-99999.,-99999.,-99999.
122536,1180305,-50.719645,-61.961288,8.4,-46,-99999,-99999.,-99999.,-99999.,-99999.,-99999.,-99999.
122536,1180306,-50.719645,-61.961288,8.4,-46,-99999,-99999.,-99999.,-99999.,-99999.,-99999.,-99999.
122536,1180315,-50.719675,-61.961882,8.,-46,-99999,-99999.,-99999.,-99999.,-99999.,-99999.,-99999.
122536,1180316,-50.719675,-61.961882,8.,-46,-99999,-99999.,-99999.,-99999.,-99999.,-99999.,-99999.
122536,1180356,-50.719748,-61.9643,8.1,-46,-99999,-99999.,-99999.,-99999.,-99999.,-99999.,-99999.
122536,1180365,-50.719752,-61.964842,9.,-46,-99999,-99999.,-99999.,-99999.,-99999.,-99999.,-99999.
122536,1180386,-50.719767,-61.966033,8.8,-46,-99999,-99999.,-99999.,-99999.,-99999.,-99999.,-99999.
122536,1180407,-50.7198,-61.96737,8.9,-46,-99999,-99999.,-99999.,-99999.,-99999.,-99999.,-99999.
122536,1180408,-50.7198,-61.96737,8.9,-46,-99999,-99999.,-99999.,-99999.,-99999.,-99999.,-99999.
122536,1180446,-50.719838,-61.969755,8.7,-46,-99999,-99999.,-99999.,-99999.,-99999.,-99999.,-99999.
122536,1180450,-50.719838,-61.969755,8.7,-46,-99999,-99999.,-99999.,-99999.,-99999.,-99999.,-99999.
122536,1180485,-50.719852,-61.972227,8.2,-46,-99999,-99999.,-99999.,-99999.,-99999.,-99999.,-99999.
122536,1180486,-50.719852,-61.972227,8.2,-46,-99999,-99999.,-99999.,-99999.,-99999.,-99999.,-99999.
122536,1180516,-50.719898,-61.974013,8.4,-46,-99999,-99999.,-99999.,-99999.,-99999.,-99999.,-99999.
122536,1180546,-50.719912,-61.97593,8.5,-46,-99999,-99999.,-99999.,-99999.,-99999.,-99999.,-99999.
122536,1180576,-50.719937,-61.977692,8.8,-46,-99999,-99999.,-99999.,-99999.,-99999.,-99999.,-99999.
122536,1180615,-50.719993,-61.980093,8.,-46,-99999,-99999.,-99999.,-99999.,-99999.,-99999.,-99999.
122536,1180616,-50.719993,-61.980093,8.,-46,-99999,-99999.,-99999.,-99999.,-99999.,-99999.,-99999.
122536,1180626,-50.720023,-61.980703,8.3,-46,-99999,-99999.,-99999.,-99999.,-99999.,-99999.,-99999.
122536,1180816,-50.720243,-61.989912,4.6,-46,-99999,-99999.,-99999.,-99999.,-99999.,-99999.,-99999.
122536,1182428,-50.737767,-62.033952,4.1,-47,-99999,-99999.,-99999.,-99999.,-99999.,-99999.,-99999.
122536,1185968,-50.783453,-62.101957,4.2,-49,-99999,-99999.,-99999.,-99999.,-99999.,-99999.,-99999.
122536,1185969,-50.783453,-62.101957,4.2,-49,-99999,-99999.,-99999.,-99999.,-99999.,-99999.,-99999.
122536,1185977,-50.783545,-62.1021,3.4,-49,-99999,-99999.,-99999.,-99999.,-99999.,-99999.,-99999.
122536,1185997,-50.783767,-62.102457,3.8,-49,-99999,-99999.,-99999.,-99999.,-99999.,-99999.,-99999.
122536,1186008,-50.783912,-62.102665,3.6,-49,-99999,-99999.,-99999.,-99999.,-99999.,-99999.,-99999.
122536,1186009,-50.783912,-62.102665,3.6,-49,-99999,-99999.,-99999.,-99999.,-99999.,-99999.,-99999.
122536,1186011,-50.783912,-62.102665,3.6,-49,-99999,-99999.,-99999.,-99999.,-99999.,-99999.,-99999.
122536,1186017,-50.784017,-62.102822,3.5,-49,-99999,-99999.,-99999.,-99999.,-99999.,-99999.,-99999.
122536,1186028,-50.784145,-62.103032,3.2,-49,-99999,-99999.,-99999.,-99999.,-99999.,-99999.,-99999.
122536,1186029,-50.784145,-62.103032,3.2,-49,-99999,-99999.,-99999.,-99999.,-99999.,-99999.,-99999.
122536,1186037,-50.784212,-62.103198,3.,-49,-99999,-99999.,-99999.,-99999.,-99999.,-99999.,-99999.
122536,1186057,-50.784448,-62.103588,4.2,-49,-99999,-99999.,-99999.,-99999.,-99999.,-99999.,-99999.
122536,1186068,-50.784577,-62.103813,3.7,-49,-99999,-99999.,-99999.,-99999.,-99999.,-99999.,-99999.
122536,1186077,-50.784688,-62.103965,3.3,-49,-99999,-99999.,-99999.,-99999.,-99999.,-99999.,-99999.
122536,1186088,-50.784833,-62.104113,3.3,-49,-99999,-99999.,-99999.,-99999.,-99999.,-99999.,-99999.
122536,1186089,-50.784833,-62.104113,3.3,-49,-99999,-99999.,-99999.,-99999.,-99999.,-99999.,-99999.
122536,1186097,-50.784963,-62.104232,3.8,-49,-99999,-99999.,-99999.,-99999.,-99999.,-99999.,-99999.
122536,1186098,-50.784963,-62.104232,3.8,-49,-99999,-99999.,-99999.,-99999.,-99999.,-99999.,-99999.
122536,1186107,-50.78509,-62.10439,3.6,-49,-99999,-99999.,-99999.,-99999.,-99999.,-99999.,-99999.
122536,1186117,-50.78521,-62.104532,4.4,-49,-99999,-99999.,-99999.,-99999.,-99999.,-99999.,-99999.
122536,1186137,-50.785448,-62.10488,3.4,-49,-99999,-99999.,-99999.,-99999.,-99999.,-99999.,-99999.
122536,1186147,-50.785578,-62.10505,3.7,-49,-99999,-99999.,-99999.,-99999.,-99999.,-99999.,-99999.
122536,1186148,-50.785578,-62.10505,3.7,-49,-99999,-99999.,-99999.,-99999.,-99999.,-99999.,-99999.
122536,1186157,-50.785698,-62.105233,3.2,-49,-99999,-99999.,-99999.,-99999.,-99999.,-99999.,-99999.
122536,1186167,-50.785818,-62.105418,3.6,-49,-99999,-99999.,-99999.,-99999.,-99999.,-99999.,-99999.
122536,1186197,-50.786178,-62.106005,3.5,-49,-99999,-99999.,-99999.,-99999.,-99999.,-99999.,-99999.
122536,1186207,-50.786305,-62.106197,3.2,-49,-99999,-99999.,-99999.,-99999.,-99999.,-99999.,-99999.
122536,1186208,-50.786305,-62.106197,3.2,-49,-99999,-99999.,-99999.,-99999.,-99999.,-99999.,-99999.
122536,1186217,-50.786422,-62.106397,3.7,-49,-99999,-99999.,-99999.,-99999.,-99999.,-99999.,-99999.
122536,1186227,-50.786538,-62.106598,3.9,-49,-99999,-99999.,-99999.,-99999.,-99999.,-99999.,-99999.
122536,1186257,-50.786927,-62.10709,3.5,-49,-99999,-99999.,-99999.,-99999.,-99999.,-99999.,-99999.
122536,1186267,-50.787058,-62.107255,3.8,-49,-99999,-99999.,-99999.,-99999.,-99999.,-99999.,-99999.
122536,1186277,-50.787188,-62.107433,4.3,-49,-99999,-99999.,-99999.,-99999.,-99999.,-99999.,-99999.
122536,1186287,-50.787305,-62.107597,3.9,-49,-99999,-99999.,-99999.,-99999.,-99999.,-99999.,-99999.
122536,1186297,-50.787455,-62.107778,3.1,-49,-99999,-99999.,-99999.,-99999.,-99999.,-99999.,-99999.
122536,1186298,-50.787455,-62.107778,3.1,-49,-99999,-99999.,-99999.,-99999.,-99999.,-99999.,-99999.
122536,1186317,-50.787703,-62.10806,3.3,-49,-99999,-99999.,-99999.,-99999.,-99999.,-99999.,-99999.
122536,1186318,-50.787703,-62.10806,3.3,-49,-99999,-99999.,-99999.,-99999.,-99999.,-99999.,-99999.
122536,1186327,-50.787828,-62.108228,3.4,-49,-99999,-99999.,-99999.,-99999.,-99999.,-99999.,-99999.
122536,1186337,-50.787957,-62.10839,3.4,-49,-99999,-99999.,-99999.,-99999.,-99999.,-99999.,-99999.
122536,1186347,-50.788067,-62.108547,3.4,-49,-99999,-99999.,-99999.,-99999.,-99999.,-99999.,-99999.
122536,1186357,-50.788218,-62.10873,3.2,-49,-99999,-99999.,-99999.,-99999.,-99999.,-99999.,-99999.
122536,1186358,-50.788218,-62.10873,3.2,-49,-99999,-99999.,-99999.,-99999.,-99999.,-99999.,-99999.
122536,1186368,-50.788358,-62.108885,3.2,-49,-99999,-99999.,-99999.,-99999.,-99999.,-99999.,-99999.
122536,1186377,-50.788502,-62.109052,3.6,-49,-99999,-99999.,-99999.,-99999.,-99999.,-99999.,-99999.
122536,1186387,-50.78864,-62.109183,3.3,-49,-99999,-99999.,-99999.,-99999.,-99999.,-99999.,-99999.
122536,1186397,-50.78877,-62.109333,3.4,-49,-99999,-99999.,-99999.,-99999.,-99999.,-99999.,-99999.
122536,1186407,-50.788885,-62.109478,3.7,-49,-99999,-99999.,-99999.,-99999.,-99999.,-99999.,-99999.
122536,1203029,-51.019553,-62.342382,6.7,-49,-99999,-99999.,-99999.,-99999.,-99999.,-99999.,-99999.
122536,1203047,-51.019908,-62.343025,6.6,-49,-99999,-99999.,-99999.,-99999.,-99999.,-99999.,-99999.
122536,1203067,-51.020267,-62.343855,7.5,-49,-99999,-99999.,-99999.,-99999.,-99999.,-99999.,-99999.
122536,1203068,-51.020267,-62.343855,7.5,-49,-99999,-99999.,-99999.,-99999.,-99999.,-99999.,-99999.
122536,1203078,-51.02049,-62.3443,6.5,-49,-99999,-99999.,-99999.,-99999.,-99999.,-99999.,-99999.
122536,1203089,-51.020722,-62.344725,6.8,-49,-99999,-99999.,-99999.,-99999.,-99999.,-99999.,-99999.
122536,1203107,-51.021072,-62.345437,7.4,-49,-99999,-99999.,-99999.,-99999.,-99999.,-99999.,-99999.
122536,1203128,-51.021475,-62.346252,6.9,-49,-99999,-99999.,-99999.,-99999.,-99999.,-99999.,-99999.
122536,1203129,-51.021475,-62.346252,6.9,-49,-99999,-99999.,-99999.,-99999.,-99999.,-99999.,-99999.
122536,1203138,-51.02167,-62.346632,7.2,-49,-99999,-99999.,-99999.,-99999.,-99999.,-99999.,-99999.
122536,1203149,-51.021902,-62.347058,7.2,-49,-99999,-99999.,-99999.,-99999.,-99999.,-99999.,-99999.
122536,1203157,-51.022055,-62.347382,7.,-49,-99999,-99999.,-99999.,-99999.,-99999.,-99999.,-99999.
122536,1203158,-51.022055,-62.347382,7.,-49,-99999,-99999.,-99999.,-99999.,-99999.,-99999.,-99999.
122536,1203167,-51.022237,-62.347802,6.8,-49,-99999,-99999.,-99999.,-99999.,-99999.,-99999.,-99999.
122536,1203177,-51.02244,-62.348207,7.4,-49,-99999,-99999.,-99999.,-99999.,-99999.,-99999.,-99999.
122536,1203178,-51.02244,-62.348207,7.4,-49,-99999,-99999.,-99999.,-99999.,-99999.,-99999.,-99999.
122536,1203197,-51.022863,-62.348945,6.9,-49,-99999,-99999.,-99999.,-99999.,-99999.,-99999.,-99999.
122536,1203198,-51.022863,-62.348945,6.9,-49,-99999,-99999.,-99999.,-99999.,-99999.,-99999.,-99999.
122536,1203207,-51.023053,-62.349312,6.3,-49,-99999,-99999.,-99999.,-99999.,-99999.,-99999.,-99999.
122536,1203208,-51.023053,-62.349312,6.3,-49,-99999,-99999.,-99999.,-99999.,-99999.,-99999.,-99999.
122536,1203218,-51.023238,-62.3497,6.9,-49,-99999,-99999.,-99999.,-99999.,-99999.,-99999.,-99999.
122536,1203227,-51.023447,-62.350073,7.,-49,-99999,-99999.,-99999.,-99999.,-99999.,-99999.,-99999.
122536,1203237,-51.02367,-62.350438,7.5,-49,-99999,-99999.,-99999.,-99999.,-99999.,-99999.,-99999.
122536,1203238,-51.02367,-62.350438,7.5,-49,-99999,-99999.,-99999.,-99999.,-99999.,-99999.,-99999.
122536,1203248,-51.023877,-62.350858,7.2,-49,-99999,-99999.,-99999.,-99999.,-99999.,-99999.,-99999.
122536,1203268,-51.024238,-62.351575,6.6,-49,-99999,-99999.,-99999.,-99999.,-99999.,-99999.,-99999.
122536,1208648,-51.13556,-62.56298,6.7,-48,-99999,-99999.,-99999.,-99999.,-99999.,-99999.,-99999.
122536,1208829,-51.139455,-62.570333,7.1,-48,-99999,-99999.,-99999.,-99999.,-99999.,-99999.,-99999.
122536,1208838,-51.139662,-62.570727,6.6,-48,-99999,-99999.,-99999.,-99999.,-99999.,-99999.,-99999.
122536,1208848,-51.139888,-62.571112,6.9,-48,-99999,-99999.,-99999.,-99999.,-99999.,-99999.,-99999.
122536,1208849,-51.139888,-62.571112,6.9,-48,-99999,-99999.,-99999.,-99999.,-99999.,-99999.,-99999.
122536,1208878,-51.140373,-62.572192,5.5,-48,-99999,-99999.,-99999.,-99999.,-99999.,-99999.,-99999.
122536,1208886,-51.140487,-62.572507,6.2,-48,-99999,-99999.,-99999.,-99999.,-99999.,-99999.,-99999.
122536,1208893,-51.14061,-62.572798,6.,-48,-99999,-99999.,-99999.,-99999.,-99999.,-99999.,-99999.
122536,1208894,-51.14061,-62.572798,6.,-48,-99999,-99999.,-99999.,-99999.,-99999.,-99999.,-99999.
122536,1208899,-51.140662,-62.572963,5.8,-48,-99999,-99999.,-99999.,-99999.,-99999.,-99999.,-99999.
122536,1208901,-51.140717,-62.573118,6.4,-48,-99999,-99999.,-99999.,-99999.,-99999.,-99999.,-99999.
122536,1208902,-51.140717,-62.573118,6.4,-48,-99999,-99999.,-99999.,-99999.,-99999.,-99999.,-99999.
122536,1208906,-51.140757,-62.573248,6.4,-48,-99999,-99999.,-99999.,-99999.,-99999.,-99999.,-99999.
122536,1208929,-51.141172,-62.574128,5.6,-48,-99999,-99999.,-99999.,-99999.,-99999.,-99999.,-99999.
122536,1208934,-51.141267,-62.57437,6.4,-48,-99999,-99999.,-99999.,-99999.,-99999.,-99999.,-99999.
122536,1208935,-51.141267,-62.57437,6.4,-48,-99999,-99999.,-99999.,-99999.,-99999.,-99999.,-99999.
122536,1208937,-51.141328,-62.57448,6.5,-48,-99999,-99999.,-99999.,-99999.,-99999.,-99999.,-99999.
122536,1208938,-51.141328,-62.57448,6.5,-48,-99999,-99999.,-99999.,-99999.,-99999.,-99999.,-99999.
122536,1208942,-51.141397,-62.574635,6.1,-48,-99999,-99999.,-99999.,-99999.,-99999.,-99999.,-99999.
122536,1208943,-51.141397,-62.574635,6.1,-48,-99999,-99999.,-99999.,-99999.,-99999.,-99999.,-99999.
122536,1208949,-51.141508,-62.574853,6.5,-48,-99999,-99999.,-99999.,-99999.,-99999.,-99999.,-99999.
122536,1208958,-51.141698,-62.575223,6.8,-48,-99999,-99999.,-99999.,-99999.,-99999.,-99999.,-99999.
122536,1208959,-51.141698,-62.575223,6.8,-48,-99999,-99999.,-99999.,-99999.,-99999.,-99999.,-99999.
122536,1208988,-51.142255,-62.576402,7.,-48,-99999,-99999.,-99999.,-99999.,-99999.,-99999.,-99999.
122536,1208989,-51.142255,-62.576402,7.,-48,-99999,-99999.,-99999.,-99999.,-99999.,-99999.,-99999.
122536,1208997,-51.142438,-62.576697,6.7,-48,-99999,-99999.,-99999.,-99999.,-99999.,-99999.,-99999.
122536,1208998,-51.142438,-62.576697,6.7,-48,-99999,-99999.,-99999.,-99999.,-99999.,-99999.,-99999.
122536,1209008,-51.14263,-62.577008,7.2,-48,-99999,-99999.,-99999.,-99999.,-99999.,-99999.,-99999.
122536,1209011,-51.142712,-62.57715,6.5,-48,-99999,-99999.,-99999.,-99999.,-99999.,-99999.,-99999.
122536,1209012,-51.142712,-62.57715,6.5,-48,-99999,-99999.,-99999.,-99999.,-99999.,-99999.,-99999.
122536,1209018,-51.142857,-62.577398,6.9,-48,-99999,-99999.,-99999.,-99999.,-99999.,-99999.,-99999.
122536,1209019,-51.142857,-62.577398,6.9,-48,-99999,-99999.,-99999.,-99999.,-99999.,-99999.,-99999.
122536,1209038,-51.143275,-62.578012,6.5,-48,-99999,-99999.,-99999.,-99999.,-99999.,-99999.,-99999.
122536,1209048,-51.143555,-62.578353,6.2,-48,-99999,-99999.,-99999.,-99999.,-99999.,-99999.,-99999.
122536,1209057,-51.143748,-62.578635,6.7,-48,-99999,-99999.,-99999.,-99999.,-99999.,-99999.,-99999.
122536,1209058,-51.143748,-62.578635,6.7,-48,-99999,-99999.,-99999.,-99999.,-99999.,-99999.,-99999.
122536,1209068,-51.143953,-62.578897,6.9,-48,-99999,-99999.,-99999.,-99999.,-99999.,-99999.,-99999.
122536,1209079,-51.144192,-62.579213,5.5,-48,-99999,-99999.,-99999.,-99999.,-99999.,-99999.,-99999.
122536,1209089,-51.144422,-62.579538,6.5,-48,-99999,-99999.,-99999.,-99999.,-99999.,-99999.,-99999.
122536,1209109,-51.14483,-62.580122,6.6,-48,-99999,-99999.,-99999.,-99999.,-99999.,-99999.,-99999.
122536,1209116,-51.14495,-62.58037,5.8,-48,-99999,-99999.,-99999.,-99999.,-99999.,-99999.,-99999.
122536,1209122,-51.145038,-62.580548,6.,-48,-99999,-99999.,-99999.,-99999.,-99999.,-99999.,-99999.
122536,1209128,-51.145148,-62.580753,6.,-48,-99999,-99999.,-99999.,-99999.,-99999.,-99999.,-99999.
122536,1209133,-51.14525,-62.580928,6.5,-48,-99999,-99999.,-99999.,-99999.,-99999.,-99999.,-99999.
122536,1209149,-51.14557,-62.581517,6.2,-48,-99999,-99999.,-99999.,-99999.,-99999.,-99999.,-99999.
122536,1209157,-51.145735,-62.58178,6.3,-48,-99999,-99999.,-99999.,-99999.,-99999.,-99999.,-99999.
122536,1209169,-51.145975,-62.582193,7.,-48,-99999,-99999.,-99999.,-99999.,-99999.,-99999.,-99999.
122536,1209179,-51.146163,-62.582555,6.1,-48,-99999,-99999.,-99999.,-99999.,-99999.,-99999.,-99999.
122536,1209187,-51.146327,-62.582835,6.3,-48,-99999,-99999.,-99999.,-99999.,-99999.,-99999.,-99999.
122536,1209210,-51.146767,-62.58361,6.2,-48,-99999,-99999.,-99999.,-99999.,-99999.,-99999.,-99999.
122536,1214378,-51.244315,-62.752617,5.8,-48,-99999,-99999.,-99999.,-99999.,-99999.,-99999.,-99999.
122536,1214458,-51.24587,-62.75515,5.8,-48,-99999,-99999.,-99999.,-99999.,-99999.,-99999.,-99999.
122536,1214469,-51.246125,-62.755528,6.7,-48,-99999,-99999.,-99999.,-99999.,-99999.,-99999.,-99999.
122536,1214489,-51.246527,-62.756185,6.7,-48,-99999,-99999.,-99999.,-99999.,-99999.,-99999.,-99999.
122536,1214498,-51.246698,-62.756447,6.8,-48,-99999,-99999.,-99999.,-99999.,-99999.,-99999.,-99999.
122536,1214518,-51.247098,-62.757123,6.1,-48,-99999,-99999.,-99999.,-99999.,-99999.,-99999.,-99999.
122536,1214538,-51.24749,-62.757763,6.3,-48,-99999,-99999.,-99999.,-99999.,-99999.,-99999.,-99999.
122536,1214539,-51.24749,-62.757763,6.3,-48,-99999,-99999.,-99999.,-99999.,-99999.,-99999.,-99999.
122536,1214569,-51.248088,-62.758775,5.7,-48,-99999,-99999.,-99999.,-99999.,-99999.,-99999.,-99999.
122536,1214578,-51.248277,-62.759078,6.1,-48,-99999,-99999.,-99999.,-99999.,-99999.,-99999.,-99999.
122536,1214658,-51.249883,-62.761707,6.6,-48,-99999,-99999.,-99999.,-99999.,-99999.,-99999.,-99999.
122536,1214678,-51.250363,-62.762317,6.9,-49,-99999,-99999.,-99999.,-99999.,-99999.,-99999.,-99999.
122536,1214730,-51.251412,-62.763937,6.8,-49,-99999,-99999.,-99999.,-99999.,-99999.,-99999.,-99999.
122536,1214759,-51.251933,-62.764888,6.3,-49,-99999,-99999.,-99999.,-99999.,-99999.,-99999.,-99999.
122536,1214769,-51.252107,-62.765218,5.2,-49,-99999,-99999.,-99999.,-99999.,-99999.,-99999.,-99999.
122536,1214790,-51.25254,-62.765807,4.9,-49,-99999,-99999.,-99999.,-99999.,-99999.,-99999.,-99999.
122536,1214849,-51.253692,-62.767595,5.6,-49,-99999,-99999.,-99999.,-99999.,-99999.,-99999.,-99999.
122536,1214870,-51.254073,-62.768227,6.5,-49,-99999,-99999.,-99999.,-99999.,-99999.,-99999.,-99999.
122536,1214878,-51.254227,-62.768483,6.,-49,-99999,-99999.,-99999.,-99999.,-99999.,-99999.,-99999.
122536,1214889,-51.254437,-62.768837,6.6,-49,-99999,-99999.,-99999.,-99999.,-99999.,-99999.,-99999.
122536,1214899,-51.25465,-62.769153,6.5,-49,-99999,-99999.,-99999.,-99999.,-99999.,-99999.,-99999.
122536,1214909,-51.254868,-62.769537,6.9,-49,-99999,-99999.,-99999.,-99999.,-99999.,-99999.,-99999.
122536,1214918,-51.255035,-62.769787,5.8,-49,-99999,-99999.,-99999.,-99999.,-99999.,-99999.,-99999.
122536,1214930,-51.255257,-62.770178,5.3,-49,-99999,-99999.,-99999.,-99999.,-99999.,-99999.,-99999.
122536,1214938,-51.255398,-62.770433,5.6,-49,-99999,-99999.,-99999.,-99999.,-99999.,-99999.,-99999.
122536,1214970,-51.256105,-62.771337,5.8,-49,-99999,-99999.,-99999.,-99999.,-99999.,-99999.,-99999.
122536,1214978,-51.25627,-62.771577,5.7,-49,-99999,-99999.,-99999.,-99999.,-99999.,-99999.,-99999.
122536,1214990,-51.256493,-62.77199,5.9,-49,-99999,-99999.,-99999.,-99999.,-99999.,-99999.,-99999.
122536,1214998,-51.25665,-62.772255,6.,-49,-99999,-99999.,-99999.,-99999.,-99999.,-99999.,-99999.
122536,1215009,-51.256873,-62.77258,6.5,-49,-99999,-99999.,-99999.,-99999.,-99999.,-99999.,-99999.
122536,1215018,-51.257037,-62.772883,5.8,-49,-99999,-99999.,-99999.,-99999.,-99999.,-99999.,-99999.
122536,1215030,-51.25727,-62.773285,6.2,-48,-99999,-99999.,-99999.,-99999.,-99999.,-99999.,-99999.
122536,1215048,-51.257613,-62.773905,5.6,-48,-99999,-99999.,-99999.,-99999.,-99999.,-99999.,-99999.
122536,1215058,-51.257802,-62.77424,6.6,-48,-99999,-99999.,-99999.,-99999.,-99999.,-99999.,-99999.
122536,1215069,-51.258037,-62.774578,7.3,-48,-99999,-99999.,-99999.,-99999.,-99999.,-99999.,-99999.
122536,1215078,-51.258227,-62.774838,6.2,-48,-99999,-99999.,-99999.,-99999.,-99999.,-99999.,-99999.
122536,1220279,-51.34779,-62.927503,4.6,-50,-99999,-99999.,-99999.,-99999.,-99999.,-99999.,-99999.
122536,1220327,-51.348512,-62.928812,4.9,-50,-99999,-99999.,-99999.,-99999.,-99999.,-99999.,-99999.
122536,1220388,-51.349405,-62.93045,4.5,-50,-99999,-99999.,-99999.,-99999.,-99999.,-99999.,-99999.
122536,1220447,-51.350278,-62.93193,4.9,-50,-99999,-99999.,-99999.,-99999.,-99999.,-99999.,-99999.
122536,1220477,-51.350722,-62.932642,3.9,-50,-99999,-99999.,-99999.,-99999.,-99999.,-99999.,-99999.
122536,1220486,-51.350852,-62.932865,4.1,-50,-99999,-99999.,-99999.,-99999.,-99999.,-99999.,-99999.
122536,1220507,-51.351123,-62.93339,4.1,-50,-99999,-99999.,-99999.,-99999.,-99999.,-99999.,-99999.
122536,1220517,-51.351252,-62.933642,4.3,-50,-99999,-99999.,-99999.,-99999.,-99999.,-99999.,-99999.
122536,1220526,-51.351388,-62.93389,4.4,-50,-99999,-99999.,-99999.,-99999.,-99999.,-99999.,-99999.
122536,1220527,-51.351388,-62.93389,4.4,-50,-99999,-99999.,-99999.,-99999.,-99999.,-99999.,-99999.
122536,1220536,-51.351528,-62.934133,4.6,-49,-99999,-99999.,-99999.,-99999.,-99999.,-99999.,-99999.
122536,1220537,-51.351528,-62.934133,4.6,-49,-99999,-99999.,-99999.,-99999.,-99999.,-99999.,-99999.
122536,1220550,-51.35165,-62.93437,4.,-49,-99999,-99999.,-99999.,-99999.,-99999.,-99999.,-99999.
122536,1220577,-51.352098,-62.935207,5.2,-49,-99999,-99999.,-99999.,-99999.,-99999.,-99999.,-99999.
122536,1220586,-51.352262,-62.935457,5.6,-49,-99999,-99999.,-99999.,-99999.,-99999.,-99999.,-99999.
122536,1220598,-51.352445,-62.935725,4.9,-49,-99999,-99999.,-99999.,-99999.,-99999.,-99999.,-99999.
122536,1220606,-51.352563,-62.935937,5.6,-49,-99999,-99999.,-99999.,-99999.,-99999.,-99999.,-99999.
122536,1220607,-51.352563,-62.935937,5.6,-49,-99999,-99999.,-99999.,-99999.,-99999.,-99999.,-99999.
122536,1220616,-51.352705,-62.936188,4.7,-49,-99999,-99999.,-99999.,-99999.,-99999.,-99999.,-99999.
122536,1220617,-51.352705,-62.936188,4.7,-49,-99999,-99999.,-99999.,-99999.,-99999.,-99999.,-99999.
122536,1220627,-51.352847,-62.93649,4.7,-49,-99999,-99999.,-99999.,-99999.,-99999.,-99999.,-99999.
122536,1220637,-51.352992,-62.936745,4.8,-49,-99999,-99999.,-99999.,-99999.,-99999.,-99999.,-99999.
122536,1220658,-51.353315,-62.937255,4.4,-49,-99999,-99999.,-99999.,-99999.,-99999.,-99999.,-99999.
122536,1220687,-51.353742,-62.938017,5.,-49,-99999,-99999.,-99999.,-99999.,-99999.,-99999.,-99999.
122536,1220697,-51.353888,-62.938287,5.3,-49,-99999,-99999.,-99999.,-99999.,-99999.,-99999.,-99999.
122536,1220706,-51.35405,-62.938537,4.8,-49,-99999,-99999.,-99999.,-99999.,-99999.,-99999.,-99999.
122536,1220718,-51.354207,-62.938838,5.3,-49,-99999,-99999.,-99999.,-99999.,-99999.,-99999.,-99999.
122536,1220726,-51.354317,-62.939063,4.8,-49,-99999,-99999.,-99999.,-99999.,-99999.,-99999.,-99999.
122536,1220757,-51.354733,-62.939898,4.4,-49,-99999,-99999.,-99999.,-99999.,-99999.,-99999.,-99999.
122536,1220767,-51.354862,-62.94014,4.4,-49,-99999,-99999.,-99999.,-99999.,-99999.,-99999.,-99999.
122536,1220778,-51.35501,-62.940488,5.4,-49,-99999,-99999.,-99999.,-99999.,-99999.,-99999.,-99999.
122536,1220806,-51.355383,-62.941305,4.8,-49,-99999,-99999.,-99999.,-99999.,-99999.,-99999.,-99999.
122536,1220817,-51.355535,-62.941627,4.7,-49,-99999,-99999.,-99999.,-99999.,-99999.,-99999.,-99999.
122536,1220827,-51.355668,-62.941877,4.9,-49,-99999,-99999.,-99999.,-99999.,-99999.,-99999.,-99999.
122536,1220836,-51.355812,-62.942148,4.6,-49,-99999,-99999.,-99999.,-99999.,-99999.,-99999.,-99999.
122536,1220847,-51.355965,-62.942417,5.9,-49,-99999,-99999.,-99999.,-99999.,-99999.,-99999.,-99999.
122536,1220857,-51.356127,-62.9427,4.9,-49,-99999,-99999.,-99999.,-99999.,-99999.,-99999.,-99999.
122536,1220866,-51.356257,-62.942927,5.,-49,-99999,-99999.,-99999.,-99999.,-99999.,-99999.,-99999.
122536,1220877,-51.356427,-62.943198,5.4,-49,-99999,-99999.,-99999.,-99999.,-99999.,-99999.,-99999.
122536,1220886,-51.356555,-62.943427,4.8,-49,-99999,-99999.,-99999.,-99999.,-99999.,-99999.,-99999.
122536,1225921,-51.432562,-63.078212,4.8,-50,-99999,-99999.,-99999.,-99999.,-99999.,-99999.,-99999.
122536,1231441,-51.514963,-63.223883,4.7,-50,-99999,-99999.,-99999.,-99999.,-99999.,-99999.,-99999.
122536,1232239,-51.52664,-63.245865,4.7,-50,-99999,-99999.,-99999.,-99999.,-99999.,-99999.,-99999.
122536,1235749,-51.575752,-63.347235,5.,-49,-99999,-99999.,-99999.,-99999.,-99999.,-99999.,-99999.
122536,1237131,-51.595118,-63.379838,2.8,-49,-99999,-99999.,-99999.,-99999.,-99999.,-99999.,-99999.
122536,1237209,-51.596057,-63.381017,3.7,-49,-99999,-99999.,-99999.,-99999.,-99999.,-99999.,-99999.
122536,1238299,-51.610183,-63.40028,3.9,-49,-99999,-99999.,-99999.,-99999.,-99999.,-99999.,-99999.
122536,1239349,-51.621773,-63.41638,3.,-49,-99999,-99999.,-99999.,-99999.,-99999.,-99999.,-99999.
122536,1240599,-51.638118,-63.442787,4.2,-48,-99999,-99999.,-99999.,-99999.,-99999.,-99999.,-99999.
122536,1242059,-51.635923,-63.462412,6.5,-48,-99999,-99999.,-99999.,-99999.,-99999.,-99999.,-99999.
122536,1243250,-51.613497,-63.46581,3.4,-47,-99999,-99999.,-99999.,-99999.,-99999.,-99999.,-99999.
122536,1244259,-51.595102,-63.469947,3.6,-47,-99999,-99999.,-99999.,-99999.,-99999.,-99999.,-99999.
122536,1246700,-51.548553,-63.478098,3.9,-46,-99999,-99999.,-99999.,-99999.,-99999.,-99999.,-99999.
122536,1246820,-51.546227,-63.478318,4.1,-46,-99999,-99999.,-99999.,-99999.,-99999.,-99999.,-99999.
122536,1247950,-51.524662,-63.480442,3.8,-46,-99999,-99999.,-99999.,-99999.,-99999.,-99999.,-99999.
122536,1248799,-51.508353,-63.480248,4.3,-45,-99999,-99999.,-99999.,-99999.,-99999.,-99999.,-99999.
122536,1249240,-51.499917,-63.479355,4.1,-45,-99999,-99999.,-99999.,-99999.,-99999.,-99999.,-99999.
122536,1249490,-51.49521,-63.478298,3.8,-45,-99999,-99999.,-99999.,-99999.,-99999.,-99999.,-99999.
122536,1250410,-51.478578,-63.475092,3.9,-45,-99999,-99999.,-99999.,-99999.,-99999.,-99999.,-99999.
122536,1251659,-51.456667,-63.468915,4.2,-45,-99999,-99999.,-99999.,-99999.,-99999.,-99999.,-99999.
122536,1251849,-51.453482,-63.467837,3.6,-45,-99999,-99999.,-99999.,-99999.,-99999.,-99999.,-99999.
122536,1252989,-51.434047,-63.461215,4.1,-45,-99999,-99999.,-99999.,-99999.,-99999.,-99999.,-99999.
122536,1254169,-51.414143,-63.454277,3.8,-45,-99999,-99999.,-99999.,-99999.,-99999.,-99999.,-99999.
122536,1255470,-51.392592,-63.443823,3.6,-44,-99999,-99999.,-99999.,-99999.,-99999.,-99999.,-99999.
122536,1255711,-51.388682,-63.441445,4.1,-44,-99999,-99999.,-99999.,-99999.,-99999.,-99999.,-99999.
122536,1256630,-51.373693,-63.432327,3.8,-44,-99999,-99999.,-99999.,-99999.,-99999.,-99999.,-99999.
122536,1256826,-51.370448,-63.430152,4.1,-44,-99999,-99999.,-99999.,-99999.,-99999.,-99999.,-99999.
122536,1256837,-51.370295,-63.430055,3.7,-44,-99999,-99999.,-99999.,-99999.,-99999.,-99999.,-99999.
122536,1256848,-51.370105,-63.429922,3.6,-44,-99999,-99999.,-99999.,-99999.,-99999.,-99999.,-99999.
122536,1256858,-51.369952,-63.429777,4.3,-44,-99999,-99999.,-99999.,-99999.,-99999.,-99999.,-99999.
122536,1256868,-51.369802,-63.429675,3.3,-44,-99999,-99999.,-99999.,-99999.,-99999.,-99999.,-99999.
122536,1256869,-51.369802,-63.429675,3.3,-44,-99999,-99999.,-99999.,-99999.,-99999.,-99999.,-99999.
122536,1256876,-51.369675,-63.429597,4.,-44,-99999,-99999.,-99999.,-99999.,-99999.,-99999.,-99999.
122536,1256877,-51.369675,-63.429597,4.,-44,-99999,-99999.,-99999.,-99999.,-99999.,-99999.,-99999.
122536,1256886,-51.369513,-63.429507,3.6,-44,-99999,-99999.,-99999.,-99999.,-99999.,-99999.,-99999.
122536,1256887,-51.369513,-63.429507,3.6,-44,-99999,-99999.,-99999.,-99999.,-99999.,-99999.,-99999.
122536,1256896,-51.369347,-63.42942,3.9,-44,-99999,-99999.,-99999.,-99999.,-99999.,-99999.,-99999.
122536,1256897,-51.369347,-63.42942,3.9,-44,-99999,-99999.,-99999.,-99999.,-99999.,-99999.,-99999.
122536,1256908,-51.369152,-63.429293,3.7,-44,-99999,-99999.,-99999.,-99999.,-99999.,-99999.,-99999.
122536,1256918,-51.368982,-63.429178,3.3,-44,-99999,-99999.,-99999.,-99999.,-99999.,-99999.,-99999.
122536,1256919,-51.368982,-63.429178,3.3,-44,-99999,-99999.,-99999.,-99999.,-99999.,-99999.,-99999.
122536,1256928,-51.368828,-63.429068,3.4,-44,-99999,-99999.,-99999.,-99999.,-99999.,-99999.,-99999.
122536,1256936,-51.368703,-63.428957,3.6,-44,-99999,-99999.,-99999.,-99999.,-99999.,-99999.,-99999.
122536,1256937,-51.368703,-63.428957,3.6,-44,-99999,-99999.,-99999.,-99999.,-99999.,-99999.,-99999.
122536,1256957,-51.36839,-63.428693,3.4,-44,-99999,-99999.,-99999.,-99999.,-99999.,-99999.,-99999.
122536,1256958,-51.36839,-63.428693,3.4,-44,-99999,-99999.,-99999.,-99999.,-99999.,-99999.,-99999.
122536,1256978,-51.368057,-63.428472,3.8,-44,-99999,-99999.,-99999.,-99999.,-99999.,-99999.,-99999.
122536,1257018,-51.367425,-63.42805,3.8,-44,-99999,-99999.,-99999.,-99999.,-99999.,-99999.,-99999.
122536,1257039,-51.367073,-63.427807,4.,-44,-99999,-99999.,-99999.,-99999.,-99999.,-99999.,-99999.
122536,1257056,-51.36677,-63.427592,3.9,-44,-99999,-99999.,-99999.,-99999.,-99999.,-99999.,-99999.
122536,1257057,-51.36677,-63.427592,3.9,-44,-99999,-99999.,-99999.,-99999.,-99999.,-99999.,-99999.
122536,1257078,-51.366417,-63.427408,4.2,-44,-99999,-99999.,-99999.,-99999.,-99999.,-99999.,-99999.
122536,1257088,-51.366237,-63.427295,3.6,-44,-99999,-99999.,-99999.,-99999.,-99999.,-99999.,-99999.
122536,1257117,-51.365763,-63.426945,3.6,-44,-99999,-99999.,-99999.,-99999.,-99999.,-99999.,-99999.
122536,1257128,-51.36559,-63.426852,3.6,-44,-99999,-99999.,-99999.,-99999.,-99999.,-99999.,-99999.
122536,1257138,-51.365437,-63.426737,3.7,-44,-99999,-99999.,-99999.,-99999.,-99999.,-99999.,-99999.
122536,1257168,-51.364957,-63.426408,3.8,-44,-99999,-99999.,-99999.,-99999.,-99999.,-99999.,-99999.
122536,1257198,-51.36448,-63.426095,3.7,-44,-99999,-99999.,-99999.,-99999.,-99999.,-99999.,-99999.
122536,1257248,-51.363657,-63.425575,3.6,-44,-99999,-99999.,-99999.,-99999.,-99999.,-99999.,-99999.
122536,1257297,-51.362853,-63.425017,3.9,-44,-99999,-99999.,-99999.,-99999.,-99999.,-99999.,-99999.
122536,1257438,-51.360553,-63.423353,4.,-44,-99999,-99999.,-99999.,-99999.,-99999.,-99999.,-99999.
122536,1258130,-51.349493,-63.415283,4.,-44,-99999,-99999.,-99999.,-99999.,-99999.,-99999.,-99999.
122536,1258450,-51.344393,-63.411503,4.2,-44,-99999,-99999.,-99999.,-99999.,-99999.,-99999.,-99999.
122536,1259149,-51.333088,-63.403233,4.1,-44,-99999,-99999.,-99999.,-99999.,-99999.,-99999.,-99999.
122536,1259889,-51.320943,-63.394552,2.8,-44,-99999,-99999.,-99999.,-99999.,-99999.,-99999.,-99999.
122536,1260390,-51.312625,-63.388897,4.4,-44,-99999,-99999.,-99999.,-99999.,-99999.,-99999.,-99999.
122536,1260470,-51.31128,-63.387955,4.7,-44,-99999,-99999.,-99999.,-99999.,-99999.,-99999.,-99999.
122536,1260840,-51.305243,-63.38366,4.2,-44,-99999,-99999.,-99999.,-99999.,-99999.,-99999.,-99999.
122536,1261689,-51.29951,-63.376528,1.2,-44,-99999,-99999.,-99999.,-99999.,-99999.,-99999.,-99999.
122536,1262001,-51.298367,-63.3724,0.8,-44,-99999,-99999.,-99999.,-99999.,-99999.,-99999.,-99999.
122536,1262628,-51.288148,-63.355992,9.9,-44,-99999,-99999.,-99999.,-99999.,-99999.,-99999.,-99999.
122536,1262638,-51.287813,-63.355625,10.5,-44,-99999,-99999.,-99999.,-99999.,-99999.,-99999.,-99999.
122536,1262648,-51.28741,-63.355212,9.5,-44,-99999,-99999.,-99999.,-99999.,-99999.,-99999.,-99999.
122536,1262649,-51.28741,-63.355212,9.5,-44,-99999,-99999.,-99999.,-99999.,-99999.,-99999.,-99999.
122536,1262657,-51.287077,-63.354862,10.3,-44,-99999,-99999.,-99999.,-99999.,-99999.,-99999.,-99999.
122536,1262667,-51.286707,-63.354468,9.9,-44,-99999,-99999.,-99999.,-99999.,-99999.,-99999.,-99999.
122536,1262668,-51.286707,-63.354468,9.9,-44,-99999,-99999.,-99999.,-99999.,-99999.,-99999.,-99999.
122536,1262678,-51.286287,-63.354023,9.6,-44,-99999,-99999.,-99999.,-99999.,-99999.,-99999.,-99999.
122536,1262679,-51.286287,-63.354023,9.6,-44,-99999,-99999.,-99999.,-99999.,-99999.,-99999.,-99999.
122536,1262688,-51.2859,-63.353625,10.3,-44,-99999,-99999.,-99999.,-99999.,-99999.,-99999.,-99999.
122536,1262689,-51.2859,-63.353625,10.3,-44,-99999,-99999.,-99999.,-99999.,-99999.,-99999.,-99999.
122536,1262697,-51.28556,-63.35328,9.1,-44,-99999,-99999.,-99999.,-99999.,-99999.,-99999.,-99999.
122536,1262698,-51.28556,-63.35328,9.1,-44,-99999,-99999.,-99999.,-99999.,-99999.,-99999.,-99999.
122536,1262708,-51.285165,-63.352837,9.9,-44,-99999,-99999.,-99999.,-99999.,-99999.,-99999.,-99999.
122536,1262709,-51.285165,-63.352837,9.9,-44,-99999,-99999.,-99999.,-99999.,-99999.,-99999.,-99999.
122536,1262717,-51.284832,-63.352465,10.5,-44,-99999,-99999.,-99999.,-99999.,-99999.,-99999.,-99999.
122536,1262718,-51.284832,-63.352465,10.5,-44,-99999,-99999.,-99999.,-99999.,-99999.,-99999.,-99999.
122536,1262727,-51.284462,-63.352072,10.3,-44,-99999,-99999.,-99999.,-99999.,-99999.,-99999.,-99999.
122536,1262728,-51.284462,-63.352072,10.3,-44,-99999,-99999.,-99999.,-99999.,-99999.,-99999.,-99999.
122536,1262738,-51.284048,-63.351652,9.7,-44,-99999,-99999.,-99999.,-99999.,-99999.,-99999.,-99999.
122536,1262739,-51.284048,-63.351652,9.7,-44,-99999,-99999.,-99999.,-99999.,-99999.,-99999.,-99999.
122536,1262748,-51.28369,-63.351267,9.7,-44,-99999,-99999.,-99999.,-99999.,-99999.,-99999.,-99999.
122536,1262749,-51.28369,-63.351267,9.7,-44,-99999,-99999.,-99999.,-99999.,-99999.,-99999.,-99999.
122536,1262757,-51.283368,-63.35093,8.7,-44,-99999,-99999.,-99999.,-99999.,-99999.,-99999.,-99999.
122536,1262758,-51.283368,-63.35093,8.7,-44,-99999,-99999.,-99999.,-99999.,-99999.,-99999.,-99999.
122536,1262768,-51.282992,-63.350493,9.3,-44,-99999,-99999.,-99999.,-99999.,-99999.,-99999.,-99999.
122536,1262770,-51.282992,-63.350493,9.3,-44,-99999,-99999.,-99999.,-99999.,-99999.,-99999.,-99999.
122536,1262777,-51.282685,-63.350167,8.8,-44,-99999,-99999.,-99999.,-99999.,-99999.,-99999.,-99999.
122536,1262778,-51.282685,-63.350167,8.8,-44,-99999,-99999.,-99999.,-99999.,-99999.,-99999.,-99999.
122536,1262787,-51.282338,-63.349793,9.6,-44,-99999,-99999.,-99999.,-99999.,-99999.,-99999.,-99999.
122536,1262788,-51.282338,-63.349793,9.6,-44,-99999,-99999.,-99999.,-99999.,-99999.,-99999.,-99999.
122536,1262808,-51.281605,-63.349013,9.4,-44,-99999,-99999.,-99999.,-99999.,-99999.,-99999.,-99999.
122536,1262809,-51.281605,-63.349013,9.4,-44,-99999,-99999.,-99999.,-99999.,-99999.,-99999.,-99999.
122536,1262818,-51.281277,-63.348662,9.,-44,-99999,-99999.,-99999.,-99999.,-99999.,-99999.,-99999.
122536,1262828,-51.280893,-63.348242,8.4,-44,-99999,-99999.,-99999.,-99999.,-99999.,-99999.,-99999.
122536,1262838,-51.280565,-63.34792,8.5,-44,-99999,-99999.,-99999.,-99999.,-99999.,-99999.,-99999.
122536,1262847,-51.280203,-63.347553,9.2,-44,-99999,-99999.,-99999.,-99999.,-99999.,-99999.,-99999.
122536,1262848,-51.280203,-63.347553,9.2,-44,-99999,-99999.,-99999.,-99999.,-99999.,-99999.,-99999.
122536,1262860,-51.279808,-63.34711,9.3,-44,-99999,-99999.,-99999.,-99999.,-99999.,-99999.,-99999.
122536,1262868,-51.279435,-63.346697,9.1,-44,-99999,-99999.,-99999.,-99999.,-99999.,-99999.,-99999.
122536,1262877,-51.279105,-63.346325,10.,-44,-99999,-99999.,-99999.,-99999.,-99999.,-99999.,-99999.
122536,1262878,-51.279105,-63.346325,10.,-44,-99999,-99999.,-99999.,-99999.,-99999.,-99999.,-99999.
122536,1262888,-51.278685,-63.345893,10.1,-44,-99999,-99999.,-99999.,-99999.,-99999.,-99999.,-99999.
122536,1262890,-51.278685,-63.345893,10.1,-44,-99999,-99999.,-99999.,-99999.,-99999.,-99999.,-99999.
122536,1262897,-51.278345,-63.345548,9.5,-44,-99999,-99999.,-99999.,-99999.,-99999.,-99999.,-99999.
122536,1262898,-51.278345,-63.345548,9.5,-44,-99999,-99999.,-99999.,-99999.,-99999.,-99999.,-99999.
122536,1262907,-51.278015,-63.345188,8.8,-44,-99999,-99999.,-99999.,-99999.,-99999.,-99999.,-99999.
122536,1262939,-51.276847,-63.343917,9.9,-44,-99999,-99999.,-99999.,-99999.,-99999.,-99999.,-99999.
122536,1262948,-51.276443,-63.343478,10.2,-44,-99999,-99999.,-99999.,-99999.,-99999.,-99999.,-99999.
122536,1262949,-51.276443,-63.343478,10.2,-44,-99999,-99999.,-99999.,-99999.,-99999.,-99999.,-99999.
122536,1262967,-51.275762,-63.342758,10.,-44,-99999,-99999.,-99999.,-99999.,-99999.,-99999.,-99999.
122536,1262987,-51.274943,-63.341945,10.5,-44,-99999,-99999.,-99999.,-99999.,-99999.,-99999.,-99999.
122536,1262989,-51.274943,-63.341945,10.5,-44,-99999,-99999.,-99999.,-99999.,-99999.,-99999.,-99999.
122536,1262998,-51.274552,-63.34153,9.9,-44,-99999,-99999.,-99999.,-99999.,-99999.,-99999.,-99999.
122536,1263018,-51.273773,-63.340712,10.2,-44,-99999,-99999.,-99999.,-99999.,-99999.,-99999.,-99999.
122536,1263066,-51.271825,-63.338653,9.2,-44,-99999,-99999.,-99999.,-99999.,-99999.,-99999.,-99999.
122536,1263068,-51.271825,-63.338653,9.2,-44,-99999,-99999.,-99999.,-99999.,-99999.,-99999.,-99999.
122536,1263078,-51.271445,-63.338252,10.1,-44,-99999,-99999.,-99999.,-99999.,-99999.,-99999.,-99999.
122536,1263108,-51.270295,-63.33703,10.6,-44,-99999,-99999.,-99999.,-99999.,-99999.,-99999.,-99999.
122536,1263128,-51.269548,-63.336207,9.2,-44,-99999,-99999.,-99999.,-99999.,-99999.,-99999.,-99999.
122536,1263137,-51.269175,-63.335815,9.6,-44,-99999,-99999.,-99999.,-99999.,-99999.,-99999.,-99999.
122536,1263138,-51.269175,-63.335815,9.6,-44,-99999,-99999.,-99999.,-99999.,-99999.,-99999.,-99999.
122536,1263188,-51.26748,-63.334007,8.4,-44,-99999,-99999.,-99999.,-99999.,-99999.,-99999.,-99999.
122536,1263246,-51.266045,-63.332415,4.3,-44,-99999,-99999.,-99999.,-99999.,-99999.,-99999.,-99999.
122536,1263248,-51.266045,-63.332415,4.3,-44,-99999,-99999.,-99999.,-99999.,-99999.,-99999.,-99999.
122536,1263268,-51.265735,-63.331968,4.9,-44,-99999,-99999.,-99999.,-99999.,-99999.,-99999.,-99999.
122536,1263377,-51.263727,-63.329418,5.4,-44,-99999,-99999.,-99999.,-99999.,-99999.,-99999.,-99999.
122536,1263821,-51.25485,-63.31806,5.6,-44,-99999,-99999.,-99999.,-99999.,-99999.,-99999.,-99999.
122536,1264129,-51.249108,-63.310605,4.6,-45,-99999,-99999.,-99999.,-99999.,-99999.,-99999.,-99999.
122536,1264419,-51.244855,-63.304278,5.,-45,-99999,-99999.,-99999.,-99999.,-99999.,-99999.,-99999.
122536,1265410,-51.230138,-63.284977,4.2,-45,-99999,-99999.,-99999.,-99999.,-99999.,-99999.,-99999.
122536,1266719,-51.210917,-63.25883,4.5,-45,-99999,-99999.,-99999.,-99999.,-99999.,-99999.,-99999.
122536,1268100,-51.190728,-63.232485,4.6,-45,-99999,-99999.,-99999.,-99999.,-99999.,-99999.,-99999.
122536,1268477,-51.185133,-63.225213,3.8,-45,-99999,-99999.,-99999.,-99999.,-99999.,-99999.,-99999.
122536,1268486,-51.184993,-63.225052,4.1,-45,-99999,-99999.,-99999.,-99999.,-99999.,-99999.,-99999.
122536,1268497,-51.184828,-63.224837,4.,-45,-99999,-99999.,-99999.,-99999.,-99999.,-99999.,-99999.
122536,1268498,-51.184828,-63.224837,4.,-45,-99999,-99999.,-99999.,-99999.,-99999.,-99999.,-99999.
122536,1268508,-51.184665,-63.224623,4.,-45,-99999,-99999.,-99999.,-99999.,-99999.,-99999.,-99999.
122536,1268509,-51.184665,-63.224623,4.,-45,-99999,-99999.,-99999.,-99999.,-99999.,-99999.,-99999.
122536,1268518,-51.184515,-63.224428,4.7,-45,-99999,-99999.,-99999.,-99999.,-99999.,-99999.,-99999.
122536,1268519,-51.184515,-63.224428,4.7,-45,-99999,-99999.,-99999.,-99999.,-99999.,-99999.,-99999.
122536,1268528,-51.184352,-63.224213,4.3,-45,-99999,-99999.,-99999.,-99999.,-99999.,-99999.,-99999.
122536,1268529,-51.184352,-63.224213,4.3,-45,-99999,-99999.,-99999.,-99999.,-99999.,-99999.,-99999.
122536,1268537,-51.184233,-63.224045,4.2,-45,-99999,-99999.,-99999.,-99999.,-99999.,-99999.,-99999.
122536,1268538,-51.184233,-63.224045,4.2,-45,-99999,-99999.,-99999.,-99999.,-99999.,-99999.,-99999.
122536,1268546,-51.184085,-63.223868,3.8,-45,-99999,-99999.,-99999.,-99999.,-99999.,-99999.,-99999.
122536,1268547,-51.184085,-63.223868,3.8,-45,-99999,-99999.,-99999.,-99999.,-99999.,-99999.,-99999.
122536,1268559,-51.183918,-63.223617,4.2,-45,-99999,-99999.,-99999.,-99999.,-99999.,-99999.,-99999.
122536,1268588,-51.183513,-63.223072,3.9,-45,-99999,-99999.,-99999.,-99999.,-99999.,-99999.,-99999.
122536,1268589,-51.183513,-63.223072,3.9,-45,-99999,-99999.,-99999.,-99999.,-99999.,-99999.,-99999.
122536,1268597,-51.183378,-63.222885,4.2,-45,-99999,-99999.,-99999.,-99999.,-99999.,-99999.,-99999.
122536,1268598,-51.183378,-63.222885,4.2,-45,-99999,-99999.,-99999.,-99999.,-99999.,-99999.,-99999.
122536,1268606,-51.183252,-63.222722,3.9,-45,-99999,-99999.,-99999.,-99999.,-99999.,-99999.,-99999.
122536,1268607,-51.183252,-63.222722,3.9,-45,-99999,-99999.,-99999.,-99999.,-99999.,-99999.,-99999.
122536,1268618,-51.183075,-63.222493,3.9,-45,-99999,-99999.,-99999.,-99999.,-99999.,-99999.,-99999.
122536,1268619,-51.183075,-63.222493,3.9,-45,-99999,-99999.,-99999.,-99999.,-99999.,-99999.,-99999.
122536,1268638,-51.182795,-63.222098,3.9,-45,-99999,-99999.,-99999.,-99999.,-99999.,-99999.,-99999.
122536,1268639,-51.182795,-63.222098,3.9,-45,-99999,-99999.,-99999.,-99999.,-99999.,-99999.,-99999.
122536,1268648,-51.182655,-63.221922,3.8,-45,-99999,-99999.,-99999.,-99999.,-99999.,-99999.,-99999.
122536,1268657,-51.182523,-63.221742,4.,-45,-99999,-99999.,-99999.,-99999.,-99999.,-99999.,-99999.
122536,1268698,-51.181925,-63.220937,4.1,-45,-99999,-99999.,-99999.,-99999.,-99999.,-99999.,-99999.
122536,1268699,-51.181925,-63.220937,4.1,-45,-99999,-99999.,-99999.,-99999.,-99999.,-99999.,-99999.
122536,1268708,-51.181795,-63.220768,4.3,-45,-99999,-99999.,-99999.,-99999.,-99999.,-99999.,-99999.
122536,1268718,-51.181652,-63.22056,4.7,-45,-99999,-99999.,-99999.,-99999.,-99999.,-99999.,-99999.
122536,1268719,-51.181652,-63.22056,4.7,-45,-99999,-99999.,-99999.,-99999.,-99999.,-99999.,-99999.
122536,1268728,-51.181515,-63.220353,4.3,-45,-99999,-99999.,-99999.,-99999.,-99999.,-99999.,-99999.
122536,1268729,-51.181515,-63.220353,4.3,-45,-99999,-99999.,-99999.,-99999.,-99999.,-99999.,-99999.
122536,1268738,-51.181363,-63.220108,4.3,-45,-99999,-99999.,-99999.,-99999.,-99999.,-99999.,-99999.
122536,1268747,-51.181253,-63.219957,3.8,-45,-99999,-99999.,-99999.,-99999.,-99999.,-99999.,-99999.
122536,1268758,-51.181087,-63.219725,4.,-45,-99999,-99999.,-99999.,-99999.,-99999.,-99999.,-99999.
122536,1268759,-51.181087,-63.219725,4.,-45,-99999,-99999.,-99999.,-99999.,-99999.,-99999.,-99999.
122536,1268797,-51.180548,-63.218925,4.1,-45,-99999,-99999.,-99999.,-99999.,-99999.,-99999.,-99999.
122536,1268798,-51.180548,-63.218925,4.1,-45,-99999,-99999.,-99999.,-99999.,-99999.,-99999.,-99999.
122536,1268819,-51.180263,-63.218495,3.8,-45,-99999,-99999.,-99999.,-99999.,-99999.,-99999.,-99999.
122536,1268848,-51.179828,-63.217893,4.3,-45,-99999,-99999.,-99999.,-99999.,-99999.,-99999.,-99999.
122536,1268857,-51.17968,-63.2177,3.8,-45,-99999,-99999.,-99999.,-99999.,-99999.,-99999.,-99999.
122536,1268858,-51.17968,-63.2177,3.8,-45,-99999,-99999.,-99999.,-99999.,-99999.,-99999.,-99999.
122536,1268877,-51.179415,-63.21733,4.2,-45,-99999,-99999.,-99999.,-99999.,-99999.,-99999.,-99999.
122536,1268878,-51.179415,-63.21733,4.2,-45,-99999,-99999.,-99999.,-99999.,-99999.,-99999.,-99999.
122536,1268899,-51.179113,-63.216903,4.3,-45,-99999,-99999.,-99999.,-99999.,-99999.,-99999.,-99999.
122536,1268918,-51.178823,-63.216498,4.6,-45,-99999,-99999.,-99999.,-99999.,-99999.,-99999.,-99999.
122536,1268937,-51.178548,-63.216127,4.,-45,-99999,-99999.,-99999.,-99999.,-99999.,-99999.,-99999.
122536,1268938,-51.178548,-63.216127,4.,-45,-99999,-99999.,-99999.,-99999.,-99999.,-99999.,-99999.
122536,1269069,-51.176612,-63.213563,4.,-45,-99999,-99999.,-99999.,-99999.,-99999.,-99999.,-99999.
122536,1269118,-51.175925,-63.212597,4.,-45,-99999,-99999.,-99999.,-99999.,-99999.,-99999.,-99999.
122536,1269149,-51.175453,-63.211948,4.,-45,-99999,-99999.,-99999.,-99999.,-99999.,-99999.,-99999.
122536,1269157,-51.17534,-63.211793,4.6,-45,-99999,-99999.,-99999.,-99999.,-99999.,-99999.,-99999.
122536,1269167,-51.175168,-63.21156,4.,-45,-99999,-99999.,-99999.,-99999.,-99999.,-99999.,-99999.
122536,1269189,-51.174867,-63.211133,4.3,-45,-99999,-99999.,-99999.,-99999.,-99999.,-99999.,-99999.
122536,1269491,-51.170518,-63.205113,4.4,-45,-99999,-99999.,-99999.,-99999.,-99999.,-99999.,-99999.
122536,1274438,-51.097112,-63.109415,4.3,-45,-99999,-99999.,-99999.,-99999.,-99999.,-99999.,-99999.
122536,1274439,-51.097112,-63.109415,4.3,-45,-99999,-99999.,-99999.,-99999.,-99999.,-99999.,-99999.
122536,1274468,-51.096618,-63.108925,4.1,-45,-99999,-99999.,-99999.,-99999.,-99999.,-99999.,-99999.
122536,1274478,-51.096455,-63.10875,4.2,-45,-99999,-99999.,-99999.,-99999.,-99999.,-99999.,-99999.
122536,1274479,-51.096455,-63.10875,4.2,-45,-99999,-99999.,-99999.,-99999.,-99999.,-99999.,-99999.
122536,1274488,-51.096278,-63.108595,4.3,-45,-99999,-99999.,-99999.,-99999.,-99999.,-99999.,-99999.
122536,1274489,-51.096278,-63.108595,4.3,-45,-99999,-99999.,-99999.,-99999.,-99999.,-99999.,-99999.
122536,1274498,-51.09613,-63.108453,4.3,-45,-99999,-99999.,-99999.,-99999.,-99999.,-99999.,-99999.
122536,1274519,-51.095782,-63.108125,4.4,-45,-99999,-99999.,-99999.,-99999.,-99999.,-99999.,-99999.
122536,1274520,-51.095782,-63.108125,4.4,-45,-99999,-99999.,-99999.,-99999.,-99999.,-99999.,-99999.
122536,1274528,-51.095628,-63.107977,4.4,-45,-99999,-99999.,-99999.,-99999.,-99999.,-99999.,-99999.
122536,1274529,-51.095628,-63.107977,4.4,-45,-99999,-99999.,-99999.,-99999.,-99999.,-99999.,-99999.
122536,1274538,-51.095462,-63.107805,4.4,-45,-99999,-99999.,-99999.,-99999.,-99999.,-99999.,-99999.
122536,1274539,-51.095462,-63.107805,4.4,-45,-99999,-99999.,-99999.,-99999.,-99999.,-99999.,-99999.
122536,1274548,-51.095292,-63.107648,4.1,-45,-99999,-99999.,-99999.,-99999.,-99999.,-99999.,-99999.
122536,1274567,-51.094968,-63.107338,4.,-45,-99999,-99999.,-99999.,-99999.,-99999.,-99999.,-99999.
122536,1274579,-51.094775,-63.10716,4.5,-45,-99999,-99999.,-99999.,-99999.,-99999.,-99999.,-99999.
122536,1274589,-51.09463,-63.107015,3.9,-45,-99999,-99999.,-99999.,-99999.,-99999.,-99999.,-99999.
122536,1274627,-51.093987,-63.106457,4.,-45,-99999,-99999.,-99999.,-99999.,-99999.,-99999.,-99999.
122536,1274628,-51.093987,-63.106457,4.,-45,-99999,-99999.,-99999.,-99999.,-99999.,-99999.,-99999.
122536,1274639,-51.09379,-63.106268,4.3,-45,-99999,-99999.,-99999.,-99999.,-99999.,-99999.,-99999.
122536,1274648,-51.093637,-63.106123,4.4,-45,-99999,-99999.,-99999.,-99999.,-99999.,-99999.,-99999.
122536,1274649,-51.093637,-63.106123,4.4,-45,-99999,-99999.,-99999.,-99999.,-99999.,-99999.,-99999.
122536,1274658,-51.093473,-63.105987,4.3,-45,-99999,-99999.,-99999.,-99999.,-99999.,-99999.,-99999.
122536,1274659,-51.093473,-63.105987,4.3,-45,-99999,-99999.,-99999.,-99999.,-99999.,-99999.,-99999.
122536,1274668,-51.093313,-63.105847,3.3,-45,-99999,-99999.,-99999.,-99999.,-99999.,-99999.,-99999.
122536,1274669,-51.093313,-63.105847,3.3,-45,-99999,-99999.,-99999.,-99999.,-99999.,-99999.,-99999.
122536,1274687,-51.092988,-63.10555,4.1,-45,-99999,-99999.,-99999.,-99999.,-99999.,-99999.,-99999.
122536,1274688,-51.092988,-63.10555,4.1,-45,-99999,-99999.,-99999.,-99999.,-99999.,-99999.,-99999.
122536,1274699,-51.09279,-63.10534,3.7,-45,-99999,-99999.,-99999.,-99999.,-99999.,-99999.,-99999.
122536,1274709,-51.092652,-63.105203,4.1,-45,-99999,-99999.,-99999.,-99999.,-99999.,-99999.,-99999.
122536,1291298,-50.81845,-62.96915,1.3,-44,-99999,-99999.,-99999.,-99999.,-99999.,-99999.,-99999.
122536,1291307,-50.818387,-62.969057,1.5,-44,-99999,-99999.,-99999.,-99999.,-99999.,-99999.,-99999.
122536,1291308,-50.818387,-62.969057,1.5,-44,-99999,-99999.,-99999.,-99999.,-99999.,-99999.,-99999.
122536,1291319,-50.818343,-62.968962,1.6,-44,-99999,-99999.,-99999.,-99999.,-99999.,-99999.,-99999.
122536,1291338,-50.818207,-62.968825,2.2,-44,-99999,-99999.,-99999.,-99999.,-99999.,-99999.,-99999.
122536,1291348,-50.818123,-62.968737,2.,-44,-99999,-99999.,-99999.,-99999.,-99999.,-99999.,-99999.
122536,1291358,-50.81803,-62.968648,2.3,-44,-99999,-99999.,-99999.,-99999.,-99999.,-99999.,-99999.
122536,1291362,-50.817997,-62.968605,2.3,-44,-99999,-99999.,-99999.,-99999.,-99999.,-99999.,-99999.
122536,1291363,-50.817997,-62.968605,2.3,-44,-99999,-99999.,-99999.,-99999.,-99999.,-99999.,-99999.
122536,1291367,-50.81793,-62.968552,1.8,-44,-99999,-99999.,-99999.,-99999.,-99999.,-99999.,-99999.
122536,1291368,-50.81793,-62.968552,1.8,-44,-99999,-99999.,-99999.,-99999.,-99999.,-99999.,-99999.
122536,1291371,-50.817893,-62.968525,3.3,-44,-99999,-99999.,-99999.,-99999.,-99999.,-99999.,-99999.
122536,1291380,-50.817798,-62.96844,2.9,-44,-99999,-99999.,-99999.,-99999.,-99999.,-99999.,-99999.
122536,1291381,-50.817798,-62.96844,2.9,-44,-99999,-99999.,-99999.,-99999.,-99999.,-99999.,-99999.
122536,1291395,-50.81762,-62.968308,2.9,-44,-99999,-99999.,-99999.,-99999.,-99999.,-99999.,-99999.
122536,1291396,-50.81762,-62.968308,2.9,-44,-99999,-99999.,-99999.,-99999.,-99999.,-99999.,-99999.
122536,1291398,-50.817568,-62.968275,3.3,-44,-99999,-99999.,-99999.,-99999.,-99999.,-99999.,-99999.
122536,1291399,-50.817568,-62.968275,3.3,-44,-99999,-99999.,-99999.,-99999.,-99999.,-99999.,-99999.
122536,1291401,-50.817537,-62.968233,2.4,-44,-99999,-99999.,-99999.,-99999.,-99999.,-99999.,-99999.
122536,1291402,-50.817537,-62.968233,2.4,-44,-99999,-99999.,-99999.,-99999.,-99999.,-99999.,-99999.
122536,1291405,-50.817495,-62.96822,3.5,-44,-99999,-99999.,-99999.,-99999.,-99999.,-99999.,-99999.
122536,1291408,-50.81745,-62.968188,2.8,-44,-99999,-99999.,-99999.,-99999.,-99999.,-99999.,-99999.
122536,1291411,-50.817412,-62.968157,3.,-44,-99999,-99999.,-99999.,-99999.,-99999.,-99999.,-99999.
122536,1291422,-50.817253,-62.968087,3.2,-44,-99999,-99999.,-99999.,-99999.,-99999.,-99999.,-99999.
122536,1291424,-50.817225,-62.968065,3.2,-44,-99999,-99999.,-99999.,-99999.,-99999.,-99999.,-99999.
122536,1291427,-50.81717,-62.968023,3.2,-44,-99999,-99999.,-99999.,-99999.,-99999.,-99999.,-99999.
122536,1291429,-50.81717,-62.968023,3.2,-44,-99999,-99999.,-99999.,-99999.,-99999.,-99999.,-99999.
122536,1291487,-50.816403,-62.96751,2.7,-44,-99999,-99999.,-99999.,-99999.,-99999.,-99999.,-99999.
122536,1291508,-50.816132,-62.967312,3.9,-44,-99999,-99999.,-99999.,-99999.,-99999.,-99999.,-99999.
122536,1291519,-50.815988,-62.967205,3.1,-44,-99999,-99999.,-99999.,-99999.,-99999.,-99999.,-99999.
122536,1291538,-50.815757,-62.967035,3.3,-44,-99999,-99999.,-99999.,-99999.,-99999.,-99999.,-99999.
122536,1291548,-50.815622,-62.966937,2.8,-44,-99999,-99999.,-99999.,-99999.,-99999.,-99999.,-99999.
122536,1291558,-50.815468,-62.966843,2.6,-44,-99999,-99999.,-99999.,-99999.,-99999.,-99999.,-99999.
122536,1291559,-50.815468,-62.966843,2.6,-44,-99999,-99999.,-99999.,-99999.,-99999.,-99999.,-99999.
122536,1291568,-50.815343,-62.966765,2.9,-44,-99999,-99999.,-99999.,-99999.,-99999.,-99999.,-99999.
122536,1291579,-50.815172,-62.966637,3.7,-44,-99999,-99999.,-99999.,-99999.,-99999.,-99999.,-99999.
122536,1291588,-50.81504,-62.966523,3.2,-44,-99999,-99999.,-99999.,-99999.,-99999.,-99999.,-99999.
122536,1291598,-50.814858,-62.966408,4.,-44,-99999,-99999.,-99999.,-99999.,-99999.,-99999.,-99999.
122536,1291608,-50.814702,-62.966258,3.8,-44,-99999,-99999.,-99999.,-99999.,-99999.,-99999.,-99999.
122536,1291618,-50.814523,-62.966068,4.4,-44,-99999,-99999.,-99999.,-99999.,-99999.,-99999.,-99999.
122536,1291623,-50.814455,-62.965985,4.4,-44,-99999,-99999.,-99999.,-99999.,-99999.,-99999.,-99999.
122536,1291624,-50.814455,-62.965985,4.4,-44,-99999,-99999.,-99999.,-99999.,-99999.,-99999.,-99999.
122536,1291627,-50.814378,-62.965935,4.5,-44,-99999,-99999.,-99999.,-99999.,-99999.,-99999.,-99999.
122536,1291628,-50.814378,-62.965935,4.5,-44,-99999,-99999.,-99999.,-99999.,-99999.,-99999.,-99999.
122536,1291630,-50.814352,-62.965867,3.6,-44,-99999,-99999.,-99999.,-99999.,-99999.,-99999.,-99999.
122536,1291631,-50.814352,-62.965867,3.6,-44,-99999,-99999.,-99999.,-99999.,-99999.,-99999.,-99999.
122536,1291633,-50.814312,-62.965813,4.3,-44,-99999,-99999.,-99999.,-99999.,-99999.,-99999.,-99999.
122536,1291634,-50.814312,-62.965813,4.3,-44,-99999,-99999.,-99999.,-99999.,-99999.,-99999.,-99999.
122536,1291639,-50.814247,-62.965715,3.7,-44,-99999,-99999.,-99999.,-99999.,-99999.,-99999.,-99999.
122536,1291642,-50.814193,-62.965678,4.4,-44,-99999,-99999.,-99999.,-99999.,-99999.,-99999.,-99999.
122536,1291645,-50.81416,-62.965613,3.9,-44,-99999,-99999.,-99999.,-99999.,-99999.,-99999.,-99999.
122536,1291647,-50.814125,-62.965552,3.6,-44,-99999,-99999.,-99999.,-99999.,-99999.,-99999.,-99999.
122536,1291648,-50.814125,-62.965552,3.6,-44,-99999,-99999.,-99999.,-99999.,-99999.,-99999.,-99999.
122536,1291655,-50.814043,-62.965397,4.,-44,-99999,-99999.,-99999.,-99999.,-99999.,-99999.,-99999.
122536,1291658,-50.813998,-62.965345,3.7,-44,-99999,-99999.,-99999.,-99999.,-99999.,-99999.,-99999.
122536,1291663,-50.813947,-62.96521,3.6,-44,-99999,-99999.,-99999.,-99999.,-99999.,-99999.,-99999.
122536,1291664,-50.813947,-62.96521,3.6,-44,-99999,-99999.,-99999.,-99999.,-99999.,-99999.,-99999.
122536,1291669,-50.81392,-62.965122,3.2,-44,-99999,-99999.,-99999.,-99999.,-99999.,-99999.,-99999.
122536,1291671,-50.813895,-62.96503,3.8,-44,-99999,-99999.,-99999.,-99999.,-99999.,-99999.,-99999.
122536,1291672,-50.813895,-62.96503,3.8,-44,-99999,-99999.,-99999.,-99999.,-99999.,-99999.,-99999.
122536,1291674,-50.813865,-62.964968,3.5,-44,-99999,-99999.,-99999.,-99999.,-99999.,-99999.,-99999.
122536,1291675,-50.813865,-62.964968,3.5,-44,-99999,-99999.,-99999.,-99999.,-99999.,-99999.,-99999.
122536,1291679,-50.81385,-62.964883,3.2,-44,-99999,-99999.,-99999.,-99999.,-99999.,-99999.,-99999.
122536,1291682,-50.813837,-62.964813,3.2,-44,-99999,-99999.,-99999.,-99999.,-99999.,-99999.,-99999.
122536,1291688,-50.813817,-62.964683,3.3,-44,-99999,-99999.,-99999.,-99999.,-99999.,-99999.,-99999.
122536,1291691,-50.813817,-62.96459,3.2,-44,-99999,-99999.,-99999.,-99999.,-99999.,-99999.,-99999.
122536,1291692,-50.813817,-62.96459,3.2,-44,-99999,-99999.,-99999.,-99999.,-99999.,-99999.,-99999.
122536,1291696,-50.813815,-62.964502,3.1,-44,-99999,-99999.,-99999.,-99999.,-99999.,-99999.,-99999.
122536,1291699,-50.813818,-62.964432,3.2,-44,-99999,-99999.,-99999.,-99999.,-99999.,-99999.,-99999.
122536,1291700,-50.813817,-62.964383,3.2,-44,-99999,-99999.,-99999.,-99999.,-99999.,-99999.,-99999.
122536,1291701,-50.813817,-62.964383,3.2,-44,-99999,-99999.,-99999.,-99999.,-99999.,-99999.,-99999.
122536,1291706,-50.813815,-62.96429,2.7,-44,-99999,-99999.,-99999.,-99999.,-99999.,-99999.,-99999.
122536,1291708,-50.813818,-62.964243,3.3,-44,-99999,-99999.,-99999.,-99999.,-99999.,-99999.,-99999.
122536,1291711,-50.813813,-62.964175,3.,-44,-99999,-99999.,-99999.,-99999.,-99999.,-99999.,-99999.
122536,1291715,-50.813827,-62.964103,2.7,-44,-99999,-99999.,-99999.,-99999.,-99999.,-99999.,-99999.
122536,1297078,-50.708548,-62.925228,3.2,-44,-99999,-99999.,-99999.,-99999.,-99999.,-99999.,-99999.
122536,1297149,-50.707522,-62.924942,3.7,-44,-99999,-99999.,-99999.,-99999.,-99999.,-99999.,-99999.
122536,1297179,-50.707087,-62.924768,3.8,-44,-99999,-99999.,-99999.,-99999.,-99999.,-99999.,-99999.
122536,1297278,-50.705702,-62.92407,3.1,-44,-99999,-99999.,-99999.,-99999.,-99999.,-99999.,-99999.
122536,1297329,-50.705022,-62.923725,3.2,-44,-99999,-99999.,-99999.,-99999.,-99999.,-99999.,-99999.
122536,1297338,-50.704873,-62.923667,4.1,-44,-99999,-99999.,-99999.,-99999.,-99999.,-99999.,-99999.
122536,1297349,-50.704717,-62.923607,3.6,-44,-99999,-99999.,-99999.,-99999.,-99999.,-99999.,-99999.
122536,1297357,-50.704595,-62.923565,3.3,-44,-99999,-99999.,-99999.,-99999.,-99999.,-99999.,-99999.
122536,1297378,-50.704308,-62.923398,2.9,-44,-99999,-99999.,-99999.,-99999.,-99999.,-99999.,-99999.
122536,1297389,-50.704172,-62.923328,2.4,-44,-99999,-99999.,-99999.,-99999.,-99999.,-99999.,-99999.
122536,1297394,-50.704068,-62.92327,3.7,-44,-99999,-99999.,-99999.,-99999.,-99999.,-99999.,-99999.
122536,1297398,-50.704022,-62.92326,3.,-44,-99999,-99999.,-99999.,-99999.,-99999.,-99999.,-99999.
122536,1297409,-50.70388,-62.923207,3.2,-44,-99999,-99999.,-99999.,-99999.,-99999.,-99999.,-99999.
122536,1297417,-50.703752,-62.923157,3.2,-44,-99999,-99999.,-99999.,-99999.,-99999.,-99999.,-99999.
122536,1297429,-50.703555,-62.923078,4.4,-44,-99999,-99999.,-99999.,-99999.,-99999.,-99999.,-99999.
122536,1297438,-50.703432,-62.92304,3.5,-44,-99999,-99999.,-99999.,-99999.,-99999.,-99999.,-99999.
122536,1297449,-50.703262,-62.923003,3.5,-44,-99999,-99999.,-99999.,-99999.,-99999.,-99999.,-99999.
122536,1297458,-50.703118,-62.922958,3.6,-44,-99999,-99999.,-99999.,-99999.,-99999.,-99999.,-99999.
122536,1297469,-50.702993,-62.922958,3.4,-44,-99999,-99999.,-99999.,-99999.,-99999.,-99999.,-99999.
122536,1297478,-50.702862,-62.922908,4.3,-44,-99999,-99999.,-99999.,-99999.,-99999.,-99999.,-99999.
122536,1297489,-50.702698,-62.922852,4.1,-44,-99999,-99999.,-99999.,-99999.,-99999.,-99999.,-99999.
122536,1297498,-50.702585,-62.922818,3.2,-44,-99999,-99999.,-99999.,-99999.,-99999.,-99999.,-99999.
122536,1297508,-50.702432,-62.922775,3.3,-44,-99999,-99999.,-99999.,-99999.,-99999.,-99999.,-99999.
122536,1297518,-50.702287,-62.92272,3.2,-44,-99999,-99999.,-99999.,-99999.,-99999.,-99999.,-99999.
122536,1297529,-50.702153,-62.922662,2.3,-44,-99999,-99999.,-99999.,-99999.,-99999.,-99999.,-99999.
122536,1297549,-50.701868,-62.922502,3.2,-44,-99999,-99999.,-99999.,-99999.,-99999.,-99999.,-99999.
122536,1297569,-50.7016,-62.922415,3.4,-44,-99999,-99999.,-99999.,-99999.,-99999.,-99999.,-99999.
122536,1297579,-50.701443,-62.922343,3.2,-44,-99999,-99999.,-99999.,-99999.,-99999.,-99999.,-99999.
122536,1297589,-50.70129,-62.922285,2.9,-44,-99999,-99999.,-99999.,-99999.,-99999.,-99999.,-99999.
122536,1297597,-50.701157,-62.922238,2.9,-44,-99999,-99999.,-99999.,-99999.,-99999.,-99999.,-99999.
122536,1297609,-50.700973,-62.92217,3.4,-44,-99999,-99999.,-99999.,-99999.,-99999.,-99999.,-99999.
122536,1302818,-50.60924,-62.867335,3.6,-44,-99999,-99999.,-99999.,-99999.,-99999.,-99999.,-99999.
122536,1302837,-50.608938,-62.867058,4.,-44,-99999,-99999.,-99999.,-99999.,-99999.,-99999.,-99999.
122536,1302987,-50.606512,-62.865138,3.8,-44,-99999,-99999.,-99999.,-99999.,-99999.,-99999.,-99999.
122536,1302988,-50.606512,-62.865138,3.8,-44,-99999,-99999.,-99999.,-99999.,-99999.,-99999.,-99999.
122536,1302997,-50.606363,-62.864983,4.5,-44,-99999,-99999.,-99999.,-99999.,-99999.,-99999.,-99999.
122536,1303007,-50.606215,-62.86486,4.,-44,-99999,-99999.,-99999.,-99999.,-99999.,-99999.,-99999.
122536,1303028,-50.605863,-62.864568,4.1,-44,-99999,-99999.,-99999.,-99999.,-99999.,-99999.,-99999.
122536,1303047,-50.60551,-62.864288,4.3,-44,-99999,-99999.,-99999.,-99999.,-99999.,-99999.,-99999.
122536,1303049,-50.60551,-62.864288,4.3,-44,-99999,-99999.,-99999.,-99999.,-99999.,-99999.,-99999.
122536,1303056,-50.605357,-62.864172,4.3,-44,-99999,-99999.,-99999.,-99999.,-99999.,-99999.,-99999.
122536,1303067,-50.605203,-62.864063,3.8,-44,-99999,-99999.,-99999.,-99999.,-99999.,-99999.,-99999.
122536,1303077,-50.605018,-62.863922,4.,-44,-99999,-99999.,-99999.,-99999.,-99999.,-99999.,-99999.
122536,1303087,-50.604832,-62.863783,4.,-44,-99999,-99999.,-99999.,-99999.,-99999.,-99999.,-99999.
122536,1303097,-50.604678,-62.86366,4.2,-44,-99999,-99999.,-99999.,-99999.,-99999.,-99999.,-99999.
122536,1303107,-50.604483,-62.863527,4.3,-44,-99999,-99999.,-99999.,-99999.,-99999.,-99999.,-99999.
122536,1303126,-50.60421,-62.863243,4.1,-44,-99999,-99999.,-99999.,-99999.,-99999.,-99999.,-99999.
122536,1303136,-50.60405,-62.863067,3.7,-44,-99999,-99999.,-99999.,-99999.,-99999.,-99999.,-99999.
122536,1303138,-50.60405,-62.863067,3.7,-44,-99999,-99999.,-99999.,-99999.,-99999.,-99999.,-99999.
122536,1303168,-50.603552,-62.862547,3.6,-44,-99999,-99999.,-99999.,-99999.,-99999.,-99999.,-99999.
122536,1303178,-50.603417,-62.862402,4.,-44,-99999,-99999.,-99999.,-99999.,-99999.,-99999.,-99999.
122536,1303208,-50.60293,-62.861982,4.8,-44,-99999,-99999.,-99999.,-99999.,-99999.,-99999.,-99999.
122536,1303224,-50.602697,-62.861835,3.,-44,-99999,-99999.,-99999.,-99999.,-99999.,-99999.,-99999.
122536,1303228,-50.602608,-62.861775,3.8,-44,-99999,-99999.,-99999.,-99999.,-99999.,-99999.,-99999.
122536,1303229,-50.602578,-62.861758,3.6,-44,-99999,-99999.,-99999.,-99999.,-99999.,-99999.,-99999.
122536,1303236,-50.602468,-62.861768,4.1,-44,-99999,-99999.,-99999.,-99999.,-99999.,-99999.,-99999.
122536,1303238,-50.602468,-62.861768,4.1,-44,-99999,-99999.,-99999.,-99999.,-99999.,-99999.,-99999.
122536,1303243,-50.602372,-62.86175,3.1,-44,-99999,-99999.,-99999.,-99999.,-99999.,-99999.,-99999.
122536,1303244,-50.602372,-62.86175,3.1,-44,-99999,-99999.,-99999.,-99999.,-99999.,-99999.,-99999.
122536,1303250,-50.602247,-62.861725,3.8,-44,-99999,-99999.,-99999.,-99999.,-99999.,-99999.,-99999.
122536,1303251,-50.602247,-62.861725,3.8,-44,-99999,-99999.,-99999.,-99999.,-99999.,-99999.,-99999.
122536,1303252,-50.60221,-62.861757,3.1,-44,-99999,-99999.,-99999.,-99999.,-99999.,-99999.,-99999.
122536,1303258,-50.602143,-62.86175,3.2,-44,-99999,-99999.,-99999.,-99999.,-99999.,-99999.,-99999.
122536,1303262,-50.602083,-62.861753,2.9,-44,-99999,-99999.,-99999.,-99999.,-99999.,-99999.,-99999.
122536,1303263,-50.602057,-62.861772,3.1,-44,-99999,-99999.,-99999.,-99999.,-99999.,-99999.,-99999.
122536,1303264,-50.602057,-62.861772,3.1,-44,-99999,-99999.,-99999.,-99999.,-99999.,-99999.,-99999.
122536,1303267,-50.601973,-62.86177,3.,-44,-99999,-99999.,-99999.,-99999.,-99999.,-99999.,-99999.
122536,1303268,-50.601973,-62.86177,3.,-44,-99999,-99999.,-99999.,-99999.,-99999.,-99999.,-99999.
122536,1303274,-50.601903,-62.8618,3.3,-44,-99999,-99999.,-99999.,-99999.,-99999.,-99999.,-99999.
122536,1303278,-50.601847,-62.86181,3.2,-44,-99999,-99999.,-99999.,-99999.,-99999.,-99999.,-99999.
122536,1303284,-50.601765,-62.861852,3.3,-44,-99999,-99999.,-99999.,-99999.,-99999.,-99999.,-99999.
122536,1303305,-50.601497,-62.861962,3.2,-44,-99999,-99999.,-99999.,-99999.,-99999.,-99999.,-99999.
122536,1303329,-50.601213,-62.862058,2.3,-44,-99999,-99999.,-99999.,-99999.,-99999.,-99999.,-99999.
122536,1303349,-50.600982,-62.862153,2.,-44,-99999,-99999.,-99999.,-99999.,-99999.,-99999.,-99999.
122536,1303363,-50.600788,-62.862142,2.3,-44,-99999,-99999.,-99999.,-99999.,-99999.,-99999.,-99999.
122536,1303364,-50.600788,-62.862142,2.3,-44,-99999,-99999.,-99999.,-99999.,-99999.,-99999.,-99999.
122536,1303371,-50.600708,-62.862147,2.4,-44,-99999,-99999.,-99999.,-99999.,-99999.,-99999.,-99999.
122536,1303376,-50.60062,-62.86214,2.5,-44,-99999,-99999.,-99999.,-99999.,-99999.,-99999.,-99999.
122536,1303378,-50.60062,-62.86214,2.5,-44,-99999,-99999.,-99999.,-99999.,-99999.,-99999.,-99999.
122536,1303387,-50.60048,-62.862108,2.6,-44,-99999,-99999.,-99999.,-99999.,-99999.,-99999.,-99999.
122536,1303389,-50.60048,-62.862108,2.6,-44,-99999,-99999.,-99999.,-99999.,-99999.,-99999.,-99999.
122536,1303392,-50.600435,-62.862105,3.3,-44,-99999,-99999.,-99999.,-99999.,-99999.,-99999.,-99999.
122536,1303393,-50.600405,-62.862085,3.1,-44,-99999,-99999.,-99999.,-99999.,-99999.,-99999.,-99999.
122536,1303396,-50.600353,-62.862067,2.3,-44,-99999,-99999.,-99999.,-99999.,-99999.,-99999.,-99999.
122536,1303403,-50.60028,-62.862027,2.9,-44,-99999,-99999.,-99999.,-99999.,-99999.,-99999.,-99999.
122536,1303407,-50.600232,-62.86201,2.4,-44,-99999,-99999.,-99999.,-99999.,-99999.,-99999.,-99999.
122536,1303408,-50.600232,-62.86201,2.4,-44,-99999,-99999.,-99999.,-99999.,-99999.,-99999.,-99999.
122536,1303412,-50.600177,-62.861977,3.,-44,-99999,-99999.,-99999.,-99999.,-99999.,-99999.,-99999.
122536,1303415,-50.600137,-62.861958,3.,-44,-99999,-99999.,-99999.,-99999.,-99999.,-99999.,-99999.
122536,1303416,-50.600098,-62.861937,3.,-44,-99999,-99999.,-99999.,-99999.,-99999.,-99999.,-99999.
122536,1303418,-50.600098,-62.861937,3.,-44,-99999,-99999.,-99999.,-99999.,-99999.,-99999.,-99999.
122536,1303422,-50.600043,-62.861913,3.5,-44,-99999,-99999.,-99999.,-99999.,-99999.,-99999.,-99999.
122536,1303424,-50.599992,-62.861868,2.9,-44,-99999,-99999.,-99999.,-99999.,-99999.,-99999.,-99999.
122536,1303428,-50.599965,-62.861858,3.3,-44,-99999,-99999.,-99999.,-99999.,-99999.,-99999.,-99999.
122536,1308617,-50.513018,-62.798997,3.9,-44,-99999,-99999.,-99999.,-99999.,-99999.,-99999.,-99999.
122536,1308656,-50.512368,-62.798488,3.9,-44,-99999,-99999.,-99999.,-99999.,-99999.,-99999.,-99999.
122536,1308667,-50.512193,-62.798347,4.3,-44,-99999,-99999.,-99999.,-99999.,-99999.,-99999.,-99999.
122536,1308716,-50.511355,-62.797677,3.9,-44,-99999,-99999.,-99999.,-99999.,-99999.,-99999.,-99999.
122536,1308787,-50.510228,-62.796702,4.6,-44,-99999,-99999.,-99999.,-99999.,-99999.,-99999.,-99999.
122536,1308807,-50.509927,-62.796405,5.,-44,-99999,-99999.,-99999.,-99999.,-99999.,-99999.,-99999.
122536,1308826,-50.50963,-62.796093,4.4,-44,-99999,-99999.,-99999.,-99999.,-99999.,-99999.,-99999.
122536,1308847,-50.509295,-62.795738,4.1,-44,-99999,-99999.,-99999.,-99999.,-99999.,-99999.,-99999.
122536,1308867,-50.508975,-62.795393,4.2,-44,-99999,-99999.,-99999.,-99999.,-99999.,-99999.,-99999.
122536,1308885,-50.508673,-62.795053,3.5,-44,-99999,-99999.,-99999.,-99999.,-99999.,-99999.,-99999.
122536,1308897,-50.508487,-62.794845,3.9,-44,-99999,-99999.,-99999.,-99999.,-99999.,-99999.,-99999.
122536,1308927,-50.508,-62.794337,3.6,-44,-99999,-99999.,-99999.,-99999.,-99999.,-99999.,-99999.
122536,1308958,-50.507477,-62.79382,4.2,-44,-99999,-99999.,-99999.,-99999.,-99999.,-99999.,-99999.
122536,1308966,-50.507333,-62.793695,4.5,-44,-99999,-99999.,-99999.,-99999.,-99999.,-99999.,-99999.
122536,1308997,-50.50681,-62.793243,3.9,-44,-99999,-99999.,-99999.,-99999.,-99999.,-99999.,-99999.
122536,1309017,-50.50647,-62.792965,3.6,-44,-99999,-99999.,-99999.,-99999.,-99999.,-99999.,-99999.
122536,1309018,-50.50647,-62.792965,3.6,-44,-99999,-99999.,-99999.,-99999.,-99999.,-99999.,-99999.
122536,1309046,-50.505963,-62.792533,4.3,-44,-99999,-99999.,-99999.,-99999.,-99999.,-99999.,-99999.
122536,1309057,-50.505778,-62.792333,4.3,-44,-99999,-99999.,-99999.,-99999.,-99999.,-99999.,-99999.
122536,1309058,-50.505778,-62.792333,4.3,-44,-99999,-99999.,-99999.,-99999.,-99999.,-99999.,-99999.
122536,1309077,-50.505453,-62.792023,4.3,-44,-99999,-99999.,-99999.,-99999.,-99999.,-99999.,-99999.
122536,1309086,-50.505313,-62.791895,3.8,-44,-99999,-99999.,-99999.,-99999.,-99999.,-99999.,-99999.
122536,1309117,-50.504783,-62.791385,3.3,-44,-99999,-99999.,-99999.,-99999.,-99999.,-99999.,-99999.
122536,1309118,-50.504783,-62.791385,3.3,-44,-99999,-99999.,-99999.,-99999.,-99999.,-99999.,-99999.
122536,1309126,-50.504638,-62.791245,4.4,-44,-99999,-99999.,-99999.,-99999.,-99999.,-99999.,-99999.
122536,1309137,-50.50449,-62.791117,3.7,-44,-99999,-99999.,-99999.,-99999.,-99999.,-99999.,-99999.
122536,1309157,-50.504148,-62.790793,4.,-44,-99999,-99999.,-99999.,-99999.,-99999.,-99999.,-99999.
122536,1309166,-50.504007,-62.790663,3.4,-44,-99999,-99999.,-99999.,-99999.,-99999.,-99999.,-99999.
122536,1309176,-50.503845,-62.790528,3.9,-44,-99999,-99999.,-99999.,-99999.,-99999.,-99999.,-99999.
122536,1309186,-50.503662,-62.790355,4.1,-44,-99999,-99999.,-99999.,-99999.,-99999.,-99999.,-99999.
122536,1309197,-50.503513,-62.790213,3.8,-44,-99999,-99999.,-99999.,-99999.,-99999.,-99999.,-99999.
122536,1309226,-50.503055,-62.789777,4.,-44,-99999,-99999.,-99999.,-99999.,-99999.,-99999.,-99999.
122536,1309360,-50.50083,-62.787443,4.3,-44,-99999,-99999.,-99999.,-99999.,-99999.,-99999.,-99999.
122536,1314831,-50.408912,-62.716038,4.2,-44,-99999,-99999.,-99999.,-99999.,-99999.,-99999.,-99999.
122536,1318010,-50.35224,-62.675783,4.8,-44,-99999,-99999.,-99999.,-99999.,-99999.,-99999.,-99999.
122536,1320099,-50.316328,-62.65507,3.8,-44,-99999,30.6,-0.49,11.9,10.8,-0.03,0.07
122536,1320410,-50.31132,-62.653637,4.,-44,-99999,30.6,-0.49,11.9,10.8,-0.03,0.07
122536,1321704,-50.289702,-62.64844,3.8,-44,-99999,30.6,-0.49,11.9,10.700000000000001,-0.04,0.07
122536,1322540,-50.275677,-62.634572,4.3,-44,-99999,30.6,-0.49,11.9,10.600000000000001,-0.04,0.07
122536,1323170,-50.265272,-62.624588,4.8,-44,-99999,30.6,-0.49,11.9,10.8,-0.04,0.07
122536,1323960,-50.253517,-62.613147,3.8,-44,-99999,30.6,-0.49,11.9,10.9,-0.04,0.07
122536,1324989,-50.234483,-62.596437,3.9,-44,-99999,30.6,-0.49,11.9,11.3,-0.04,0.08
122536,1326409,-50.213092,-62.575765,2.9,-44,-99999,30.6,-0.49,12.100000000000001,11.9,-0.01,0.09
122536,1327379,-50.208525,-62.569118,0.5,-44,-99999,30.6,-0.49,12.100000000000001,12.,-0.01,0.1
122536,1328149,-50.183263,-62.572748,9.1,-44,-99999,30.6,-0.49,12.4,12.4,0.02,0.12
122536,1328640,-50.165097,-62.57037,7.3,-44,-99999,30.5,-0.49,12.5,12.700000000000001,0.04,0.13
122536,1331060,-50.11657,-62.533745,4.2,-44,-99999,30.5,-0.5,12.8,12.,0.01,0.16
122536,1333170,-50.088512,-62.496117,4.2,-44,-99999,30.6,-0.5,13.,11.3,-0.02,0.18
122536,1333509,-50.08435,-62.489413,4.7,-44,-99999,30.6,-0.5,13.100000000000001,11.200000000000001,-0.02,0.18
122536,1334368,-50.073925,-62.472862,3.6,-44,-99999,30.6,-0.5,13.100000000000001,11.100000000000001,-0.02,0.18
122536,1334770,-50.069117,-62.465105,3.9,-44,-99999,30.6,-0.5,13.100000000000001,11.100000000000001,-0.02,0.18
122536,1336029,-50.054297,-62.44095,3.9,-44,-99999,30.6,-0.5,13.,11.200000000000001,-0.01,0.19
122536,1336340,-50.050452,-62.435255,3.5,-44,-99999,30.6,-0.5,13.,11.200000000000001,-0.01,0.19
122536,1337299,-50.038888,-62.417648,3.3,-44,-99999,30.6,-0.5,13.,11.200000000000001,0.,0.19
122536,1337468,-50.036855,-62.414498,3.5,-44,-99999,30.6,-0.5,13.,11.200000000000001,0.,0.19
122536,1338579,-50.02384,-62.394137,3.7,-44,-99999,30.700000000000003,-0.5,13.,11.200000000000001,0.01,0.19
122536,1338649,-50.023055,-62.392755,3.2,-44,-99999,30.700000000000003,-0.5,13.,11.200000000000001,0.01,0.19
122536,1339647,-50.011962,-62.373457,3.,-44,-99999,30.700000000000003,-0.51,12.9,11.200000000000001,0.02,0.19
122536,1339738,-50.010915,-62.371758,3.,-44,-99999,30.700000000000003,-0.51,12.9,11.200000000000001,0.02,0.19
122536,1341010,-49.996698,-62.34741,3.3,-44,-99999,30.700000000000003,-0.51,12.8,11.3,0.02,0.2
122536,1342230,-49.982623,-62.324202,3.8,-44,-99999,30.700000000000003,-0.51,12.8,11.3,0.03,0.2
122536,1342259,-49.982253,-62.323645,3.2,-44,-99999,30.700000000000003,-0.51,12.8,11.3,0.03,0.2
122536,1343478,-49.96954,-62.297852,3.9,-45,-99999,30.700000000000003,-0.51,12.8,11.200000000000001,0.03,0.21
122536,1343509,-49.969215,-62.297178,3.4,-45,-99999,30.700000000000003,-0.51,12.8,11.100000000000001,0.03,0.21
122536,1344799,-49.955435,-62.270383,3.3,-45,-99999,30.700000000000003,-0.51,12.8,11.,0.03,0.22
122536,1345217,-49.950467,-62.262263,4.2,-45,-99999,30.8,-0.51,12.8,11.,0.03,0.22
122536,1345228,-49.950357,-62.262087,3.7,-45,-99999,30.8,-0.51,12.8,11.,0.03,0.22
122536,1345238,-49.95024,-62.261885,3.7,-45,-99999,30.8,-0.51,12.8,11.,0.03,0.22
122536,1345248,-49.950125,-62.261683,3.3,-45,-99999,30.8,-0.51,12.8,11.,0.03,0.22
122536,1345249,-49.950125,-62.261683,3.3,-45,-99999,30.8,-0.51,12.8,11.,0.03,0.22
122536,1345258,-49.950003,-62.261487,3.6,-45,-99999,30.8,-0.51,12.8,11.,0.03,0.22
122536,1345268,-49.949882,-62.261303,4.,-45,-99999,30.8,-0.51,12.8,11.,0.03,0.22
122536,1345289,-49.949638,-62.260925,3.9,-45,-99999,30.8,-0.51,12.8,11.,0.03,0.22
122536,1345298,-49.949523,-62.260738,3.7,-45,-99999,30.8,-0.51,12.8,11.,0.03,0.22
122536,1345349,-49.948932,-62.259743,4.,-45,-99999,30.8,-0.51,12.8,11.,0.03,0.22
122536,1345358,-49.948813,-62.25958,3.2,-45,-99999,30.8,-0.51,12.8,11.,0.03,0.22
122536,1345378,-49.948567,-62.259178,3.3,-45,-99999,30.8,-0.51,12.8,11.,0.03,0.22
122536,1345398,-49.948315,-62.25879,3.9,-45,-99999,30.8,-0.51,12.8,11.,0.03,0.22
122536,1345409,-49.948203,-62.258587,4.5,-45,-99999,30.8,-0.51,12.8,11.,0.03,0.22
122536,1345418,-49.948097,-62.258425,3.5,-45,-99999,30.8,-0.51,12.8,11.,0.03,0.22
122536,1345438,-49.947847,-62.258003,3.9,-45,-99999,30.8,-0.51,12.8,11.,0.03,0.22
122536,1345449,-49.947717,-62.25779,3.6,-45,-99999,30.8,-0.51,12.8,11.,0.03,0.22
122536,1345458,-49.94761,-62.257623,4.,-45,-99999,30.8,-0.51,12.8,11.,0.03,0.22
122536,1345469,-49.94749,-62.257435,4.1,-45,-99999,30.8,-0.51,12.8,11.,0.03,0.22
122536,1345478,-49.94737,-62.257267,3.2,-45,-99999,30.8,-0.51,12.8,11.,0.03,0.22
122536,1345498,-49.947115,-62.256833,2.8,-45,-99999,30.8,-0.51,12.8,10.9,0.03,0.22
122536,1345528,-49.94674,-62.256285,3.5,-45,-99999,30.8,-0.51,12.8,10.9,0.03,0.22
122536,1345588,-49.946018,-62.255118,3.6,-45,-99999,30.8,-0.51,12.8,10.9,0.03,0.23
122536,1345970,-49.941537,-62.247683,3.6,-45,-99999,30.8,-0.51,12.9,10.9,0.03,0.23
122536,1347240,-49.926277,-62.22304,3.6,-45,-99999,30.8,-0.51,12.9,10.9,0.03,0.23
122536,1347260,-49.926018,-62.222652,4.4,-45,-99999,30.8,-0.51,12.9,10.9,0.03,0.23
122536,1347331,-49.92511,-62.221353,3.6,-45,-99999,30.8,-0.51,12.9,10.9,0.03,0.23
122536,1348489,-49.910178,-62.19889,4.2,-45,-99999,30.8,-0.51,12.9,11.100000000000001,0.03,0.23
122536,1349790,-49.892832,-62.173463,3.8,-45,-99999,30.8,-0.51,12.8,11.4,0.03,0.23
122536,1351047,-49.875077,-62.149737,4.2,-45,-99999,30.8,-0.51,12.8,11.600000000000001,0.03,0.22
122536,1351058,-49.87492,-62.149492,4.1,-45,-99999,30.8,-0.51,12.8,11.600000000000001,0.03,0.22
122536,1351077,-49.874652,-62.149108,4.2,-45,-99999,30.8,-0.51,12.8,11.600000000000001,0.03,0.22
122536,1351088,-49.874497,-62.148908,3.7,-45,-99999,30.8,-0.51,12.8,11.600000000000001,0.04,0.22
122536,1351097,-49.874373,-62.148738,4.3,-45,-99999,30.8,-0.51,12.8,11.600000000000001,0.04,0.22
122536,1351107,-49.874247,-62.148575,4.1,-45,-99999,30.8,-0.51,12.8,11.600000000000001,0.04,0.22
122536,1351109,-49.874247,-62.148575,4.1,-45,-99999,30.8,-0.51,12.8,11.600000000000001,0.04,0.22
122536,1351127,-49.873958,-62.148172,4.5,-45,-99999,30.8,-0.51,12.8,11.600000000000001,0.04,0.22
122536,1351137,-49.873813,-62.147988,3.9,-45,-99999,30.8,-0.51,12.8,11.600000000000001,0.04,0.22
122536,1351148,-49.873662,-62.147767,4.1,-45,-99999,30.8,-0.51,12.8,11.600000000000001,0.04,0.22
122536,1351157,-49.873538,-62.1476,4.1,-45,-99999,30.8,-0.51,12.8,11.600000000000001,0.04,0.22
122536,1351168,-49.87339,-62.147385,3.9,-45,-99999,30.8,-0.51,12.8,11.600000000000001,0.04,0.22
122536,1351187,-49.873103,-62.147007,4.4,-45,-99999,30.8,-0.51,12.8,11.600000000000001,0.04,0.22
122536,1351188,-49.873103,-62.147007,4.4,-45,-99999,30.8,-0.51,12.8,11.600000000000001,0.04,0.22
122536,1351197,-49.872985,-62.146825,4.2,-45,-99999,30.8,-0.51,12.8,11.600000000000001,0.04,0.22
122536,1351208,-49.872822,-62.146578,4.9,-45,-99999,30.8,-0.51,12.8,11.600000000000001,0.04,0.22
122536,1351217,-49.8727,-62.146403,4.4,-45,-99999,30.8,-0.51,12.8,11.700000000000001,0.04,0.22
122536,1351228,-49.872563,-62.146177,4.6,-45,-99999,30.8,-0.51,12.8,11.700000000000001,0.04,0.22
122536,1351247,-49.87231,-62.145757,3.2,-45,-99999,30.8,-0.51,12.8,11.700000000000001,0.04,0.22
122536,1351248,-49.87231,-62.145757,3.2,-45,-99999,30.8,-0.51,12.8,11.700000000000001,0.04,0.22
122536,1351257,-49.872187,-62.145563,3.6,-45,-99999,30.8,-0.51,12.8,11.700000000000001,0.04,0.22
122536,1351268,-49.872022,-62.145343,3.5,-45,-99999,30.8,-0.51,12.8,11.700000000000001,0.04,0.22
122536,1351269,-49.872022,-62.145343,3.5,-45,-99999,30.8,-0.51,12.8,11.700000000000001,0.04,0.22
122536,1351277,-49.8719,-62.14517,3.6,-45,-99999,30.8,-0.51,12.8,11.700000000000001,0.04,0.22
122536,1351278,-49.8719,-62.14517,3.6,-45,-99999,30.8,-0.51,12.8,11.700000000000001,0.04,0.22
122536,1351288,-49.871765,-62.144977,3.5,-45,-99999,30.8,-0.51,12.8,11.700000000000001,0.04,0.22
122536,1351298,-49.871617,-62.144753,4.,-45,-99999,30.8,-0.51,12.8,11.700000000000001,0.04,0.22
122536,1351317,-49.871353,-62.144377,5.1,-45,-99999,30.8,-0.51,12.8,11.700000000000001,0.04,0.22
122536,1351328,-49.871192,-62.144123,3.9,-45,-99999,30.8,-0.51,12.8,11.700000000000001,0.04,0.22
122536,1351337,-49.871065,-62.143928,4.6,-45,-99999,30.8,-0.51,12.8,11.700000000000001,0.04,0.22
122536,1351348,-49.870933,-62.14373,4.9,-45,-99999,30.8,-0.51,12.8,11.700000000000001,0.04,0.22
122536,1351358,-49.870792,-62.143517,4.4,-45,-99999,30.8,-0.51,12.8,11.700000000000001,0.04,0.22
122536,1351377,-49.870547,-62.143197,3.8,-45,-99999,30.8,-0.51,12.8,11.700000000000001,0.04,0.22
122536,1351388,-49.870388,-62.142957,4.,-45,-99999,30.8,-0.51,12.8,11.700000000000001,0.04,0.22
122536,1351418,-49.869997,-62.142345,4.2,-45,-99999,30.8,-0.51,12.8,11.700000000000001,0.04,0.22
122536,1351448,-49.869582,-62.141778,4.3,-45,-99999,30.8,-0.51,12.8,11.700000000000001,0.04,0.22
122536,1351468,-49.869312,-62.141407,4.3,-45,-99999,30.8,-0.51,12.8,11.700000000000001,0.04,0.22
122536,1351478,-49.869158,-62.141182,4.9,-45,-99999,30.8,-0.51,12.8,11.700000000000001,0.04,0.22
122536,1351538,-49.868308,-62.139988,4.,-45,-99999,30.8,-0.51,12.8,11.700000000000001,0.04,0.22
122536,1351637,-49.867003,-62.13791,4.6,-45,-99999,30.8,-0.51,12.8,11.700000000000001,0.04,0.22
122536,1351677,-49.866497,-62.137015,4.,-45,-99999,30.8,-0.51,12.8,11.700000000000001,0.04,0.22
122536,1351797,-49.864915,-62.134507,3.9,-45,-99999,30.8,-0.51,12.8,11.700000000000001,0.04,0.22
122536,1351848,-49.864273,-62.133403,3.7,-45,-99999,30.8,-0.51,12.8,11.700000000000001,0.04,0.22
122536,1352349,-49.857947,-62.122412,4.,-45,-99999,30.8,-0.51,12.8,11.8,0.04,0.21
122536,1352610,-49.854583,-62.116682,4.3,-45,-99999,30.8,-0.51,12.8,11.8,0.04,0.21
122536,1353769,-49.84391,-62.094003,1.9,-45,-99999,30.8,-0.51,12.8,11.700000000000001,0.04,0.2
122536,1356937,-49.809587,-61.984215,4.3,-45,-99999,30.8,-0.51,12.9,11.700000000000001,0.05,0.17
122536,1356938,-49.809587,-61.984215,4.3,-45,-99999,30.8,-0.51,12.9,11.700000000000001,0.05,0.17
122536,1356946,-49.80952,-61.983955,4.6,-45,-99999,30.8,-0.51,12.9,11.700000000000001,0.05,0.17
122536,1356947,-49.80952,-61.983955,4.6,-45,-99999,30.8,-0.51,12.9,11.700000000000001,0.05,0.17
122536,1356955,-49.809428,-61.983735,4.5,-45,-99999,30.8,-0.51,12.9,11.700000000000001,0.05,0.17
122536,1356956,-49.809428,-61.983735,4.5,-45,-99999,30.8,-0.51,12.9,11.700000000000001,0.05,0.17
122536,1356966,-49.80934,-61.983427,4.6,-45,-99999,30.8,-0.51,12.9,11.700000000000001,0.05,0.17
122536,1356976,-49.809247,-61.983152,4.6,-45,-99999,30.8,-0.51,12.9,11.700000000000001,0.05,0.17
122536,1356977,-49.809247,-61.983152,4.6,-45,-99999,30.8,-0.51,12.9,11.700000000000001,0.05,0.17
122536,1356997,-49.809037,-61.982615,4.4,-45,-99999,30.8,-0.51,12.9,11.700000000000001,0.05,0.17
122536,1356998,-49.809037,-61.982615,4.4,-45,-99999,30.8,-0.51,12.9,11.700000000000001,0.05,0.17
122536,1357006,-49.808952,-61.982373,4.9,-45,-99999,30.8,-0.51,12.9,11.700000000000001,0.05,0.17
122536,1357015,-49.808873,-61.98212,4.7,-45,-99999,30.8,-0.51,12.9,11.700000000000001,0.05,0.17
122536,1357016,-49.808873,-61.98212,4.7,-45,-99999,30.8,-0.51,12.9,11.700000000000001,0.05,0.17
122536,1357026,-49.808767,-61.981795,5.,-45,-99999,30.8,-0.51,12.9,11.700000000000001,0.05,0.17
122536,1357027,-49.808767,-61.981795,5.,-45,-99999,30.8,-0.51,12.9,11.700000000000001,0.05,0.17
122536,1357067,-49.808343,-61.980728,4.5,-45,-99999,30.8,-0.51,12.9,11.700000000000001,0.05,0.17
122536,1357097,-49.808048,-61.979942,4.,-45,-99999,30.8,-0.51,12.9,11.700000000000001,0.05,0.17
122536,1357118,-49.807842,-61.979382,4.4,-45,-99999,30.8,-0.51,12.9,11.700000000000001,0.05,0.17
122536,1357146,-49.807537,-61.978648,4.7,-45,-99999,30.8,-0.52,12.9,11.700000000000001,0.05,0.17
122536,1357167,-49.80734,-61.978083,5.4,-45,-99999,30.8,-0.52,12.9,11.700000000000001,0.05,0.17
122536,1357177,-49.807227,-61.977802,4.3,-45,-99999,30.8,-0.52,12.9,11.700000000000001,0.05,0.17
122536,1357178,-49.807227,-61.977802,4.3,-45,-99999,30.8,-0.52,12.9,11.700000000000001,0.05,0.17
122536,1357227,-49.806738,-61.976473,4.5,-45,-99999,30.8,-0.52,12.9,11.700000000000001,0.05,0.17
122536,1357237,-49.80664,-61.976207,3.8,-45,-99999,30.8,-0.52,12.9,11.700000000000001,0.05,0.17
122536,1357247,-49.806547,-61.975968,4.,-45,-99999,30.8,-0.52,12.9,11.700000000000001,0.05,0.17
122536,1357256,-49.806452,-61.975733,4.2,-45,-99999,30.8,-0.52,12.9,11.700000000000001,0.05,0.17
122536,1357287,-49.806112,-61.974903,3.9,-45,-99999,30.8,-0.52,12.9,11.700000000000001,0.05,0.17
122536,1357297,-49.806012,-61.97464,4.,-45,-99999,30.8,-0.52,12.9,11.700000000000001,0.05,0.17
122536,1357298,-49.806012,-61.97464,4.,-45,-99999,30.8,-0.52,12.9,11.700000000000001,0.05,0.17
122536,1357306,-49.805922,-61.974427,4.,-45,-99999,30.8,-0.52,12.9,11.700000000000001,0.05,0.17
122536,1357336,-49.805578,-61.973622,3.9,-45,-99999,30.8,-0.52,12.9,11.700000000000001,0.05,0.17
122536,1357358,-49.805353,-61.973005,3.8,-45,-99999,30.8,-0.52,12.9,11.700000000000001,0.05,0.17
122536,1357366,-49.805278,-61.972788,3.5,-45,-99999,30.8,-0.52,12.9,11.700000000000001,0.05,0.17
122536,1357396,-49.805012,-61.971988,4.5,-45,-99999,30.8,-0.52,12.9,11.700000000000001,0.05,0.17
122536,1357417,-49.804788,-61.971437,4.1,-45,-99999,30.8,-0.52,12.9,11.700000000000001,0.05,0.17
122536,1357418,-49.804788,-61.971437,4.1,-45,-99999,30.8,-0.52,12.9,11.700000000000001,0.05,0.17
122536,1358231,-49.796408,-61.949958,4.3,-45,-99999,30.900000000000002,-0.52,12.9,11.700000000000001,0.05,0.16
122536,1379588,-49.777337,-61.516235,4.4,-45,-99999,31.,-0.52,12.600000000000001,12.,0.02,0.08
122536,1379614,-49.777915,-61.516557,4.8,-45,-99999,31.,-0.52,12.600000000000001,12.,0.02,0.08
122536,1379615,-49.777915,-61.516557,4.8,-45,-99999,31.,-0.52,12.600000000000001,12.,0.02,0.08
122536,1379638,-49.778402,-61.516845,4.7,-45,-99999,31.,-0.52,12.600000000000001,12.,0.02,0.08
122536,1379667,-49.779035,-61.51717,4.8,-45,-99999,31.,-0.52,12.600000000000001,12.,0.02,0.08
122536,1379687,-49.77948,-61.517397,4.6,-45,-99999,31.,-0.52,12.600000000000001,12.,0.02,0.08
122536,1379697,-49.779702,-61.51752,4.7,-45,-99999,31.,-0.52,12.600000000000001,12.,0.02,0.08
122536,1379708,-49.779918,-61.517672,4.9,-45,-99999,31.,-0.52,12.600000000000001,12.,0.02,0.08
122536,1379717,-49.78014,-61.517822,4.6,-45,-99999,31.,-0.52,12.600000000000001,12.,0.02,0.08
122536,1379718,-49.78014,-61.517822,4.6,-45,-99999,31.,-0.52,12.600000000000001,12.,0.02,0.08
122536,1379738,-49.780612,-61.518087,5.3,-45,-99999,31.,-0.52,12.600000000000001,12.,0.02,0.08
122536,1379747,-49.780812,-61.518185,5.5,-45,-99999,31.,-0.52,12.600000000000001,12.,0.02,0.08
122536,1379748,-49.780812,-61.518185,5.5,-45,-99999,31.,-0.52,12.600000000000001,12.,0.02,0.08
122536,1379757,-49.781025,-61.518298,5.4,-45,-99999,31.,-0.52,12.600000000000001,12.,0.02,0.08
122536,1379758,-49.781025,-61.518298,5.4,-45,-99999,31.,-0.52,12.600000000000001,12.,0.02,0.08
122536,1379768,-49.781247,-61.5184,4.8,-45,-99999,31.,-0.52,12.600000000000001,12.,0.02,0.08
122536,1379777,-49.781477,-61.518542,5.5,-45,-99999,31.,-0.52,12.600000000000001,12.,0.02,0.08
122536,1379778,-49.781477,-61.518542,5.5,-45,-99999,31.,-0.52,12.600000000000001,12.,0.02,0.08
122536,1379798,-49.781952,-61.51878,5.3,-45,-99999,31.,-0.52,12.600000000000001,12.,0.02,0.08
122536,1379837,-49.782808,-61.519243,5.5,-45,-99999,31.,-0.52,12.600000000000001,12.,0.02,0.08
122536,1379838,-49.782808,-61.519243,5.5,-45,-99999,31.,-0.52,12.600000000000001,12.,0.02,0.08
122536,1379867,-49.783437,-61.51957,4.7,-45,-99999,31.,-0.52,12.600000000000001,12.,0.02,0.08
122536,1379877,-49.783662,-61.519683,4.8,-45,-99999,31.,-0.52,12.600000000000001,12.,0.02,0.08
122536,1379897,-49.784117,-61.519935,5.,-45,-99999,31.,-0.52,12.600000000000001,12.,0.02,0.08
122536,1379908,-49.78435,-61.520068,4.8,-45,-99999,31.,-0.52,12.600000000000001,12.,0.02,0.08
122536,1379916,-49.784523,-61.520178,5.2,-45,-99999,31.,-0.52,12.5,12.,0.02,0.08
122536,1379917,-49.784523,-61.520178,5.2,-45,-99999,31.,-0.52,12.5,12.,0.02,0.08
122536,1379927,-49.784735,-61.520297,5.3,-45,-99999,31.,-0.52,12.5,12.,0.02,0.08
122536,1379937,-49.784948,-61.520408,5.,-45,-99999,31.,-0.52,12.5,12.,0.02,0.08
122536,1379957,-49.785412,-61.52062,5.7,-45,-99999,31.,-0.52,12.5,12.,0.02,0.08
122536,1379958,-49.785412,-61.52062,5.7,-45,-99999,31.,-0.52,12.5,12.,0.02,0.08
122536,1379968,-49.785637,-61.520737,4.,-45,-99999,31.,-0.52,12.5,12.,0.02,0.08
122536,1379976,-49.78581,-61.520825,5.1,-45,-99999,31.,-0.52,12.5,12.,0.02,0.08
122536,1379977,-49.78581,-61.520825,5.1,-45,-99999,31.,-0.52,12.5,12.,0.02,0.08
122536,1379987,-49.786017,-61.520942,4.9,-45,-99999,31.,-0.52,12.5,12.,0.02,0.08
122536,1380018,-49.786692,-61.52128,5.1,-45,-99999,31.,-0.52,12.5,12.,0.02,0.08
122536,1380028,-49.786933,-61.521382,4.8,-45,-99999,31.,-0.52,12.5,12.,0.02,0.08
122536,1380029,-49.786933,-61.521382,4.8,-45,-99999,31.,-0.52,12.5,12.,0.02,0.08
122536,1380047,-49.787328,-61.521582,5.4,-45,-99999,31.,-0.52,12.5,12.,0.02,0.08
122536,1380057,-49.787537,-61.521702,4.6,-45,-99999,31.,-0.52,12.5,12.,0.02,0.08
122536,1380067,-49.787778,-61.521792,5.2,-45,-99999,31.,-0.52,12.5,12.,0.02,0.08
122536,1380068,-49.787778,-61.521792,5.2,-45,-99999,31.,-0.52,12.5,12.,0.02,0.08
122536,1380078,-49.787992,-61.521903,5.5,-45,-99999,31.,-0.52,12.5,12.,0.02,0.08
122536,1380088,-49.78825,-61.522013,5.2,-45,-99999,31.,-0.52,12.5,12.,0.02,0.08
122536,1380097,-49.788433,-61.522107,5.8,-45,-99999,31.,-0.52,12.5,12.,0.02,0.08
122536,1380107,-49.788655,-61.52222,5.2,-45,-99999,31.,-0.52,12.5,12.,0.02,0.08
122536,1380117,-49.788882,-61.522332,5.2,-45,-99999,31.,-0.52,12.5,12.,0.02,0.08
122536,1380128,-49.789125,-61.522438,5.4,-45,-99999,31.,-0.52,12.5,12.,0.02,0.08
122536,1385297,-49.89218,-61.597538,4.8,-45,-99999,31.,-0.51,12.4,12.8,0.,0.12
122536,1385418,-49.894562,-61.599502,4.4,-45,-99999,31.,-0.51,12.4,12.8,0.,0.12
122536,1385427,-49.894748,-61.599655,5.2,-45,-99999,31.,-0.51,12.4,12.8,0.,0.12
122536,1385438,-49.894963,-61.59984,5.4,-45,-99999,31.,-0.51,12.4,12.8,0.,0.12
122536,1385448,-49.89517,-61.6,5.3,-45,-99999,31.,-0.51,12.4,12.8,0.,0.12
122536,1385578,-49.89767,-61.602242,4.6,-45,-99999,31.,-0.51,12.4,12.9,0.,0.12
122536,1385579,-49.89767,-61.602242,4.6,-45,-99999,31.,-0.51,12.4,12.9,0.,0.12
122536,1385627,-49.89863,-61.603153,4.1,-45,-99999,31.,-0.51,12.4,12.9,0.,0.12
122536,1385648,-49.899027,-61.603438,4.7,-45,-99999,31.,-0.51,12.4,12.9,0.,0.12
122536,1385677,-49.899588,-61.603893,4.4,-45,-99999,31.,-0.51,12.4,12.9,0.,0.12
122536,1385678,-49.899588,-61.603893,4.4,-45,-99999,31.,-0.51,12.4,12.9,0.,0.12
122536,1385726,-49.900537,-61.604608,4.8,-45,-99999,31.,-0.51,12.4,12.9,0.,0.12
122536,1385747,-49.900918,-61.60487,4.1,-45,-99999,31.,-0.51,12.4,12.9,0.,0.12
122536,1385779,-49.901502,-61.605348,4.7,-45,-99999,31.,-0.51,12.4,12.9,0.,0.12
122536,1385798,-49.90185,-61.605633,4.9,-45,-99999,31.,-0.51,12.4,12.9,0.,0.12
122536,1385817,-49.90223,-61.605985,5.5,-45,-99999,31.,-0.51,12.4,12.9,0.,0.12
122536,1385828,-49.90244,-61.606157,5.6,-45,-99999,31.,-0.51,12.4,12.9,0.,0.12
122536,1385839,-49.902638,-61.606345,4.2,-45,-99999,31.,-0.51,12.4,12.9,0.,0.12
122536,1385849,-49.902823,-61.606543,4.6,-45,-99999,31.,-0.51,12.4,12.9,0.,0.12
122536,1385858,-49.902993,-61.6067,5.1,-45,-99999,31.,-0.51,12.4,12.9,0.,0.12
122536,1385867,-49.903178,-61.606837,5.2,-45,-99999,31.,-0.51,12.4,12.9,0.,0.12
122536,1385877,-49.90337,-61.607002,3.9,-45,-99999,31.,-0.51,12.4,12.9,0.,0.12
122536,1385884,-49.90351,-61.607115,4.9,-45,-99999,31.,-0.51,12.4,12.9,0.,0.12
122536,1385888,-49.903568,-61.607177,4.8,-45,-99999,31.,-0.51,12.4,12.9,0.,0.12
122536,1385891,-49.903652,-61.607245,5.1,-45,-99999,31.,-0.51,12.4,12.9,0.,0.12
122536,1385909,-49.904002,-61.607572,5.4,-45,-99999,31.,-0.51,12.4,12.9,0.,0.12
122536,1385918,-49.904173,-61.607728,5.,-45,-99999,31.,-0.51,12.4,12.9,0.,0.12
122536,1385927,-49.90435,-61.60787,4.9,-45,-99999,31.,-0.51,12.4,12.9,0.,0.12
122536,1385937,-49.904568,-61.608047,4.6,-45,-99999,31.,-0.51,12.4,13.,0.,0.12
122536,1385947,-49.904767,-61.608225,5.6,-45,-99999,31.,-0.51,12.4,13.,0.,0.12
122536,1385957,-49.904962,-61.608393,4.3,-45,-99999,31.,-0.51,12.4,13.,0.,0.12
122536,1385969,-49.90521,-61.608575,5.3,-45,-99999,31.,-0.51,12.4,13.,0.,0.12
122536,1385978,-49.90541,-61.608718,5.4,-45,-99999,31.,-0.51,12.4,13.,0.,0.12
122536,1385988,-49.905607,-61.608892,4.5,-45,-99999,31.,-0.51,12.4,13.,0.,0.12
122536,1385999,-49.905835,-61.609052,4.5,-45,-99999,31.,-0.51,12.4,13.,0.,0.12
122536,1386007,-49.906013,-61.60918,5.4,-45,-99999,31.,-0.51,12.4,13.,0.,0.12
122536,1391508,-50.010162,-61.702072,4.6,-45,-99999,31.,-0.5,12.,12.4,0.03,0.11
122536,1391526,-50.010513,-61.70234,4.5,-45,-99999,31.,-0.5,12.,12.4,0.03,0.11
122536,1391528,-50.010513,-61.70234,4.5,-45,-99999,31.,-0.5,12.,12.4,0.03,0.11
122536,1391547,-50.010868,-61.702672,4.5,-45,-99999,31.,-0.5,12.,12.4,0.03,0.11
122536,1391558,-50.011055,-61.702863,4.6,-45,-99999,31.,-0.5,12.,12.4,0.03,0.11
122536,1391568,-50.01123,-61.703032,5.,-45,-99999,31.,-0.5,12.,12.5,0.03,0.11
122536,1391587,-50.011567,-61.703348,5.3,-45,-99999,31.,-0.5,12.,12.5,0.03,0.11
122536,1391617,-50.012147,-61.703837,4.9,-45,-99999,31.,-0.5,12.,12.5,0.03,0.11
122536,1391618,-50.012147,-61.703837,4.9,-45,-99999,31.,-0.5,12.,12.5,0.03,0.11
122536,1391628,-50.012348,-61.703988,5.5,-45,-99999,31.,-0.5,12.,12.5,0.03,0.11
122536,1391647,-50.01273,-61.70425,4.9,-45,-99999,31.,-0.5,12.,12.5,0.03,0.11
122536,1391656,-50.012892,-61.704408,4.8,-45,-99999,31.,-0.5,12.,12.600000000000001,0.03,0.11
122536,1391667,-50.013098,-61.704572,5.1,-45,-99999,31.,-0.5,12.,12.600000000000001,0.03,0.11
122536,1391677,-50.013302,-61.704745,4.7,-45,-99999,31.,-0.5,12.,12.600000000000001,0.03,0.11
122536,1391678,-50.013302,-61.704745,4.7,-45,-99999,31.,-0.5,12.,12.600000000000001,0.03,0.11
122536,1391688,-50.013485,-61.704897,4.2,-45,-99999,31.,-0.5,12.,12.600000000000001,0.03,0.11
122536,1391707,-50.013837,-61.70522,4.9,-45,-99999,31.,-0.5,12.,12.600000000000001,0.03,0.11
122536,1391718,-50.014032,-61.705418,4.2,-45,-99999,31.,-0.5,12.,12.600000000000001,0.03,0.11
122536,1391728,-50.014207,-61.705598,5.,-45,-99999,31.,-0.5,12.,12.600000000000001,0.03,0.11
122536,1391748,-50.014553,-61.705952,4.4,-45,-99999,31.,-0.5,12.,12.700000000000001,0.03,0.11
122536,1391767,-50.014867,-61.706242,3.6,-45,-99999,31.,-0.5,12.,12.700000000000001,0.02,0.11
122536,1391778,-50.015045,-61.706423,4.2,-45,-99999,31.,-0.5,11.9,12.700000000000001,0.02,0.11
122536,1391787,-50.015217,-61.706573,4.,-45,-99999,31.,-0.5,11.9,12.700000000000001,0.02,0.11
122536,1391788,-50.015217,-61.706573,4.,-45,-99999,31.,-0.5,11.9,12.700000000000001,0.02,0.11
122536,1391797,-50.015382,-61.706712,4.7,-45,-99999,31.,-0.5,11.9,12.700000000000001,0.02,0.11
122536,1391817,-50.015752,-61.707017,4.3,-45,-99999,31.,-0.5,11.9,12.700000000000001,0.02,0.11
122536,1391838,-50.016137,-61.707368,5.5,-45,-99999,31.,-0.5,11.9,12.700000000000001,0.02,0.11
122536,1392921,-50.03584,-61.723087,4.3,-45,-99999,31.,-0.49,11.8,14.100000000000001,0.01,0.1
122536,1397207,-50.105888,-61.794555,4.,-45,-99999,30.700000000000003,-0.49,11.5,18.6,-0.03,0.07
122536,1397208,-50.105888,-61.794555,4.,-45,-99999,30.700000000000003,-0.49,11.5,18.6,-0.03,0.07
122536,1397227,-50.106203,-61.794905,4.2,-45,-99999,30.700000000000003,-0.49,11.5,18.6,-0.03,0.07
122536,1397228,-50.106203,-61.794905,4.2,-45,-99999,30.700000000000003,-0.49,11.5,18.6,-0.03,0.07
122536,1397238,-50.106378,-61.795108,4.1,-45,-99999,30.700000000000003,-0.49,11.5,18.6,-0.03,0.07
122536,1397246,-50.106517,-61.795262,4.7,-45,-99999,30.700000000000003,-0.49,11.5,18.6,-0.03,0.07
122536,1397247,-50.106517,-61.795262,4.7,-45,-99999,30.700000000000003,-0.49,11.5,18.6,-0.03,0.07
122536,1397267,-50.106842,-61.795667,4.2,-45,-99999,30.700000000000003,-0.49,11.5,18.6,-0.03,0.07
122536,1397277,-50.107013,-61.795845,3.9,-45,-99999,30.700000000000003,-0.49,11.5,18.6,-0.03,0.07
122536,1397278,-50.107013,-61.795845,3.9,-45,-99999,30.700000000000003,-0.49,11.5,18.6,-0.03,0.07
122536,1397287,-50.107183,-61.796022,4.3,-45,-99999,30.700000000000003,-0.49,11.5,18.6,-0.03,0.07
122536,1397298,-50.107375,-61.796235,4.5,-45,-99999,30.700000000000003,-0.49,11.5,18.6,-0.03,0.07
122536,1397306,-50.10753,-61.796383,4.9,-45,-99999,30.700000000000003,-0.49,11.5,18.6,-0.03,0.07
122536,1397307,-50.10753,-61.796383,4.9,-45,-99999,30.700000000000003,-0.49,11.5,18.6,-0.03,0.07
122536,1397348,-50.108285,-61.797177,4.,-45,-99999,30.700000000000003,-0.49,11.5,18.7,-0.03,0.07
122536,1397358,-50.108457,-61.797383,4.9,-45,-99999,30.700000000000003,-0.49,11.5,18.7,-0.03,0.07
122536,1397366,-50.10859,-61.797523,4.5,-45,-99999,30.700000000000003,-0.49,11.5,18.7,-0.03,0.07
122536,1397367,-50.10859,-61.797523,4.5,-45,-99999,30.700000000000003,-0.49,11.5,18.7,-0.03,0.07
122536,1397378,-50.108785,-61.797743,4.3,-45,-99999,30.700000000000003,-0.49,11.5,18.7,-0.03,0.07
122536,1397397,-50.109108,-61.798075,4.9,-45,-99999,30.700000000000003,-0.49,11.5,18.7,-0.03,0.07
122536,1397408,-50.109298,-61.798258,4.9,-45,-99999,30.700000000000003,-0.49,11.5,18.7,-0.03,0.07
122536,1397418,-50.10946,-61.798457,4.1,-45,-99999,30.700000000000003,-0.49,11.5,18.7,-0.03,0.07
122536,1397426,-50.109597,-61.798605,4.5,-45,-99999,30.700000000000003,-0.49,11.5,18.7,-0.03,0.07
122536,1397447,-50.109985,-61.798935,5.2,-45,-99999,30.700000000000003,-0.49,11.5,18.7,-0.03,0.07
122536,1397448,-50.109985,-61.798935,5.2,-45,-99999,30.700000000000003,-0.49,11.5,18.7,-0.03,0.07
122536,1397458,-50.110165,-61.799107,4.8,-45,-99999,30.700000000000003,-0.49,11.5,18.7,-0.03,0.07
122536,1397468,-50.110358,-61.799298,4.3,-45,-99999,30.700000000000003,-0.49,11.5,18.7,-0.03,0.07
122536,1397492,-50.110783,-61.799618,4.1,-45,-99999,30.700000000000003,-0.49,11.5,18.7,-0.03,0.07
122536,1397528,-50.111477,-61.800127,4.2,-45,-99999,30.700000000000003,-0.49,11.5,18.7,-0.03,0.07
122536,1398241,-50.123287,-61.811973,4.1,-45,-99999,30.6,-0.49,11.5,18.900000000000002,-0.03,0.08
122536,1402409,-50.207822,-61.853562,4.6,-45,-99999,29.8,-0.47000000000000003,10.8,25.6,0.,0.11
122536,1403750,-50.236958,-61.862625,4.4,-45,-99999,29.8,-0.47000000000000003,10.8,25.6,0.,0.11
122536,1404729,-50.257275,-61.868892,5.1,-45,-99999,-99999.,-99999.,-99999.,-99999.,-99999.,-99999.
122536,1406260,-50.289317,-61.877315,4.7,-45,-99999,-99999.,-99999.,-99999.,-99999.,-99999.,-99999.
122536,1407007,-50.302418,-61.883168,3.4,-45,-99999,-99999.,-99999.,-99999.,-99999.,-99999.,-99999.
122536,1407449,-50.31155,-61.884142,5.5,-45,-99999,-99999.,-99999.,-99999.,-99999.,-99999.,-99999.
122536,1408370,-50.331408,-61.888098,4.3,-45,-99999,-99999.,-99999.,-99999.,-99999.,-99999.,-99999.
122536,1408750,-50.33966,-61.890372,4.8,-45,-99999,-99999.,-99999.,-99999.,-99999.,-99999.,-99999.
122536,1409740,-50.361473,-61.895888,4.2,-45,-99999,-99999.,-99999.,-99999.,-99999.,-99999.,-99999.
122536,1410069,-50.368752,-61.897843,5.4,-45,-99999,-99999.,-99999.,-99999.,-99999.,-99999.,-99999.
122536,1410540,-50.37916,-61.900693,4.7,-45,-99999,-99999.,-99999.,-99999.,-99999.,-99999.,-99999.
122536,1411919,-50.40928,-61.909283,4.8,-45,-99999,-99999.,-99999.,-99999.,-99999.,-99999.,-99999.
122536,1413211,-50.437453,-61.917232,4.7,-46,-99999,-99999.,-99999.,-99999.,-99999.,-99999.,-99999.
122536,1414239,-50.46018,-61.919687,5.5,-45,-99999,-99999.,-99999.,-99999.,-99999.,-99999.,-99999.
122536,1415039,-50.463717,-61.925873,1.5,-45,-99999,-99999.,-99999.,-99999.,-99999.,-99999.,-99999.
122536,1415440,-50.46103,-61.928872,2.5,-45,-99999,-99999.,-99999.,-99999.,-99999.,-99999.,-99999.
122536,1417490,-50.446715,-61.945525,2.6,-45,-99999,-99999.,-99999.,-99999.,-99999.,-99999.,-99999.
122536,1417856,-50.444085,-61.949262,3.3,-46,-99999,-99999.,-99999.,-99999.,-99999.,-99999.,-99999.
122536,1417863,-50.444075,-61.949442,3.7,-46,-99999,-99999.,-99999.,-99999.,-99999.,-99999.,-99999.
122536,1419140,-50.481975,-61.95785,6.4,-45,-99999,-99999.,-99999.,-99999.,-99999.,-99999.,-99999.
122536,1421711,-50.562913,-61.97813,7.9,-45,-99999,-99999.,-99999.,-99999.,-99999.,-99999.,-99999.
122536,1422840,-50.608392,-61.975465,8.9,-46,-99999,-99999.,-99999.,-99999.,-99999.,-99999.,-99999.
122536,1424089,-50.662928,-61.97295,11.,-45,-99999,-99999.,-99999.,-99999.,-99999.,-99999.,-99999.
122536,1425339,-50.701545,-61.97188,2.2,-46,-99999,-99999.,-99999.,-99999.,-99999.,-99999.,-99999.
122536,1426600,-50.679728,-61.97031,2.8,-46,-99999,-99999.,-99999.,-99999.,-99999.,-99999.,-99999.
122536,1427868,-50.660743,-61.971737,2.8,-45,-99999,-99999.,-99999.,-99999.,-99999.,-99999.,-99999.
122536,1427878,-50.660585,-61.971763,3.6,-45,-99999,-99999.,-99999.,-99999.,-99999.,-99999.,-99999.
122536,1427879,-50.660585,-61.971763,3.6,-45,-99999,-99999.,-99999.,-99999.,-99999.,-99999.,-99999.
122536,1427887,-50.660422,-61.971755,2.9,-45,-99999,-99999.,-99999.,-99999.,-99999.,-99999.,-99999.
122536,1427888,-50.660422,-61.971755,2.9,-45,-99999,-99999.,-99999.,-99999.,-99999.,-99999.,-99999.
122536,1427918,-50.659947,-61.971725,3.3,-45,-99999,-99999.,-99999.,-99999.,-99999.,-99999.,-99999.
122536,1427938,-50.659592,-61.971682,3.6,-45,-99999,-99999.,-99999.,-99999.,-99999.,-99999.,-99999.
122536,1427939,-50.659592,-61.971682,3.6,-45,-99999,-99999.,-99999.,-99999.,-99999.,-99999.,-99999.
122536,1427968,-50.659105,-61.971552,3.9,-45,-99999,-99999.,-99999.,-99999.,-99999.,-99999.,-99999.
122536,1427969,-50.659105,-61.971552,3.9,-45,-99999,-99999.,-99999.,-99999.,-99999.,-99999.,-99999.
122536,1427979,-50.658975,-61.971535,2.9,-45,-99999,-99999.,-99999.,-99999.,-99999.,-99999.,-99999.
122536,1427988,-50.658808,-61.971518,3.3,-45,-99999,-99999.,-99999.,-99999.,-99999.,-99999.,-99999.
122536,1428007,-50.658483,-61.971467,3.2,-45,-99999,-99999.,-99999.,-99999.,-99999.,-99999.,-99999.
122536,1428008,-50.658483,-61.971467,3.2,-45,-99999,-99999.,-99999.,-99999.,-99999.,-99999.,-99999.
122536,1428019,-50.658313,-61.97143,2.6,-45,-99999,-99999.,-99999.,-99999.,-99999.,-99999.,-99999.
122536,1428020,-50.658313,-61.97143,2.6,-45,-99999,-99999.,-99999.,-99999.,-99999.,-99999.,-99999.
122536,1429060,-50.642473,-61.967552,3.5,-45,-99999,-99999.,-99999.,-99999.,-99999.,-99999.,-99999.
122536,1430329,-50.623343,-61.95943,2.5,-46,-99999,-99999.,-99999.,-99999.,-99999.,-99999.,-99999.
122536,1430761,-50.617165,-61.955653,3.3,-46,-99999,-99999.,-99999.,-99999.,-99999.,-99999.,-99999.
122536,1431559,-50.605465,-61.948678,3.6,-46,-99999,-99999.,-99999.,-99999.,-99999.,-99999.,-99999.
122536,1432820,-50.587197,-61.936648,4.3,-46,-99999,-99999.,-99999.,-99999.,-99999.,-99999.,-99999.
122536,1432860,-50.586653,-61.936243,3.7,-46,-99999,-99999.,-99999.,-99999.,-99999.,-99999.,-99999.
122536,1433604,-50.575425,-61.928792,5.5,-45,-99999,-99999.,-99999.,-99999.,-99999.,-99999.,-99999.
122536,1433613,-50.575263,-61.928667,4.4,-45,-99999,-99999.,-99999.,-99999.,-99999.,-99999.,-99999.
122536,1433614,-50.575263,-61.928667,4.4,-45,-99999,-99999.,-99999.,-99999.,-99999.,-99999.,-99999.
122536,1433635,-50.57496,-61.928512,3.7,-45,-99999,-99999.,-99999.,-99999.,-99999.,-99999.,-99999.
122536,1433643,-50.574822,-61.928472,2.3,-45,-99999,-99999.,-99999.,-99999.,-99999.,-99999.,-99999.
122536,1433644,-50.574822,-61.928472,2.3,-45,-99999,-99999.,-99999.,-99999.,-99999.,-99999.,-99999.
122536,1433653,-50.574667,-61.928357,3.7,-45,-99999,-99999.,-99999.,-99999.,-99999.,-99999.,-99999.
122536,1433654,-50.574667,-61.928357,3.7,-45,-99999,-99999.,-99999.,-99999.,-99999.,-99999.,-99999.
122536,1433673,-50.574367,-61.92816,5.3,-45,-99999,-99999.,-99999.,-99999.,-99999.,-99999.,-99999.
122536,1433684,-50.574212,-61.928047,2.3,-45,-99999,-99999.,-99999.,-99999.,-99999.,-99999.,-99999.
122536,1433685,-50.574212,-61.928047,2.3,-45,-99999,-99999.,-99999.,-99999.,-99999.,-99999.,-99999.
122536,1433694,-50.57408,-61.927958,3.6,-45,-99999,-99999.,-99999.,-99999.,-99999.,-99999.,-99999.
122536,1433703,-50.573923,-61.927873,3.8,-45,-99999,-99999.,-99999.,-99999.,-99999.,-99999.,-99999.
122536,1433704,-50.573923,-61.927873,3.8,-45,-99999,-99999.,-99999.,-99999.,-99999.,-99999.,-99999.
122536,1433713,-50.573763,-61.927768,4.8,-45,-99999,-99999.,-99999.,-99999.,-99999.,-99999.,-99999.
122536,1433714,-50.573763,-61.927768,4.8,-45,-99999,-99999.,-99999.,-99999.,-99999.,-99999.,-99999.
122536,1433724,-50.573617,-61.927627,5.1,-45,-99999,-99999.,-99999.,-99999.,-99999.,-99999.,-99999.
122536,1433733,-50.573495,-61.927538,2.9,-45,-99999,-99999.,-99999.,-99999.,-99999.,-99999.,-99999.
122536,1433744,-50.573332,-61.927422,4.3,-45,-99999,-99999.,-99999.,-99999.,-99999.,-99999.,-99999.
122536,1433746,-50.573332,-61.927422,4.3,-45,-99999,-99999.,-99999.,-99999.,-99999.,-99999.,-99999.
122536,1433754,-50.573168,-61.927322,3.7,-45,-99999,-99999.,-99999.,-99999.,-99999.,-99999.,-99999.
122536,1433763,-50.57302,-61.927222,4.3,-45,-99999,-99999.,-99999.,-99999.,-99999.,-99999.,-99999.
122536,1433764,-50.57302,-61.927222,4.3,-45,-99999,-99999.,-99999.,-99999.,-99999.,-99999.,-99999.
122536,1433773,-50.572857,-61.927147,2.7,-45,-99999,-99999.,-99999.,-99999.,-99999.,-99999.,-99999.
122536,1433784,-50.5727,-61.927033,4.8,-45,-99999,-99999.,-99999.,-99999.,-99999.,-99999.,-99999.
122536,1433793,-50.572553,-61.926947,4.3,-45,-99999,-99999.,-99999.,-99999.,-99999.,-99999.,-99999.
122536,1433804,-50.572367,-61.926857,3.6,-45,-99999,-99999.,-99999.,-99999.,-99999.,-99999.,-99999.
122536,1433805,-50.572367,-61.926857,3.6,-45,-99999,-99999.,-99999.,-99999.,-99999.,-99999.,-99999.
122536,1433814,-50.572198,-61.92677,4.,-45,-99999,-99999.,-99999.,-99999.,-99999.,-99999.,-99999.
122536,1433815,-50.572198,-61.92677,4.,-45,-99999,-99999.,-99999.,-99999.,-99999.,-99999.,-99999.
122536,1433823,-50.572053,-61.926677,3.5,-45,-99999,-99999.,-99999.,-99999.,-99999.,-99999.,-99999.
122536,1433824,-50.572053,-61.926677,3.5,-45,-99999,-99999.,-99999.,-99999.,-99999.,-99999.,-99999.
122536,1433853,-50.571628,-61.92633,2.3,-45,-99999,-99999.,-99999.,-99999.,-99999.,-99999.,-99999.
122536,1433874,-50.57129,-61.926062,4.2,-45,-99999,-99999.,-99999.,-99999.,-99999.,-99999.,-99999.
122536,1433875,-50.57129,-61.926062,4.2,-45,-99999,-99999.,-99999.,-99999.,-99999.,-99999.,-99999.
122536,1433883,-50.571152,-61.925955,4.4,-45,-99999,-99999.,-99999.,-99999.,-99999.,-99999.,-99999.
122536,1433884,-50.571152,-61.925955,4.4,-45,-99999,-99999.,-99999.,-99999.,-99999.,-99999.,-99999.
122536,1433893,-50.571035,-61.925857,3.1,-45,-99999,-99999.,-99999.,-99999.,-99999.,-99999.,-99999.
122536,1433894,-50.571035,-61.925857,3.1,-45,-99999,-99999.,-99999.,-99999.,-99999.,-99999.,-99999.
122536,1433913,-50.57079,-61.92564,1.3,-45,-99999,-99999.,-99999.,-99999.,-99999.,-99999.,-99999.
122536,1433934,-50.570487,-61.925462,2.5,-45,-99999,-99999.,-99999.,-99999.,-99999.,-99999.,-99999.
122536,1433935,-50.570487,-61.925462,2.5,-45,-99999,-99999.,-99999.,-99999.,-99999.,-99999.,-99999.
122536,1433994,-50.569555,-61.924887,3.6,-45,-99999,-99999.,-99999.,-99999.,-99999.,-99999.,-99999.
122536,1433995,-50.569555,-61.924887,3.6,-45,-99999,-99999.,-99999.,-99999.,-99999.,-99999.,-99999.
122536,1434003,-50.569417,-61.924787,4.4,-45,-99999,-99999.,-99999.,-99999.,-99999.,-99999.,-99999.
122536,1434004,-50.569417,-61.924787,4.4,-45,-99999,-99999.,-99999.,-99999.,-99999.,-99999.,-99999.
122536,1434024,-50.56912,-61.924572,3.9,-45,-99999,-99999.,-99999.,-99999.,-99999.,-99999.,-99999.
122536,1434033,-50.568973,-61.924463,3.1,-45,-99999,-99999.,-99999.,-99999.,-99999.,-99999.,-99999.
122536,1434055,-50.568642,-61.924265,4.2,-45,-99999,-99999.,-99999.,-99999.,-99999.,-99999.,-99999.
122536,1435350,-50.549353,-61.911095,2.4,-44,-99999,-99999.,-99999.,-99999.,-99999.,-99999.,-99999.
122536,1435399,-50.54864,-61.910475,5.,-44,-99999,-99999.,-99999.,-99999.,-99999.,-99999.,-99999.
122536,1436062,-50.538713,-61.902467,5.1,-44,-99999,-99999.,-99999.,-99999.,-99999.,-99999.,-99999.
122536,1436619,-50.530245,-61.895758,4.2,-45,-99999,-99999.,-99999.,-99999.,-99999.,-99999.,-99999.
122536,1438019,-50.508172,-61.879777,3.4,-45,-99999,-99999.,-99999.,-99999.,-99999.,-99999.,-99999.
122536,1439456,-50.485647,-61.859455,3.7,-44,-99999,-99999.,-99999.,-99999.,-99999.,-99999.,-99999.
122536,1439457,-50.485647,-61.859455,3.7,-44,-99999,-99999.,-99999.,-99999.,-99999.,-99999.,-99999.
122536,1439468,-50.485477,-61.859295,2.7,-44,-99999,-99999.,-99999.,-99999.,-99999.,-99999.,-99999.
122536,1439469,-50.485477,-61.859295,2.7,-44,-99999,-99999.,-99999.,-99999.,-99999.,-99999.,-99999.
122536,1439476,-50.485362,-61.859167,4.,-44,-99999,-99999.,-99999.,-99999.,-99999.,-99999.,-99999.
122536,1439477,-50.485362,-61.859167,4.,-44,-99999,-99999.,-99999.,-99999.,-99999.,-99999.,-99999.
122536,1439486,-50.485208,-61.859017,3.8,-44,-99999,-99999.,-99999.,-99999.,-99999.,-99999.,-99999.
122536,1439487,-50.485208,-61.859017,3.8,-44,-99999,-99999.,-99999.,-99999.,-99999.,-99999.,-99999.
122536,1439497,-50.485033,-61.85885,4.4,-44,-99999,-99999.,-99999.,-99999.,-99999.,-99999.,-99999.
122536,1439498,-50.485033,-61.85885,4.4,-44,-99999,-99999.,-99999.,-99999.,-99999.,-99999.,-99999.
122536,1439507,-50.484863,-61.85871,3.8,-44,-99999,-99999.,-99999.,-99999.,-99999.,-99999.,-99999.
122536,1439508,-50.484863,-61.85871,3.8,-44,-99999,-99999.,-99999.,-99999.,-99999.,-99999.,-99999.
122536,1439516,-50.484713,-61.858575,4.8,-44,-99999,-99999.,-99999.,-99999.,-99999.,-99999.,-99999.
122536,1439517,-50.484713,-61.858575,4.8,-44,-99999,-99999.,-99999.,-99999.,-99999.,-99999.,-99999.
122536,1439528,-50.484535,-61.858385,4.2,-44,-99999,-99999.,-99999.,-99999.,-99999.,-99999.,-99999.
122536,1439529,-50.484535,-61.858385,4.2,-44,-99999,-99999.,-99999.,-99999.,-99999.,-99999.,-99999.
122536,1439537,-50.484413,-61.858272,3.6,-44,-99999,-99999.,-99999.,-99999.,-99999.,-99999.,-99999.
122536,1439538,-50.484413,-61.858272,3.6,-44,-99999,-99999.,-99999.,-99999.,-99999.,-99999.,-99999.
122536,1439567,-50.483912,-61.857792,3.5,-44,-99999,-99999.,-99999.,-99999.,-99999.,-99999.,-99999.
122536,1439568,-50.483912,-61.857792,3.5,-44,-99999,-99999.,-99999.,-99999.,-99999.,-99999.,-99999.
122536,1439576,-50.483778,-61.857678,3.8,-44,-99999,-99999.,-99999.,-99999.,-99999.,-99999.,-99999.
122536,1439577,-50.483778,-61.857678,3.8,-44,-99999,-99999.,-99999.,-99999.,-99999.,-99999.,-99999.
122536,1439588,-50.483573,-61.857517,3.7,-44,-99999,-99999.,-99999.,-99999.,-99999.,-99999.,-99999.
122536,1439589,-50.483573,-61.857517,3.7,-44,-99999,-99999.,-99999.,-99999.,-99999.,-99999.,-99999.
122536,1439597,-50.48345,-61.85742,3.6,-44,-99999,-99999.,-99999.,-99999.,-99999.,-99999.,-99999.
122536,1439598,-50.48345,-61.85742,3.6,-44,-99999,-99999.,-99999.,-99999.,-99999.,-99999.,-99999.
122536,1439608,-50.483278,-61.857283,4.1,-44,-99999,-99999.,-99999.,-99999.,-99999.,-99999.,-99999.
122536,1439617,-50.48313,-61.857128,3.6,-44,-99999,-99999.,-99999.,-99999.,-99999.,-99999.,-99999.
122536,1439618,-50.48313,-61.857128,3.6,-44,-99999,-99999.,-99999.,-99999.,-99999.,-99999.,-99999.
122536,1439636,-50.482865,-61.856835,4.2,-44,-99999,-99999.,-99999.,-99999.,-99999.,-99999.,-99999.
122536,1439637,-50.482865,-61.856835,4.2,-44,-99999,-99999.,-99999.,-99999.,-99999.,-99999.,-99999.
122536,1439657,-50.482583,-61.856498,3.9,-44,-99999,-99999.,-99999.,-99999.,-99999.,-99999.,-99999.
122536,1439658,-50.482583,-61.856498,3.9,-44,-99999,-99999.,-99999.,-99999.,-99999.,-99999.,-99999.
122536,1439668,-50.482433,-61.856335,3.,-44,-99999,-99999.,-99999.,-99999.,-99999.,-99999.,-99999.
122536,1439677,-50.48228,-61.856203,3.3,-44,-99999,-99999.,-99999.,-99999.,-99999.,-99999.,-99999.
122536,1439678,-50.48228,-61.856203,3.3,-44,-99999,-99999.,-99999.,-99999.,-99999.,-99999.,-99999.
122536,1439696,-50.481973,-61.856013,5.4,-44,-99999,-99999.,-99999.,-99999.,-99999.,-99999.,-99999.
122536,1439717,-50.481608,-61.855757,3.7,-44,-99999,-99999.,-99999.,-99999.,-99999.,-99999.,-99999.
122536,1439789,-50.480487,-61.854688,3.7,-44,-99999,-99999.,-99999.,-99999.,-99999.,-99999.,-99999.
122536,1439938,-50.478095,-61.852357,4.,-44,-99999,-99999.,-99999.,-99999.,-99999.,-99999.,-99999.
122536,1439939,-50.478095,-61.852357,4.,-44,-99999,-99999.,-99999.,-99999.,-99999.,-99999.,-99999.
122536,1440039,-50.476552,-61.850887,4.6,-44,-99999,-99999.,-99999.,-99999.,-99999.,-99999.,-99999.
122536,1440177,-50.474298,-61.84886,4.9,-44,-99999,-99999.,-99999.,-99999.,-99999.,-99999.,-99999.
122536,1441601,-50.451838,-61.827127,2.6,-44,-99999,-99999.,-99999.,-99999.,-99999.,-99999.,-99999.
122536,1445397,-50.389285,-61.770037,3.9,-44,-99999,-99999.,-99999.,-99999.,-99999.,-99999.,-99999.
122536,1445398,-50.389285,-61.770037,3.9,-44,-99999,-99999.,-99999.,-99999.,-99999.,-99999.,-99999.
122536,1445406,-50.38915,-61.769883,3.,-44,-99999,-99999.,-99999.,-99999.,-99999.,-99999.,-99999.
122536,1445407,-50.38915,-61.769883,3.,-44,-99999,-99999.,-99999.,-99999.,-99999.,-99999.,-99999.
122536,1445447,-50.388462,-61.769323,4.9,-44,-99999,-99999.,-99999.,-99999.,-99999.,-99999.,-99999.
122536,1445448,-50.388462,-61.769323,4.9,-44,-99999,-99999.,-99999.,-99999.,-99999.,-99999.,-99999.
122536,1445456,-50.3883,-61.769177,4.9,-44,-99999,-99999.,-99999.,-99999.,-99999.,-99999.,-99999.
122536,1445457,-50.3883,-61.769177,4.9,-44,-99999,-99999.,-99999.,-99999.,-99999.,-99999.,-99999.
122536,1445466,-50.388123,-61.769033,3.9,-44,-99999,-99999.,-99999.,-99999.,-99999.,-99999.,-99999.
122536,1445467,-50.388123,-61.769033,3.9,-44,-99999,-99999.,-99999.,-99999.,-99999.,-99999.,-99999.
122536,1445486,-50.387788,-61.76876,4.,-44,-99999,-99999.,-99999.,-99999.,-99999.,-99999.,-99999.
122536,1445496,-50.387628,-61.768613,4.4,-44,-99999,-99999.,-99999.,-99999.,-99999.,-99999.,-99999.
122536,1445507,-50.387422,-61.768488,3.8,-44,-99999,-99999.,-99999.,-99999.,-99999.,-99999.,-99999.
122536,1445509,-50.387422,-61.768488,3.8,-44,-99999,-99999.,-99999.,-99999.,-99999.,-99999.,-99999.
122536,1445516,-50.387257,-61.76833,4.5,-44,-99999,-99999.,-99999.,-99999.,-99999.,-99999.,-99999.
122536,1445518,-50.387257,-61.76833,4.5,-44,-99999,-99999.,-99999.,-99999.,-99999.,-99999.,-99999.
122536,1445526,-50.38708,-61.768193,4.6,-44,-99999,-99999.,-99999.,-99999.,-99999.,-99999.,-99999.
122536,1445527,-50.38708,-61.768193,4.6,-44,-99999,-99999.,-99999.,-99999.,-99999.,-99999.,-99999.
122536,1445536,-50.386925,-61.768082,4.3,-44,-99999,-99999.,-99999.,-99999.,-99999.,-99999.,-99999.
122536,1445537,-50.386925,-61.768082,4.3,-44,-99999,-99999.,-99999.,-99999.,-99999.,-99999.,-99999.
122536,1445546,-50.38673,-61.767953,4.1,-44,-99999,-99999.,-99999.,-99999.,-99999.,-99999.,-99999.
122536,1445557,-50.386575,-61.767825,4.2,-44,-99999,-99999.,-99999.,-99999.,-99999.,-99999.,-99999.
122536,1445567,-50.386368,-61.767677,4.4,-44,-99999,-99999.,-99999.,-99999.,-99999.,-99999.,-99999.
122536,1445569,-50.386368,-61.767677,4.4,-44,-99999,-99999.,-99999.,-99999.,-99999.,-99999.,-99999.
122536,1445587,-50.386052,-61.767413,4.1,-44,-99999,-99999.,-99999.,-99999.,-99999.,-99999.,-99999.
122536,1445607,-50.38572,-61.76709,4.4,-44,-99999,-99999.,-99999.,-99999.,-99999.,-99999.,-99999.
122536,1445629,-50.38535,-61.7668,4.9,-44,-99999,-99999.,-99999.,-99999.,-99999.,-99999.,-99999.
122536,1445637,-50.3852,-61.766692,3.3,-44,-99999,-99999.,-99999.,-99999.,-99999.,-99999.,-99999.
122536,1445638,-50.3852,-61.766692,3.3,-44,-99999,-99999.,-99999.,-99999.,-99999.,-99999.,-99999.
122536,1445647,-50.385035,-61.766545,4.1,-44,-99999,-99999.,-99999.,-99999.,-99999.,-99999.,-99999.
122536,1445656,-50.384885,-61.766438,3.8,-44,-99999,-99999.,-99999.,-99999.,-99999.,-99999.,-99999.
122536,1445657,-50.384885,-61.766438,3.8,-44,-99999,-99999.,-99999.,-99999.,-99999.,-99999.,-99999.
122536,1445666,-50.384713,-61.76629,4.2,-44,-99999,-99999.,-99999.,-99999.,-99999.,-99999.,-99999.
122536,1445667,-50.384713,-61.76629,4.2,-44,-99999,-99999.,-99999.,-99999.,-99999.,-99999.,-99999.
122536,1445677,-50.384543,-61.766132,4.,-44,-99999,-99999.,-99999.,-99999.,-99999.,-99999.,-99999.
122536,1445689,-50.384355,-61.765953,3.,-44,-99999,-99999.,-99999.,-99999.,-99999.,-99999.,-99999.
122536,1445707,-50.38403,-61.765633,3.9,-44,-99999,-99999.,-99999.,-99999.,-99999.,-99999.,-99999.
122536,1445716,-50.383877,-61.765477,4.3,-44,-99999,-99999.,-99999.,-99999.,-99999.,-99999.,-99999.
122536,1445717,-50.383877,-61.765477,4.3,-44,-99999,-99999.,-99999.,-99999.,-99999.,-99999.,-99999.
122536,1445726,-50.383713,-61.765328,4.,-44,-99999,-99999.,-99999.,-99999.,-99999.,-99999.,-99999.
122536,1445727,-50.383713,-61.765328,4.,-44,-99999,-99999.,-99999.,-99999.,-99999.,-99999.,-99999.
122536,1445737,-50.38355,-61.765198,3.8,-44,-99999,-99999.,-99999.,-99999.,-99999.,-99999.,-99999.
122536,1445748,-50.383347,-61.765033,4.3,-44,-99999,-99999.,-99999.,-99999.,-99999.,-99999.,-99999.
122536,1462399,-50.240872,-61.38501,5.8,-43,-99999,-99999.,-99999.,-99999.,-99999.,-99999.,-99999.
122536,1462407,-50.241002,-61.384655,6.1,-43,-99999,-99999.,-99999.,-99999.,-99999.,-99999.,-99999.
122536,1462419,-50.241162,-61.384182,6.8,-43,-99999,-99999.,-99999.,-99999.,-99999.,-99999.,-99999.
122536,1462428,-50.2413,-61.38379,6.3,-43,-99999,-99999.,-99999.,-99999.,-99999.,-99999.,-99999.
122536,1462429,-50.2413,-61.38379,6.3,-43,-99999,-99999.,-99999.,-99999.,-99999.,-99999.,-99999.
122536,1462437,-50.241427,-61.383437,5.7,-43,-99999,-99999.,-99999.,-99999.,-99999.,-99999.,-99999.
122536,1462438,-50.241427,-61.383437,5.7,-43,-99999,-99999.,-99999.,-99999.,-99999.,-99999.,-99999.
122536,1462447,-50.241565,-61.383032,5.5,-43,-99999,-99999.,-99999.,-99999.,-99999.,-99999.,-99999.
122536,1462448,-50.241565,-61.383032,5.5,-43,-99999,-99999.,-99999.,-99999.,-99999.,-99999.,-99999.
122536,1462457,-50.24173,-61.382672,6.1,-43,-99999,-99999.,-99999.,-99999.,-99999.,-99999.,-99999.
122536,1462458,-50.24173,-61.382672,6.1,-43,-99999,-99999.,-99999.,-99999.,-99999.,-99999.,-99999.
122536,1462467,-50.241875,-61.382342,7.1,-43,-99999,-99999.,-99999.,-99999.,-99999.,-99999.,-99999.
122536,1462479,-50.242035,-61.381857,7.,-43,-99999,-99999.,-99999.,-99999.,-99999.,-99999.,-99999.
122536,1462484,-50.242098,-61.381618,6.5,-43,-99999,-99999.,-99999.,-99999.,-99999.,-99999.,-99999.
122536,1462485,-50.242098,-61.381618,6.5,-43,-99999,-99999.,-99999.,-99999.,-99999.,-99999.,-99999.
122536,1462488,-50.242157,-61.38145,7.1,-43,-99999,-99999.,-99999.,-99999.,-99999.,-99999.,-99999.
122536,1462489,-50.242157,-61.38145,7.1,-43,-99999,-99999.,-99999.,-99999.,-99999.,-99999.,-99999.
122536,1462491,-50.24218,-61.38137,5.8,-43,-99999,-99999.,-99999.,-99999.,-99999.,-99999.,-99999.
122536,1462495,-50.242228,-61.38122,6.1,-43,-99999,-99999.,-99999.,-99999.,-99999.,-99999.,-99999.
122536,1462499,-50.242278,-61.38109,7.4,-43,-99999,-99999.,-99999.,-99999.,-99999.,-99999.,-99999.
122536,1462507,-50.242412,-61.38075,6.7,-43,-99999,-99999.,-99999.,-99999.,-99999.,-99999.,-99999.
122536,1462508,-50.242412,-61.38075,6.7,-43,-99999,-99999.,-99999.,-99999.,-99999.,-99999.,-99999.
122536,1462517,-50.24259,-61.380325,6.7,-43,-99999,-99999.,-99999.,-99999.,-99999.,-99999.,-99999.
122536,1462518,-50.24259,-61.380325,6.7,-43,-99999,-99999.,-99999.,-99999.,-99999.,-99999.,-99999.
122536,1462528,-50.24273,-61.379867,6.6,-43,-99999,-99999.,-99999.,-99999.,-99999.,-99999.,-99999.
122536,1462529,-50.24273,-61.379867,6.6,-43,-99999,-99999.,-99999.,-99999.,-99999.,-99999.,-99999.
122536,1462539,-50.242858,-61.379455,6.1,-43,-99999,-99999.,-99999.,-99999.,-99999.,-99999.,-99999.
122536,1462549,-50.242988,-61.379055,6.1,-43,-99999,-99999.,-99999.,-99999.,-99999.,-99999.,-99999.
122536,1462558,-50.243117,-61.378708,6.4,-43,-99999,-99999.,-99999.,-99999.,-99999.,-99999.,-99999.
122536,1462568,-50.243222,-61.378338,6.,-43,-99999,-99999.,-99999.,-99999.,-99999.,-99999.,-99999.
122536,1462577,-50.243345,-61.377888,6.6,-43,-99999,-99999.,-99999.,-99999.,-99999.,-99999.,-99999.
122536,1462579,-50.243345,-61.377888,6.6,-43,-99999,-99999.,-99999.,-99999.,-99999.,-99999.,-99999.
122536,1462590,-50.243502,-61.377463,6.2,-43,-99999,-99999.,-99999.,-99999.,-99999.,-99999.,-99999.
122536,1462609,-50.243802,-61.376665,6.1,-43,-99999,-99999.,-99999.,-99999.,-99999.,-99999.,-99999.
122536,1467989,-50.320275,-61.177218,7.,-42,-99999,-99999.,-99999.,-99999.,-99999.,-99999.,-99999.
122536,1468008,-50.320568,-61.176522,5.6,-42,-99999,-99999.,-99999.,-99999.,-99999.,-99999.,-99999.
122536,1468037,-50.321077,-61.175322,7.9,-42,-99999,-99999.,-99999.,-99999.,-99999.,-99999.,-99999.
122536,1468038,-50.321077,-61.175322,7.9,-42,-99999,-99999.,-99999.,-99999.,-99999.,-99999.,-99999.
122536,1468048,-50.321273,-61.174935,6.9,-42,-99999,-99999.,-99999.,-99999.,-99999.,-99999.,-99999.
122536,1468049,-50.321273,-61.174935,6.9,-42,-99999,-99999.,-99999.,-99999.,-99999.,-99999.,-99999.
122536,1468097,-50.322043,-61.173093,6.2,-42,-99999,-99999.,-99999.,-99999.,-99999.,-99999.,-99999.
122536,1468098,-50.322043,-61.173093,6.2,-42,-99999,-99999.,-99999.,-99999.,-99999.,-99999.,-99999.
122536,1468109,-50.32221,-61.17269,6.2,-42,-99999,-99999.,-99999.,-99999.,-99999.,-99999.,-99999.
122536,1468118,-50.322348,-61.172382,6.,-42,-99999,-99999.,-99999.,-99999.,-99999.,-99999.,-99999.
122536,1468138,-50.32265,-61.171643,5.2,-42,-99999,-99999.,-99999.,-99999.,-99999.,-99999.,-99999.
122536,1468157,-50.322942,-61.17091,6.1,-42,-99999,-99999.,-99999.,-99999.,-99999.,-99999.,-99999.
122536,1468169,-50.32311,-61.1705,5.5,-42,-99999,-99999.,-99999.,-99999.,-99999.,-99999.,-99999.
122536,1468177,-50.323258,-61.170155,6.2,-42,-99999,-99999.,-99999.,-99999.,-99999.,-99999.,-99999.
122536,1468178,-50.323258,-61.170155,6.2,-42,-99999,-99999.,-99999.,-99999.,-99999.,-99999.,-99999.
122536,1468198,-50.323575,-61.169423,7.2,-42,-99999,-99999.,-99999.,-99999.,-99999.,-99999.,-99999.
122536,1468228,-50.324088,-61.168295,5.7,-42,-99999,-99999.,-99999.,-99999.,-99999.,-99999.,-99999.
122536,1468229,-50.324088,-61.168295,5.7,-42,-99999,-99999.,-99999.,-99999.,-99999.,-99999.,-99999.
122536,1468237,-50.324233,-61.167967,6.6,-42,-99999,-99999.,-99999.,-99999.,-99999.,-99999.,-99999.
122536,1468257,-50.324528,-61.167288,5.9,-42,-99999,-99999.,-99999.,-99999.,-99999.,-99999.,-99999.
122536,1468267,-50.324682,-61.166938,5.6,-42,-99999,-99999.,-99999.,-99999.,-99999.,-99999.,-99999.
122536,1468286,-50.324972,-61.166272,6.4,-43,-99999,-99999.,-99999.,-99999.,-99999.,-99999.,-99999.
122536,1468288,-50.324972,-61.166272,6.4,-43,-99999,-99999.,-99999.,-99999.,-99999.,-99999.,-99999.
122536,1468298,-50.32514,-61.165848,6.3,-43,-99999,-99999.,-99999.,-99999.,-99999.,-99999.,-99999.
122536,1468299,-50.32514,-61.165848,6.3,-43,-99999,-99999.,-99999.,-99999.,-99999.,-99999.,-99999.
122536,1468317,-50.325418,-61.1652,5.2,-43,-99999,-99999.,-99999.,-99999.,-99999.,-99999.,-99999.
122536,1468318,-50.325418,-61.1652,5.2,-43,-99999,-99999.,-99999.,-99999.,-99999.,-99999.,-99999.
122536,1468346,-50.325867,-61.164153,6.9,-43,-99999,-99999.,-99999.,-99999.,-99999.,-99999.,-99999.
122536,1468347,-50.325867,-61.164153,6.9,-43,-99999,-99999.,-99999.,-99999.,-99999.,-99999.,-99999.
122536,1468358,-50.326058,-61.163745,6.6,-43,-99999,-99999.,-99999.,-99999.,-99999.,-99999.,-99999.
122536,1468359,-50.326058,-61.163745,6.6,-43,-99999,-99999.,-99999.,-99999.,-99999.,-99999.,-99999.
122536,1468366,-50.326173,-61.16347,5.,-43,-99999,-99999.,-99999.,-99999.,-99999.,-99999.,-99999.
122536,1468368,-50.326173,-61.16347,5.,-43,-99999,-99999.,-99999.,-99999.,-99999.,-99999.,-99999.
122536,1468377,-50.326335,-61.163072,4.8,-43,-99999,-99999.,-99999.,-99999.,-99999.,-99999.,-99999.
122536,1468378,-50.326335,-61.163072,4.8,-43,-99999,-99999.,-99999.,-99999.,-99999.,-99999.,-99999.
122536,1468387,-50.326483,-61.16276,5.5,-43,-99999,-99999.,-99999.,-99999.,-99999.,-99999.,-99999.
122536,1468407,-50.326795,-61.16211,6.4,-43,-99999,-99999.,-99999.,-99999.,-99999.,-99999.,-99999.
122536,1468419,-50.326972,-61.161697,7.3,-43,-99999,-99999.,-99999.,-99999.,-99999.,-99999.,-99999.
122536,1468426,-50.327093,-61.161433,5.3,-43,-99999,-99999.,-99999.,-99999.,-99999.,-99999.,-99999.
122536,1468427,-50.327093,-61.161433,5.3,-43,-99999,-99999.,-99999.,-99999.,-99999.,-99999.,-99999.
122536,1468437,-50.327255,-61.161033,5.1,-43,-99999,-99999.,-99999.,-99999.,-99999.,-99999.,-99999.
122536,1468438,-50.327255,-61.161033,5.1,-43,-99999,-99999.,-99999.,-99999.,-99999.,-99999.,-99999.
122536,1468479,-50.327897,-61.159678,5.2,-43,-99999,-99999.,-99999.,-99999.,-99999.,-99999.,-99999.
122536,1468497,-50.328173,-61.159055,5.3,-43,-99999,-99999.,-99999.,-99999.,-99999.,-99999.,-99999.
122536,1468507,-50.328308,-61.158762,5.4,-43,-99999,-99999.,-99999.,-99999.,-99999.,-99999.,-99999.
122536,1468508,-50.328308,-61.158762,5.4,-43,-99999,-99999.,-99999.,-99999.,-99999.,-99999.,-99999.
122536,1468518,-50.328475,-61.158388,5.5,-43,-99999,-99999.,-99999.,-99999.,-99999.,-99999.,-99999.
122536,1468519,-50.328475,-61.158388,5.5,-43,-99999,-99999.,-99999.,-99999.,-99999.,-99999.,-99999.
122536,1468527,-50.328625,-61.1581,6.,-43,-99999,-99999.,-99999.,-99999.,-99999.,-99999.,-99999.
122536,1468539,-50.32879,-61.15768,5.9,-43,-99999,-99999.,-99999.,-99999.,-99999.,-99999.,-99999.
122536,1473858,-50.416097,-60.982075,6.7,-42,-99999,-99999.,-99999.,-99999.,-99999.,-99999.,-99999.
122536,1473859,-50.416097,-60.982075,6.7,-42,-99999,-99999.,-99999.,-99999.,-99999.,-99999.,-99999.
122536,1473919,-50.417137,-60.980065,6.,-41,-99999,-99999.,-99999.,-99999.,-99999.,-99999.,-99999.
122536,1473958,-50.417832,-60.978712,5.4,-41,-99999,-99999.,-99999.,-99999.,-99999.,-99999.,-99999.
122536,1473959,-50.417832,-60.978712,5.4,-41,-99999,-99999.,-99999.,-99999.,-99999.,-99999.,-99999.
122536,1473979,-50.418173,-60.978012,7.6,-41,-99999,-99999.,-99999.,-99999.,-99999.,-99999.,-99999.
122536,1474019,-50.418895,-60.976693,6.1,-41,-99999,-99999.,-99999.,-99999.,-99999.,-99999.,-99999.
122536,1474027,-50.419075,-60.976375,6.7,-41,-99999,-99999.,-99999.,-99999.,-99999.,-99999.,-99999.
122536,1474028,-50.419075,-60.976375,6.7,-41,-99999,-99999.,-99999.,-99999.,-99999.,-99999.,-99999.
122536,1474078,-50.41994,-60.9747,6.3,-41,-99999,-99999.,-99999.,-99999.,-99999.,-99999.,-99999.
122536,1474079,-50.41994,-60.9747,6.3,-41,-99999,-99999.,-99999.,-99999.,-99999.,-99999.,-99999.
122536,1474088,-50.420095,-60.97435,6.1,-41,-99999,-99999.,-99999.,-99999.,-99999.,-99999.,-99999.
122536,1474117,-50.420573,-60.973348,5.5,-41,-99999,-99999.,-99999.,-99999.,-99999.,-99999.,-99999.
122536,1474138,-50.42091,-60.972612,5.6,-41,-99999,-99999.,-99999.,-99999.,-99999.,-99999.,-99999.
122536,1474139,-50.42091,-60.972612,5.6,-41,-99999,-99999.,-99999.,-99999.,-99999.,-99999.,-99999.
122536,1474147,-50.421063,-60.972265,6.2,-41,-99999,-99999.,-99999.,-99999.,-99999.,-99999.,-99999.
122536,1474168,-50.421425,-60.971582,6.6,-40,-99999,-99999.,-99999.,-99999.,-99999.,-99999.,-99999.
122536,1474208,-50.422073,-60.970302,6.1,-40,-99999,-99999.,-99999.,-99999.,-99999.,-99999.,-99999.
122536,1474229,-50.422415,-60.969613,6.3,-40,-99999,-99999.,-99999.,-99999.,-99999.,-99999.,-99999.
122536,1474237,-50.422575,-60.969362,5.5,-40,-99999,-99999.,-99999.,-99999.,-99999.,-99999.,-99999.
122536,1474238,-50.422575,-60.969362,5.5,-40,-99999,-99999.,-99999.,-99999.,-99999.,-99999.,-99999.
122536,1474248,-50.422757,-60.96899,6.2,-40,-99999,-99999.,-99999.,-99999.,-99999.,-99999.,-99999.
122536,1474267,-50.423113,-60.968353,5.8,-40,-99999,-99999.,-99999.,-99999.,-99999.,-99999.,-99999.
122536,1474268,-50.423113,-60.968353,5.8,-40,-99999,-99999.,-99999.,-99999.,-99999.,-99999.,-99999.
122536,1474348,-50.424568,-60.965773,6.7,-40,-99999,-99999.,-99999.,-99999.,-99999.,-99999.,-99999.
122536,1474369,-50.424897,-60.965063,6.2,-40,-99999,-99999.,-99999.,-99999.,-99999.,-99999.,-99999.
122536,1474389,-50.425297,-60.96437,7.4,-40,-99999,-99999.,-99999.,-99999.,-99999.,-99999.,-99999.
122536,1474398,-50.42547,-60.964047,7.9,-40,-99999,-99999.,-99999.,-99999.,-99999.,-99999.,-99999.
122536,1474408,-50.425637,-60.963708,7.,-40,-99999,-99999.,-99999.,-99999.,-99999.,-99999.,-99999.
122536,1479507,-50.514607,-60.787587,6.4,-38,-99999,-99999.,-99999.,-99999.,-99999.,-99999.,-99999.
122536,1479808,-50.519997,-60.776875,7.7,-38,-99999,-99999.,-99999.,-99999.,-99999.,-99999.,-99999.
122536,1479809,-50.519997,-60.776875,7.7,-38,-99999,-99999.,-99999.,-99999.,-99999.,-99999.,-99999.
122536,1479837,-50.520468,-60.775828,6.4,-38,-99999,-99999.,-99999.,-99999.,-99999.,-99999.,-99999.
122536,1479868,-50.520993,-60.774638,5.9,-38,-99999,-99999.,-99999.,-99999.,-99999.,-99999.,-99999.
122536,1479876,-50.521123,-60.774315,5.8,-38,-99999,-99999.,-99999.,-99999.,-99999.,-99999.,-99999.
122536,1479877,-50.521123,-60.774315,5.8,-38,-99999,-99999.,-99999.,-99999.,-99999.,-99999.,-99999.
122536,1479886,-50.521295,-60.773957,6.8,-38,-99999,-99999.,-99999.,-99999.,-99999.,-99999.,-99999.
122536,1479887,-50.521295,-60.773957,6.8,-38,-99999,-99999.,-99999.,-99999.,-99999.,-99999.,-99999.
122536,1479936,-50.522223,-60.77224,6.9,-38,-99999,-99999.,-99999.,-99999.,-99999.,-99999.,-99999.
122536,1479937,-50.522223,-60.77224,6.9,-38,-99999,-99999.,-99999.,-99999.,-99999.,-99999.,-99999.
122536,1479946,-50.522398,-60.771877,6.2,-38,-99999,-99999.,-99999.,-99999.,-99999.,-99999.,-99999.
122536,1479996,-50.523247,-60.770005,5.8,-38,-99999,-99999.,-99999.,-99999.,-99999.,-99999.,-99999.
122536,1479997,-50.523247,-60.770005,5.8,-38,-99999,-99999.,-99999.,-99999.,-99999.,-99999.,-99999.
122536,1480027,-50.523743,-60.768877,6.6,-38,-99999,-99999.,-99999.,-99999.,-99999.,-99999.,-99999.
122536,1480048,-50.524122,-60.768065,7.1,-38,-99999,-99999.,-99999.,-99999.,-99999.,-99999.,-99999.
122536,1480057,-50.524275,-60.767743,5.6,-38,-99999,-99999.,-99999.,-99999.,-99999.,-99999.,-99999.
122536,1480067,-50.524452,-60.767395,6.1,-38,-99999,-99999.,-99999.,-99999.,-99999.,-99999.,-99999.
122536,1480096,-50.525015,-60.76635,6.3,-38,-99999,-99999.,-99999.,-99999.,-99999.,-99999.,-99999.
122536,1480097,-50.525015,-60.76635,6.3,-38,-99999,-99999.,-99999.,-99999.,-99999.,-99999.,-99999.
122536,1480108,-50.525232,-60.765938,6.3,-38,-99999,-99999.,-99999.,-99999.,-99999.,-99999.,-99999.
122536,1480109,-50.525232,-60.765938,6.3,-38,-99999,-99999.,-99999.,-99999.,-99999.,-99999.,-99999.
122536,1480118,-50.525402,-60.765613,5.7,-38,-99999,-99999.,-99999.,-99999.,-99999.,-99999.,-99999.
122536,1480157,-50.526067,-60.764193,6.2,-38,-99999,-99999.,-99999.,-99999.,-99999.,-99999.,-99999.
122536,1480177,-50.526457,-60.76345,6.2,-38,-99999,-99999.,-99999.,-99999.,-99999.,-99999.,-99999.
122536,1480178,-50.526457,-60.76345,6.2,-38,-99999,-99999.,-99999.,-99999.,-99999.,-99999.,-99999.
122536,1480188,-50.526653,-60.763057,6.3,-38,-99999,-99999.,-99999.,-99999.,-99999.,-99999.,-99999.
122536,1480208,-50.52699,-60.76238,6.,-38,-99999,-99999.,-99999.,-99999.,-99999.,-99999.,-99999.
122536,1481651,-50.552545,-60.710347,5.6,-38,-99999,-99999.,-99999.,-99999.,-99999.,-99999.,-99999.
122536,1486699,-50.64194,-60.513243,7.2,-33,-99999,-99999.,-99999.,-99999.,-99999.,-99999.,-99999.
122536,1487111,-50.649108,-60.49623,6.,-35,-99999,-99999.,-99999.,-99999.,-99999.,-99999.,-99999.
122536,1488010,-50.664903,-60.458313,6.5,-34,-99999,-99999.,-99999.,-99999.,-99999.,-99999.,-99999.
122536,1491839,-50.739148,-60.308598,6.1,-31,-99999,-99999.,-99999.,-99999.,-99999.,-99999.,-99999.
122536,1492680,-50.753455,-60.279862,6.,-28,-99999,-99999.,-99999.,-99999.,-99999.,-99999.,-99999.
122536,1492859,-50.756615,-60.273873,6.1,-28,-99999,-99999.,-99999.,-99999.,-99999.,-99999.,-99999.
122536,1493659,-50.770963,-60.247413,6.3,-30,-99999,-99999.,-99999.,-99999.,-99999.,-99999.,-99999.
122536,1494320,-50.783228,-60.226188,5.8,-29,-99999,-99999.,-99999.,-99999.,-99999.,-99999.,-99999.
122536,1495069,-50.796995,-60.202583,5.8,-29,-99999,-99999.,-99999.,-99999.,-99999.,-99999.,-99999.
122536,1495490,-50.80505,-60.189182,6.,-28,-99999,-99999.,-99999.,-99999.,-99999.,-99999.,-99999.
122536,1496310,-50.820817,-60.162942,6.9,-30,-99999,-99999.,-99999.,-99999.,-99999.,-99999.,-99999.
122536,1497620,-50.845693,-60.121905,5.6,-26,-99999,-99999.,-99999.,-99999.,-99999.,-99999.,-99999.
122536,1498760,-50.865933,-60.084085,6.,-24,-99999,-99999.,-99999.,-99999.,-99999.,-99999.,-99999.
122536,1499900,-50.88537,-60.047538,5.9,-27,-99999,-99999.,-99999.,-99999.,-99999.,-99999.,-99999.
122536,1500530,-50.895695,-60.028162,7.1,-26,-99999,-99999.,-99999.,-99999.,-99999.,-99999.,-99999.
122536,1502219,-50.916972,-59.979068,6.,-23,-99999,-99999.,-99999.,-99999.,-99999.,-99999.,-99999.
122536,1503051,-50.936277,-59.949502,7.2,-22,-99999,-99999.,-99999.,-99999.,-99999.,-99999.,-99999.
122536,1503568,-50.948335,-59.931712,6.7,-21,-99999,-99999.,-99999.,-99999.,-99999.,-99999.,-99999.
122536,1504956,-50.98073,-59.885515,2.8,-23,-99999,-99999.,-99999.,-99999.,-99999.,-99999.,-99999.
122536,1505941,-50.974062,-59.899332,2.1,-24,-99999,-99999.,-99999.,-99999.,-99999.,-99999.,-99999.
122536,1507229,-50.96615,-59.914385,1.9,-24,-99999,-99999.,-99999.,-99999.,-99999.,-99999.,-99999.
122536,1508440,-50.954613,-59.940545,1.5,-21,-99999,-99999.,-99999.,-99999.,-99999.,-99999.,-99999.
122536,1509828,-50.94937,-59.960807,2.7,-22,-99999,-99999.,-99999.,-99999.,-99999.,-99999.,-99999.
122536,1511008,-50.949425,-59.97462,1.8,-23,-99999,-99999.,-99999.,-99999.,-99999.,-99999.,-99999.
122536,1511257,-50.95017,-59.977483,2.2,-23,-99999,-99999.,-99999.,-99999.,-99999.,-99999.,-99999.
122536,1512290,-50.948803,-59.991557,1.1,-24,-99999,-99999.,-99999.,-99999.,-99999.,-99999.,-99999.
122536,1513439,-50.945802,-60.008663,2.6,-20,-99999,-99999.,-99999.,-99999.,-99999.,-99999.,-99999.
122536,1514700,-50.94389,-60.025983,1.8,-21,-99999,-99999.,-99999.,-99999.,-99999.,-99999.,-99999.
122536,1515961,-50.941308,-60.043145,1.9,-22,-99999,-99999.,-99999.,-99999.,-99999.,-99999.,-99999.
122536,1516189,-50.941113,-60.046128,3.4,-22,-99999,-99999.,-99999.,-99999.,-99999.,-99999.,-99999.
122536,1516199,-50.941087,-60.046305,3.,-22,-99999,-99999.,-99999.,-99999.,-99999.,-99999.,-99999.
122536,1516208,-50.941057,-60.046457,3.2,-22,-99999,-99999.,-99999.,-99999.,-99999.,-99999.,-99999.
122536,1516209,-50.941057,-60.046457,3.2,-22,-99999,-99999.,-99999.,-99999.,-99999.,-99999.,-99999.
122536,1516218,-50.941025,-60.046628,2.8,-22,-99999,-99999.,-99999.,-99999.,-99999.,-99999.,-99999.
122536,1516227,-50.940997,-60.046778,2.3,-22,-99999,-99999.,-99999.,-99999.,-99999.,-99999.,-99999.
122536,1516228,-50.940997,-60.046778,2.3,-22,-99999,-99999.,-99999.,-99999.,-99999.,-99999.,-99999.
122536,1516237,-50.94097,-60.046947,2.6,-22,-99999,-99999.,-99999.,-99999.,-99999.,-99999.,-99999.
122536,1516238,-50.94097,-60.046947,2.6,-22,-99999,-99999.,-99999.,-99999.,-99999.,-99999.,-99999.
122536,1516259,-50.940902,-60.047243,2.1,-22,-99999,-99999.,-99999.,-99999.,-99999.,-99999.,-99999.
122536,1516268,-50.940882,-60.047353,0.8,-22,-99999,-99999.,-99999.,-99999.,-99999.,-99999.,-99999.
122536,1516278,-50.940862,-60.047447,1.4,-22,-99999,-99999.,-99999.,-99999.,-99999.,-99999.,-99999.
122536,1516287,-50.940852,-60.04752,1.7,-22,-99999,-99999.,-99999.,-99999.,-99999.,-99999.,-99999.
122536,1516297,-50.940853,-60.047635,0.9,-22,-99999,-99999.,-99999.,-99999.,-99999.,-99999.,-99999.
122536,1516298,-50.940853,-60.047635,0.9,-22,-99999,-99999.,-99999.,-99999.,-99999.,-99999.,-99999.
122536,1516305,-50.940862,-60.047718,1.5,-23,-99999,-99999.,-99999.,-99999.,-99999.,-99999.,-99999.
122536,1516312,-50.940875,-60.047792,0.5,-23,-99999,-99999.,-99999.,-99999.,-99999.,-99999.,-99999.
122536,1516314,-50.940872,-60.047808,1.5,-23,-99999,-99999.,-99999.,-99999.,-99999.,-99999.,-99999.
122536,1516315,-50.940872,-60.047808,1.5,-23,-99999,-99999.,-99999.,-99999.,-99999.,-99999.,-99999.
122536,1516317,-50.940898,-60.047845,2.4,-23,-99999,-99999.,-99999.,-99999.,-99999.,-99999.,-99999.
122536,1516318,-50.940898,-60.047845,2.4,-23,-99999,-99999.,-99999.,-99999.,-99999.,-99999.,-99999.
122536,1516320,-50.940898,-60.04789,2.,-23,-99999,-99999.,-99999.,-99999.,-99999.,-99999.,-99999.
122536,1516322,-50.940898,-60.04789,2.,-23,-99999,-99999.,-99999.,-99999.,-99999.,-99999.,-99999.
122536,1516325,-50.940928,-60.047908,2.7,-23,-99999,-99999.,-99999.,-99999.,-99999.,-99999.,-99999.
122536,1516328,-50.94096,-60.047955,1.2,-23,-99999,-99999.,-99999.,-99999.,-99999.,-99999.,-99999.
122536,1516329,-50.94096,-60.047955,1.2,-23,-99999,-99999.,-99999.,-99999.,-99999.,-99999.,-99999.
122536,1516331,-50.940968,-60.047968,1.4,-23,-99999,-99999.,-99999.,-99999.,-99999.,-99999.,-99999.
122536,1516334,-50.940975,-60.047998,2.3,-23,-99999,-99999.,-99999.,-99999.,-99999.,-99999.,-99999.
122536,1516335,-50.940975,-60.047998,2.3,-23,-99999,-99999.,-99999.,-99999.,-99999.,-99999.,-99999.
122536,1516338,-50.941007,-60.04804,2.5,-23,-99999,-99999.,-99999.,-99999.,-99999.,-99999.,-99999.
122536,1516341,-50.941013,-60.04808,0.6,-23,-99999,-99999.,-99999.,-99999.,-99999.,-99999.,-99999.
122536,1516344,-50.941018,-60.048097,2.1,-23,-99999,-99999.,-99999.,-99999.,-99999.,-99999.,-99999.
122536,1516347,-50.94104,-60.048138,2.7,-23,-99999,-99999.,-99999.,-99999.,-99999.,-99999.,-99999.
122536,1516348,-50.94104,-60.048138,2.7,-23,-99999,-99999.,-99999.,-99999.,-99999.,-99999.,-99999.
122536,1516352,-50.941057,-60.04818,1.8,-23,-99999,-99999.,-99999.,-99999.,-99999.,-99999.,-99999.
122536,1516355,-50.941075,-60.048225,3.,-23,-99999,-99999.,-99999.,-99999.,-99999.,-99999.,-99999.
122536,1516357,-50.941095,-60.048257,3.5,-23,-99999,-99999.,-99999.,-99999.,-99999.,-99999.,-99999.
122536,1516369,-50.941173,-60.048377,1.1,-23,-99999,-99999.,-99999.,-99999.,-99999.,-99999.,-99999.
122536,1516385,-50.94129,-60.048537,2.7,-23,-99999,-99999.,-99999.,-99999.,-99999.,-99999.,-99999.
122536,1516388,-50.94133,-60.0486,1.4,-23,-99999,-99999.,-99999.,-99999.,-99999.,-99999.,-99999.
122536,1516398,-50.941403,-60.048717,2.7,-23,-99999,-99999.,-99999.,-99999.,-99999.,-99999.,-99999.
122536,1516407,-50.94147,-60.048825,2.3,-23,-99999,-99999.,-99999.,-99999.,-99999.,-99999.,-99999.
122536,1516408,-50.94147,-60.048825,2.3,-23,-99999,-99999.,-99999.,-99999.,-99999.,-99999.,-99999.
122536,1516418,-50.941525,-60.048963,1.7,-23,-99999,-99999.,-99999.,-99999.,-99999.,-99999.,-99999.
122536,1516427,-50.941615,-60.049073,4.3,-23,-99999,-99999.,-99999.,-99999.,-99999.,-99999.,-99999.
122536,1516509,-50.942093,-60.05021,1.1,-23,-99999,-99999.,-99999.,-99999.,-99999.,-99999.,-99999.
122536,1516514,-50.94212,-60.050312,1.9,-23,-99999,-99999.,-99999.,-99999.,-99999.,-99999.,-99999.
122536,1516515,-50.94212,-60.050312,1.9,-23,-99999,-99999.,-99999.,-99999.,-99999.,-99999.,-99999.
122536,1516539,-50.942135,-60.050665,2.1,-23,-99999,-99999.,-99999.,-99999.,-99999.,-99999.,-99999.
122536,1516548,-50.942143,-60.050772,1.7,-23,-99999,-99999.,-99999.,-99999.,-99999.,-99999.,-99999.
122536,1516581,-50.942108,-60.051212,2.3,-23,-99999,-99999.,-99999.,-99999.,-99999.,-99999.,-99999.
122536,1516617,-50.941978,-60.051768,3.4,-23,-99999,-99999.,-99999.,-99999.,-99999.,-99999.,-99999.
122536,1516619,-50.941978,-60.051768,3.4,-23,-99999,-99999.,-99999.,-99999.,-99999.,-99999.,-99999.
122536,1516659,-50.941768,-60.05248,2.5,-23,-99999,-99999.,-99999.,-99999.,-99999.,-99999.,-99999.
122536,1517238,-50.940642,-60.061037,2.7,-23,-99999,-99999.,-99999.,-99999.,-99999.,-99999.,-99999.
122536,1518420,-50.963558,-60.036435,7.,-22,-99999,-99999.,-99999.,-99999.,-99999.,-99999.,-99999.
122536,1518500,-50.965477,-60.034025,6.9,-22,-99999,-99999.,-99999.,-99999.,-99999.,-99999.,-99999.
122536,1519511,-50.989445,-60.00518,6.7,-20,-99999,-99999.,-99999.,-99999.,-99999.,-99999.,-99999.
122536,1519699,-50.994062,-59.999792,6.2,-24,-99999,-99999.,-99999.,-99999.,-99999.,-99999.,-99999.
122536,1519740,-50.995082,-59.99857,5.9,-24,-99999,-99999.,-99999.,-99999.,-99999.,-99999.,-99999.
122536,1520966,-51.023747,-59.965758,3.4,-18,-99999,-99999.,-99999.,-99999.,-99999.,-99999.,-99999.
122536,1522007,-51.026242,-59.979832,0.8,-19,-99999,-99999.,-99999.,-99999.,-99999.,-99999.,-99999.
122536,1522008,-51.026242,-59.979832,0.8,-19,-99999,-99999.,-99999.,-99999.,-99999.,-99999.,-99999.
122536,1522016,-51.02628,-59.979938,1.3,-19,-99999,-99999.,-99999.,-99999.,-99999.,-99999.,-99999.
122536,1522017,-51.02628,-59.979938,1.3,-19,-99999,-99999.,-99999.,-99999.,-99999.,-99999.,-99999.
122536,1522027,-51.026308,-59.980075,2.3,-19,-99999,-99999.,-99999.,-99999.,-99999.,-99999.,-99999.
122536,1522028,-51.026308,-59.980075,2.3,-19,-99999,-99999.,-99999.,-99999.,-99999.,-99999.,-99999.
122536,1522037,-51.026317,-59.98022,1.7,-19,-99999,-99999.,-99999.,-99999.,-99999.,-99999.,-99999.
122536,1522038,-51.026317,-59.98022,1.7,-19,-99999,-99999.,-99999.,-99999.,-99999.,-99999.,-99999.
122536,1522046,-51.02633,-59.980347,1.8,-19,-99999,-99999.,-99999.,-99999.,-99999.,-99999.,-99999.
122536,1522057,-51.026337,-59.980523,1.7,-19,-99999,-99999.,-99999.,-99999.,-99999.,-99999.,-99999.
122536,1522058,-51.026337,-59.980523,1.7,-19,-99999,-99999.,-99999.,-99999.,-99999.,-99999.,-99999.
122536,1522076,-51.026382,-59.98079,1.5,-19,-99999,-99999.,-99999.,-99999.,-99999.,-99999.,-99999.
122536,1522077,-51.026382,-59.98079,1.5,-19,-99999,-99999.,-99999.,-99999.,-99999.,-99999.,-99999.
122536,1522087,-51.02639,-59.980935,2.1,-19,-99999,-99999.,-99999.,-99999.,-99999.,-99999.,-99999.
122536,1522107,-51.026395,-59.981228,2.2,-19,-99999,-99999.,-99999.,-99999.,-99999.,-99999.,-99999.
122536,1522136,-51.026378,-59.981665,1.2,-19,-99999,-99999.,-99999.,-99999.,-99999.,-99999.,-99999.
122536,1522137,-51.026378,-59.981665,1.2,-19,-99999,-99999.,-99999.,-99999.,-99999.,-99999.,-99999.
122536,1522147,-51.02638,-59.98179,0.9,-19,-99999,-99999.,-99999.,-99999.,-99999.,-99999.,-99999.
122536,1522148,-51.02638,-59.98179,0.9,-19,-99999,-99999.,-99999.,-99999.,-99999.,-99999.,-99999.
122536,1522166,-51.026417,-59.982008,2.2,-19,-99999,-99999.,-99999.,-99999.,-99999.,-99999.,-99999.
122536,1522167,-51.026417,-59.982008,2.2,-19,-99999,-99999.,-99999.,-99999.,-99999.,-99999.,-99999.
122536,1522178,-51.026427,-59.982152,2.8,-19,-99999,-99999.,-99999.,-99999.,-99999.,-99999.,-99999.
122536,1522187,-51.026438,-59.982293,1.5,-19,-99999,-99999.,-99999.,-99999.,-99999.,-99999.,-99999.
122536,1522188,-51.026438,-59.982293,1.5,-19,-99999,-99999.,-99999.,-99999.,-99999.,-99999.,-99999.
122536,1522207,-51.026452,-59.982573,2.1,-19,-99999,-99999.,-99999.,-99999.,-99999.,-99999.,-99999.
122536,1522267,-51.026435,-59.983502,1.4,-19,-99999,-99999.,-99999.,-99999.,-99999.,-99999.,-99999.
122536,1522268,-51.026435,-59.983502,1.4,-19,-99999,-99999.,-99999.,-99999.,-99999.,-99999.,-99999.
122536,1522280,-51.026443,-59.98364,2.3,-19,-99999,-99999.,-99999.,-99999.,-99999.,-99999.,-99999.
122536,1522298,-51.02646,-59.983895,1.8,-19,-99999,-99999.,-99999.,-99999.,-99999.,-99999.,-99999.
122536,1522307,-51.026463,-59.984007,0.3,-19,-99999,-99999.,-99999.,-99999.,-99999.,-99999.,-99999.
122536,1522369,-51.02648,-59.984717,0.8,-19,-99999,-99999.,-99999.,-99999.,-99999.,-99999.,-99999.
122536,1522377,-51.026475,-59.984833,1.9,-19,-99999,-99999.,-99999.,-99999.,-99999.,-99999.,-99999.
122536,1522389,-51.02649,-59.984963,1.9,-19,-99999,-99999.,-99999.,-99999.,-99999.,-99999.,-99999.
122536,1522416,-51.026577,-59.985277,1.4,-19,-99999,-99999.,-99999.,-99999.,-99999.,-99999.,-99999.
122536,1522437,-51.026638,-59.985477,1.6,-19,-99999,-99999.,-99999.,-99999.,-99999.,-99999.,-99999.
122536,1522438,-51.026638,-59.985477,1.6,-19,-99999,-99999.,-99999.,-99999.,-99999.,-99999.,-99999.
122536,1524980,-51.036303,-60.010783,1.8,-14,-99999,-99999.,-99999.,-99999.,-99999.,-99999.,-99999.
122536,1527857,-51.026143,-60.034172,1.1,-16,-99999,-99999.,-99999.,-99999.,-99999.,-99999.,-99999.
122536,1527867,-51.02613,-60.03423,0.4,-16,-99999,-99999.,-99999.,-99999.,-99999.,-99999.,-99999.
122536,1527908,-51.026003,-60.034582,1.4,-16,-99999,-99999.,-99999.,-99999.,-99999.,-99999.,-99999.
122536,1527917,-51.02597,-60.034667,1.2,-16,-99999,-99999.,-99999.,-99999.,-99999.,-99999.,-99999.
122536,1527918,-51.02597,-60.034667,1.2,-16,-99999,-99999.,-99999.,-99999.,-99999.,-99999.,-99999.
122536,1527927,-51.025927,-60.034762,0.3,-16,-99999,-99999.,-99999.,-99999.,-99999.,-99999.,-99999.
122536,1527937,-51.02588,-60.034827,1.6,-16,-99999,-99999.,-99999.,-99999.,-99999.,-99999.,-99999.
122536,1527947,-51.025872,-60.034893,1.6,-16,-99999,-99999.,-99999.,-99999.,-99999.,-99999.,-99999.
122536,1527958,-51.025862,-60.034972,1.8,-16,-99999,-99999.,-99999.,-99999.,-99999.,-99999.,-99999.
122536,1527968,-51.025862,-60.03506,1.1,-16,-99999,-99999.,-99999.,-99999.,-99999.,-99999.,-99999.
122536,1527969,-51.025862,-60.03506,1.1,-16,-99999,-99999.,-99999.,-99999.,-99999.,-99999.,-99999.
122536,1527987,-51.025862,-60.03519,2.2,-16,-99999,-99999.,-99999.,-99999.,-99999.,-99999.,-99999.
122536,1528007,-51.025837,-60.035372,1.2,-16,-99999,-99999.,-99999.,-99999.,-99999.,-99999.,-99999.
122536,1528017,-51.025798,-60.035438,1.8,-16,-99999,-99999.,-99999.,-99999.,-99999.,-99999.,-99999.
122536,1528018,-51.025798,-60.035438,1.8,-16,-99999,-99999.,-99999.,-99999.,-99999.,-99999.,-99999.
122536,1528028,-51.025767,-60.035482,2.,-16,-99999,-99999.,-99999.,-99999.,-99999.,-99999.,-99999.
122536,1528037,-51.025728,-60.0355,0.9,-16,-99999,-99999.,-99999.,-99999.,-99999.,-99999.,-99999.
122536,1528038,-51.025728,-60.0355,0.9,-16,-99999,-99999.,-99999.,-99999.,-99999.,-99999.,-99999.
122536,1528046,-51.02568,-60.035528,1.1,-16,-99999,-99999.,-99999.,-99999.,-99999.,-99999.,-99999.
122536,1528047,-51.02568,-60.035528,1.1,-16,-99999,-99999.,-99999.,-99999.,-99999.,-99999.,-99999.
122536,1528056,-51.025627,-60.035578,1.4,-16,-99999,-99999.,-99999.,-99999.,-99999.,-99999.,-99999.
122536,1528057,-51.025627,-60.035578,1.4,-16,-99999,-99999.,-99999.,-99999.,-99999.,-99999.,-99999.
122536,1528066,-51.025577,-60.03564,1.3,-16,-99999,-99999.,-99999.,-99999.,-99999.,-99999.,-99999.
122536,1528067,-51.025577,-60.03564,1.3,-16,-99999,-99999.,-99999.,-99999.,-99999.,-99999.,-99999.
122536,1528073,-51.025542,-60.035675,1.5,-16,-99999,-99999.,-99999.,-99999.,-99999.,-99999.,-99999.
122536,1528075,-51.025542,-60.035675,1.5,-16,-99999,-99999.,-99999.,-99999.,-99999.,-99999.,-99999.
122536,1528079,-51.025503,-60.035725,2.5,-16,-99999,-99999.,-99999.,-99999.,-99999.,-99999.,-99999.
122536,1528081,-51.025503,-60.035725,2.5,-16,-99999,-99999.,-99999.,-99999.,-99999.,-99999.,-99999.
122536,1528097,-51.02548,-60.035833,1.2,-16,-99999,-99999.,-99999.,-99999.,-99999.,-99999.,-99999.
122536,1528106,-51.025462,-60.035893,1.2,-16,-99999,-99999.,-99999.,-99999.,-99999.,-99999.,-99999.
122536,1528107,-51.025462,-60.035893,1.2,-16,-99999,-99999.,-99999.,-99999.,-99999.,-99999.,-99999.
122536,1528126,-51.02541,-60.036012,1.8,-16,-99999,-99999.,-99999.,-99999.,-99999.,-99999.,-99999.
122536,1528127,-51.02541,-60.036012,1.8,-16,-99999,-99999.,-99999.,-99999.,-99999.,-99999.,-99999.
122536,1528157,-51.025272,-60.036243,1.8,-16,-99999,-99999.,-99999.,-99999.,-99999.,-99999.,-99999.
122536,1528158,-51.025272,-60.036243,1.8,-16,-99999,-99999.,-99999.,-99999.,-99999.,-99999.,-99999.
122536,1528166,-51.025232,-60.036302,2.2,-16,-99999,-99999.,-99999.,-99999.,-99999.,-99999.,-99999.
122536,1528167,-51.025232,-60.036302,2.2,-16,-99999,-99999.,-99999.,-99999.,-99999.,-99999.,-99999.
122536,1528176,-51.025185,-60.03639,1.4,-16,-99999,-99999.,-99999.,-99999.,-99999.,-99999.,-99999.
122536,1528177,-51.025185,-60.03639,1.4,-16,-99999,-99999.,-99999.,-99999.,-99999.,-99999.,-99999.
122536,1528227,-51.024858,-60.036688,0.5,-16,-99999,-99999.,-99999.,-99999.,-99999.,-99999.,-99999.
122536,1528259,-51.02468,-60.036822,1.4,-16,-99999,-99999.,-99999.,-99999.,-99999.,-99999.,-99999.
122536,1528277,-51.024602,-60.036935,1.1,-16,-99999,-99999.,-99999.,-99999.,-99999.,-99999.,-99999.
122536,1528278,-51.024602,-60.036935,1.1,-16,-99999,-99999.,-99999.,-99999.,-99999.,-99999.,-99999.
122536,1528287,-51.02456,-60.037005,1.3,-16,-99999,-99999.,-99999.,-99999.,-99999.,-99999.,-99999.
122536,1528288,-51.02456,-60.037005,1.3,-16,-99999,-99999.,-99999.,-99999.,-99999.,-99999.,-99999.
122536,1528297,-51.024518,-60.037083,2.1,-16,-99999,-99999.,-99999.,-99999.,-99999.,-99999.,-99999.
122536,1528318,-51.024437,-60.037273,2.5,-16,-99999,-99999.,-99999.,-99999.,-99999.,-99999.,-99999.
122536,1528319,-51.024437,-60.037273,2.5,-16,-99999,-99999.,-99999.,-99999.,-99999.,-99999.,-99999.
122536,1528337,-51.02439,-60.037433,1.5,-16,-99999,-99999.,-99999.,-99999.,-99999.,-99999.,-99999.
122536,1528338,-51.02439,-60.037433,1.5,-16,-99999,-99999.,-99999.,-99999.,-99999.,-99999.,-99999.
122536,1528347,-51.024348,-60.037522,1.,-16,-99999,-99999.,-99999.,-99999.,-99999.,-99999.,-99999.
122536,1528348,-51.024348,-60.037522,1.,-16,-99999,-99999.,-99999.,-99999.,-99999.,-99999.,-99999.
122536,1528378,-51.024207,-60.037717,1.8,-16,-99999,-99999.,-99999.,-99999.,-99999.,-99999.,-99999.
122536,1528379,-51.024207,-60.037717,1.8,-16,-99999,-99999.,-99999.,-99999.,-99999.,-99999.,-99999.
122536,1528428,-51.023867,-60.038005,1.6,-16,-99999,-99999.,-99999.,-99999.,-99999.,-99999.,-99999.
122536,1528438,-51.023818,-60.0381,2.7,-16,-99999,-99999.,-99999.,-99999.,-99999.,-99999.,-99999.
122536,1528444,-51.023787,-60.038153,2.2,-16,-99999,-99999.,-99999.,-99999.,-99999.,-99999.,-99999.
122536,1528456,-51.023763,-60.038253,0.7,-16,-99999,-99999.,-99999.,-99999.,-99999.,-99999.,-99999.
122536,1528463,-51.023745,-60.03831,2.1,-16,-99999,-99999.,-99999.,-99999.,-99999.,-99999.,-99999.
122536,1528464,-51.023745,-60.03831,2.1,-16,-99999,-99999.,-99999.,-99999.,-99999.,-99999.,-99999.
122536,1528471,-51.023735,-60.03835,1.6,-16,-99999,-99999.,-99999.,-99999.,-99999.,-99999.,-99999.
122536,1528479,-51.023728,-60.038388,0.5,-16,-99999,-99999.,-99999.,-99999.,-99999.,-99999.,-99999.
122536,1528487,-51.023723,-60.03843,1.2,-16,-99999,-99999.,-99999.,-99999.,-99999.,-99999.,-99999.
122536,1528488,-51.023723,-60.03843,1.2,-16,-99999,-99999.,-99999.,-99999.,-99999.,-99999.,-99999.
122536,1528517,-51.023642,-60.03863,1.4,-16,-99999,-99999.,-99999.,-99999.,-99999.,-99999.,-99999.
122536,1530620,-51.015637,-60.050242,1.1,-17,-99999,-99999.,-99999.,-99999.,-99999.,-99999.,-99999.
122536,1533878,-51.00141,-60.05281,1.4,-17,-99999,-99999.,-99999.,-99999.,-99999.,-99999.,-99999.
122536,1533917,-51.001207,-60.052865,1.2,-17,-99999,-99999.,-99999.,-99999.,-99999.,-99999.,-99999.
122536,1550579,-51.111227,-59.843865,7.8,-8,-99999,-99999.,-99999.,-99999.,-99999.,-99999.,-99999.
122536,1550599,-51.111465,-59.842932,7.,-8,-99999,-99999.,-99999.,-99999.,-99999.,-99999.,-99999.
122536,1550608,-51.111567,-59.842477,7.3,-8,-99999,-99999.,-99999.,-99999.,-99999.,-99999.,-99999.
122536,1550619,-51.111685,-59.841925,7.9,-8,-99999,-99999.,-99999.,-99999.,-99999.,-99999.,-99999.
122536,1550628,-51.111822,-59.841497,7.5,-8,-99999,-99999.,-99999.,-99999.,-99999.,-99999.,-99999.
122536,1550639,-51.111965,-59.840883,7.2,-8,-99999,-99999.,-99999.,-99999.,-99999.,-99999.,-99999.
122536,1550648,-51.112095,-59.840425,7.9,-8,-99999,-99999.,-99999.,-99999.,-99999.,-99999.,-99999.
122536,1550658,-51.112192,-59.839913,7.6,-8,-99999,-99999.,-99999.,-99999.,-99999.,-99999.,-99999.
122536,1550668,-51.112285,-59.839473,7.3,-8,-99999,-99999.,-99999.,-99999.,-99999.,-99999.,-99999.
122536,1550679,-51.112443,-59.838925,6.9,-8,-99999,-99999.,-99999.,-99999.,-99999.,-99999.,-99999.
122536,1550688,-51.112562,-59.838473,6.9,-8,-99999,-99999.,-99999.,-99999.,-99999.,-99999.,-99999.
122536,1550699,-51.112685,-59.837872,7.8,-8,-99999,-99999.,-99999.,-99999.,-99999.,-99999.,-99999.
122536,1550700,-51.112685,-59.837872,7.8,-8,-99999,-99999.,-99999.,-99999.,-99999.,-99999.,-99999.
122536,1550708,-51.112777,-59.837437,7.3,-8,-99999,-99999.,-99999.,-99999.,-99999.,-99999.,-99999.
122536,1550718,-51.112903,-59.83695,7.4,-8,-99999,-99999.,-99999.,-99999.,-99999.,-99999.,-99999.
122536,1550728,-51.113017,-59.836505,6.3,-8,-99999,-99999.,-99999.,-99999.,-99999.,-99999.,-99999.
122536,1550748,-51.113253,-59.83545,7.4,-8,-99999,-99999.,-99999.,-99999.,-99999.,-99999.,-99999.
122536,1550760,-51.11338,-59.834865,7.9,-8,-99999,-99999.,-99999.,-99999.,-99999.,-99999.,-99999.
122536,1550768,-51.113487,-59.834447,7.2,-8,-99999,-99999.,-99999.,-99999.,-99999.,-99999.,-99999.
122536,1550778,-51.113607,-59.833947,6.6,-8,-99999,-99999.,-99999.,-99999.,-99999.,-99999.,-99999.
122536,1550779,-51.113607,-59.833947,6.6,-8,-99999,-99999.,-99999.,-99999.,-99999.,-99999.,-99999.
122536,1550788,-51.113713,-59.833478,6.8,-7,-99999,-99999.,-99999.,-99999.,-99999.,-99999.,-99999.
122536,1550799,-51.113832,-59.832938,7.6,-13,-99999,-99999.,-99999.,-99999.,-99999.,-99999.,-99999.
122536,1550809,-51.113963,-59.8324,8.1,-13,-99999,-99999.,-99999.,-99999.,-99999.,-99999.,-99999.
122536,1550810,-51.113963,-59.8324,8.1,-13,-99999,-99999.,-99999.,-99999.,-99999.,-99999.,-99999.
122536,1550819,-51.114087,-59.831907,7.1,-13,-99999,-99999.,-99999.,-99999.,-99999.,-99999.,-99999.
122536,1550820,-51.114087,-59.831907,7.1,-13,-99999,-99999.,-99999.,-99999.,-99999.,-99999.,-99999.
122536,1550828,-51.114205,-59.831447,7.5,-13,-99999,-99999.,-99999.,-99999.,-99999.,-99999.,-99999.
122536,1550829,-51.114205,-59.831447,7.5,-13,-99999,-99999.,-99999.,-99999.,-99999.,-99999.,-99999.
122536,1550848,-51.11443,-59.830443,6.9,-13,-99999,-99999.,-99999.,-99999.,-99999.,-99999.,-99999.
122536,1550849,-51.11443,-59.830443,6.9,-13,-99999,-99999.,-99999.,-99999.,-99999.,-99999.,-99999.
122536,1550859,-51.11454,-59.829907,6.6,-13,-99999,-99999.,-99999.,-99999.,-99999.,-99999.,-99999.
122536,1550869,-51.114643,-59.829335,7.7,-13,-99999,-99999.,-99999.,-99999.,-99999.,-99999.,-99999.
122536,1550879,-51.114767,-59.828827,9.,-13,-99999,-99999.,-99999.,-99999.,-99999.,-99999.,-99999.
122536,1550880,-51.114767,-59.828827,9.,-13,-99999,-99999.,-99999.,-99999.,-99999.,-99999.,-99999.
122536,1550888,-51.11487,-59.828373,7.8,-13,-99999,-99999.,-99999.,-99999.,-99999.,-99999.,-99999.
122536,1550919,-51.115262,-59.826822,8.,-12,-99999,-99999.,-99999.,-99999.,-99999.,-99999.,-99999.
122536,1550931,-51.1154,-59.826252,7.5,-12,-99999,-99999.,-99999.,-99999.,-99999.,-99999.,-99999.
122536,1550949,-51.115592,-59.82527,8.,-12,-99999,-99999.,-99999.,-99999.,-99999.,-99999.,-99999.
122536,1550958,-51.115763,-59.824757,6.1,-12,-99999,-99999.,-99999.,-99999.,-99999.,-99999.,-99999.
122536,1550959,-51.115763,-59.824757,6.1,-12,-99999,-99999.,-99999.,-99999.,-99999.,-99999.,-99999.
122536,1550968,-51.115917,-59.824212,6.8,-12,-99999,-99999.,-99999.,-99999.,-99999.,-99999.,-99999.
122536,1550989,-51.116135,-59.823113,7.9,-12,-99999,-99999.,-99999.,-99999.,-99999.,-99999.,-99999.
122536,1550990,-51.116135,-59.823113,7.9,-12,-99999,-99999.,-99999.,-99999.,-99999.,-99999.,-99999.
122536,1551008,-51.116377,-59.822165,6.8,-12,-99999,-99999.,-99999.,-99999.,-99999.,-99999.,-99999.
122536,1551029,-51.11664,-59.821212,7.3,-12,-99999,-99999.,-99999.,-99999.,-99999.,-99999.,-99999.
122536,1551039,-51.116755,-59.820747,8.,-12,-99999,-99999.,-99999.,-99999.,-99999.,-99999.,-99999.
122536,1551049,-51.11689,-59.820227,7.6,-12,-99999,-99999.,-99999.,-99999.,-99999.,-99999.,-99999.
122536,1551050,-51.11689,-59.820227,7.6,-12,-99999,-99999.,-99999.,-99999.,-99999.,-99999.,-99999.
122536,1551059,-51.117027,-59.819745,5.2,-12,-99999,-99999.,-99999.,-99999.,-99999.,-99999.,-99999.
122536,1551060,-51.117027,-59.819745,5.2,-12,-99999,-99999.,-99999.,-99999.,-99999.,-99999.,-99999.
122536,1551076,-51.117292,-59.819013,8.7,-12,-99999,-99999.,-99999.,-99999.,-99999.,-99999.,-99999.
122536,1551080,-51.117347,-59.818878,7.1,-12,-99999,-99999.,-99999.,-99999.,-99999.,-99999.,-99999.
122536,1556438,-51.140187,-59.765902,1.9,-7,-99999,-99999.,-99999.,-99999.,-99999.,-99999.,-99999.
122536,1556439,-51.140187,-59.765902,1.9,-7,-99999,-99999.,-99999.,-99999.,-99999.,-99999.,-99999.
122536,1556449,-51.140163,-59.765975,1.6,-7,-99999,-99999.,-99999.,-99999.,-99999.,-99999.,-99999.
122536,1556538,-51.139937,-59.766533,1.6,-7,-99999,-99999.,-99999.,-99999.,-99999.,-99999.,-99999.
122536,1556543,-51.139937,-59.766533,1.6,-7,-99999,-99999.,-99999.,-99999.,-99999.,-99999.,-99999.
122536,1556558,-51.139885,-59.766703,1.9,-7,-99999,-99999.,-99999.,-99999.,-99999.,-99999.,-99999.
122536,1556569,-51.139835,-59.766818,1.3,-7,-99999,-99999.,-99999.,-99999.,-99999.,-99999.,-99999.
122536,1556570,-51.139835,-59.766818,1.3,-7,-99999,-99999.,-99999.,-99999.,-99999.,-99999.,-99999.
122536,1556577,-51.139808,-59.766898,2.2,-7,-99999,-99999.,-99999.,-99999.,-99999.,-99999.,-99999.
122536,1556578,-51.139808,-59.766898,2.2,-7,-99999,-99999.,-99999.,-99999.,-99999.,-99999.,-99999.
122536,1556597,-51.139777,-59.767108,2.2,-7,-99999,-99999.,-99999.,-99999.,-99999.,-99999.,-99999.
122536,1556598,-51.139777,-59.767108,2.2,-7,-99999,-99999.,-99999.,-99999.,-99999.,-99999.,-99999.
122536,1556599,-51.139777,-59.767108,2.2,-7,-99999,-99999.,-99999.,-99999.,-99999.,-99999.,-99999.
122536,1556608,-51.139773,-59.767198,1.3,-7,-99999,-99999.,-99999.,-99999.,-99999.,-99999.,-99999.
122536,1556609,-51.139773,-59.767198,1.3,-7,-99999,-99999.,-99999.,-99999.,-99999.,-99999.,-99999.
122536,1556617,-51.139783,-59.767307,2.,-7,-99999,-99999.,-99999.,-99999.,-99999.,-99999.,-99999.
122536,1556619,-51.139783,-59.767307,2.,-7,-99999,-99999.,-99999.,-99999.,-99999.,-99999.,-99999.
122536,1556649,-51.1398,-59.767547,1.8,-7,-99999,-99999.,-99999.,-99999.,-99999.,-99999.,-99999.
122536,1556672,-51.13974,-59.76772,1.2,-7,-99999,-99999.,-99999.,-99999.,-99999.,-99999.,-99999.
122536,1556679,-51.139722,-59.767772,1.5,-7,-99999,-99999.,-99999.,-99999.,-99999.,-99999.,-99999.
122536,1556685,-51.139708,-59.767827,1.6,-7,-99999,-99999.,-99999.,-99999.,-99999.,-99999.,-99999.
122536,1556686,-51.139708,-59.767827,1.6,-7,-99999,-99999.,-99999.,-99999.,-99999.,-99999.,-99999.
122536,1556695,-51.13967,-59.767895,1.4,-7,-99999,-99999.,-99999.,-99999.,-99999.,-99999.,-99999.
122536,1556696,-51.13967,-59.767895,1.4,-7,-99999,-99999.,-99999.,-99999.,-99999.,-99999.,-99999.
122536,1556701,-51.139643,-59.767923,0.7,-7,-99999,-99999.,-99999.,-99999.,-99999.,-99999.,-99999.
122536,1556706,-51.139635,-59.767948,1.5,-7,-99999,-99999.,-99999.,-99999.,-99999.,-99999.,-99999.
122536,1556738,-51.139522,-59.768057,0.8,-7,-99999,-99999.,-99999.,-99999.,-99999.,-99999.,-99999.
122536,1556739,-51.139522,-59.768057,0.8,-7,-99999,-99999.,-99999.,-99999.,-99999.,-99999.,-99999.
122536,1556760,-51.13943,-59.768077,0.9,-7,-99999,-99999.,-99999.,-99999.,-99999.,-99999.,-99999.
122536,1556768,-51.139408,-59.768077,0.8,-7,-99999,-99999.,-99999.,-99999.,-99999.,-99999.,-99999.
122536,1556769,-51.139408,-59.768077,0.8,-7,-99999,-99999.,-99999.,-99999.,-99999.,-99999.,-99999.
122536,1556789,-51.139365,-59.768128,2.4,-7,-99999,-99999.,-99999.,-99999.,-99999.,-99999.,-99999.
122536,1556799,-51.13934,-59.768157,1.2,-7,-99999,-99999.,-99999.,-99999.,-99999.,-99999.,-99999.
122536,1556819,-51.139262,-59.768208,1.7,-7,-99999,-99999.,-99999.,-99999.,-99999.,-99999.,-99999.
122536,1556820,-51.139262,-59.768208,1.7,-7,-99999,-99999.,-99999.,-99999.,-99999.,-99999.,-99999.
122536,1556838,-51.139197,-59.76828,1.5,-7,-99999,-99999.,-99999.,-99999.,-99999.,-99999.,-99999.
122536,1556898,-51.13903,-59.768658,1.9,-7,-99999,-99999.,-99999.,-99999.,-99999.,-99999.,-99999.
122536,1556908,-51.13901,-59.76874,2.2,-7,-99999,-99999.,-99999.,-99999.,-99999.,-99999.,-99999.
122536,1556930,-51.138937,-59.76896,1.4,-7,-99999,-99999.,-99999.,-99999.,-99999.,-99999.,-99999.
122536,1556939,-51.138912,-59.769075,1.8,-7,-99999,-99999.,-99999.,-99999.,-99999.,-99999.,-99999.
122536,1556948,-51.138903,-59.769177,2.1,-7,-99999,-99999.,-99999.,-99999.,-99999.,-99999.,-99999.
122536,1556957,-51.138873,-59.769317,1.8,-7,-99999,-99999.,-99999.,-99999.,-99999.,-99999.,-99999.
122536,1556958,-51.138873,-59.769317,1.8,-7,-99999,-99999.,-99999.,-99999.,-99999.,-99999.,-99999.
122536,1556968,-51.13884,-59.769457,2.5,-7,-99999,-99999.,-99999.,-99999.,-99999.,-99999.,-99999.
122536,1562268,-51.180972,-59.65524,3.8,-4,-99999,-99999.,-99999.,-99999.,-99999.,-99999.,-99999.
122536,1562357,-51.181963,-59.653138,4.8,-4,-99999,-99999.,-99999.,-99999.,-99999.,-99999.,-99999.
122536,1562397,-51.182342,-59.652207,4.,-4,-99999,-99999.,-99999.,-99999.,-99999.,-99999.,-99999.
122536,1562416,-51.182552,-59.651773,4.1,-4,-99999,-99999.,-99999.,-99999.,-99999.,-99999.,-99999.
122536,1562417,-51.182552,-59.651773,4.1,-4,-99999,-99999.,-99999.,-99999.,-99999.,-99999.,-99999.
122536,1562427,-51.182665,-59.651542,4.,-4,-99999,-99999.,-99999.,-99999.,-99999.,-99999.,-99999.
122536,1562516,-51.183498,-59.649508,3.7,-4,-99999,-99999.,-99999.,-99999.,-99999.,-99999.,-99999.
122536,1562528,-51.183618,-59.649227,3.8,-4,-99999,-99999.,-99999.,-99999.,-99999.,-99999.,-99999.
122536,1562536,-51.183712,-59.649033,3.3,-4,-99999,-99999.,-99999.,-99999.,-99999.,-99999.,-99999.
122536,1562537,-51.183712,-59.649033,3.3,-4,-99999,-99999.,-99999.,-99999.,-99999.,-99999.,-99999.
122536,1562548,-51.18382,-59.648795,3.6,-4,-99999,-99999.,-99999.,-99999.,-99999.,-99999.,-99999.
122536,1562576,-51.184093,-59.648155,4.,-4,-99999,-99999.,-99999.,-99999.,-99999.,-99999.,-99999.
122536,1562597,-51.184312,-59.647698,3.6,-4,-99999,-99999.,-99999.,-99999.,-99999.,-99999.,-99999.
122536,1562607,-51.184412,-59.647455,3.3,-4,-99999,-99999.,-99999.,-99999.,-99999.,-99999.,-99999.
122536,1562608,-51.184412,-59.647455,3.3,-4,-99999,-99999.,-99999.,-99999.,-99999.,-99999.,-99999.
122536,1562616,-51.184492,-59.647243,3.7,-4,-99999,-99999.,-99999.,-99999.,-99999.,-99999.,-99999.
122536,1562636,-51.184643,-59.646803,3.6,-4,-99999,-99999.,-99999.,-99999.,-99999.,-99999.,-99999.
122536,1562657,-51.184833,-59.646325,3.9,-4,-99999,-99999.,-99999.,-99999.,-99999.,-99999.,-99999.
122536,1562668,-51.184947,-59.646087,3.6,-4,-99999,-99999.,-99999.,-99999.,-99999.,-99999.,-99999.
122536,1562677,-51.185032,-59.645905,3.8,-4,-99999,-99999.,-99999.,-99999.,-99999.,-99999.,-99999.
122536,1562687,-51.185123,-59.64567,3.6,-4,-99999,-99999.,-99999.,-99999.,-99999.,-99999.,-99999.
122536,1562696,-51.185208,-59.645468,4.1,-4,-99999,-99999.,-99999.,-99999.,-99999.,-99999.,-99999.
122536,1562727,-51.185497,-59.644723,3.8,-4,-99999,-99999.,-99999.,-99999.,-99999.,-99999.,-99999.
122536,1562728,-51.185497,-59.644723,3.8,-4,-99999,-99999.,-99999.,-99999.,-99999.,-99999.,-99999.
122536,1562738,-51.185607,-59.644483,4.4,-4,-99999,-99999.,-99999.,-99999.,-99999.,-99999.,-99999.
122536,1562747,-51.185682,-59.644275,4.2,-4,-99999,-99999.,-99999.,-99999.,-99999.,-99999.,-99999.
122536,1562756,-51.185763,-59.644078,3.6,-4,-99999,-99999.,-99999.,-99999.,-99999.,-99999.,-99999.
122536,1562767,-51.185875,-59.64383,4.2,-4,-99999,-99999.,-99999.,-99999.,-99999.,-99999.,-99999.
122536,1562777,-51.18596,-59.643595,4.5,-4,-99999,-99999.,-99999.,-99999.,-99999.,-99999.,-99999.
122536,1562797,-51.186153,-59.643062,3.6,-4,-99999,-99999.,-99999.,-99999.,-99999.,-99999.,-99999.
122536,1562798,-51.186153,-59.643062,3.6,-4,-99999,-99999.,-99999.,-99999.,-99999.,-99999.,-99999.
122536,1562807,-51.18621,-59.642828,3.3,-4,-99999,-99999.,-99999.,-99999.,-99999.,-99999.,-99999.
122536,1562816,-51.18629,-59.642603,3.8,-4,-99999,-99999.,-99999.,-99999.,-99999.,-99999.,-99999.
122536,1565251,-51.20814,-59.589958,3.7,-2,-99999,-99999.,-99999.,-99999.,-99999.,-99999.,-99999.
122536,1568127,-51.226853,-59.527033,3.6,-2,-99999,-99999.,-99999.,-99999.,-99999.,-99999.,-99999.
122536,1568197,-51.227303,-59.525422,3.8,-2,-99999,-99999.,-99999.,-99999.,-99999.,-99999.,-99999.
122536,1568236,-51.227608,-59.52461,2.7,-2,-99999,-99999.,-99999.,-99999.,-99999.,-99999.,-99999.
122536,1568237,-51.227608,-59.52461,2.7,-2,-99999,-99999.,-99999.,-99999.,-99999.,-99999.,-99999.
122536,1568246,-51.227707,-59.524395,3.2,-2,-99999,-99999.,-99999.,-99999.,-99999.,-99999.,-99999.
122536,1568247,-51.227707,-59.524395,3.2,-2,-99999,-99999.,-99999.,-99999.,-99999.,-99999.,-99999.
122536,1568250,-51.227738,-59.52431,3.8,-2,-99999,-99999.,-99999.,-99999.,-99999.,-99999.,-99999.
122536,1568251,-51.227738,-59.52431,3.8,-2,-99999,-99999.,-99999.,-99999.,-99999.,-99999.,-99999.
122536,1568253,-51.227755,-59.524275,2.6,-2,-99999,-99999.,-99999.,-99999.,-99999.,-99999.,-99999.
122536,1568256,-51.22778,-59.524223,3.6,-2,-99999,-99999.,-99999.,-99999.,-99999.,-99999.,-99999.
122536,1568257,-51.22778,-59.524223,3.6,-2,-99999,-99999.,-99999.,-99999.,-99999.,-99999.,-99999.
122536,1568259,-51.22781,-59.524142,4.,-2,-99999,-99999.,-99999.,-99999.,-99999.,-99999.,-99999.
122536,1568260,-51.22781,-59.524142,4.,-2,-99999,-99999.,-99999.,-99999.,-99999.,-99999.,-99999.
122536,1568264,-51.22787,-59.524037,2.8,-2,-99999,-99999.,-99999.,-99999.,-99999.,-99999.,-99999.
122536,1568265,-51.22787,-59.524037,2.8,-2,-99999,-99999.,-99999.,-99999.,-99999.,-99999.,-99999.
122536,1568269,-51.227918,-59.52396,3.5,-2,-99999,-99999.,-99999.,-99999.,-99999.,-99999.,-99999.
122536,1568287,-51.228087,-59.523638,3.5,-2,-99999,-99999.,-99999.,-99999.,-99999.,-99999.,-99999.
122536,1568296,-51.228155,-59.52351,3.5,-2,-99999,-99999.,-99999.,-99999.,-99999.,-99999.,-99999.
122536,1568347,-51.2286,-59.522652,2.6,-2,-99999,-99999.,-99999.,-99999.,-99999.,-99999.,-99999.
122536,1568367,-51.228777,-59.522362,2.5,-2,-99999,-99999.,-99999.,-99999.,-99999.,-99999.,-99999.
122536,1568387,-51.228935,-59.522063,2.6,-2,-99999,-99999.,-99999.,-99999.,-99999.,-99999.,-99999.
122536,1568448,-51.229472,-59.521083,4.1,-2,-99999,-99999.,-99999.,-99999.,-99999.,-99999.,-99999.
122536,1568456,-51.229553,-59.520987,2.7,-2,-99999,-99999.,-99999.,-99999.,-99999.,-99999.,-99999.
122536,1568467,-51.229653,-59.52081,2.,-2,-99999,-99999.,-99999.,-99999.,-99999.,-99999.,-99999.
122536,1568498,-51.229945,-59.520327,1.9,-2,-99999,-99999.,-99999.,-99999.,-99999.,-99999.,-99999.
122536,1568507,-51.230043,-59.520158,3.3,-2,-99999,-99999.,-99999.,-99999.,-99999.,-99999.,-99999.
122536,1568508,-51.230043,-59.520158,3.3,-2,-99999,-99999.,-99999.,-99999.,-99999.,-99999.,-99999.
122536,1568516,-51.230103,-59.520018,3.4,-2,-99999,-99999.,-99999.,-99999.,-99999.,-99999.,-99999.
122536,1568517,-51.230103,-59.520018,3.4,-2,-99999,-99999.,-99999.,-99999.,-99999.,-99999.,-99999.
122536,1568527,-51.230193,-59.519803,3.3,-2,-99999,-99999.,-99999.,-99999.,-99999.,-99999.,-99999.
122536,1568528,-51.230193,-59.519803,3.3,-2,-99999,-99999.,-99999.,-99999.,-99999.,-99999.,-99999.
122536,1568534,-51.230248,-59.5197,2.4,-2,-99999,-99999.,-99999.,-99999.,-99999.,-99999.,-99999.
122536,1568538,-51.230288,-59.519598,3.5,-2,-99999,-99999.,-99999.,-99999.,-99999.,-99999.,-99999.
122536,1568545,-51.230343,-59.519465,3.3,-2,-99999,-99999.,-99999.,-99999.,-99999.,-99999.,-99999.
122536,1568568,-51.230583,-59.518997,3.5,-2,-99999,-99999.,-99999.,-99999.,-99999.,-99999.,-99999.
122536,1570500,-51.240967,-59.463902,4.9,-5,-99999,-99999.,-99999.,-99999.,-99999.,-99999.,-99999.
122536,1572309,-51.245053,-59.420857,2.9,-2,-99999,-99999.,-99999.,-99999.,-99999.,-99999.,-99999.
122536,1572369,-51.24505,-59.419387,3.8,-2,-99999,-99999.,-99999.,-99999.,-99999.,-99999.,-99999.
122536,1573339,-51.244035,-59.395665,4.5,-7,-99999,-99999.,-99999.,-99999.,-99999.,-99999.,-99999.
122536,1574729,-51.244375,-59.36168,3.,-5,-99999,-99999.,-99999.,-99999.,-99999.,-99999.,-99999.
122536,1576008,-51.244578,-59.330753,3.3,-11,-99999,-99999.,-99999.,-99999.,-99999.,-99999.,-99999.
122536,1576229,-51.244605,-59.325493,4.,-11,-99999,-99999.,-99999.,-99999.,-99999.,-99999.,-99999.
122536,1576772,-51.243887,-59.312815,3.6,-10,-99999,-99999.,-99999.,-99999.,-99999.,-99999.,-99999.
122536,1577419,-51.24025,-59.308155,1.4,-9,-99999,-99999.,-99999.,-99999.,-99999.,-99999.,-99999.
122536,1578249,-51.241883,-59.313713,2.3,-10,-99999,-99999.,-99999.,-99999.,-99999.,-99999.,-99999.
122536,1579169,-51.244027,-59.323075,1.9,-10,-99999,-99999.,-99999.,-99999.,-99999.,-99999.,-99999.
122536,1579989,-51.245932,-59.331347,2.3,-11,-99999,-99999.,-99999.,-99999.,-99999.,-99999.,-99999.
122536,1580599,-51.24688,-59.33789,1.6,-4,-99999,-99999.,-99999.,-99999.,-99999.,-99999.,-99999.
122536,1581189,-51.247737,-59.344537,3.5,-4,-99999,-99999.,-99999.,-99999.,-99999.,-99999.,-99999.
122536,1581700,-51.248925,-59.351247,3.7,-4,-99999,-99999.,-99999.,-99999.,-99999.,-99999.,-99999.
122536,1582539,-51.250587,-59.360938,2.2,-2,-99999,-99999.,-99999.,-99999.,-99999.,-99999.,-99999.
122536,1582890,-51.251407,-59.36469,1.6,-2,-99999,-99999.,-99999.,-99999.,-99999.,-99999.,-99999.
122536,1583689,-51.252108,-59.374447,1.3,-2,-99999,-99999.,-99999.,-99999.,-99999.,-99999.,-99999.
122536,1584110,-51.25245,-59.379723,1.5,-2,-99999,-99999.,-99999.,-99999.,-99999.,-99999.,-99999.
122536,1585379,-51.25422,-59.39838,2.7,-2,-99999,-99999.,-99999.,-99999.,-99999.,-99999.,-99999.
122536,1586140,-51.25454,-59.393625,2.3,-2,-99999,-99999.,-99999.,-99999.,-99999.,-99999.,-99999.
122536,1586630,-51.254998,-59.38456,2.4,-2,-99999,-99999.,-99999.,-99999.,-99999.,-99999.,-99999.
122536,1587899,-51.256352,-59.362015,2.8,-2,-99999,-99999.,-99999.,-99999.,-99999.,-99999.,-99999.
122536,1589330,-51.257497,-59.33831,3.,-2,-99999,-99999.,-99999.,-99999.,-99999.,-99999.,-99999.
122536,1589900,-51.257978,-59.326005,2.9,-3,-99999,-99999.,-99999.,-99999.,-99999.,-99999.,-99999.
122536,1590309,-51.258328,-59.31689,3.6,-3,-99999,-99999.,-99999.,-99999.,-99999.,-99999.,-99999.
122536,1591170,-51.259145,-59.298615,3.1,-2,-99999,-99999.,-99999.,-99999.,-99999.,-99999.,-99999.
122536,1591569,-51.25939,-59.290085,2.9,-2,-99999,-99999.,-99999.,-99999.,-99999.,-99999.,-99999.
122536,1592849,-51.260373,-59.263603,2.6,-1,-99999,-99999.,-99999.,-99999.,-99999.,-99999.,-99999.
122536,1594099,-51.262335,-59.236658,4.6,-5,-99999,-99999.,-99999.,-99999.,-99999.,-99999.,-99999.
122536,1594110,-51.262473,-59.236737,2.4,-5,-99999,-99999.,-99999.,-99999.,-99999.,-99999.,-99999.
122536,1595293,-51.26988,-59.248613,2.3,-6,-99999,-99999.,-99999.,-99999.,-99999.,-99999.,-99999.
122536,1596530,-51.276973,-59.2644,1.4,-1,-99999,-99999.,-99999.,-99999.,-99999.,-99999.,-99999.
122536,1597770,-51.283695,-59.277827,2.1,-2,-99999,-99999.,-99999.,-99999.,-99999.,-99999.,-99999.
122536,1598851,-51.288442,-59.293922,4.1,-2,-99999,-99999.,-99999.,-99999.,-99999.,-99999.,-99999.
122536,1598855,-51.288493,-59.293998,3.9,-2,-99999,-99999.,-99999.,-99999.,-99999.,-99999.,-99999.
122536,1598856,-51.288512,-59.294022,2.7,-2,-99999,-99999.,-99999.,-99999.,-99999.,-99999.,-99999.
122536,1598858,-51.288512,-59.294022,2.7,-2,-99999,-99999.,-99999.,-99999.,-99999.,-99999.,-99999.
122536,1598861,-51.288612,-59.294022,5.1,-2,-99999,-99999.,-99999.,-99999.,-99999.,-99999.,-99999.
122536,1598863,-51.28869,-59.294062,4.4,-2,-99999,-99999.,-99999.,-99999.,-99999.,-99999.,-99999.
122536,1598864,-51.28869,-59.294062,4.4,-2,-99999,-99999.,-99999.,-99999.,-99999.,-99999.,-99999.
122536,1598867,-51.288728,-59.294112,3.2,-2,-99999,-99999.,-99999.,-99999.,-99999.,-99999.,-99999.
122536,1598868,-51.288728,-59.294112,3.2,-2,-99999,-99999.,-99999.,-99999.,-99999.,-99999.,-99999.
122536,1598872,-51.288815,-59.294098,4.6,-2,-99999,-99999.,-99999.,-99999.,-99999.,-99999.,-99999.
122536,1598875,-51.28888,-59.294093,4.7,-2,-99999,-99999.,-99999.,-99999.,-99999.,-99999.,-99999.
122536,1598879,-51.288952,-59.29409,3.8,-2,-99999,-99999.,-99999.,-99999.,-99999.,-99999.,-99999.
122536,1598881,-51.28901,-59.294073,4.7,-2,-99999,-99999.,-99999.,-99999.,-99999.,-99999.,-99999.
122536,1598884,-51.289088,-59.294055,3.9,-2,-99999,-99999.,-99999.,-99999.,-99999.,-99999.,-99999.
122536,1598885,-51.289088,-59.294055,3.9,-2,-99999,-99999.,-99999.,-99999.,-99999.,-99999.,-99999.
122536,1598888,-51.28913,-59.294047,4.8,-2,-99999,-99999.,-99999.,-99999.,-99999.,-99999.,-99999.
122536,1598890,-51.289185,-59.294002,4.3,-2,-99999,-99999.,-99999.,-99999.,-99999.,-99999.,-99999.
122536,1598891,-51.289185,-59.294002,4.3,-2,-99999,-99999.,-99999.,-99999.,-99999.,-99999.,-99999.
122536,1598894,-51.289265,-59.293938,4.8,-2,-99999,-99999.,-99999.,-99999.,-99999.,-99999.,-99999.
122536,1598895,-51.289265,-59.293938,4.8,-2,-99999,-99999.,-99999.,-99999.,-99999.,-99999.,-99999.
122536,1598898,-51.289342,-59.293903,4.6,-2,-99999,-99999.,-99999.,-99999.,-99999.,-99999.,-99999.
122536,1598902,-51.289395,-59.293848,4.8,-2,-99999,-99999.,-99999.,-99999.,-99999.,-99999.,-99999.
122536,1598904,-51.28943,-59.293798,5.,-2,-99999,-99999.,-99999.,-99999.,-99999.,-99999.,-99999.
122536,1598907,-51.289493,-59.2937,4.4,-2,-99999,-99999.,-99999.,-99999.,-99999.,-99999.,-99999.
122536,1598908,-51.289493,-59.2937,4.4,-2,-99999,-99999.,-99999.,-99999.,-99999.,-99999.,-99999.
122536,1598910,-51.289543,-59.29365,4.8,-2,-99999,-99999.,-99999.,-99999.,-99999.,-99999.,-99999.
122536,1598913,-51.289602,-59.293595,5.4,-2,-99999,-99999.,-99999.,-99999.,-99999.,-99999.,-99999.
122536,1598916,-51.289652,-59.293503,5.8,-2,-99999,-99999.,-99999.,-99999.,-99999.,-99999.,-99999.
122536,1598917,-51.289652,-59.293503,5.8,-2,-99999,-99999.,-99999.,-99999.,-99999.,-99999.,-99999.
122536,1598920,-51.289703,-59.293383,4.5,-2,-99999,-99999.,-99999.,-99999.,-99999.,-99999.,-99999.
122536,1598923,-51.289753,-59.293303,5.3,-2,-99999,-99999.,-99999.,-99999.,-99999.,-99999.,-99999.
122536,1598927,-51.289803,-59.293168,5.7,-2,-99999,-99999.,-99999.,-99999.,-99999.,-99999.,-99999.
122536,1598928,-51.289803,-59.293168,5.7,-2,-99999,-99999.,-99999.,-99999.,-99999.,-99999.,-99999.
122536,1598933,-51.289885,-59.292965,5.3,-2,-99999,-99999.,-99999.,-99999.,-99999.,-99999.,-99999.
122536,1598934,-51.289885,-59.292965,5.3,-2,-99999,-99999.,-99999.,-99999.,-99999.,-99999.,-99999.
122536,1598938,-51.289928,-59.29282,5.1,-2,-99999,-99999.,-99999.,-99999.,-99999.,-99999.,-99999.
122536,1598940,-51.28996,-59.292708,5.5,-2,-99999,-99999.,-99999.,-99999.,-99999.,-99999.,-99999.
122536,1598944,-51.290028,-59.292528,5.8,-2,-99999,-99999.,-99999.,-99999.,-99999.,-99999.,-99999.
122536,1598945,-51.290028,-59.292528,5.8,-2,-99999,-99999.,-99999.,-99999.,-99999.,-99999.,-99999.
122536,1598948,-51.290052,-59.292457,5.4,-2,-99999,-99999.,-99999.,-99999.,-99999.,-99999.,-99999.
122536,1598953,-51.290132,-59.292187,6.3,-2,-99999,-99999.,-99999.,-99999.,-99999.,-99999.,-99999.
122536,1598955,-51.290132,-59.292187,6.3,-2,-99999,-99999.,-99999.,-99999.,-99999.,-99999.,-99999.
122536,1598958,-51.290188,-59.292037,5.7,-2,-99999,-99999.,-99999.,-99999.,-99999.,-99999.,-99999.
122536,1598959,-51.290208,-59.291958,5.8,-2,-99999,-99999.,-99999.,-99999.,-99999.,-99999.,-99999.
122536,1598960,-51.290208,-59.291958,5.8,-2,-99999,-99999.,-99999.,-99999.,-99999.,-99999.,-99999.
122536,1598967,-51.29028,-59.291677,5.7,-2,-99999,-99999.,-99999.,-99999.,-99999.,-99999.,-99999.
122536,1598968,-51.29028,-59.291677,5.7,-2,-99999,-99999.,-99999.,-99999.,-99999.,-99999.,-99999.
122536,1598987,-51.290483,-59.290823,6.,-2,-99999,-99999.,-99999.,-99999.,-99999.,-99999.,-99999.
122536,1598997,-51.290595,-59.29038,6.8,-2,-99999,-99999.,-99999.,-99999.,-99999.,-99999.,-99999.
122536,1599007,-51.290702,-59.289953,7.,-2,-99999,-99999.,-99999.,-99999.,-99999.,-99999.,-99999.
122536,1599008,-51.290702,-59.289953,7.,-2,-99999,-99999.,-99999.,-99999.,-99999.,-99999.,-99999.
122536,1599017,-51.29083,-59.2895,6.4,-2,-99999,-99999.,-99999.,-99999.,-99999.,-99999.,-99999.
122536,1599019,-51.29083,-59.2895,6.4,-2,-99999,-99999.,-99999.,-99999.,-99999.,-99999.,-99999.
122536,1599030,-51.290948,-59.289087,6.1,-2,-99999,-99999.,-99999.,-99999.,-99999.,-99999.,-99999.
122536,1599038,-51.291045,-59.288703,6.3,-2,-99999,-99999.,-99999.,-99999.,-99999.,-99999.,-99999.
122536,1599047,-51.291133,-59.288277,6.3,-2,-99999,-99999.,-99999.,-99999.,-99999.,-99999.,-99999.
122536,1599067,-51.291308,-59.287353,5.6,-2,-99999,-99999.,-99999.,-99999.,-99999.,-99999.,-99999.
122536,1599068,-51.291308,-59.287353,5.6,-2,-99999,-99999.,-99999.,-99999.,-99999.,-99999.,-99999.
122536,1599077,-51.291403,-59.286905,5.6,-2,-99999,-99999.,-99999.,-99999.,-99999.,-99999.,-99999.
122536,1599078,-51.291403,-59.286905,5.6,-2,-99999,-99999.,-99999.,-99999.,-99999.,-99999.,-99999.
122536,1599088,-51.291512,-59.28646,6.2,-2,-99999,-99999.,-99999.,-99999.,-99999.,-99999.,-99999.
122536,1599106,-51.291702,-59.285617,7.1,-2,-99999,-99999.,-99999.,-99999.,-99999.,-99999.,-99999.
122536,1599107,-51.291702,-59.285617,7.1,-2,-99999,-99999.,-99999.,-99999.,-99999.,-99999.,-99999.
122536,1599158,-51.292183,-59.283308,7.5,-2,-99999,-99999.,-99999.,-99999.,-99999.,-99999.,-99999.
122536,1599168,-51.292277,-59.28287,6.9,-2,-99999,-99999.,-99999.,-99999.,-99999.,-99999.,-99999.
122536,1600339,-51.301748,-59.230392,5.2,-5,-99999,-99999.,-99999.,-99999.,-99999.,-99999.,-99999.
122536,1601549,-51.30305,-59.180865,5.,-2,-99999,-99999.,-99999.,-99999.,-99999.,-99999.,-99999.
122536,1602770,-51.305485,-59.18503,1.2,-3,-99999,-99999.,-99999.,-99999.,-99999.,-99999.,-99999.
122536,1602910,-51.306012,-59.186483,1.8,-3,-99999,-99999.,-99999.,-99999.,-99999.,-99999.,-99999.
122536,1603051,-51.306352,-59.188423,2.3,-3,-99999,-99999.,-99999.,-99999.,-99999.,-99999.,-99999.
122536,1604060,-51.308317,-59.198652,3.1,-4,-99999,-99999.,-99999.,-99999.,-99999.,-99999.,-99999.
122536,1604558,-51.308638,-59.204777,1.8,-4,-99999,-99999.,-99999.,-99999.,-99999.,-99999.,-99999.
122536,1604559,-51.308638,-59.204777,1.8,-4,-99999,-99999.,-99999.,-99999.,-99999.,-99999.,-99999.
122536,1604567,-51.308625,-59.204907,1.9,-4,-99999,-99999.,-99999.,-99999.,-99999.,-99999.,-99999.
122536,1604576,-51.308613,-59.205017,1.7,-4,-99999,-99999.,-99999.,-99999.,-99999.,-99999.,-99999.
122536,1604597,-51.308587,-59.205223,2.6,-4,-99999,-99999.,-99999.,-99999.,-99999.,-99999.,-99999.
122536,1604606,-51.308602,-59.20524,1.5,-4,-99999,-99999.,-99999.,-99999.,-99999.,-99999.,-99999.
122536,1604618,-51.308628,-59.205313,1.9,-4,-99999,-99999.,-99999.,-99999.,-99999.,-99999.,-99999.
122536,1604627,-51.308637,-59.205367,1.1,-4,-99999,-99999.,-99999.,-99999.,-99999.,-99999.,-99999.
122536,1604647,-51.308658,-59.205523,2.,-4,-99999,-99999.,-99999.,-99999.,-99999.,-99999.,-99999.
122536,1604649,-51.308658,-59.205523,2.,-4,-99999,-99999.,-99999.,-99999.,-99999.,-99999.,-99999.
122536,1604654,-51.308692,-59.205573,0.9,-4,-99999,-99999.,-99999.,-99999.,-99999.,-99999.,-99999.
122536,1604655,-51.308692,-59.205573,0.9,-4,-99999,-99999.,-99999.,-99999.,-99999.,-99999.,-99999.
122536,1604657,-51.308693,-59.205595,1.7,-4,-99999,-99999.,-99999.,-99999.,-99999.,-99999.,-99999.
122536,1604661,-51.308705,-59.20562,1.4,-4,-99999,-99999.,-99999.,-99999.,-99999.,-99999.,-99999.
122536,1604662,-51.308705,-59.20562,1.4,-4,-99999,-99999.,-99999.,-99999.,-99999.,-99999.,-99999.
122536,1604667,-51.308732,-59.205668,1.5,-4,-99999,-99999.,-99999.,-99999.,-99999.,-99999.,-99999.
122536,1604670,-51.30874,-59.205702,1.5,-4,-99999,-99999.,-99999.,-99999.,-99999.,-99999.,-99999.
122536,1604678,-51.308775,-59.205785,1.8,-4,-99999,-99999.,-99999.,-99999.,-99999.,-99999.,-99999.
122536,1604687,-51.308815,-59.205882,1.6,-4,-99999,-99999.,-99999.,-99999.,-99999.,-99999.,-99999.
122536,1604688,-51.308815,-59.205882,1.6,-4,-99999,-99999.,-99999.,-99999.,-99999.,-99999.,-99999.
122536,1604696,-51.308845,-59.205973,1.1,-4,-99999,-99999.,-99999.,-99999.,-99999.,-99999.,-99999.
122536,1604697,-51.308845,-59.205973,1.1,-4,-99999,-99999.,-99999.,-99999.,-99999.,-99999.,-99999.
122536,1604703,-51.308868,-59.20605,1.5,-4,-99999,-99999.,-99999.,-99999.,-99999.,-99999.,-99999.
122536,1604704,-51.308868,-59.20605,1.5,-4,-99999,-99999.,-99999.,-99999.,-99999.,-99999.,-99999.
122536,1604714,-51.30889,-59.206203,1.7,-4,-99999,-99999.,-99999.,-99999.,-99999.,-99999.,-99999.
122536,1604715,-51.30889,-59.206203,1.7,-4,-99999,-99999.,-99999.,-99999.,-99999.,-99999.,-99999.
122536,1604717,-51.308892,-59.206225,1.6,-4,-99999,-99999.,-99999.,-99999.,-99999.,-99999.,-99999.
122536,1604718,-51.308892,-59.206225,1.6,-4,-99999,-99999.,-99999.,-99999.,-99999.,-99999.,-99999.
122536,1604728,-51.308923,-59.20635,1.3,-4,-99999,-99999.,-99999.,-99999.,-99999.,-99999.,-99999.
122536,1604738,-51.30895,-59.206483,2.,-4,-99999,-99999.,-99999.,-99999.,-99999.,-99999.,-99999.
122536,1604739,-51.30895,-59.206483,2.,-4,-99999,-99999.,-99999.,-99999.,-99999.,-99999.,-99999.
122536,1604747,-51.308965,-59.206588,1.,-4,-99999,-99999.,-99999.,-99999.,-99999.,-99999.,-99999.
122536,1604748,-51.308965,-59.206588,1.,-4,-99999,-99999.,-99999.,-99999.,-99999.,-99999.,-99999.
122536,1604787,-51.309007,-59.207068,2.6,-4,-99999,-99999.,-99999.,-99999.,-99999.,-99999.,-99999.
122536,1604788,-51.309007,-59.207068,2.6,-4,-99999,-99999.,-99999.,-99999.,-99999.,-99999.,-99999.
122536,1604798,-51.309058,-59.207193,2.,-4,-99999,-99999.,-99999.,-99999.,-99999.,-99999.,-99999.
122536,1604799,-51.309058,-59.207193,2.,-4,-99999,-99999.,-99999.,-99999.,-99999.,-99999.,-99999.
122536,1604827,-51.309142,-59.207495,1.5,-4,-99999,-99999.,-99999.,-99999.,-99999.,-99999.,-99999.
122536,1604828,-51.309142,-59.207495,1.5,-4,-99999,-99999.,-99999.,-99999.,-99999.,-99999.,-99999.
122536,1604837,-51.309158,-59.207583,1.8,-4,-99999,-99999.,-99999.,-99999.,-99999.,-99999.,-99999.
122536,1604858,-51.309193,-59.20786,1.6,-4,-99999,-99999.,-99999.,-99999.,-99999.,-99999.,-99999.
122536,1604868,-51.309202,-59.207982,1.7,-4,-99999,-99999.,-99999.,-99999.,-99999.,-99999.,-99999.
122536,1604889,-51.309235,-59.208193,1.8,-4,-99999,-99999.,-99999.,-99999.,-99999.,-99999.,-99999.
122536,1604914,-51.309302,-59.208495,2.1,-4,-99999,-99999.,-99999.,-99999.,-99999.,-99999.,-99999.
122536,1604920,-51.309335,-59.208537,1.3,-4,-99999,-99999.,-99999.,-99999.,-99999.,-99999.,-99999.
122536,1604929,-51.309397,-59.208602,2.2,-4,-99999,-99999.,-99999.,-99999.,-99999.,-99999.,-99999.
122536,1604933,-51.309445,-59.208665,2.1,-4,-99999,-99999.,-99999.,-99999.,-99999.,-99999.,-99999.
122536,1605027,-51.310032,-59.209532,2.,-4,-99999,-99999.,-99999.,-99999.,-99999.,-99999.,-99999.
122536,1605028,-51.310032,-59.209532,2.,-4,-99999,-99999.,-99999.,-99999.,-99999.,-99999.,-99999.
122536,1605041,-51.310063,-59.209722,2.,-4,-99999,-99999.,-99999.,-99999.,-99999.,-99999.,-99999.
122536,1605052,-51.31007,-59.209873,2.5,-4,-99999,-99999.,-99999.,-99999.,-99999.,-99999.,-99999.
122536,1605063,-51.310057,-59.210073,2.4,-4,-99999,-99999.,-99999.,-99999.,-99999.,-99999.,-99999.
122536,1605310,-51.30983,-59.213662,1.3,-4,-99999,-99999.,-99999.,-99999.,-99999.,-99999.,-99999.
122536,1606689,-51.313873,-59.22816,0.8,-5,-99999,-99999.,-99999.,-99999.,-99999.,-99999.,-99999.
122536,1608039,-51.317153,-59.243218,2.,-6,-99999,-99999.,-99999.,-99999.,-99999.,-99999.,-99999.
122536,1608291,-51.316288,-59.246387,1.4,-6,-99999,-99999.,-99999.,-99999.,-99999.,-99999.,-99999.
122536,1610397,-51.313268,-59.277642,3.,-2,-99999,-99999.,-99999.,-99999.,-99999.,-99999.,-99999.
122536,1610399,-51.313268,-59.277642,3.,-2,-99999,-99999.,-99999.,-99999.,-99999.,-99999.,-99999.
122536,1610408,-51.313243,-59.277773,1.2,-2,-99999,-99999.,-99999.,-99999.,-99999.,-99999.,-99999.
122536,1610414,-51.313247,-59.277838,1.8,-2,-99999,-99999.,-99999.,-99999.,-99999.,-99999.,-99999.
122536,1610415,-51.313247,-59.277838,1.8,-2,-99999,-99999.,-99999.,-99999.,-99999.,-99999.,-99999.
122536,1610416,-51.313233,-59.277872,2.4,-2,-99999,-99999.,-99999.,-99999.,-99999.,-99999.,-99999.
122536,1610417,-51.313233,-59.277872,2.4,-2,-99999,-99999.,-99999.,-99999.,-99999.,-99999.,-99999.
122536,1610420,-51.31322,-59.277917,1.8,-2,-99999,-99999.,-99999.,-99999.,-99999.,-99999.,-99999.
122536,1610421,-51.31322,-59.277917,1.8,-2,-99999,-99999.,-99999.,-99999.,-99999.,-99999.,-99999.
122536,1610424,-51.313218,-59.27794,0.7,-2,-99999,-99999.,-99999.,-99999.,-99999.,-99999.,-99999.
122536,1610425,-51.313218,-59.27794,0.7,-2,-99999,-99999.,-99999.,-99999.,-99999.,-99999.,-99999.
122536,1610427,-51.313202,-59.277973,2.7,-2,-99999,-99999.,-99999.,-99999.,-99999.,-99999.,-99999.
122536,1610428,-51.313202,-59.277973,2.7,-2,-99999,-99999.,-99999.,-99999.,-99999.,-99999.,-99999.
122536,1610438,-51.313188,-59.278047,1.8,-2,-99999,-99999.,-99999.,-99999.,-99999.,-99999.,-99999.
122536,1610439,-51.313188,-59.278047,1.8,-2,-99999,-99999.,-99999.,-99999.,-99999.,-99999.,-99999.
122536,1610443,-51.313172,-59.278073,0.2,-2,-99999,-99999.,-99999.,-99999.,-99999.,-99999.,-99999.
122536,1610444,-51.313172,-59.278073,0.2,-2,-99999,-99999.,-99999.,-99999.,-99999.,-99999.,-99999.
122536,1610448,-51.31318,-59.278117,1.,-2,-99999,-99999.,-99999.,-99999.,-99999.,-99999.,-99999.
122536,1610449,-51.31318,-59.278117,1.,-2,-99999,-99999.,-99999.,-99999.,-99999.,-99999.,-99999.
122536,1610450,-51.31317,-59.278128,2.,-2,-99999,-99999.,-99999.,-99999.,-99999.,-99999.,-99999.
122536,1610451,-51.31317,-59.278128,2.,-2,-99999,-99999.,-99999.,-99999.,-99999.,-99999.,-99999.
122536,1610454,-51.313163,-59.278158,0.6,-2,-99999,-99999.,-99999.,-99999.,-99999.,-99999.,-99999.
122536,1610456,-51.313163,-59.278158,0.6,-2,-99999,-99999.,-99999.,-99999.,-99999.,-99999.,-99999.
122536,1610463,-51.313137,-59.278255,0.9,-2,-99999,-99999.,-99999.,-99999.,-99999.,-99999.,-99999.
122536,1610464,-51.313137,-59.278255,0.9,-2,-99999,-99999.,-99999.,-99999.,-99999.,-99999.,-99999.
122536,1610468,-51.313112,-59.278308,3.1,-2,-99999,-99999.,-99999.,-99999.,-99999.,-99999.,-99999.
122536,1610469,-51.313112,-59.278308,3.1,-2,-99999,-99999.,-99999.,-99999.,-99999.,-99999.,-99999.
122536,1610476,-51.313125,-59.278365,1.5,-2,-99999,-99999.,-99999.,-99999.,-99999.,-99999.,-99999.
122536,1610477,-51.313125,-59.278365,1.5,-2,-99999,-99999.,-99999.,-99999.,-99999.,-99999.,-99999.
122536,1610487,-51.31309,-59.278482,1.6,-2,-99999,-99999.,-99999.,-99999.,-99999.,-99999.,-99999.
122536,1610488,-51.31309,-59.278482,1.6,-2,-99999,-99999.,-99999.,-99999.,-99999.,-99999.,-99999.
122536,1610498,-51.313063,-59.278575,1.4,-2,-99999,-99999.,-99999.,-99999.,-99999.,-99999.,-99999.
122536,1610499,-51.313063,-59.278575,1.4,-2,-99999,-99999.,-99999.,-99999.,-99999.,-99999.,-99999.
122536,1610508,-51.313018,-59.278682,2.3,-2,-99999,-99999.,-99999.,-99999.,-99999.,-99999.,-99999.
122536,1610509,-51.313018,-59.278682,2.3,-2,-99999,-99999.,-99999.,-99999.,-99999.,-99999.,-99999.
122536,1610527,-51.312942,-59.278892,1.7,-2,-99999,-99999.,-99999.,-99999.,-99999.,-99999.,-99999.
122536,1610529,-51.312942,-59.278892,1.7,-2,-99999,-99999.,-99999.,-99999.,-99999.,-99999.,-99999.
122536,1610538,-51.312895,-59.279007,2.2,-2,-99999,-99999.,-99999.,-99999.,-99999.,-99999.,-99999.
122536,1610547,-51.31287,-59.279108,2.3,-2,-99999,-99999.,-99999.,-99999.,-99999.,-99999.,-99999.
122536,1610548,-51.31287,-59.279108,2.3,-2,-99999,-99999.,-99999.,-99999.,-99999.,-99999.,-99999.
122536,1610558,-51.312812,-59.279222,2.2,-2,-99999,-99999.,-99999.,-99999.,-99999.,-99999.,-99999.
122536,1610559,-51.312812,-59.279222,2.2,-2,-99999,-99999.,-99999.,-99999.,-99999.,-99999.,-99999.
122536,1610568,-51.312747,-59.27937,2.1,-2,-99999,-99999.,-99999.,-99999.,-99999.,-99999.,-99999.
122536,1610569,-51.312747,-59.27937,2.1,-2,-99999,-99999.,-99999.,-99999.,-99999.,-99999.,-99999.
122536,1610578,-51.312685,-59.279488,2.,-2,-99999,-99999.,-99999.,-99999.,-99999.,-99999.,-99999.
122536,1610587,-51.31264,-59.279603,1.6,-2,-99999,-99999.,-99999.,-99999.,-99999.,-99999.,-99999.
122536,1610598,-51.3126,-59.279742,1.8,-2,-99999,-99999.,-99999.,-99999.,-99999.,-99999.,-99999.
122536,1610599,-51.3126,-59.279742,1.8,-2,-99999,-99999.,-99999.,-99999.,-99999.,-99999.,-99999.
122536,1610609,-51.312583,-59.279872,1.5,-2,-99999,-99999.,-99999.,-99999.,-99999.,-99999.,-99999.
122536,1610610,-51.312583,-59.279872,1.5,-2,-99999,-99999.,-99999.,-99999.,-99999.,-99999.,-99999.
122536,1610615,-51.312555,-59.279952,1.6,-2,-99999,-99999.,-99999.,-99999.,-99999.,-99999.,-99999.
122536,1610618,-51.31256,-59.280007,1.8,-2,-99999,-99999.,-99999.,-99999.,-99999.,-99999.,-99999.
122536,1610620,-51.312565,-59.28002,1.2,-2,-99999,-99999.,-99999.,-99999.,-99999.,-99999.,-99999.
122536,1610621,-51.312565,-59.28002,1.2,-2,-99999,-99999.,-99999.,-99999.,-99999.,-99999.,-99999.
122536,1610624,-51.31257,-59.28007,1.5,-2,-99999,-99999.,-99999.,-99999.,-99999.,-99999.,-99999.
122536,1610625,-51.31257,-59.28007,1.5,-2,-99999,-99999.,-99999.,-99999.,-99999.,-99999.,-99999.
122536,1610628,-51.312565,-59.28012,1.6,-2,-99999,-99999.,-99999.,-99999.,-99999.,-99999.,-99999.
122536,1610629,-51.312565,-59.28012,1.6,-2,-99999,-99999.,-99999.,-99999.,-99999.,-99999.,-99999.
122536,1610631,-51.312587,-59.280147,2.3,-2,-99999,-99999.,-99999.,-99999.,-99999.,-99999.,-99999.
122536,1610632,-51.312587,-59.280147,2.3,-2,-99999,-99999.,-99999.,-99999.,-99999.,-99999.,-99999.
122536,1610633,-51.312587,-59.28017,2.,-2,-99999,-99999.,-99999.,-99999.,-99999.,-99999.,-99999.
122536,1610635,-51.312587,-59.28017,2.,-2,-99999,-99999.,-99999.,-99999.,-99999.,-99999.,-99999.
122536,1610640,-51.312607,-59.28025,2.3,-2,-99999,-99999.,-99999.,-99999.,-99999.,-99999.,-99999.
122536,1610658,-51.31261,-59.280425,2.2,-2,-99999,-99999.,-99999.,-99999.,-99999.,-99999.,-99999.
122536,1610664,-51.312595,-59.280493,2.,-2,-99999,-99999.,-99999.,-99999.,-99999.,-99999.,-99999.
122536,1610671,-51.312618,-59.28054,0.9,-2,-99999,-99999.,-99999.,-99999.,-99999.,-99999.,-99999.
122536,1610672,-51.312618,-59.28054,0.9,-2,-99999,-99999.,-99999.,-99999.,-99999.,-99999.,-99999.
122536,1610678,-51.312602,-59.280612,2.2,-2,-99999,-99999.,-99999.,-99999.,-99999.,-99999.,-99999.
122536,1610688,-51.312573,-59.280705,0.8,-2,-99999,-99999.,-99999.,-99999.,-99999.,-99999.,-99999.
122536,1610689,-51.312573,-59.280705,0.8,-2,-99999,-99999.,-99999.,-99999.,-99999.,-99999.,-99999.
122536,1610697,-51.312547,-59.280805,1.3,-2,-99999,-99999.,-99999.,-99999.,-99999.,-99999.,-99999.
122536,1610698,-51.312547,-59.280805,1.3,-2,-99999,-99999.,-99999.,-99999.,-99999.,-99999.,-99999.
122536,1610708,-51.312527,-59.280898,1.3,-2,-99999,-99999.,-99999.,-99999.,-99999.,-99999.,-99999.
122536,1610718,-51.312487,-59.281008,2.,-2,-99999,-99999.,-99999.,-99999.,-99999.,-99999.,-99999.
122536,1610719,-51.312487,-59.281008,2.,-2,-99999,-99999.,-99999.,-99999.,-99999.,-99999.,-99999.
122536,1610726,-51.312455,-59.281098,1.4,-2,-99999,-99999.,-99999.,-99999.,-99999.,-99999.,-99999.
122536,1610778,-51.312348,-59.281732,2.1,-2,-99999,-99999.,-99999.,-99999.,-99999.,-99999.,-99999.
122536,1610786,-51.312372,-59.281793,0.8,-2,-99999,-99999.,-99999.,-99999.,-99999.,-99999.,-99999.
122536,1610796,-51.312365,-59.281885,1.2,-2,-99999,-99999.,-99999.,-99999.,-99999.,-99999.,-99999.
122536,1610820,-51.312288,-59.282118,1.7,-2,-99999,-99999.,-99999.,-99999.,-99999.,-99999.,-99999.
122536,1610825,-51.312277,-59.282168,1.4,-2,-99999,-99999.,-99999.,-99999.,-99999.,-99999.,-99999.
122536,1610826,-51.312263,-59.282182,1.5,-2,-99999,-99999.,-99999.,-99999.,-99999.,-99999.,-99999.
122536,1610857,-51.312132,-59.282395,1.9,-2,-99999,-99999.,-99999.,-99999.,-99999.,-99999.,-99999.
122536,1610909,-51.311905,-59.28298,2.2,-2,-99999,-99999.,-99999.,-99999.,-99999.,-99999.,-99999.
122536,1610987,-51.311547,-59.283848,1.4,-2,-99999,-99999.,-99999.,-99999.,-99999.,-99999.,-99999.
122536,1613860,-51.299078,-59.319038,2.4,-4,-99999,-99999.,-99999.,-99999.,-99999.,-99999.,-99999.
122536,1616265,-51.292413,-59.34973,2.6,-2,-99999,-99999.,-99999.,-99999.,-99999.,-99999.,-99999.
122536,1616270,-51.29242,-59.349815,2.3,-2,-99999,-99999.,-99999.,-99999.,-99999.,-99999.,-99999.
122536,1616271,-51.29242,-59.349815,2.3,-2,-99999,-99999.,-99999.,-99999.,-99999.,-99999.,-99999.
122536,1616273,-51.292423,-59.349867,2.,-2,-99999,-99999.,-99999.,-99999.,-99999.,-99999.,-99999.
122536,1616276,-51.292398,-59.349927,3.1,-2,-99999,-99999.,-99999.,-99999.,-99999.,-99999.,-99999.
122536,1616286,-51.292375,-59.350098,3.,-2,-99999,-99999.,-99999.,-99999.,-99999.,-99999.,-99999.
122536,1616287,-51.292375,-59.350098,3.,-2,-99999,-99999.,-99999.,-99999.,-99999.,-99999.,-99999.
122536,1616297,-51.292367,-59.350275,2.,-2,-99999,-99999.,-99999.,-99999.,-99999.,-99999.,-99999.
122536,1616299,-51.292367,-59.350275,2.,-2,-99999,-99999.,-99999.,-99999.,-99999.,-99999.,-99999.
122536,1616307,-51.29235,-59.350427,1.9,-2,-99999,-99999.,-99999.,-99999.,-99999.,-99999.,-99999.
122536,1616308,-51.29235,-59.350427,1.9,-2,-99999,-99999.,-99999.,-99999.,-99999.,-99999.,-99999.
122536,1616316,-51.292338,-59.35056,2.1,-2,-99999,-99999.,-99999.,-99999.,-99999.,-99999.,-99999.
122536,1616328,-51.292303,-59.350737,2.2,-2,-99999,-99999.,-99999.,-99999.,-99999.,-99999.,-99999.
122536,1616337,-51.292285,-59.350867,1.8,-2,-99999,-99999.,-99999.,-99999.,-99999.,-99999.,-99999.
122536,1616338,-51.292285,-59.350867,1.8,-2,-99999,-99999.,-99999.,-99999.,-99999.,-99999.,-99999.
122536,1616346,-51.292262,-59.350995,1.3,-2,-99999,-99999.,-99999.,-99999.,-99999.,-99999.,-99999.
122536,1616347,-51.292262,-59.350995,1.3,-2,-99999,-99999.,-99999.,-99999.,-99999.,-99999.,-99999.
122536,1616358,-51.292267,-59.35113,1.8,-2,-99999,-99999.,-99999.,-99999.,-99999.,-99999.,-99999.
122536,1616367,-51.292273,-59.35126,2.2,-2,-99999,-99999.,-99999.,-99999.,-99999.,-99999.,-99999.
122536,1616368,-51.292273,-59.35126,2.2,-2,-99999,-99999.,-99999.,-99999.,-99999.,-99999.,-99999.
122536,1616376,-51.292275,-59.351392,2.3,-2,-99999,-99999.,-99999.,-99999.,-99999.,-99999.,-99999.
122536,1616388,-51.292265,-59.351557,1.6,-2,-99999,-99999.,-99999.,-99999.,-99999.,-99999.,-99999.
122536,1616397,-51.292242,-59.351682,1.8,-2,-99999,-99999.,-99999.,-99999.,-99999.,-99999.,-99999.
122536,1616398,-51.292242,-59.351682,1.8,-2,-99999,-99999.,-99999.,-99999.,-99999.,-99999.,-99999.
122536,1616406,-51.29221,-59.351803,1.7,-2,-99999,-99999.,-99999.,-99999.,-99999.,-99999.,-99999.
122536,1616407,-51.29221,-59.351803,1.7,-2,-99999,-99999.,-99999.,-99999.,-99999.,-99999.,-99999.
122536,1616428,-51.292132,-59.35207,1.7,-2,-99999,-99999.,-99999.,-99999.,-99999.,-99999.,-99999.
122536,1616447,-51.292,-59.352253,2.9,-2,-99999,-99999.,-99999.,-99999.,-99999.,-99999.,-99999.
122536,1616466,-51.291853,-59.352438,1.9,-2,-99999,-99999.,-99999.,-99999.,-99999.,-99999.,-99999.
122536,1616467,-51.291853,-59.352438,1.9,-2,-99999,-99999.,-99999.,-99999.,-99999.,-99999.,-99999.
122536,1616477,-51.29177,-59.352565,1.3,-2,-99999,-99999.,-99999.,-99999.,-99999.,-99999.,-99999.
122536,1616487,-51.291687,-59.352687,2.3,-2,-99999,-99999.,-99999.,-99999.,-99999.,-99999.,-99999.
122536,1616488,-51.291687,-59.352687,2.3,-2,-99999,-99999.,-99999.,-99999.,-99999.,-99999.,-99999.
122536,1616496,-51.29161,-59.352788,3.,-2,-99999,-99999.,-99999.,-99999.,-99999.,-99999.,-99999.
122536,1616526,-51.291358,-59.353137,2.7,-2,-99999,-99999.,-99999.,-99999.,-99999.,-99999.,-99999.
122536,1616527,-51.291358,-59.353137,2.7,-2,-99999,-99999.,-99999.,-99999.,-99999.,-99999.,-99999.
122536,1616537,-51.291272,-59.353293,2.5,-2,-99999,-99999.,-99999.,-99999.,-99999.,-99999.,-99999.
122536,1616538,-51.291272,-59.353293,2.5,-2,-99999,-99999.,-99999.,-99999.,-99999.,-99999.,-99999.
122536,1616546,-51.291218,-59.353422,2.7,-2,-99999,-99999.,-99999.,-99999.,-99999.,-99999.,-99999.
122536,1616556,-51.291168,-59.353565,1.8,-2,-99999,-99999.,-99999.,-99999.,-99999.,-99999.,-99999.
122536,1616564,-51.291142,-59.353687,1.3,-2,-99999,-99999.,-99999.,-99999.,-99999.,-99999.,-99999.
122536,1616565,-51.291142,-59.353687,1.3,-2,-99999,-99999.,-99999.,-99999.,-99999.,-99999.,-99999.
122536,1616567,-51.291133,-59.353725,2.,-2,-99999,-99999.,-99999.,-99999.,-99999.,-99999.,-99999.
122536,1616570,-51.291125,-59.353758,1.7,-2,-99999,-99999.,-99999.,-99999.,-99999.,-99999.,-99999.
122536,1616575,-51.291115,-59.353822,1.1,-2,-99999,-99999.,-99999.,-99999.,-99999.,-99999.,-99999.
122536,1616581,-51.2911,-59.353898,2.3,-2,-99999,-99999.,-99999.,-99999.,-99999.,-99999.,-99999.
122536,1616586,-51.291107,-59.35395,1.3,-2,-99999,-99999.,-99999.,-99999.,-99999.,-99999.,-99999.
122536,1616587,-51.291107,-59.35395,1.3,-2,-99999,-99999.,-99999.,-99999.,-99999.,-99999.,-99999.
122536,1616590,-51.291087,-59.354003,2.2,-2,-99999,-99999.,-99999.,-99999.,-99999.,-99999.,-99999.
122536,1616591,-51.291087,-59.354003,2.2,-2,-99999,-99999.,-99999.,-99999.,-99999.,-99999.,-99999.
122536,1616594,-51.291078,-59.35406,1.4,-2,-99999,-99999.,-99999.,-99999.,-99999.,-99999.,-99999.
122536,1616595,-51.291078,-59.35406,1.4,-2,-99999,-99999.,-99999.,-99999.,-99999.,-99999.,-99999.
122536,1616597,-51.291077,-59.35408,1.7,-2,-99999,-99999.,-99999.,-99999.,-99999.,-99999.,-99999.
122536,1616600,-51.29107,-59.354103,2.,-2,-99999,-99999.,-99999.,-99999.,-99999.,-99999.,-99999.
122536,1616606,-51.291035,-59.35419,2.,-2,-99999,-99999.,-99999.,-99999.,-99999.,-99999.,-99999.
122536,1616607,-51.291035,-59.35419,2.,-2,-99999,-99999.,-99999.,-99999.,-99999.,-99999.,-99999.
122536,1616614,-51.291005,-59.354272,2.,-2,-99999,-99999.,-99999.,-99999.,-99999.,-99999.,-99999.
122536,1616620,-51.290963,-59.35435,1.8,-2,-99999,-99999.,-99999.,-99999.,-99999.,-99999.,-99999.
122536,1616627,-51.29094,-59.354432,2.2,-2,-99999,-99999.,-99999.,-99999.,-99999.,-99999.,-99999.
122536,1616633,-51.29089,-59.354502,2.1,-2,-99999,-99999.,-99999.,-99999.,-99999.,-99999.,-99999.
122536,1616646,-51.290785,-59.354628,1.1,-2,-99999,-99999.,-99999.,-99999.,-99999.,-99999.,-99999.
122536,1616647,-51.290785,-59.354628,1.1,-2,-99999,-99999.,-99999.,-99999.,-99999.,-99999.,-99999.
122536,1616657,-51.290705,-59.35474,2.9,-2,-99999,-99999.,-99999.,-99999.,-99999.,-99999.,-99999.
122536,1616658,-51.290705,-59.35474,2.9,-2,-99999,-99999.,-99999.,-99999.,-99999.,-99999.,-99999.
122536,1616666,-51.290652,-59.354817,1.2,-2,-99999,-99999.,-99999.,-99999.,-99999.,-99999.,-99999.
122536,1616667,-51.290652,-59.354817,1.2,-2,-99999,-99999.,-99999.,-99999.,-99999.,-99999.,-99999.
122536,1616687,-51.290477,-59.354987,3.6,-2,-99999,-99999.,-99999.,-99999.,-99999.,-99999.,-99999.
122536,1616706,-51.290287,-59.355127,3.3,-2,-99999,-99999.,-99999.,-99999.,-99999.,-99999.,-99999.
122536,1616717,-51.29021,-59.35522,1.3,-2,-99999,-99999.,-99999.,-99999.,-99999.,-99999.,-99999.
122536,1616718,-51.29021,-59.35522,1.3,-2,-99999,-99999.,-99999.,-99999.,-99999.,-99999.,-99999.
122536,1616726,-51.290143,-59.355302,0.5,-2,-99999,-99999.,-99999.,-99999.,-99999.,-99999.,-99999.
122536,1616727,-51.290143,-59.355302,0.5,-2,-99999,-99999.,-99999.,-99999.,-99999.,-99999.,-99999.
122536,1616741,-51.29006,-59.355435,2.2,-2,-99999,-99999.,-99999.,-99999.,-99999.,-99999.,-99999.
122536,1616745,-51.290042,-59.355482,2.,-2,-99999,-99999.,-99999.,-99999.,-99999.,-99999.,-99999.
122536,1616747,-51.290028,-59.355505,1.7,-2,-99999,-99999.,-99999.,-99999.,-99999.,-99999.,-99999.
122536,1616751,-51.29002,-59.355545,2.,-2,-99999,-99999.,-99999.,-99999.,-99999.,-99999.,-99999.
122536,1616752,-51.29002,-59.355545,2.,-2,-99999,-99999.,-99999.,-99999.,-99999.,-99999.,-99999.
122536,1616755,-51.289992,-59.355588,2.9,-2,-99999,-99999.,-99999.,-99999.,-99999.,-99999.,-99999.
122536,1616765,-51.289967,-59.355722,1.5,-2,-99999,-99999.,-99999.,-99999.,-99999.,-99999.,-99999.
122536,1616767,-51.289965,-59.355732,1.3,-2,-99999,-99999.,-99999.,-99999.,-99999.,-99999.,-99999.
122536,1616775,-51.289948,-59.355842,1.2,-2,-99999,-99999.,-99999.,-99999.,-99999.,-99999.,-99999.
122536,1616776,-51.289948,-59.355842,1.2,-2,-99999,-99999.,-99999.,-99999.,-99999.,-99999.,-99999.
122536,1616778,-51.289945,-59.355868,1.9,-2,-99999,-99999.,-99999.,-99999.,-99999.,-99999.,-99999.
122536,1616781,-51.289933,-59.355917,2.2,-2,-99999,-99999.,-99999.,-99999.,-99999.,-99999.,-99999.
122536,1616787,-51.289923,-59.355977,2.8,-2,-99999,-99999.,-99999.,-99999.,-99999.,-99999.,-99999.
122536,1616807,-51.289883,-59.356272,2.3,-2,-99999,-99999.,-99999.,-99999.,-99999.,-99999.,-99999.
122536,1638877,-51.290683,-59.41314,1.1,-3,-99999,-99999.,-99999.,-99999.,-99999.,-99999.,-99999.
122536,1638968,-51.290273,-59.412828,0.7,-3,-99999,-99999.,-99999.,-99999.,-99999.,-99999.,-99999.
122536,1638976,-51.29024,-59.412803,1.2,-3,-99999,-99999.,-99999.,-99999.,-99999.,-99999.,-99999.
122536,1639007,-51.290103,-59.412748,0.8,-3,-99999,-99999.,-99999.,-99999.,-99999.,-99999.,-99999.
122536,1639017,-51.290062,-59.412718,0.9,-3,-99999,-99999.,-99999.,-99999.,-99999.,-99999.,-99999.
122536,1639028,-51.290015,-59.412675,1.,-3,-99999,-99999.,-99999.,-99999.,-99999.,-99999.,-99999.
122536,1639036,-51.28998,-59.412655,1.1,-3,-99999,-99999.,-99999.,-99999.,-99999.,-99999.,-99999.
122536,1639057,-51.2899,-59.412593,0.6,-3,-99999,-99999.,-99999.,-99999.,-99999.,-99999.,-99999.
122536,1639067,-51.289863,-59.412568,0.6,-3,-99999,-99999.,-99999.,-99999.,-99999.,-99999.,-99999.
122536,1639088,-51.28979,-59.412483,0.7,-3,-99999,-99999.,-99999.,-99999.,-99999.,-99999.,-99999.
122536,1639097,-51.289763,-59.412452,0.7,-3,-99999,-99999.,-99999.,-99999.,-99999.,-99999.,-99999.
122536,1639107,-51.289725,-59.412398,0.6,-3,-99999,-99999.,-99999.,-99999.,-99999.,-99999.,-99999.
122536,1639117,-51.289687,-59.412362,0.7,-3,-99999,-99999.,-99999.,-99999.,-99999.,-99999.,-99999.
122536,1639127,-51.289652,-59.412332,1.,-3,-99999,-99999.,-99999.,-99999.,-99999.,-99999.,-99999.
122536,1639137,-51.289633,-59.412302,0.9,-3,-99999,-99999.,-99999.,-99999.,-99999.,-99999.,-99999.
122536,1639147,-51.289608,-59.412263,0.8,-3,-99999,-99999.,-99999.,-99999.,-99999.,-99999.,-99999.
122536,1639148,-51.289608,-59.412263,0.8,-3,-99999,-99999.,-99999.,-99999.,-99999.,-99999.,-99999.
122536,1639156,-51.289587,-59.412235,1.,-3,-99999,-99999.,-99999.,-99999.,-99999.,-99999.,-99999.
122536,1639167,-51.28956,-59.412193,0.7,-3,-99999,-99999.,-99999.,-99999.,-99999.,-99999.,-99999.
122536,1639177,-51.289527,-59.412153,0.9,-3,-99999,-99999.,-99999.,-99999.,-99999.,-99999.,-99999.
122536,1639198,-51.289477,-59.412087,1.1,-3,-99999,-99999.,-99999.,-99999.,-99999.,-99999.,-99999.
122536,1639207,-51.289447,-59.412045,0.9,-3,-99999,-99999.,-99999.,-99999.,-99999.,-99999.,-99999.
122536,1639208,-51.289447,-59.412045,0.9,-3,-99999,-99999.,-99999.,-99999.,-99999.,-99999.,-99999.
122536,1639216,-51.289425,-59.412,1.,-3,-99999,-99999.,-99999.,-99999.,-99999.,-99999.,-99999.
122536,1639227,-51.289403,-59.411965,0.7,-3,-99999,-99999.,-99999.,-99999.,-99999.,-99999.,-99999.
122536,1639237,-51.289383,-59.411945,0.7,-3,-99999,-99999.,-99999.,-99999.,-99999.,-99999.,-99999.
122536,1639247,-51.289362,-59.411927,0.7,-3,-99999,-99999.,-99999.,-99999.,-99999.,-99999.,-99999.
122536,1639258,-51.289298,-59.411888,0.9,-3,-99999,-99999.,-99999.,-99999.,-99999.,-99999.,-99999.
122536,1639267,-51.289268,-59.411852,1.,-3,-99999,-99999.,-99999.,-99999.,-99999.,-99999.,-99999.
122536,1639268,-51.289268,-59.411852,1.,-3,-99999,-99999.,-99999.,-99999.,-99999.,-99999.,-99999.
122536,1639276,-51.289242,-59.411823,1.,-3,-99999,-99999.,-99999.,-99999.,-99999.,-99999.,-99999.
122536,1639287,-51.289195,-59.411778,0.8,-3,-99999,-99999.,-99999.,-99999.,-99999.,-99999.,-99999.
122536,1639307,-51.289132,-59.411702,1.2,-3,-99999,-99999.,-99999.,-99999.,-99999.,-99999.,-99999.
122536,1639336,-51.289018,-59.411572,1.1,-3,-99999,-99999.,-99999.,-99999.,-99999.,-99999.,-99999.
122536,1639337,-51.289018,-59.411572,1.1,-3,-99999,-99999.,-99999.,-99999.,-99999.,-99999.,-99999.
122536,1639357,-51.288937,-59.411493,1.,-3,-99999,-99999.,-99999.,-99999.,-99999.,-99999.,-99999.
122536,1639366,-51.288893,-59.411457,0.7,-3,-99999,-99999.,-99999.,-99999.,-99999.,-99999.,-99999.
122536,1639367,-51.288893,-59.411457,0.7,-3,-99999,-99999.,-99999.,-99999.,-99999.,-99999.,-99999.
122536,1639378,-51.288855,-59.411405,1.1,-3,-99999,-99999.,-99999.,-99999.,-99999.,-99999.,-99999.
122536,1639387,-51.288827,-59.411368,1.2,-3,-99999,-99999.,-99999.,-99999.,-99999.,-99999.,-99999.
122536,1639388,-51.288827,-59.411368,1.2,-3,-99999,-99999.,-99999.,-99999.,-99999.,-99999.,-99999.
122536,1639396,-51.288793,-59.411332,1.1,-3,-99999,-99999.,-99999.,-99999.,-99999.,-99999.,-99999.
122536,1639397,-51.288793,-59.411332,1.1,-3,-99999,-99999.,-99999.,-99999.,-99999.,-99999.,-99999.
122536,1639408,-51.288762,-59.41129,1.1,-3,-99999,-99999.,-99999.,-99999.,-99999.,-99999.,-99999.
122536,1639417,-51.288738,-59.411247,0.5,-3,-99999,-99999.,-99999.,-99999.,-99999.,-99999.,-99999.
122536,1639426,-51.288708,-59.411205,0.9,-3,-99999,-99999.,-99999.,-99999.,-99999.,-99999.,-99999.
122536,1639427,-51.288708,-59.411205,0.9,-3,-99999,-99999.,-99999.,-99999.,-99999.,-99999.,-99999.
122536,1639438,-51.288683,-59.411147,0.9,-3,-99999,-99999.,-99999.,-99999.,-99999.,-99999.,-99999.
122536,1639447,-51.288655,-59.411098,0.9,-3,-99999,-99999.,-99999.,-99999.,-99999.,-99999.,-99999.
122536,1639457,-51.288617,-59.411052,0.8,-3,-99999,-99999.,-99999.,-99999.,-99999.,-99999.,-99999.
122536,1639467,-51.288592,-59.411008,0.6,-3,-99999,-99999.,-99999.,-99999.,-99999.,-99999.,-99999.
122536,1639477,-51.288562,-59.410977,1.,-3,-99999,-99999.,-99999.,-99999.,-99999.,-99999.,-99999.
122536,1639486,-51.288528,-59.410943,1.,-3,-99999,-99999.,-99999.,-99999.,-99999.,-99999.,-99999.
122536,1639488,-51.288528,-59.410943,1.,-3,-99999,-99999.,-99999.,-99999.,-99999.,-99999.,-99999.
122536,1639497,-51.2885,-59.410892,0.6,-3,-99999,-99999.,-99999.,-99999.,-99999.,-99999.,-99999.
122536,1639498,-51.2885,-59.410892,0.6,-3,-99999,-99999.,-99999.,-99999.,-99999.,-99999.,-99999.
122536,1644578,-51.289573,-59.456293,0.7,-1,-99999,-99999.,-99999.,-99999.,-99999.,-99999.,-99999.
122536,1644686,-51.2895,-59.45572,0.7,-1,-99999,-99999.,-99999.,-99999.,-99999.,-99999.,-99999.
122536,1644687,-51.2895,-59.45572,0.7,-1,-99999,-99999.,-99999.,-99999.,-99999.,-99999.,-99999.
122536,1644776,-51.289293,-59.455153,0.9,-1,-99999,-99999.,-99999.,-99999.,-99999.,-99999.,-99999.
122536,1644777,-51.289293,-59.455153,0.9,-1,-99999,-99999.,-99999.,-99999.,-99999.,-99999.,-99999.
122536,1644968,-51.288733,-59.454033,1.,-1,-99999,-99999.,-99999.,-99999.,-99999.,-99999.,-99999.
122536,1644976,-51.288708,-59.453985,1.,-1,-99999,-99999.,-99999.,-99999.,-99999.,-99999.,-99999.
122536,1644977,-51.288708,-59.453985,1.,-1,-99999,-99999.,-99999.,-99999.,-99999.,-99999.,-99999.
122536,1645096,-51.288365,-59.45332,1.3,-1,-99999,-99999.,-99999.,-99999.,-99999.,-99999.,-99999.
122536,1645097,-51.288365,-59.45332,1.3,-1,-99999,-99999.,-99999.,-99999.,-99999.,-99999.,-99999.
122536,1645128,-51.288303,-59.453135,0.9,-1,-99999,-99999.,-99999.,-99999.,-99999.,-99999.,-99999.
122536,1645147,-51.288263,-59.453038,0.7,-1,-99999,-99999.,-99999.,-99999.,-99999.,-99999.,-99999.
122536,1645158,-51.288238,-59.452972,1.2,-1,-99999,-99999.,-99999.,-99999.,-99999.,-99999.,-99999.
122536,1645167,-51.288217,-59.45292,1.2,-1,-99999,-99999.,-99999.,-99999.,-99999.,-99999.,-99999.
122536,1645188,-51.288175,-59.452772,1.,-1,-99999,-99999.,-99999.,-99999.,-99999.,-99999.,-99999.
122536,1645196,-51.288163,-59.452723,0.8,-1,-99999,-99999.,-99999.,-99999.,-99999.,-99999.,-99999.
122536,1645197,-51.288163,-59.452723,0.8,-1,-99999,-99999.,-99999.,-99999.,-99999.,-99999.,-99999.
122536,1645208,-51.288137,-59.45266,1.1,-1,-99999,-99999.,-99999.,-99999.,-99999.,-99999.,-99999.
122536,1645217,-51.288118,-59.452602,0.6,-1,-99999,-99999.,-99999.,-99999.,-99999.,-99999.,-99999.
122536,1645227,-51.288095,-59.452533,0.6,-1,-99999,-99999.,-99999.,-99999.,-99999.,-99999.,-99999.
122536,1645238,-51.288063,-59.452455,1.1,-1,-99999,-99999.,-99999.,-99999.,-99999.,-99999.,-99999.
122536,1645268,-51.288,-59.45223,1.1,-1,-99999,-99999.,-99999.,-99999.,-99999.,-99999.,-99999.
122536,1645287,-51.287943,-59.452102,1.1,-1,-99999,-99999.,-99999.,-99999.,-99999.,-99999.,-99999.
122536,1645297,-51.28791,-59.452025,1.3,-1,-99999,-99999.,-99999.,-99999.,-99999.,-99999.,-99999.
122536,1645307,-51.28788,-59.451968,1.,-1,-99999,-99999.,-99999.,-99999.,-99999.,-99999.,-99999.
122536,1645317,-51.287853,-59.451895,1.,-1,-99999,-99999.,-99999.,-99999.,-99999.,-99999.,-99999.
122536,1645328,-51.287815,-59.45184,1.,-1,-99999,-99999.,-99999.,-99999.,-99999.,-99999.,-99999.
122536,1645337,-51.287778,-59.45177,0.9,-1,-99999,-99999.,-99999.,-99999.,-99999.,-99999.,-99999.
122536,1645347,-51.287748,-59.451707,0.7,-1,-99999,-99999.,-99999.,-99999.,-99999.,-99999.,-99999.
122536,1645357,-51.287712,-59.451643,1.2,-1,-99999,-99999.,-99999.,-99999.,-99999.,-99999.,-99999.
122536,1645367,-51.287675,-59.451582,1.1,-1,-99999,-99999.,-99999.,-99999.,-99999.,-99999.,-99999.
122536,1645377,-51.287647,-59.451512,1.3,-1,-99999,-99999.,-99999.,-99999.,-99999.,-99999.,-99999.
122536,1645378,-51.287647,-59.451512,1.3,-1,-99999,-99999.,-99999.,-99999.,-99999.,-99999.,-99999.
122536,1650657,-51.265673,-59.475995,1.3,-1,-99999,-99999.,-99999.,-99999.,-99999.,-99999.,-99999.
122536,1650668,-51.265635,-59.476163,2.,-1,-99999,-99999.,-99999.,-99999.,-99999.,-99999.,-99999.
122536,1650669,-51.265635,-59.476163,2.,-1,-99999,-99999.,-99999.,-99999.,-99999.,-99999.,-99999.
122536,1650677,-51.265597,-59.476298,1.7,-1,-99999,-99999.,-99999.,-99999.,-99999.,-99999.,-99999.
122536,1650717,-51.265323,-59.476742,2.5,-1,-99999,-99999.,-99999.,-99999.,-99999.,-99999.,-99999.
122536,1650728,-51.265258,-59.47685,2.1,-1,-99999,-99999.,-99999.,-99999.,-99999.,-99999.,-99999.
122536,1650788,-51.265008,-59.477548,0.8,-1,-99999,-99999.,-99999.,-99999.,-99999.,-99999.,-99999.
122536,1650828,-51.264828,-59.47799,1.7,-1,-99999,-99999.,-99999.,-99999.,-99999.,-99999.,-99999.
122536,1650838,-51.264778,-59.478137,2.8,-1,-99999,-99999.,-99999.,-99999.,-99999.,-99999.,-99999.
122536,1650857,-51.264658,-59.478458,2.8,-1,-99999,-99999.,-99999.,-99999.,-99999.,-99999.,-99999.
122536,1650867,-51.264608,-59.478638,3.1,-1,-99999,-99999.,-99999.,-99999.,-99999.,-99999.,-99999.
122536,1650878,-51.264557,-59.478845,3.2,-1,-99999,-99999.,-99999.,-99999.,-99999.,-99999.,-99999.
122536,1650939,-51.264243,-59.479915,2.8,-1,-99999,-99999.,-99999.,-99999.,-99999.,-99999.,-99999.
122536,1650947,-51.264198,-59.480045,2.6,-1,-99999,-99999.,-99999.,-99999.,-99999.,-99999.,-99999.
122536,1650957,-51.264145,-59.480217,1.2,-1,-99999,-99999.,-99999.,-99999.,-99999.,-99999.,-99999.
122536,1650958,-51.264145,-59.480217,1.2,-1,-99999,-99999.,-99999.,-99999.,-99999.,-99999.,-99999.
122536,1650968,-51.264093,-59.480375,1.7,-1,-99999,-99999.,-99999.,-99999.,-99999.,-99999.,-99999.
122536,1650977,-51.264075,-59.480482,2.6,-1,-99999,-99999.,-99999.,-99999.,-99999.,-99999.,-99999.
122536,1650998,-51.264042,-59.48066,1.8,-1,-99999,-99999.,-99999.,-99999.,-99999.,-99999.,-99999.
122536,1650999,-51.264042,-59.48066,1.8,-1,-99999,-99999.,-99999.,-99999.,-99999.,-99999.,-99999.
122536,1651018,-51.263967,-59.480793,1.3,-1,-99999,-99999.,-99999.,-99999.,-99999.,-99999.,-99999.
122536,1651027,-51.263915,-59.480868,0.8,-1,-99999,-99999.,-99999.,-99999.,-99999.,-99999.,-99999.
122536,1651028,-51.263915,-59.480868,0.8,-1,-99999,-99999.,-99999.,-99999.,-99999.,-99999.,-99999.
122536,1651037,-51.263847,-59.480942,1.6,-1,-99999,-99999.,-99999.,-99999.,-99999.,-99999.,-99999.
122536,1651077,-51.26359,-59.481263,1.7,-1,-99999,-99999.,-99999.,-99999.,-99999.,-99999.,-99999.
122536,1651078,-51.26359,-59.481263,1.7,-1,-99999,-99999.,-99999.,-99999.,-99999.,-99999.,-99999.
122536,1651087,-51.263537,-59.481385,1.8,-1,-99999,-99999.,-99999.,-99999.,-99999.,-99999.,-99999.
122536,1651088,-51.263537,-59.481385,1.8,-1,-99999,-99999.,-99999.,-99999.,-99999.,-99999.,-99999.
122536,1651093,-51.263515,-59.481457,1.6,-1,-99999,-99999.,-99999.,-99999.,-99999.,-99999.,-99999.
122536,1651094,-51.263515,-59.481457,1.6,-1,-99999,-99999.,-99999.,-99999.,-99999.,-99999.,-99999.
122536,1651097,-51.263495,-59.481517,1.9,-1,-99999,-99999.,-99999.,-99999.,-99999.,-99999.,-99999.
122536,1651099,-51.263485,-59.481543,1.6,-1,-99999,-99999.,-99999.,-99999.,-99999.,-99999.,-99999.
122536,1651100,-51.263485,-59.481543,1.6,-1,-99999,-99999.,-99999.,-99999.,-99999.,-99999.,-99999.
122536,1651104,-51.263467,-59.481602,2.6,-1,-99999,-99999.,-99999.,-99999.,-99999.,-99999.,-99999.
122536,1651111,-51.263438,-59.481687,1.2,-1,-99999,-99999.,-99999.,-99999.,-99999.,-99999.,-99999.
122536,1651118,-51.263425,-59.481787,1.8,-1,-99999,-99999.,-99999.,-99999.,-99999.,-99999.,-99999.
122536,1651127,-51.26339,-59.481882,1.9,-1,-99999,-99999.,-99999.,-99999.,-99999.,-99999.,-99999.
122536,1651138,-51.263342,-59.482018,1.4,-1,-99999,-99999.,-99999.,-99999.,-99999.,-99999.,-99999.
122536,1651148,-51.263305,-59.482148,3.,-1,-99999,-99999.,-99999.,-99999.,-99999.,-99999.,-99999.
122536,1651157,-51.263282,-59.482257,2.2,-1,-99999,-99999.,-99999.,-99999.,-99999.,-99999.,-99999.
122536,1651179,-51.263207,-59.482542,2.1,0,-99999,-99999.,-99999.,-99999.,-99999.,-99999.,-99999.
122536,1651187,-51.263175,-59.482662,1.6,0,-99999,-99999.,-99999.,-99999.,-99999.,-99999.,-99999.
122536,1653930,-51.245892,-59.52009,3.,-1,-99999,-99999.,-99999.,-99999.,-99999.,-99999.,-99999.
122536,1656720,-51.2355,-59.55564,0.8,-3,-99999,-99999.,-99999.,-99999.,-99999.,-99999.,-99999.
122536,1656726,-51.235483,-59.555675,1.,-3,-99999,-99999.,-99999.,-99999.,-99999.,-99999.,-99999.
122536,1656739,-51.23545,-59.555792,1.6,-4,-99999,-99999.,-99999.,-99999.,-99999.,-99999.,-99999.
122536,1656740,-51.23545,-59.555792,1.6,-4,-99999,-99999.,-99999.,-99999.,-99999.,-99999.,-99999.
122536,1656745,-51.235418,-59.555855,2.1,-4,-99999,-99999.,-99999.,-99999.,-99999.,-99999.,-99999.
122536,1656761,-51.235335,-59.55598,1.2,-4,-99999,-99999.,-99999.,-99999.,-99999.,-99999.,-99999.
122536,1656763,-51.23531,-59.556,2.7,-4,-99999,-99999.,-99999.,-99999.,-99999.,-99999.,-99999.
122536,1656764,-51.23531,-59.556,2.7,-4,-99999,-99999.,-99999.,-99999.,-99999.,-99999.,-99999.
122536,1656766,-51.235298,-59.55601,1.2,-4,-99999,-99999.,-99999.,-99999.,-99999.,-99999.,-99999.
122536,1656770,-51.235268,-59.556042,1.6,-4,-99999,-99999.,-99999.,-99999.,-99999.,-99999.,-99999.
122536,1656771,-51.235268,-59.556042,1.6,-4,-99999,-99999.,-99999.,-99999.,-99999.,-99999.,-99999.
122536,1656776,-51.235233,-59.556072,1.5,-4,-99999,-99999.,-99999.,-99999.,-99999.,-99999.,-99999.
122536,1656786,-51.235167,-59.556137,1.,-4,-99999,-99999.,-99999.,-99999.,-99999.,-99999.,-99999.
122536,1656797,-51.235115,-59.556218,1.6,-4,-99999,-99999.,-99999.,-99999.,-99999.,-99999.,-99999.
122536,1656805,-51.235097,-59.556227,1.3,-4,-99999,-99999.,-99999.,-99999.,-99999.,-99999.,-99999.
122536,1656806,-51.235097,-59.556227,1.3,-4,-99999,-99999.,-99999.,-99999.,-99999.,-99999.,-99999.
122536,1656817,-51.235087,-59.556283,0.9,-4,-99999,-99999.,-99999.,-99999.,-99999.,-99999.,-99999.
122536,1656819,-51.235087,-59.556283,0.9,-4,-99999,-99999.,-99999.,-99999.,-99999.,-99999.,-99999.
122536,1656821,-51.235078,-59.556283,0.5,-4,-99999,-99999.,-99999.,-99999.,-99999.,-99999.,-99999.
122536,1657793,-51.230977,-59.56479,2.2,-4,-99999,-99999.,-99999.,-99999.,-99999.,-99999.,-99999.
122536,1659156,-51.225875,-59.578747,1.3,-5,-99999,-99999.,-99999.,-99999.,-99999.,-99999.,-99999.
122536,1659391,-51.225327,-59.581017,1.9,-5,-99999,-99999.,-99999.,-99999.,-99999.,-99999.,-99999.
122536,1660237,-51.223397,-59.588853,1.4,-2,-99999,-99999.,-99999.,-99999.,-99999.,-99999.,-99999.
122536,1661222,-51.220157,-59.59736,1.5,-2,-99999,-99999.,-99999.,-99999.,-99999.,-99999.,-99999.
122536,1662329,-51.216253,-59.604357,1.,-2,-99999,-99999.,-99999.,-99999.,-99999.,-99999.,-99999.
122536,1663638,-51.21441,-59.617072,1.8,-3,-99999,-99999.,-99999.,-99999.,-99999.,-99999.,-99999.
122536,1664981,-51.211958,-59.626265,1.4,-3,-99999,-99999.,-99999.,-99999.,-99999.,-99999.,-99999.
122536,1665058,-51.211712,-59.626762,1.5,-3,-99999,-99999.,-99999.,-99999.,-99999.,-99999.,-99999.
122536,1665568,-51.209978,-59.631622,0.6,-3,-99999,-99999.,-99999.,-99999.,-99999.,-99999.,-99999.
122536,1666129,-51.207957,-59.637763,2.6,-3,-99999,-99999.,-99999.,-99999.,-99999.,-99999.,-99999.
122536,1666739,-51.204007,-59.643717,2.,-4,-99999,-99999.,-99999.,-99999.,-99999.,-99999.,-99999.
122536,1667259,-51.2004,-59.648048,1.9,-4,-99999,-99999.,-99999.,-99999.,-99999.,-99999.,-99999.
122536,1668492,-51.194225,-59.660732,2.7,-4,-99999,-99999.,-99999.,-99999.,-99999.,-99999.,-99999.
122536,1669700,-51.189065,-59.67307,1.9,-2,-99999,-99999.,-99999.,-99999.,-99999.,-99999.,-99999.
122536,1670979,-51.179173,-59.691908,3.3,-3,-99999,-99999.,-99999.,-99999.,-99999.,-99999.,-99999.
122536,1672189,-51.16545,-59.710972,3.9,-8,-99999,-99999.,-99999.,-99999.,-99999.,-99999.,-99999.
122536,1672978,-51.154805,-59.72581,3.,-10,-99999,-99999.,-99999.,-99999.,-99999.,-99999.,-99999.
122536,1673390,-51.149132,-59.734573,4.3,-11,-99999,-99999.,-99999.,-99999.,-99999.,-99999.,-99999.
122536,1674639,-51.131885,-59.770978,5.3,-8,-99999,-99999.,-99999.,-99999.,-99999.,-99999.,-99999.
122536,1675908,-51.114257,-59.815195,5.7,-11,-99999,-99999.,-99999.,-99999.,-99999.,-99999.,-99999.
122536,1677189,-51.094467,-59.855195,6.2,-9,-99999,-99999.,-99999.,-99999.,-99999.,-99999.,-99999.
122536,1678019,-51.080608,-59.879838,4.3,-17,-99999,-99999.,-99999.,-99999.,-99999.,-99999.,-99999.
122536,1678368,-51.074412,-59.891932,6.8,-18,-99999,-99999.,-99999.,-99999.,-99999.,-99999.,-99999.
122536,1678519,-51.07181,-59.896973,5.4,-18,-99999,-99999.,-99999.,-99999.,-99999.,-99999.,-99999.
122536,1679619,-51.051843,-59.933227,6.,-15,-99999,-99999.,-99999.,-99999.,-99999.,-99999.,-99999.
122536,1680859,-51.027542,-59.9719,8.,-18,-99999,-99999.,-99999.,-99999.,-99999.,-99999.,-99999.
122536,1680884,-51.02714,-59.972867,6.1,-18,-99999,-99999.,-99999.,-99999.,-99999.,-99999.,-99999.
122536,1682109,-51.002373,-60.012595,5.3,-14,-99999,-99999.,-99999.,-99999.,-99999.,-99999.,-99999.
122536,1683430,-50.970478,-60.062665,7.1,-23,-99999,-99999.,-99999.,-99999.,-99999.,-99999.,-99999.
122536,1684590,-50.943207,-60.107593,6.2,-21,-99999,-99999.,-99999.,-99999.,-99999.,-99999.,-99999.
122536,1684610,-50.942705,-60.108363,7.5,-21,-99999,-99999.,-99999.,-99999.,-99999.,-99999.,-99999.
122536,1685839,-50.914893,-60.149195,5.3,-27,-99999,-99999.,-99999.,-99999.,-99999.,-99999.,-99999.
122536,1687179,-50.894568,-60.1767,4.1,-25,-99999,-99999.,-99999.,-99999.,-99999.,-99999.,-99999.
122536,1687188,-50.89444,-60.176847,4.5,-25,-99999,-99999.,-99999.,-99999.,-99999.,-99999.,-99999.
122536,1687209,-50.89415,-60.177223,3.7,-25,-99999,-99999.,-99999.,-99999.,-99999.,-99999.,-99999.
122536,1687228,-50.893878,-60.177583,3.9,-25,-99999,-99999.,-99999.,-99999.,-99999.,-99999.,-99999.
122536,1687239,-50.893725,-60.17781,3.6,-25,-99999,-99999.,-99999.,-99999.,-99999.,-99999.,-99999.
122536,1687248,-50.893595,-60.177987,3.4,-25,-99999,-99999.,-99999.,-99999.,-99999.,-99999.,-99999.
122536,1687260,-50.89344,-60.178232,3.7,-25,-99999,-99999.,-99999.,-99999.,-99999.,-99999.,-99999.
122536,1687269,-50.893322,-60.178415,3.6,-25,-99999,-99999.,-99999.,-99999.,-99999.,-99999.,-99999.
122536,1687279,-50.893197,-60.178607,3.1,-25,-99999,-99999.,-99999.,-99999.,-99999.,-99999.,-99999.
122536,1687288,-50.893075,-60.178785,3.9,-25,-99999,-99999.,-99999.,-99999.,-99999.,-99999.,-99999.
122536,1687298,-50.892925,-60.178997,4.1,-25,-99999,-99999.,-99999.,-99999.,-99999.,-99999.,-99999.
122536,1687299,-50.892925,-60.178997,4.1,-25,-99999,-99999.,-99999.,-99999.,-99999.,-99999.,-99999.
122536,1687308,-50.892795,-60.179167,3.6,-25,-99999,-99999.,-99999.,-99999.,-99999.,-99999.,-99999.
122536,1687318,-50.892653,-60.17934,3.8,-25,-99999,-99999.,-99999.,-99999.,-99999.,-99999.,-99999.
122536,1687329,-50.892487,-60.179508,4.2,-25,-99999,-99999.,-99999.,-99999.,-99999.,-99999.,-99999.
122536,1687339,-50.892338,-60.179662,3.7,-25,-99999,-99999.,-99999.,-99999.,-99999.,-99999.,-99999.
122536,1687358,-50.892062,-60.180015,3.6,-25,-99999,-99999.,-99999.,-99999.,-99999.,-99999.,-99999.
122536,1687368,-50.891942,-60.180185,3.7,-25,-99999,-99999.,-99999.,-99999.,-99999.,-99999.,-99999.
122536,1687418,-50.891235,-60.181112,4.6,-25,-99999,-99999.,-99999.,-99999.,-99999.,-99999.,-99999.
122536,1687428,-50.8911,-60.181237,2.7,-25,-99999,-99999.,-99999.,-99999.,-99999.,-99999.,-99999.
122536,1687438,-50.890955,-60.181367,4.6,-25,-99999,-99999.,-99999.,-99999.,-99999.,-99999.,-99999.
122536,1687458,-50.890678,-60.18167,3.2,-25,-99999,-99999.,-99999.,-99999.,-99999.,-99999.,-99999.
122536,1687459,-50.890678,-60.18167,3.2,-25,-99999,-99999.,-99999.,-99999.,-99999.,-99999.,-99999.
122536,1687479,-50.890413,-60.181995,3.9,-25,-99999,-99999.,-99999.,-99999.,-99999.,-99999.,-99999.
122536,1688361,-50.87844,-60.198153,3.8,-26,-99999,-99999.,-99999.,-99999.,-99999.,-99999.,-99999.
122536,1689720,-50.857022,-60.217447,4.4,-26,-99999,-99999.,-99999.,-99999.,-99999.,-99999.,-99999.
122536,1690870,-50.83884,-60.232587,2.9,-27,-99999,-99999.,-99999.,-99999.,-99999.,-99999.,-99999.
122536,1691810,-50.82347,-60.244105,4.4,-30,-99999,-99999.,-99999.,-99999.,-99999.,-99999.,-99999.
122536,1692209,-50.816895,-60.249173,4.4,-30,-99999,-99999.,-99999.,-99999.,-99999.,-99999.,-99999.
122536,1692957,-50.804915,-60.258563,3.8,-28,-99999,-99999.,-99999.,-99999.,-99999.,-99999.,-99999.
122536,1692958,-50.804915,-60.258563,3.8,-28,-99999,-99999.,-99999.,-99999.,-99999.,-99999.,-99999.
122536,1692968,-50.804747,-60.258713,3.6,-28,-99999,-99999.,-99999.,-99999.,-99999.,-99999.,-99999.
122536,1692969,-50.804747,-60.258713,3.6,-28,-99999,-99999.,-99999.,-99999.,-99999.,-99999.,-99999.
122536,1692988,-50.804438,-60.259003,4.2,-28,-99999,-99999.,-99999.,-99999.,-99999.,-99999.,-99999.
122536,1692999,-50.804292,-60.259142,3.,-28,-99999,-99999.,-99999.,-99999.,-99999.,-99999.,-99999.
122536,1693008,-50.804132,-60.259248,4.,-28,-99999,-99999.,-99999.,-99999.,-99999.,-99999.,-99999.
122536,1693009,-50.804132,-60.259248,4.,-28,-99999,-99999.,-99999.,-99999.,-99999.,-99999.,-99999.
122536,1693017,-50.803985,-60.259352,3.8,-28,-99999,-99999.,-99999.,-99999.,-99999.,-99999.,-99999.
122536,1693018,-50.803985,-60.259352,3.8,-28,-99999,-99999.,-99999.,-99999.,-99999.,-99999.,-99999.
122536,1693029,-50.803798,-60.25948,3.8,-28,-99999,-99999.,-99999.,-99999.,-99999.,-99999.,-99999.
122536,1693058,-50.803338,-60.259925,3.8,-28,-99999,-99999.,-99999.,-99999.,-99999.,-99999.,-99999.
122536,1693069,-50.803187,-60.260067,3.8,-28,-99999,-99999.,-99999.,-99999.,-99999.,-99999.,-99999.
122536,1693078,-50.803053,-60.260212,4.2,-28,-99999,-99999.,-99999.,-99999.,-99999.,-99999.,-99999.
122536,1693089,-50.802872,-60.260365,4.2,-28,-99999,-99999.,-99999.,-99999.,-99999.,-99999.,-99999.
122536,1693108,-50.802575,-60.260615,3.6,-28,-99999,-99999.,-99999.,-99999.,-99999.,-99999.,-99999.
122536,1693119,-50.802413,-60.26073,4.,-28,-99999,-99999.,-99999.,-99999.,-99999.,-99999.,-99999.
122536,1693128,-50.802267,-60.260872,4.2,-28,-99999,-99999.,-99999.,-99999.,-99999.,-99999.,-99999.
122536,1693129,-50.802267,-60.260872,4.2,-28,-99999,-99999.,-99999.,-99999.,-99999.,-99999.,-99999.
122536,1693137,-50.802128,-60.261005,3.3,-28,-99999,-99999.,-99999.,-99999.,-99999.,-99999.,-99999.
122536,1693138,-50.802128,-60.261005,3.3,-28,-99999,-99999.,-99999.,-99999.,-99999.,-99999.,-99999.
122536,1693149,-50.801962,-60.261177,3.5,-28,-99999,-99999.,-99999.,-99999.,-99999.,-99999.,-99999.
122536,1693158,-50.801803,-60.261285,3.6,-28,-99999,-99999.,-99999.,-99999.,-99999.,-99999.,-99999.
122536,1693168,-50.80163,-60.261435,3.9,-28,-99999,-99999.,-99999.,-99999.,-99999.,-99999.,-99999.
122536,1693178,-50.801458,-60.261555,4.6,-28,-99999,-99999.,-99999.,-99999.,-99999.,-99999.,-99999.
122536,1693199,-50.801142,-60.261787,5.3,-28,-99999,-99999.,-99999.,-99999.,-99999.,-99999.,-99999.
122536,1693208,-50.800975,-60.261913,3.,-28,-99999,-99999.,-99999.,-99999.,-99999.,-99999.,-99999.
122536,1693218,-50.800838,-60.262032,4.6,-28,-99999,-99999.,-99999.,-99999.,-99999.,-99999.,-99999.
122536,1693228,-50.800672,-60.262185,4.2,-28,-99999,-99999.,-99999.,-99999.,-99999.,-99999.,-99999.
122536,1693238,-50.800513,-60.262318,4.1,-28,-99999,-99999.,-99999.,-99999.,-99999.,-99999.,-99999.
122536,1693248,-50.800368,-60.26246,4.4,-28,-99999,-99999.,-99999.,-99999.,-99999.,-99999.,-99999.
122536,1693249,-50.800368,-60.26246,4.4,-28,-99999,-99999.,-99999.,-99999.,-99999.,-99999.,-99999.
122536,1693288,-50.799698,-60.262965,4.,-28,-99999,-99999.,-99999.,-99999.,-99999.,-99999.,-99999.
122536,1693338,-50.798932,-60.26362,4.1,-28,-99999,-99999.,-99999.,-99999.,-99999.,-99999.,-99999.
122536,1693369,-50.798443,-60.264147,4.3,-28,-99999,-99999.,-99999.,-99999.,-99999.,-99999.,-99999.
122536,1693408,-50.797807,-60.264633,4.9,-28,-99999,-99999.,-99999.,-99999.,-99999.,-99999.,-99999.
122536,1693429,-50.797472,-60.264908,3.4,-28,-99999,-99999.,-99999.,-99999.,-99999.,-99999.,-99999.
122536,1693508,-50.796183,-60.265967,4.7,-28,-99999,-99999.,-99999.,-99999.,-99999.,-99999.,-99999.
122536,1697270,-50.735333,-60.31548,4.5,-32,-99999,-99999.,-99999.,-99999.,-99999.,-99999.,-99999.
122536,1698797,-50.710743,-60.334915,4.2,-29,-99999,-99999.,-99999.,-99999.,-99999.,-99999.,-99999.
122536,1698807,-50.710577,-60.33505,3.8,-29,-99999,-99999.,-99999.,-99999.,-99999.,-99999.,-99999.
122536,1698808,-50.710577,-60.33505,3.8,-29,-99999,-99999.,-99999.,-99999.,-99999.,-99999.,-99999.
122536,1698818,-50.71039,-60.335182,3.7,-29,-99999,-99999.,-99999.,-99999.,-99999.,-99999.,-99999.
122536,1698826,-50.71025,-60.335278,4.4,-29,-99999,-99999.,-99999.,-99999.,-99999.,-99999.,-99999.
122536,1698827,-50.71025,-60.335278,4.4,-29,-99999,-99999.,-99999.,-99999.,-99999.,-99999.,-99999.
122536,1698836,-50.71008,-60.335413,3.8,-29,-99999,-99999.,-99999.,-99999.,-99999.,-99999.,-99999.
122536,1698837,-50.71008,-60.335413,3.8,-29,-99999,-99999.,-99999.,-99999.,-99999.,-99999.,-99999.
122536,1698846,-50.709917,-60.335538,3.6,-29,-99999,-99999.,-99999.,-99999.,-99999.,-99999.,-99999.
122536,1698847,-50.709917,-60.335538,3.6,-29,-99999,-99999.,-99999.,-99999.,-99999.,-99999.,-99999.
122536,1698856,-50.709762,-60.335662,3.8,-29,-99999,-99999.,-99999.,-99999.,-99999.,-99999.,-99999.
122536,1698857,-50.709762,-60.335662,3.8,-29,-99999,-99999.,-99999.,-99999.,-99999.,-99999.,-99999.
122536,1698867,-50.709583,-60.33577,3.5,-29,-99999,-99999.,-99999.,-99999.,-99999.,-99999.,-99999.
122536,1698868,-50.709583,-60.33577,3.5,-29,-99999,-99999.,-99999.,-99999.,-99999.,-99999.,-99999.
122536,1698878,-50.70941,-60.335903,4.,-29,-99999,-99999.,-99999.,-99999.,-99999.,-99999.,-99999.
122536,1698886,-50.709278,-60.335992,3.5,-29,-99999,-99999.,-99999.,-99999.,-99999.,-99999.,-99999.
122536,1698898,-50.709088,-60.336148,4.7,-29,-99999,-99999.,-99999.,-99999.,-99999.,-99999.,-99999.
122536,1698907,-50.708933,-60.336252,3.9,-29,-99999,-99999.,-99999.,-99999.,-99999.,-99999.,-99999.
122536,1698908,-50.708933,-60.336252,3.9,-29,-99999,-99999.,-99999.,-99999.,-99999.,-99999.,-99999.
122536,1698917,-50.708778,-60.33638,4.4,-29,-99999,-99999.,-99999.,-99999.,-99999.,-99999.,-99999.
122536,1698927,-50.708602,-60.336527,3.5,-29,-99999,-99999.,-99999.,-99999.,-99999.,-99999.,-99999.
122536,1698928,-50.708602,-60.336527,3.5,-29,-99999,-99999.,-99999.,-99999.,-99999.,-99999.,-99999.
122536,1698938,-50.708428,-60.336677,3.2,-29,-99999,-99999.,-99999.,-99999.,-99999.,-99999.,-99999.
122536,1698946,-50.708297,-60.336773,3.7,-29,-99999,-99999.,-99999.,-99999.,-99999.,-99999.,-99999.
122536,1698947,-50.708297,-60.336773,3.7,-29,-99999,-99999.,-99999.,-99999.,-99999.,-99999.,-99999.
122536,1698958,-50.708095,-60.336912,4.7,-29,-99999,-99999.,-99999.,-99999.,-99999.,-99999.,-99999.
122536,1698967,-50.707953,-60.336985,3.6,-29,-99999,-99999.,-99999.,-99999.,-99999.,-99999.,-99999.
122536,1698968,-50.707953,-60.336985,3.6,-29,-99999,-99999.,-99999.,-99999.,-99999.,-99999.,-99999.
122536,1698976,-50.707805,-60.33711,4.3,-29,-99999,-99999.,-99999.,-99999.,-99999.,-99999.,-99999.
122536,1698977,-50.707805,-60.33711,4.3,-29,-99999,-99999.,-99999.,-99999.,-99999.,-99999.,-99999.
122536,1698987,-50.707623,-60.337257,4.5,-29,-99999,-99999.,-99999.,-99999.,-99999.,-99999.,-99999.
122536,1698998,-50.707445,-60.337385,4.8,-29,-99999,-99999.,-99999.,-99999.,-99999.,-99999.,-99999.
122536,1699007,-50.707298,-60.33749,3.5,-29,-99999,-99999.,-99999.,-99999.,-99999.,-99999.,-99999.
122536,1699018,-50.70712,-60.337622,4.4,-29,-99999,-99999.,-99999.,-99999.,-99999.,-99999.,-99999.
122536,1699036,-50.706815,-60.337813,4.1,-29,-99999,-99999.,-99999.,-99999.,-99999.,-99999.,-99999.
122536,1699037,-50.706815,-60.337813,4.1,-29,-99999,-99999.,-99999.,-99999.,-99999.,-99999.,-99999.
122536,1699047,-50.706638,-60.337928,4.4,-29,-99999,-99999.,-99999.,-99999.,-99999.,-99999.,-99999.
122536,1699048,-50.706638,-60.337928,4.4,-29,-99999,-99999.,-99999.,-99999.,-99999.,-99999.,-99999.
122536,1699057,-50.706493,-60.338017,4.9,-29,-99999,-99999.,-99999.,-99999.,-99999.,-99999.,-99999.
122536,1699078,-50.706162,-60.33824,4.3,-29,-99999,-99999.,-99999.,-99999.,-99999.,-99999.,-99999.
122536,1699096,-50.705877,-60.338392,3.7,-29,-99999,-99999.,-99999.,-99999.,-99999.,-99999.,-99999.
122536,1699097,-50.705877,-60.338392,3.7,-29,-99999,-99999.,-99999.,-99999.,-99999.,-99999.,-99999.
122536,1699107,-50.705697,-60.338505,3.7,-29,-99999,-99999.,-99999.,-99999.,-99999.,-99999.,-99999.
122536,1699108,-50.705697,-60.338505,3.7,-29,-99999,-99999.,-99999.,-99999.,-99999.,-99999.,-99999.
122536,1699127,-50.705372,-60.338748,4.4,-29,-99999,-99999.,-99999.,-99999.,-99999.,-99999.,-99999.
122536,1699128,-50.705372,-60.338748,4.4,-29,-99999,-99999.,-99999.,-99999.,-99999.,-99999.,-99999.
122536,1699148,-50.705037,-60.339012,4.3,-29,-99999,-99999.,-99999.,-99999.,-99999.,-99999.,-99999.
122536,1699157,-50.704882,-60.339105,3.6,-29,-99999,-99999.,-99999.,-99999.,-99999.,-99999.,-99999.
122536,1699167,-50.704702,-60.339257,4.8,-29,-99999,-99999.,-99999.,-99999.,-99999.,-99999.,-99999.
122536,1699168,-50.704702,-60.339257,4.8,-29,-99999,-99999.,-99999.,-99999.,-99999.,-99999.,-99999.
122536,1699187,-50.704358,-60.33944,4.1,-29,-99999,-99999.,-99999.,-99999.,-99999.,-99999.,-99999.
122536,1699198,-50.704198,-60.339572,4.2,-29,-99999,-99999.,-99999.,-99999.,-99999.,-99999.,-99999.
122536,1699217,-50.703898,-60.339823,3.5,-29,-99999,-99999.,-99999.,-99999.,-99999.,-99999.,-99999.
122536,1699228,-50.703717,-60.339948,4.3,-29,-99999,-99999.,-99999.,-99999.,-99999.,-99999.,-99999.
122536,1699248,-50.703398,-60.34021,3.9,-29,-99999,-99999.,-99999.,-99999.,-99999.,-99999.,-99999.
122536,1699267,-50.703078,-60.340495,3.6,-29,-99999,-99999.,-99999.,-99999.,-99999.,-99999.,-99999.
122536,1699268,-50.703078,-60.340495,3.6,-29,-99999,-99999.,-99999.,-99999.,-99999.,-99999.,-99999.
122536,1699308,-50.702427,-60.340992,4.,-29,-99999,-99999.,-99999.,-99999.,-99999.,-99999.,-99999.
122536,1699327,-50.702078,-60.34117,4.3,-29,-99999,-99999.,-99999.,-99999.,-99999.,-99999.,-99999.
122536,1699328,-50.702078,-60.34117,4.3,-29,-99999,-99999.,-99999.,-99999.,-99999.,-99999.,-99999.
122536,1699378,-50.701275,-60.341827,4.6,-29,-99999,-99999.,-99999.,-99999.,-99999.,-99999.,-99999.
122536,1699387,-50.701102,-60.341883,4.3,-29,-99999,-99999.,-99999.,-99999.,-99999.,-99999.,-99999.
122536,1699408,-50.700762,-60.342055,3.5,-29,-99999,-99999.,-99999.,-99999.,-99999.,-99999.,-99999.
122536,1699438,-50.7003,-60.342463,4.3,-29,-99999,-99999.,-99999.,-99999.,-99999.,-99999.,-99999.
122536,1699468,-50.699792,-60.342763,4.5,-29,-99999,-99999.,-99999.,-99999.,-99999.,-99999.,-99999.
122536,1702721,-50.646465,-60.379597,4.1,-33,-99999,-99999.,-99999.,-99999.,-99999.,-99999.,-99999.
122536,1704726,-50.619995,-60.411865,3.4,-34,-99999,-99999.,-99999.,-99999.,-99999.,-99999.,-99999.
122536,1704746,-50.61978,-60.412293,3.6,-35,-99999,-99999.,-99999.,-99999.,-99999.,-99999.,-99999.
122536,1704747,-50.61978,-60.412293,3.6,-35,-99999,-99999.,-99999.,-99999.,-99999.,-99999.,-99999.
122536,1704756,-50.619677,-60.412467,3.7,-35,-99999,-99999.,-99999.,-99999.,-99999.,-99999.,-99999.
122536,1704786,-50.619323,-60.413053,4.2,-35,-99999,-99999.,-99999.,-99999.,-99999.,-99999.,-99999.
122536,1704796,-50.619208,-60.413245,3.5,-35,-99999,-99999.,-99999.,-99999.,-99999.,-99999.,-99999.
122536,1704826,-50.618877,-60.413877,4.2,-35,-99999,-99999.,-99999.,-99999.,-99999.,-99999.,-99999.
122536,1704827,-50.618877,-60.413877,4.2,-35,-99999,-99999.,-99999.,-99999.,-99999.,-99999.,-99999.
122536,1704836,-50.618778,-60.41404,4.,-35,-99999,-99999.,-99999.,-99999.,-99999.,-99999.,-99999.
122536,1704846,-50.618673,-60.414233,3.8,-35,-99999,-99999.,-99999.,-99999.,-99999.,-99999.,-99999.
122536,1704856,-50.618563,-60.414447,3.5,-35,-99999,-99999.,-99999.,-99999.,-99999.,-99999.,-99999.
122536,1704876,-50.61835,-60.414863,3.4,-35,-99999,-99999.,-99999.,-99999.,-99999.,-99999.,-99999.
122536,1704896,-50.618137,-60.415252,4.3,-35,-99999,-99999.,-99999.,-99999.,-99999.,-99999.,-99999.
122536,1704907,-50.618033,-60.415472,3.4,-35,-99999,-99999.,-99999.,-99999.,-99999.,-99999.,-99999.
122536,1704916,-50.61793,-60.415657,3.7,-35,-99999,-99999.,-99999.,-99999.,-99999.,-99999.,-99999.
122536,1704926,-50.61781,-60.41587,4.4,-35,-99999,-99999.,-99999.,-99999.,-99999.,-99999.,-99999.
122536,1704946,-50.617595,-60.416223,4.3,-35,-99999,-99999.,-99999.,-99999.,-99999.,-99999.,-99999.
122536,1704947,-50.617595,-60.416223,4.3,-35,-99999,-99999.,-99999.,-99999.,-99999.,-99999.,-99999.
122536,1704957,-50.61748,-60.416413,4.,-35,-99999,-99999.,-99999.,-99999.,-99999.,-99999.,-99999.
122536,1704967,-50.617368,-60.416613,4.4,-35,-99999,-99999.,-99999.,-99999.,-99999.,-99999.,-99999.
122536,1704987,-50.617162,-60.417017,4.,-32,-99999,-99999.,-99999.,-99999.,-99999.,-99999.,-99999.
122536,1704996,-50.617065,-60.417197,4.,-32,-99999,-99999.,-99999.,-99999.,-99999.,-99999.,-99999.
122536,1705006,-50.616962,-60.417383,3.3,-32,-99999,-99999.,-99999.,-99999.,-99999.,-99999.,-99999.
122536,1705017,-50.616843,-60.417602,3.6,-32,-99999,-99999.,-99999.,-99999.,-99999.,-99999.,-99999.
122536,1705027,-50.616737,-60.417807,3.2,-32,-99999,-99999.,-99999.,-99999.,-99999.,-99999.,-99999.
122536,1705066,-50.61635,-60.41856,3.2,-32,-99999,-99999.,-99999.,-99999.,-99999.,-99999.,-99999.
122536,1705077,-50.616245,-60.418795,3.4,-32,-99999,-99999.,-99999.,-99999.,-99999.,-99999.,-99999.
122536,1705087,-50.616138,-60.419022,3.3,-32,-99999,-99999.,-99999.,-99999.,-99999.,-99999.,-99999.
122536,1705096,-50.616035,-60.4192,3.5,-32,-99999,-99999.,-99999.,-99999.,-99999.,-99999.,-99999.
122536,1721687,-50.598313,-60.792832,8.4,-36,-99999,-99999.,-99999.,-99999.,-99999.,-99999.,-99999.
122536,1721697,-50.598495,-60.793353,8.5,-36,-99999,-99999.,-99999.,-99999.,-99999.,-99999.,-99999.
122536,1721698,-50.598495,-60.793353,8.5,-36,-99999,-99999.,-99999.,-99999.,-99999.,-99999.,-99999.
122536,1721707,-50.598653,-60.793823,8.,-36,-99999,-99999.,-99999.,-99999.,-99999.,-99999.,-99999.
122536,1721718,-50.598883,-60.794442,8.4,-36,-99999,-99999.,-99999.,-99999.,-99999.,-99999.,-99999.
122536,1721719,-50.598883,-60.794442,8.4,-36,-99999,-99999.,-99999.,-99999.,-99999.,-99999.,-99999.
122536,1721728,-50.599075,-60.794965,7.7,-36,-99999,-99999.,-99999.,-99999.,-99999.,-99999.,-99999.
122536,1721738,-50.599237,-60.795437,7.7,-36,-99999,-99999.,-99999.,-99999.,-99999.,-99999.,-99999.
122536,1721739,-50.599237,-60.795437,7.7,-36,-99999,-99999.,-99999.,-99999.,-99999.,-99999.,-99999.
122536,1721747,-50.599402,-60.795943,8.4,-36,-99999,-99999.,-99999.,-99999.,-99999.,-99999.,-99999.
122536,1721748,-50.599402,-60.795943,8.4,-36,-99999,-99999.,-99999.,-99999.,-99999.,-99999.,-99999.
122536,1721767,-50.599773,-60.796897,8.3,-36,-99999,-99999.,-99999.,-99999.,-99999.,-99999.,-99999.
122536,1721768,-50.599773,-60.796897,8.3,-36,-99999,-99999.,-99999.,-99999.,-99999.,-99999.,-99999.
122536,1721788,-50.600172,-60.797997,8.5,-36,-99999,-99999.,-99999.,-99999.,-99999.,-99999.,-99999.
122536,1721807,-50.600502,-60.798995,8.3,-36,-99999,-99999.,-99999.,-99999.,-99999.,-99999.,-99999.
122536,1721808,-50.600502,-60.798995,8.3,-36,-99999,-99999.,-99999.,-99999.,-99999.,-99999.,-99999.
122536,1721818,-50.600672,-60.799528,7.8,-36,-99999,-99999.,-99999.,-99999.,-99999.,-99999.,-99999.
122536,1721827,-50.600825,-60.79999,7.5,-36,-99999,-99999.,-99999.,-99999.,-99999.,-99999.,-99999.
122536,1721828,-50.600825,-60.79999,7.5,-36,-99999,-99999.,-99999.,-99999.,-99999.,-99999.,-99999.
122536,1721838,-50.601023,-60.800587,8.3,-36,-99999,-99999.,-99999.,-99999.,-99999.,-99999.,-99999.
122536,1721839,-50.601023,-60.800587,8.3,-36,-99999,-99999.,-99999.,-99999.,-99999.,-99999.,-99999.
122536,1721848,-50.60119,-60.801068,8.,-36,-99999,-99999.,-99999.,-99999.,-99999.,-99999.,-99999.
122536,1721849,-50.60119,-60.801068,8.,-36,-99999,-99999.,-99999.,-99999.,-99999.,-99999.,-99999.
122536,1721858,-50.601337,-60.801527,7.5,-36,-99999,-99999.,-99999.,-99999.,-99999.,-99999.,-99999.
122536,1721859,-50.601337,-60.801527,7.5,-36,-99999,-99999.,-99999.,-99999.,-99999.,-99999.,-99999.
122536,1721867,-50.601515,-60.802052,6.2,-36,-99999,-99999.,-99999.,-99999.,-99999.,-99999.,-99999.
122536,1721868,-50.601515,-60.802052,6.2,-36,-99999,-99999.,-99999.,-99999.,-99999.,-99999.,-99999.
122536,1721878,-50.601685,-60.802558,7.7,-36,-99999,-99999.,-99999.,-99999.,-99999.,-99999.,-99999.
122536,1721879,-50.601685,-60.802558,7.7,-36,-99999,-99999.,-99999.,-99999.,-99999.,-99999.,-99999.
122536,1721887,-50.601843,-60.803025,8.8,-36,-99999,-99999.,-99999.,-99999.,-99999.,-99999.,-99999.
122536,1721888,-50.601843,-60.803025,8.8,-36,-99999,-99999.,-99999.,-99999.,-99999.,-99999.,-99999.
122536,1721908,-50.602188,-60.80411,8.9,-36,-99999,-99999.,-99999.,-99999.,-99999.,-99999.,-99999.
122536,1721917,-50.602333,-60.804578,7.4,-36,-99999,-99999.,-99999.,-99999.,-99999.,-99999.,-99999.
122536,1721927,-50.602522,-60.805132,6.9,-36,-99999,-99999.,-99999.,-99999.,-99999.,-99999.,-99999.
122536,1721929,-50.602522,-60.805132,6.9,-36,-99999,-99999.,-99999.,-99999.,-99999.,-99999.,-99999.
122536,1721938,-50.602708,-60.80565,8.,-36,-99999,-99999.,-99999.,-99999.,-99999.,-99999.,-99999.
122536,1721939,-50.602708,-60.80565,8.,-36,-99999,-99999.,-99999.,-99999.,-99999.,-99999.,-99999.
122536,1721947,-50.60286,-60.806093,7.3,-36,-99999,-99999.,-99999.,-99999.,-99999.,-99999.,-99999.
122536,1721948,-50.60286,-60.806093,7.3,-36,-99999,-99999.,-99999.,-99999.,-99999.,-99999.,-99999.
122536,1721959,-50.603062,-60.80671,8.8,-36,-99999,-99999.,-99999.,-99999.,-99999.,-99999.,-99999.
122536,1721968,-50.603182,-60.807107,7.1,-36,-99999,-99999.,-99999.,-99999.,-99999.,-99999.,-99999.
122536,1727419,-50.700863,-61.09502,8.2,-30,-99999,-99999.,-99999.,-99999.,-99999.,-99999.,-99999.
122536,1727458,-50.701585,-61.097122,9.1,-31,-99999,-99999.,-99999.,-99999.,-99999.,-99999.,-99999.
122536,1727479,-50.701992,-61.098255,9.3,-31,-99999,-99999.,-99999.,-99999.,-99999.,-99999.,-99999.
122536,1727488,-50.702155,-61.098742,8.,-31,-99999,-99999.,-99999.,-99999.,-99999.,-99999.,-99999.
122536,1727689,-50.705952,-61.1101,8.,-31,-99999,-99999.,-99999.,-99999.,-99999.,-99999.,-99999.
122536,1727708,-50.70626,-61.111107,8.1,-31,-99999,-99999.,-99999.,-99999.,-99999.,-99999.,-99999.
122536,1727728,-50.70657,-61.112255,8.2,-32,-99999,-99999.,-99999.,-99999.,-99999.,-99999.,-99999.
122536,1727739,-50.706737,-61.112883,8.5,-32,-99999,-99999.,-99999.,-99999.,-99999.,-99999.,-99999.
122536,1727749,-50.70691,-61.113467,7.6,-32,-99999,-99999.,-99999.,-99999.,-99999.,-99999.,-99999.
122536,1727758,-50.707068,-61.113968,7.,-32,-99999,-99999.,-99999.,-99999.,-99999.,-99999.,-99999.
122536,1727768,-50.707243,-61.11451,8.3,-32,-99999,-99999.,-99999.,-99999.,-99999.,-99999.,-99999.
122536,1727789,-50.707627,-61.11573,8.5,-32,-99999,-99999.,-99999.,-99999.,-99999.,-99999.,-99999.
122536,1727799,-50.707773,-61.11626,8.8,-32,-99999,-99999.,-99999.,-99999.,-99999.,-99999.,-99999.
122536,1727810,-50.707938,-61.116855,8.5,-32,-99999,-99999.,-99999.,-99999.,-99999.,-99999.,-99999.
122536,1727818,-50.708083,-61.117383,7.8,-32,-99999,-99999.,-99999.,-99999.,-99999.,-99999.,-99999.
122536,1727828,-50.708217,-61.117978,7.9,-32,-99999,-99999.,-99999.,-99999.,-99999.,-99999.,-99999.
122536,1727850,-50.708535,-61.119248,8.2,-32,-99999,-99999.,-99999.,-99999.,-99999.,-99999.,-99999.
122536,1727859,-50.708685,-61.119762,8.8,-32,-99999,-99999.,-99999.,-99999.,-99999.,-99999.,-99999.
122536,1727869,-50.708855,-61.1203,7.4,-32,-99999,-99999.,-99999.,-99999.,-99999.,-99999.,-99999.
122536,1727878,-50.709003,-61.120783,8.8,-32,-99999,-99999.,-99999.,-99999.,-99999.,-99999.,-99999.
122536,1727888,-50.709162,-61.121268,8.,-32,-99999,-99999.,-99999.,-99999.,-99999.,-99999.,-99999.
122536,1727909,-50.709513,-61.122457,9.1,-32,-99999,-99999.,-99999.,-99999.,-99999.,-99999.,-99999.
122536,1727910,-50.709513,-61.122457,9.1,-32,-99999,-99999.,-99999.,-99999.,-99999.,-99999.,-99999.
122536,1727919,-50.709673,-61.122957,10.,-32,-99999,-99999.,-99999.,-99999.,-99999.,-99999.,-99999.
122536,1727929,-50.70983,-61.123462,9.,-32,-99999,-99999.,-99999.,-99999.,-99999.,-99999.,-99999.
122536,1733280,-50.800217,-61.434058,9.1,-29,-99999,-99999.,-99999.,-99999.,-99999.,-99999.,-99999.
122536,1733340,-50.801808,-61.437225,8.7,-30,-99999,-99999.,-99999.,-99999.,-99999.,-99999.,-99999.
122536,1733359,-50.802242,-61.438162,8.3,-30,-99999,-99999.,-99999.,-99999.,-99999.,-99999.,-99999.
122536,1733369,-50.802487,-61.438663,9.,-30,-99999,-99999.,-99999.,-99999.,-99999.,-99999.,-99999.
122536,1733429,-50.8041,-61.441705,9.4,-30,-99999,-99999.,-99999.,-99999.,-99999.,-99999.,-99999.
122536,1733559,-50.807455,-61.448587,9.2,-30,-99999,-99999.,-99999.,-99999.,-99999.,-99999.,-99999.
122536,1733590,-50.8082,-61.45021,8.3,-30,-99999,-99999.,-99999.,-99999.,-99999.,-99999.,-99999.
122536,1733630,-50.809215,-61.452193,8.8,-30,-99999,-99999.,-99999.,-99999.,-99999.,-99999.,-99999.
122536,1733639,-50.809443,-61.452628,9.5,-30,-99999,-99999.,-99999.,-99999.,-99999.,-99999.,-99999.
122536,1733670,-50.810198,-61.454243,9.3,-30,-99999,-99999.,-99999.,-99999.,-99999.,-99999.,-99999.
122536,1733770,-50.812765,-61.459508,9.2,-30,-99999,-99999.,-99999.,-99999.,-99999.,-99999.,-99999.
122536,1739197,-51.000085,-61.665928,9.7,-34,-99999,-99999.,-99999.,-99999.,-99999.,-99999.,-99999.
122536,1739257,-51.002273,-61.667793,8.1,-38,-99999,-99999.,-99999.,-99999.,-99999.,-99999.,-99999.
122536,1739307,-51.004033,-61.669268,8.1,-38,-99999,-99999.,-99999.,-99999.,-99999.,-99999.,-99999.
122536,1739347,-51.005435,-61.670488,7.8,-38,-99999,-99999.,-99999.,-99999.,-99999.,-99999.,-99999.
122536,1739367,-51.006173,-61.671117,8.4,-38,-99999,-99999.,-99999.,-99999.,-99999.,-99999.,-99999.
122536,1739407,-51.007632,-61.672188,10.,-38,-99999,-99999.,-99999.,-99999.,-99999.,-99999.,-99999.
122536,1739416,-51.007955,-61.672432,8.4,-38,-99999,-99999.,-99999.,-99999.,-99999.,-99999.,-99999.
122536,1739437,-51.008715,-61.673048,8.8,-38,-99999,-99999.,-99999.,-99999.,-99999.,-99999.,-99999.
122536,1739447,-51.009103,-61.673397,9.1,-38,-99999,-99999.,-99999.,-99999.,-99999.,-99999.,-99999.
122536,1739457,-51.009468,-61.673727,8.9,-38,-99999,-99999.,-99999.,-99999.,-99999.,-99999.,-99999.
122536,1739467,-51.009783,-61.674017,9.2,-38,-99999,-99999.,-99999.,-99999.,-99999.,-99999.,-99999.
122536,1739537,-51.01231,-61.676292,7.8,-37,-99999,-99999.,-99999.,-99999.,-99999.,-99999.,-99999.
122536,1739576,-51.013717,-61.67747,8.6,-37,-99999,-99999.,-99999.,-99999.,-99999.,-99999.,-99999.
122536,1742790,-51.135875,-61.771077,8.9,-41,-99999,-99999.,-99999.,-99999.,-99999.,-99999.,-99999.
122536,1743389,-51.15797,-61.78697,9.2,-40,-99999,-99999.,-99999.,-99999.,-99999.,-99999.,-99999.
122536,1746999,-51.29009,-61.885665,8.3,-47,-99999,-99999.,-99999.,-99999.,-99999.,-99999.,-99999.
122536,1748291,-51.338438,-61.922713,7.9,-52,-99999,-99999.,-99999.,-99999.,-99999.,-99999.,-99999.
122536,1748580,-51.349123,-61.931413,8.7,-51,-99999,-99999.,-99999.,-99999.,-99999.,-99999.,-99999.
122536,1749090,-51.367903,-61.946567,9.1,-51,-99999,-99999.,-99999.,-99999.,-99999.,-99999.,-99999.
122536,1750470,-51.418145,-61.988538,9.4,-52,-99999,-99999.,-99999.,-99999.,-99999.,-99999.,-99999.
122536,1751130,-51.44202,-62.008438,8.7,-52,-99999,-99999.,-99999.,-99999.,-99999.,-99999.,-99999.
122536,1752819,-51.501353,-62.057832,8.4,-52,-99999,-99999.,-99999.,-99999.,-99999.,-99999.,-99999.
122536,1753881,-51.53729,-62.087672,6.4,-52,-99999,-99999.,-99999.,-99999.,-99999.,-99999.,-99999.
122536,1754269,-51.547323,-62.095607,6.3,-52,-99999,-99999.,-99999.,-99999.,-99999.,-99999.,-99999.
122536,1755241,-51.567903,-62.109975,4.4,-52,-99999,-99999.,-99999.,-99999.,-99999.,-99999.,-99999.
122536,1756060,-51.583448,-62.120058,3.9,-52,-99999,-99999.,-99999.,-99999.,-99999.,-99999.,-99999.
122536,1756480,-51.590595,-62.12409,4.1,-52,-99999,-99999.,-99999.,-99999.,-99999.,-99999.,-99999.
122536,1757759,-51.612695,-62.138183,3.7,-52,-99999,-99999.,-99999.,-99999.,-99999.,-99999.,-99999.
122536,1758959,-51.636078,-62.161377,5.7,-52,-99999,-99999.,-99999.,-99999.,-99999.,-99999.,-99999.
122536,1760299,-51.687997,-62.175453,10.3,-53,-99999,-99999.,-99999.,-99999.,-99999.,-99999.,-99999.
122536,1761449,-51.744415,-62.175255,10.5,-52,-99999,-99999.,-99999.,-99999.,-99999.,-99999.,-99999.
122536,1762680,-51.804127,-62.177402,10.2,-52,-99999,-99999.,-99999.,-99999.,-99999.,-99999.,-99999.
122536,1762779,-51.80883,-62.177663,10.1,-52,-99999,-99999.,-99999.,-99999.,-99999.,-99999.,-99999.
122536,1763940,-51.845395,-62.170515,4.4,-54,-99999,-99999.,-99999.,-99999.,-99999.,-99999.,-99999.
122536,1765190,-51.868668,-62.16111,3.9,-51,-99999,-99999.,-99999.,-99999.,-99999.,-99999.,-99999.
122536,1766478,-51.892427,-62.152602,4.4,-51,-99999,-99999.,-99999.,-99999.,-99999.,-99999.,-99999.
122536,1767649,-51.914378,-62.152385,4.2,-50,-99999,-99999.,-99999.,-99999.,-99999.,-99999.,-99999.
122536,1767769,-51.916588,-62.152257,4.3,-50,-99999,-99999.,-99999.,-99999.,-99999.,-99999.,-99999.
122536,1768900,-51.937183,-62.147045,3.6,-52,-99999,-99999.,-99999.,-99999.,-99999.,-99999.,-99999.
122536,1770289,-51.960262,-62.129583,3.6,-52,-99999,-99999.,-99999.,-99999.,-99999.,-99999.,-99999.
122536,1771410,-51.97774,-62.113068,4.1,-51,-99999,-99999.,-99999.,-99999.,-99999.,-99999.,-99999.
122536,1771539,-51.979718,-62.111292,3.1,-51,-99999,-99999.,-99999.,-99999.,-99999.,-99999.,-99999.
122536,1772739,-51.99864,-62.094397,4.,-51,-99999,-99999.,-99999.,-99999.,-99999.,-99999.,-99999.
122536,1772799,-51.999558,-62.093562,4.2,-51,-99999,-99999.,-99999.,-99999.,-99999.,-99999.,-99999.
122536,1773950,-52.01675,-62.076153,3.4,-51,-99999,-99999.,-99999.,-99999.,-99999.,-99999.,-99999.
122536,1774009,-52.017625,-62.075175,3.5,-51,-99999,-99999.,-99999.,-99999.,-99999.,-99999.,-99999.
122536,1775181,-52.032815,-62.052815,3.8,-52,-99999,-99999.,-99999.,-99999.,-99999.,-99999.,-99999.
122536,1775526,-52.037362,-62.046363,3.8,-52,-99999,-99999.,-99999.,-99999.,-99999.,-99999.,-99999.
122536,1775536,-52.037488,-62.046182,4.,-52,-99999,-99999.,-99999.,-99999.,-99999.,-99999.,-99999.
122536,1775546,-52.037643,-62.046005,3.9,-52,-99999,-99999.,-99999.,-99999.,-99999.,-99999.,-99999.
122536,1775556,-52.037795,-62.045802,4.1,-52,-99999,-99999.,-99999.,-99999.,-99999.,-99999.,-99999.
122536,1775566,-52.037908,-62.045633,4.1,-52,-99999,-99999.,-99999.,-99999.,-99999.,-99999.,-99999.
122536,1775576,-52.038037,-62.04544,3.9,-52,-99999,-99999.,-99999.,-99999.,-99999.,-99999.,-99999.
122536,1775586,-52.038173,-62.045262,3.7,-52,-99999,-99999.,-99999.,-99999.,-99999.,-99999.,-99999.
122536,1775596,-52.038307,-62.04508,3.6,-52,-99999,-99999.,-99999.,-99999.,-99999.,-99999.,-99999.
122536,1775607,-52.038463,-62.044877,3.7,-52,-99999,-99999.,-99999.,-99999.,-99999.,-99999.,-99999.
122536,1775616,-52.0386,-62.044695,3.9,-52,-99999,-99999.,-99999.,-99999.,-99999.,-99999.,-99999.
122536,1775626,-52.038723,-62.044527,3.9,-52,-99999,-99999.,-99999.,-99999.,-99999.,-99999.,-99999.
122536,1775637,-52.03889,-62.04431,4.,-52,-99999,-99999.,-99999.,-99999.,-99999.,-99999.,-99999.
122536,1775646,-52.038988,-62.044165,3.8,-52,-99999,-99999.,-99999.,-99999.,-99999.,-99999.,-99999.
122536,1775656,-52.039112,-62.043982,3.8,-52,-99999,-99999.,-99999.,-99999.,-99999.,-99999.,-99999.
122536,1775667,-52.039253,-62.043778,4.1,-52,-99999,-99999.,-99999.,-99999.,-99999.,-99999.,-99999.
122536,1775676,-52.039377,-62.043622,4.1,-52,-99999,-99999.,-99999.,-99999.,-99999.,-99999.,-99999.
122536,1775686,-52.039515,-62.043447,3.7,-52,-99999,-99999.,-99999.,-99999.,-99999.,-99999.,-99999.
122536,1775706,-52.039805,-62.043117,3.9,-52,-99999,-99999.,-99999.,-99999.,-99999.,-99999.,-99999.
122536,1775716,-52.039935,-62.042945,3.8,-52,-99999,-99999.,-99999.,-99999.,-99999.,-99999.,-99999.
122536,1775727,-52.040085,-62.042747,3.9,-52,-99999,-99999.,-99999.,-99999.,-99999.,-99999.,-99999.
122536,1775847,-52.041775,-62.040677,4.2,-52,-99999,-99999.,-99999.,-99999.,-99999.,-99999.,-99999.
122536,1775856,-52.04189,-62.040525,4.2,-52,-99999,-99999.,-99999.,-99999.,-99999.,-99999.,-99999.
122536,1775916,-52.042737,-62.039488,3.3,-52,-99999,-99999.,-99999.,-99999.,-99999.,-99999.,-99999.
122536,1777771,-52.074782,-62.031502,4.8,-52,-99999,-99999.,-99999.,-99999.,-99999.,-99999.,-99999.
122536,1780750,-52.115102,-62.078763,4.1,-54,-99999,-99999.,-99999.,-99999.,-99999.,-99999.,-99999.
122536,1781337,-52.11849,-62.094498,3.8,-58,-99999,-99999.,-99999.,-99999.,-99999.,-99999.,-99999.
122536,1781346,-52.11855,-62.094758,4.1,-58,-99999,-99999.,-99999.,-99999.,-99999.,-99999.,-99999.
122536,1781347,-52.11855,-62.094758,4.1,-58,-99999,-99999.,-99999.,-99999.,-99999.,-99999.,-99999.
122536,1781356,-52.118593,-62.095002,3.7,-58,-99999,-99999.,-99999.,-99999.,-99999.,-99999.,-99999.
122536,1781357,-52.118593,-62.095002,3.7,-58,-99999,-99999.,-99999.,-99999.,-99999.,-99999.,-99999.
122536,1781366,-52.118632,-62.09528,4.,-58,-99999,-99999.,-99999.,-99999.,-99999.,-99999.,-99999.
122536,1781376,-52.11867,-62.095543,3.6,-58,-99999,-99999.,-99999.,-99999.,-99999.,-99999.,-99999.
122536,1781377,-52.11867,-62.095543,3.6,-58,-99999,-99999.,-99999.,-99999.,-99999.,-99999.,-99999.
122536,1781387,-52.118732,-62.095798,3.6,-58,-99999,-99999.,-99999.,-99999.,-99999.,-99999.,-99999.
122536,1781397,-52.11878,-62.096062,4.,-58,-99999,-99999.,-99999.,-99999.,-99999.,-99999.,-99999.
122536,1781416,-52.118855,-62.096613,4.5,-58,-99999,-99999.,-99999.,-99999.,-99999.,-99999.,-99999.
122536,1781417,-52.118855,-62.096613,4.5,-58,-99999,-99999.,-99999.,-99999.,-99999.,-99999.,-99999.
122536,1781426,-52.118883,-62.096895,4.5,-58,-99999,-99999.,-99999.,-99999.,-99999.,-99999.,-99999.
122536,1781436,-52.118923,-62.09718,4.1,-58,-99999,-99999.,-99999.,-99999.,-99999.,-99999.,-99999.
122536,1781437,-52.118923,-62.09718,4.1,-58,-99999,-99999.,-99999.,-99999.,-99999.,-99999.,-99999.
122536,1781447,-52.118955,-62.097467,3.7,-58,-99999,-99999.,-99999.,-99999.,-99999.,-99999.,-99999.
122536,1781466,-52.119,-62.098013,3.3,-58,-99999,-99999.,-99999.,-99999.,-99999.,-99999.,-99999.
122536,1781496,-52.119102,-62.098838,3.5,-58,-99999,-99999.,-99999.,-99999.,-99999.,-99999.,-99999.
122536,1781497,-52.119102,-62.098838,3.5,-58,-99999,-99999.,-99999.,-99999.,-99999.,-99999.,-99999.
122536,1781507,-52.119125,-62.099112,4.1,-58,-99999,-99999.,-99999.,-99999.,-99999.,-99999.,-99999.
122536,1781517,-52.119167,-62.099415,4.3,-58,-99999,-99999.,-99999.,-99999.,-99999.,-99999.,-99999.
122536,1781518,-52.119167,-62.099415,4.3,-58,-99999,-99999.,-99999.,-99999.,-99999.,-99999.,-99999.
122536,1781526,-52.119198,-62.099667,3.6,-58,-99999,-99999.,-99999.,-99999.,-99999.,-99999.,-99999.
122536,1781536,-52.119218,-62.099945,3.9,-58,-99999,-99999.,-99999.,-99999.,-99999.,-99999.,-99999.
122536,1781537,-52.119218,-62.099945,3.9,-58,-99999,-99999.,-99999.,-99999.,-99999.,-99999.,-99999.
122536,1781547,-52.119247,-62.100272,4.,-58,-99999,-99999.,-99999.,-99999.,-99999.,-99999.,-99999.
122536,1781548,-52.119247,-62.100272,4.,-58,-99999,-99999.,-99999.,-99999.,-99999.,-99999.,-99999.
122536,1781556,-52.119263,-62.100527,3.9,-58,-99999,-99999.,-99999.,-99999.,-99999.,-99999.,-99999.
122536,1781557,-52.119263,-62.100527,3.9,-58,-99999,-99999.,-99999.,-99999.,-99999.,-99999.,-99999.
122536,1781567,-52.119263,-62.100838,3.9,-58,-99999,-99999.,-99999.,-99999.,-99999.,-99999.,-99999.
122536,1781586,-52.119302,-62.101395,4.1,-58,-99999,-99999.,-99999.,-99999.,-99999.,-99999.,-99999.
122536,1781616,-52.119382,-62.102233,3.6,-58,-99999,-99999.,-99999.,-99999.,-99999.,-99999.,-99999.
122536,1781617,-52.119382,-62.102233,3.6,-58,-99999,-99999.,-99999.,-99999.,-99999.,-99999.,-99999.
122536,1781627,-52.119393,-62.10252,4.1,-58,-99999,-99999.,-99999.,-99999.,-99999.,-99999.,-99999.
122536,1781638,-52.119418,-62.102827,3.8,-58,-99999,-99999.,-99999.,-99999.,-99999.,-99999.,-99999.
122536,1781647,-52.119443,-62.103087,3.6,-58,-99999,-99999.,-99999.,-99999.,-99999.,-99999.,-99999.
122536,1781648,-52.119443,-62.103087,3.6,-58,-99999,-99999.,-99999.,-99999.,-99999.,-99999.,-99999.
122536,1781656,-52.119477,-62.103285,3.9,-58,-99999,-99999.,-99999.,-99999.,-99999.,-99999.,-99999.
122536,1781676,-52.119508,-62.103852,4.1,-58,-99999,-99999.,-99999.,-99999.,-99999.,-99999.,-99999.
122536,1781707,-52.119542,-62.104748,3.6,-58,-99999,-99999.,-99999.,-99999.,-99999.,-99999.,-99999.
122536,1781708,-52.119542,-62.104748,3.6,-58,-99999,-99999.,-99999.,-99999.,-99999.,-99999.,-99999.
122536,1781716,-52.119548,-62.104975,4.1,-58,-99999,-99999.,-99999.,-99999.,-99999.,-99999.,-99999.
122536,1781828,-52.119615,-62.108125,4.2,-58,-99999,-99999.,-99999.,-99999.,-99999.,-99999.,-99999.
122536,1781866,-52.119628,-62.10924,3.8,-58,-99999,-99999.,-99999.,-99999.,-99999.,-99999.,-99999.
122536,1781888,-52.119623,-62.109858,4.6,-58,-99999,-99999.,-99999.,-99999.,-99999.,-99999.,-99999.
122536,1782037,-52.119548,-62.114063,3.6,-57,-99999,-99999.,-99999.,-99999.,-99999.,-99999.,-99999.
122536,1786061,-52.112993,-62.198758,8.,-59,-99999,-99999.,-99999.,-99999.,-99999.,-99999.,-99999.
122536,1787216,-52.091795,-62.244028,6.4,-58,-99999,-99999.,-99999.,-99999.,-99999.,-99999.,-99999.
122536,1787228,-52.091597,-62.244465,5.6,-58,-99999,-99999.,-99999.,-99999.,-99999.,-99999.,-99999.
122536,1787236,-52.09146,-62.244798,5.8,-58,-99999,-99999.,-99999.,-99999.,-99999.,-99999.,-99999.
122536,1787237,-52.09146,-62.244798,5.8,-58,-99999,-99999.,-99999.,-99999.,-99999.,-99999.,-99999.
122536,1787246,-52.091293,-62.245163,6.4,-58,-99999,-99999.,-99999.,-99999.,-99999.,-99999.,-99999.
122536,1787247,-52.091293,-62.245163,6.4,-58,-99999,-99999.,-99999.,-99999.,-99999.,-99999.,-99999.
122536,1787258,-52.091088,-62.245562,5.8,-58,-99999,-99999.,-99999.,-99999.,-99999.,-99999.,-99999.
122536,1787277,-52.09075,-62.246252,6.2,-58,-99999,-99999.,-99999.,-99999.,-99999.,-99999.,-99999.
122536,1787288,-52.090553,-62.246635,6.1,-58,-99999,-99999.,-99999.,-99999.,-99999.,-99999.,-99999.
122536,1787296,-52.090392,-62.246965,5.2,-58,-99999,-99999.,-99999.,-99999.,-99999.,-99999.,-99999.
122536,1787306,-52.090237,-62.247323,4.9,-58,-99999,-99999.,-99999.,-99999.,-99999.,-99999.,-99999.
122536,1787307,-52.090237,-62.247323,4.9,-58,-99999,-99999.,-99999.,-99999.,-99999.,-99999.,-99999.
122536,1787318,-52.090087,-62.247688,5.4,-58,-99999,-99999.,-99999.,-99999.,-99999.,-99999.,-99999.
122536,1787337,-52.089775,-62.248358,5.5,-58,-99999,-99999.,-99999.,-99999.,-99999.,-99999.,-99999.
122536,1787356,-52.089452,-62.249025,5.,-58,-99999,-99999.,-99999.,-99999.,-99999.,-99999.,-99999.
122536,1787357,-52.089452,-62.249025,5.,-58,-99999,-99999.,-99999.,-99999.,-99999.,-99999.,-99999.
122536,1787378,-52.089168,-62.249732,5.4,-58,-99999,-99999.,-99999.,-99999.,-99999.,-99999.,-99999.
122536,1787387,-52.089047,-62.250018,5.1,-61,-99999,-99999.,-99999.,-99999.,-99999.,-99999.,-99999.
122536,1787388,-52.089047,-62.250018,5.1,-61,-99999,-99999.,-99999.,-99999.,-99999.,-99999.,-99999.
122536,1787397,-52.088908,-62.250348,5.9,-61,-99999,-99999.,-99999.,-99999.,-99999.,-99999.,-99999.
122536,1787416,-52.088568,-62.250917,6.3,-61,-99999,-99999.,-99999.,-99999.,-99999.,-99999.,-99999.
122536,1787417,-52.088568,-62.250917,6.3,-61,-99999,-99999.,-99999.,-99999.,-99999.,-99999.,-99999.
122536,1787438,-52.088232,-62.251643,5.3,-61,-99999,-99999.,-99999.,-99999.,-99999.,-99999.,-99999.
122536,1787447,-52.08809,-62.251952,6.4,-61,-99999,-99999.,-99999.,-99999.,-99999.,-99999.,-99999.
122536,1787457,-52.087955,-62.25225,4.6,-61,-99999,-99999.,-99999.,-99999.,-99999.,-99999.,-99999.
122536,1787468,-52.087797,-62.252573,4.1,-61,-99999,-99999.,-99999.,-99999.,-99999.,-99999.,-99999.
122536,1787488,-52.087522,-62.253202,6.4,-61,-99999,-99999.,-99999.,-99999.,-99999.,-99999.,-99999.
122536,1787498,-52.087392,-62.253527,4.1,-61,-99999,-99999.,-99999.,-99999.,-99999.,-99999.,-99999.
122536,1787507,-52.087278,-62.253815,5.1,-61,-99999,-99999.,-99999.,-99999.,-99999.,-99999.,-99999.
122536,1787528,-52.086982,-62.254465,4.8,-61,-99999,-99999.,-99999.,-99999.,-99999.,-99999.,-99999.
122536,1787548,-52.08674,-62.25502,4.8,-61,-99999,-99999.,-99999.,-99999.,-99999.,-99999.,-99999.
122536,1787558,-52.086625,-62.25526,4.3,-61,-99999,-99999.,-99999.,-99999.,-99999.,-99999.,-99999.
122536,1787567,-52.08653,-62.255475,3.2,-61,-99999,-99999.,-99999.,-99999.,-99999.,-99999.,-99999.
122536,1787577,-52.086423,-62.255685,4.1,-61,-99999,-99999.,-99999.,-99999.,-99999.,-99999.,-99999.
122536,1787588,-52.086308,-62.255913,3.5,-61,-99999,-99999.,-99999.,-99999.,-99999.,-99999.,-99999.
122536,1787596,-52.086228,-62.256088,3.5,-61,-99999,-99999.,-99999.,-99999.,-99999.,-99999.,-99999.
122536,1787608,-52.086097,-62.256347,3.5,-61,-99999,-99999.,-99999.,-99999.,-99999.,-99999.,-99999.
122536,1787627,-52.085945,-62.256758,2.8,-61,-99999,-99999.,-99999.,-99999.,-99999.,-99999.,-99999.
122536,1787656,-52.085675,-62.257343,3.7,-61,-99999,-99999.,-99999.,-99999.,-99999.,-99999.,-99999.
122536,1787698,-52.085245,-62.258302,3.4,-61,-99999,-99999.,-99999.,-99999.,-99999.,-99999.,-99999.
122536,1787729,-52.084925,-62.25896,3.7,-61,-99999,-99999.,-99999.,-99999.,-99999.,-99999.,-99999.
122536,1787787,-52.084318,-62.26028,3.4,-61,-99999,-99999.,-99999.,-99999.,-99999.,-99999.,-99999.
122536,1787828,-52.083932,-62.261237,4.,-61,-99999,-99999.,-99999.,-99999.,-99999.,-99999.,-99999.
122536,1787847,-52.083752,-62.26166,3.8,-61,-99999,-99999.,-99999.,-99999.,-99999.,-99999.,-99999.
122536,1787857,-52.083652,-62.261893,3.8,-61,-99999,-99999.,-99999.,-99999.,-99999.,-99999.,-99999.
122536,1791770,-52.04626,-62.347722,3.6,-59,-99999,-99999.,-99999.,-99999.,-99999.,-99999.,-99999.
122536,1793134,-52.032362,-62.374883,3.8,-59,-99999,-99999.,-99999.,-99999.,-99999.,-99999.,-99999.
122536,1793163,-52.032045,-62.375442,2.8,-59,-99999,-99999.,-99999.,-99999.,-99999.,-99999.,-99999.
122536,1793173,-52.031947,-62.375632,3.4,-59,-99999,-99999.,-99999.,-99999.,-99999.,-99999.,-99999.
122536,1793183,-52.031855,-62.375815,3.2,-59,-99999,-99999.,-99999.,-99999.,-99999.,-99999.,-99999.
122536,1793184,-52.031855,-62.375815,3.2,-59,-99999,-99999.,-99999.,-99999.,-99999.,-99999.,-99999.
122536,1793193,-52.03176,-62.376003,2.8,-59,-99999,-99999.,-99999.,-99999.,-99999.,-99999.,-99999.
122536,1793194,-52.03176,-62.376003,2.8,-59,-99999,-99999.,-99999.,-99999.,-99999.,-99999.,-99999.
122536,1793203,-52.031647,-62.376182,3.6,-59,-99999,-99999.,-99999.,-99999.,-99999.,-99999.,-99999.
122536,1793212,-52.031548,-62.376352,3.6,-59,-99999,-99999.,-99999.,-99999.,-99999.,-99999.,-99999.
122536,1793223,-52.031442,-62.37655,3.2,-59,-99999,-99999.,-99999.,-99999.,-99999.,-99999.,-99999.
122536,1793233,-52.03135,-62.376738,3.4,-59,-99999,-99999.,-99999.,-99999.,-99999.,-99999.,-99999.
122536,1793243,-52.031257,-62.376925,3.5,-59,-99999,-99999.,-99999.,-99999.,-99999.,-99999.,-99999.
122536,1793244,-52.031257,-62.376925,3.5,-59,-99999,-99999.,-99999.,-99999.,-99999.,-99999.,-99999.
122536,1793254,-52.031152,-62.377122,3.8,-59,-99999,-99999.,-99999.,-99999.,-99999.,-99999.,-99999.
122536,1793263,-52.031045,-62.377302,3.7,-59,-99999,-99999.,-99999.,-99999.,-99999.,-99999.,-99999.
122536,1793264,-52.031045,-62.377302,3.7,-59,-99999,-99999.,-99999.,-99999.,-99999.,-99999.,-99999.
122536,1793272,-52.03095,-62.377473,3.6,-59,-99999,-99999.,-99999.,-99999.,-99999.,-99999.,-99999.
122536,1793283,-52.030845,-62.37767,3.4,-59,-99999,-99999.,-99999.,-99999.,-99999.,-99999.,-99999.
122536,1793293,-52.030753,-62.377848,2.9,-59,-99999,-99999.,-99999.,-99999.,-99999.,-99999.,-99999.
122536,1793303,-52.030663,-62.378052,3.8,-59,-99999,-99999.,-99999.,-99999.,-99999.,-99999.,-99999.
122536,1793304,-52.030663,-62.378052,3.8,-59,-99999,-99999.,-99999.,-99999.,-99999.,-99999.,-99999.
122536,1793313,-52.030573,-62.37821,2.8,-59,-99999,-99999.,-99999.,-99999.,-99999.,-99999.,-99999.
122536,1793323,-52.03046,-62.378425,2.7,-59,-99999,-99999.,-99999.,-99999.,-99999.,-99999.,-99999.
122536,1793353,-52.030137,-62.37897,3.7,-59,-99999,-99999.,-99999.,-99999.,-99999.,-99999.,-99999.
122536,1793354,-52.030137,-62.37897,3.7,-59,-99999,-99999.,-99999.,-99999.,-99999.,-99999.,-99999.
122536,1793372,-52.02995,-62.379323,3.9,-59,-99999,-99999.,-99999.,-99999.,-99999.,-99999.,-99999.
122536,1793373,-52.02995,-62.379323,3.9,-59,-99999,-99999.,-99999.,-99999.,-99999.,-99999.,-99999.
122536,1793383,-52.029832,-62.37953,3.8,-59,-99999,-99999.,-99999.,-99999.,-99999.,-99999.,-99999.
122536,1809958,-51.839715,-62.576243,6.7,-57,-99999,-99999.,-99999.,-99999.,-99999.,-99999.,-99999.
122536,1809959,-51.839715,-62.576243,6.7,-57,-99999,-99999.,-99999.,-99999.,-99999.,-99999.,-99999.
122536,1809977,-51.839197,-62.575855,6.3,-57,-99999,-99999.,-99999.,-99999.,-99999.,-99999.,-99999.
122536,1809978,-51.839197,-62.575855,6.3,-57,-99999,-99999.,-99999.,-99999.,-99999.,-99999.,-99999.
122536,1809986,-51.838948,-62.57567,6.7,-57,-99999,-99999.,-99999.,-99999.,-99999.,-99999.,-99999.
122536,1809987,-51.838948,-62.57567,6.7,-57,-99999,-99999.,-99999.,-99999.,-99999.,-99999.,-99999.
122536,1809997,-51.838647,-62.57548,6.1,-57,-99999,-99999.,-99999.,-99999.,-99999.,-99999.,-99999.
122536,1809998,-51.838647,-62.57548,6.1,-57,-99999,-99999.,-99999.,-99999.,-99999.,-99999.,-99999.
122536,1810007,-51.838357,-62.575302,6.,-57,-99999,-99999.,-99999.,-99999.,-99999.,-99999.,-99999.
122536,1810008,-51.838357,-62.575302,6.,-57,-99999,-99999.,-99999.,-99999.,-99999.,-99999.,-99999.
122536,1810018,-51.838052,-62.57507,5.9,-57,-99999,-99999.,-99999.,-99999.,-99999.,-99999.,-99999.
122536,1810019,-51.838052,-62.57507,5.9,-57,-99999,-99999.,-99999.,-99999.,-99999.,-99999.,-99999.
122536,1810028,-51.837772,-62.574858,6.7,-57,-99999,-99999.,-99999.,-99999.,-99999.,-99999.,-99999.
122536,1810029,-51.837772,-62.574858,6.7,-57,-99999,-99999.,-99999.,-99999.,-99999.,-99999.,-99999.
122536,1810046,-51.837285,-62.57451,6.3,-57,-99999,-99999.,-99999.,-99999.,-99999.,-99999.,-99999.
122536,1810058,-51.836972,-62.574308,6.9,-57,-99999,-99999.,-99999.,-99999.,-99999.,-99999.,-99999.
122536,1810067,-51.836682,-62.574132,6.4,-57,-99999,-99999.,-99999.,-99999.,-99999.,-99999.,-99999.
122536,1810068,-51.836682,-62.574132,6.4,-57,-99999,-99999.,-99999.,-99999.,-99999.,-99999.,-99999.
122536,1810088,-51.8361,-62.573703,6.9,-57,-99999,-99999.,-99999.,-99999.,-99999.,-99999.,-99999.
122536,1810107,-51.83557,-62.573278,6.3,-57,-99999,-99999.,-99999.,-99999.,-99999.,-99999.,-99999.
122536,1810127,-51.835023,-62.572897,6.7,-57,-99999,-99999.,-99999.,-99999.,-99999.,-99999.,-99999.
122536,1810136,-51.834783,-62.57274,6.2,-57,-99999,-99999.,-99999.,-99999.,-99999.,-99999.,-99999.
122536,1810137,-51.834783,-62.57274,6.2,-57,-99999,-99999.,-99999.,-99999.,-99999.,-99999.,-99999.
122536,1810147,-51.834495,-62.572525,6.2,-57,-99999,-99999.,-99999.,-99999.,-99999.,-99999.,-99999.
122536,1810148,-51.834495,-62.572525,6.2,-57,-99999,-99999.,-99999.,-99999.,-99999.,-99999.,-99999.
122536,1810178,-51.83367,-62.571942,6.6,-57,-99999,-99999.,-99999.,-99999.,-99999.,-99999.,-99999.
122536,1810196,-51.833112,-62.571592,6.6,-55,-99999,-99999.,-99999.,-99999.,-99999.,-99999.,-99999.
122536,1810198,-51.833112,-62.571592,6.6,-55,-99999,-99999.,-99999.,-99999.,-99999.,-99999.,-99999.
122536,1810216,-51.832527,-62.571167,7.3,-55,-99999,-99999.,-99999.,-99999.,-99999.,-99999.,-99999.
122536,1810227,-51.832192,-62.57092,5.9,-55,-99999,-99999.,-99999.,-99999.,-99999.,-99999.,-99999.
122536,1810229,-51.832192,-62.57092,5.9,-55,-99999,-99999.,-99999.,-99999.,-99999.,-99999.,-99999.
122536,1810247,-51.831662,-62.570545,6.5,-55,-99999,-99999.,-99999.,-99999.,-99999.,-99999.,-99999.
122536,1810248,-51.831662,-62.570545,6.5,-55,-99999,-99999.,-99999.,-99999.,-99999.,-99999.,-99999.
122536,1810257,-51.83141,-62.570375,6.8,-55,-99999,-99999.,-99999.,-99999.,-99999.,-99999.,-99999.
122536,1810268,-51.831098,-62.57018,6.5,-55,-99999,-99999.,-99999.,-99999.,-99999.,-99999.,-99999.
122536,1810288,-51.8305,-62.569778,6.4,-55,-99999,-99999.,-99999.,-99999.,-99999.,-99999.,-99999.
122536,1810289,-51.8305,-62.569778,6.4,-55,-99999,-99999.,-99999.,-99999.,-99999.,-99999.,-99999.
122536,1810308,-51.829972,-62.569392,6.9,-55,-99999,-99999.,-99999.,-99999.,-99999.,-99999.,-99999.
122536,1810328,-51.829417,-62.569015,6.3,-55,-99999,-99999.,-99999.,-99999.,-99999.,-99999.,-99999.
122536,1810337,-51.82915,-62.568855,6.7,-55,-99999,-99999.,-99999.,-99999.,-99999.,-99999.,-99999.
122536,1810348,-51.828813,-62.568618,6.4,-55,-99999,-99999.,-99999.,-99999.,-99999.,-99999.,-99999.
122536,1810358,-51.828555,-62.568457,6.7,-55,-99999,-99999.,-99999.,-99999.,-99999.,-99999.,-99999.
122536,1810369,-51.828238,-62.568245,6.9,-55,-99999,-99999.,-99999.,-99999.,-99999.,-99999.,-99999.
122536,1810377,-51.827998,-62.568082,6.7,-55,-99999,-99999.,-99999.,-99999.,-99999.,-99999.,-99999.
122536,1810388,-51.827677,-62.567858,7.2,-55,-99999,-99999.,-99999.,-99999.,-99999.,-99999.,-99999.
122536,1810397,-51.827427,-62.567685,6.8,-55,-99999,-99999.,-99999.,-99999.,-99999.,-99999.,-99999.
122536,1810408,-51.827087,-62.567448,6.7,-55,-99999,-99999.,-99999.,-99999.,-99999.,-99999.,-99999.
122536,1810418,-51.826837,-62.567273,6.1,-55,-99999,-99999.,-99999.,-99999.,-99999.,-99999.,-99999.
122536,1810429,-51.82654,-62.567067,6.5,-55,-99999,-99999.,-99999.,-99999.,-99999.,-99999.,-99999.
122536,1810437,-51.82632,-62.566905,6.4,-55,-99999,-99999.,-99999.,-99999.,-99999.,-99999.,-99999.
122536,1810467,-51.825493,-62.56635,6.2,-55,-99999,-99999.,-99999.,-99999.,-99999.,-99999.,-99999.
122536,1815569,-51.679527,-62.476087,6.3,-54,-99999,-99999.,-99999.,-99999.,-99999.,-99999.,-99999.
122536,1815727,-51.674862,-62.473443,6.5,-54,-99999,-99999.,-99999.,-99999.,-99999.,-99999.,-99999.
122536,1815759,-51.673907,-62.472875,7.4,-54,-99999,-99999.,-99999.,-99999.,-99999.,-99999.,-99999.
122536,1815809,-51.672447,-62.47209,7.3,-54,-99999,-99999.,-99999.,-99999.,-99999.,-99999.,-99999.
122536,1815899,-51.669733,-62.470597,6.8,-54,-99999,-99999.,-99999.,-99999.,-99999.,-99999.,-99999.
122536,1815908,-51.669483,-62.470442,7.1,-54,-99999,-99999.,-99999.,-99999.,-99999.,-99999.,-99999.
122536,1816027,-51.665795,-62.468585,6.7,-53,-99999,-99999.,-99999.,-99999.,-99999.,-99999.,-99999.
122536,1816028,-51.665795,-62.468585,6.7,-53,-99999,-99999.,-99999.,-99999.,-99999.,-99999.,-99999.
122536,1816058,-51.664823,-62.468042,7.4,-53,-99999,-99999.,-99999.,-99999.,-99999.,-99999.,-99999.
122536,1816068,-51.664483,-62.467862,6.7,-53,-99999,-99999.,-99999.,-99999.,-99999.,-99999.,-99999.
122536,1816117,-51.663095,-62.467098,6.5,-53,-99999,-99999.,-99999.,-99999.,-99999.,-99999.,-99999.
122536,1816130,-51.662788,-62.466912,5.7,-53,-99999,-99999.,-99999.,-99999.,-99999.,-99999.,-99999.
122536,1816138,-51.662557,-62.466785,6.1,-53,-99999,-99999.,-99999.,-99999.,-99999.,-99999.,-99999.
122536,1816139,-51.662557,-62.466785,6.1,-53,-99999,-99999.,-99999.,-99999.,-99999.,-99999.,-99999.
122536,1816147,-51.662293,-62.466655,5.5,-53,-99999,-99999.,-99999.,-99999.,-99999.,-99999.,-99999.
122536,1816149,-51.662293,-62.466655,5.5,-53,-99999,-99999.,-99999.,-99999.,-99999.,-99999.,-99999.
122536,1816189,-51.661232,-62.466065,6.3,-53,-99999,-99999.,-99999.,-99999.,-99999.,-99999.,-99999.
122536,1816198,-51.660982,-62.465955,7.,-53,-99999,-99999.,-99999.,-99999.,-99999.,-99999.,-99999.
122536,1816228,-51.660107,-62.4655,6.5,-53,-99999,-99999.,-99999.,-99999.,-99999.,-99999.,-99999.
122536,1816237,-51.659827,-62.46536,7.1,-53,-99999,-99999.,-99999.,-99999.,-99999.,-99999.,-99999.
122536,1816249,-51.65947,-62.465198,6.8,-53,-99999,-99999.,-99999.,-99999.,-99999.,-99999.,-99999.
122536,1816258,-51.659195,-62.46506,7.1,-53,-99999,-99999.,-99999.,-99999.,-99999.,-99999.,-99999.
122536,1816259,-51.659195,-62.46506,7.1,-53,-99999,-99999.,-99999.,-99999.,-99999.,-99999.,-99999.
122536,1816288,-51.658282,-62.464527,7.,-53,-99999,-99999.,-99999.,-99999.,-99999.,-99999.,-99999.
122536,1816309,-51.657632,-62.464215,6.8,-53,-99999,-99999.,-99999.,-99999.,-99999.,-99999.,-99999.
122536,1816329,-51.657043,-62.463928,7.,-53,-99999,-99999.,-99999.,-99999.,-99999.,-99999.,-99999.
122536,1826371,-51.365333,-62.304287,6.3,-51,-99999,-99999.,-99999.,-99999.,-99999.,-99999.,-99999.
122536,1827397,-51.336195,-62.287287,5.9,-51,-99999,-99999.,-99999.,-99999.,-99999.,-99999.,-99999.
122536,1827398,-51.336195,-62.287287,5.9,-51,-99999,-99999.,-99999.,-99999.,-99999.,-99999.,-99999.
122536,1827437,-51.335138,-62.286633,6.5,-51,-99999,-99999.,-99999.,-99999.,-99999.,-99999.,-99999.
122536,1827438,-51.335138,-62.286633,6.5,-51,-99999,-99999.,-99999.,-99999.,-99999.,-99999.,-99999.
122536,1827486,-51.333792,-62.285735,5.3,-51,-99999,-99999.,-99999.,-99999.,-99999.,-99999.,-99999.
122536,1827487,-51.333792,-62.285735,5.3,-51,-99999,-99999.,-99999.,-99999.,-99999.,-99999.,-99999.
122536,1827587,-51.330955,-62.283982,6.7,-51,-99999,-99999.,-99999.,-99999.,-99999.,-99999.,-99999.
122536,1827606,-51.330433,-62.283635,6.5,-51,-99999,-99999.,-99999.,-99999.,-99999.,-99999.,-99999.
122536,1827607,-51.330433,-62.283635,6.5,-51,-99999,-99999.,-99999.,-99999.,-99999.,-99999.,-99999.
122536,1827620,-51.330145,-62.283443,4.9,-51,-99999,-99999.,-99999.,-99999.,-99999.,-99999.,-99999.
122536,1827647,-51.329335,-62.28298,6.6,-51,-99999,-99999.,-99999.,-99999.,-99999.,-99999.,-99999.
122536,1827666,-51.328813,-62.282702,6.9,-51,-99999,-99999.,-99999.,-99999.,-99999.,-99999.,-99999.
122536,1827667,-51.328813,-62.282702,6.9,-51,-99999,-99999.,-99999.,-99999.,-99999.,-99999.,-99999.
122536,1827698,-51.327958,-62.282183,6.6,-51,-99999,-99999.,-99999.,-99999.,-99999.,-99999.,-99999.
122536,1827706,-51.327677,-62.281997,6.3,-51,-99999,-99999.,-99999.,-99999.,-99999.,-99999.,-99999.
122536,1827707,-51.327677,-62.281997,6.3,-51,-99999,-99999.,-99999.,-99999.,-99999.,-99999.,-99999.
122536,1827726,-51.327143,-62.281658,6.6,-51,-99999,-99999.,-99999.,-99999.,-99999.,-99999.,-99999.
122536,1827727,-51.327143,-62.281658,6.6,-51,-99999,-99999.,-99999.,-99999.,-99999.,-99999.,-99999.
122536,1827757,-51.32629,-62.281097,6.9,-51,-99999,-99999.,-99999.,-99999.,-99999.,-99999.,-99999.
122536,1827766,-51.325998,-62.280913,6.4,-51,-99999,-99999.,-99999.,-99999.,-99999.,-99999.,-99999.
122536,1827767,-51.325998,-62.280913,6.4,-51,-99999,-99999.,-99999.,-99999.,-99999.,-99999.,-99999.
122536,1827786,-51.325458,-62.280583,6.7,-51,-99999,-99999.,-99999.,-99999.,-99999.,-99999.,-99999.
122536,1827827,-51.324263,-62.279865,7.3,-51,-99999,-99999.,-99999.,-99999.,-99999.,-99999.,-99999.
122536,1827847,-51.323717,-62.279563,6.6,-51,-99999,-99999.,-99999.,-99999.,-99999.,-99999.,-99999.
122536,1827867,-51.32312,-62.279237,6.4,-51,-99999,-99999.,-99999.,-99999.,-99999.,-99999.,-99999.
122536,1827878,-51.322795,-62.279072,6.2,-51,-99999,-99999.,-99999.,-99999.,-99999.,-99999.,-99999.
122536,1827886,-51.322498,-62.27892,6.1,-51,-99999,-99999.,-99999.,-99999.,-99999.,-99999.,-99999.
122536,1827887,-51.322498,-62.27892,6.1,-51,-99999,-99999.,-99999.,-99999.,-99999.,-99999.,-99999.
122536,1827896,-51.322227,-62.278758,6.6,-51,-99999,-99999.,-99999.,-99999.,-99999.,-99999.,-99999.
122536,1827897,-51.322227,-62.278758,6.6,-51,-99999,-99999.,-99999.,-99999.,-99999.,-99999.,-99999.
122536,1827907,-51.321972,-62.27863,6.6,-51,-99999,-99999.,-99999.,-99999.,-99999.,-99999.,-99999.
122536,1827918,-51.321655,-62.278457,6.4,-51,-99999,-99999.,-99999.,-99999.,-99999.,-99999.,-99999.
122536,1827926,-51.321402,-62.278298,6.9,-51,-99999,-99999.,-99999.,-99999.,-99999.,-99999.,-99999.
122536,1827938,-51.321085,-62.278108,7.,-51,-99999,-99999.,-99999.,-99999.,-99999.,-99999.,-99999.
122536,1827946,-51.320797,-62.277922,6.7,-51,-99999,-99999.,-99999.,-99999.,-99999.,-99999.,-99999.
122536,1828709,-51.29944,-62.265067,5.4,-51,-99999,-99999.,-99999.,-99999.,-99999.,-99999.,-99999.
122536,1830190,-51.258928,-62.239462,6.2,-51,-99999,-99999.,-99999.,-99999.,-99999.,-99999.,-99999.
122536,1831369,-51.226667,-62.218957,6.5,-51,-99999,-99999.,-99999.,-99999.,-99999.,-99999.,-99999.
122536,1831670,-51.218527,-62.213895,6.7,-51,-99999,-99999.,-99999.,-99999.,-99999.,-99999.,-99999.
122536,1832380,-51.199668,-62.201757,6.1,-51,-99999,-99999.,-99999.,-99999.,-99999.,-99999.,-99999.
122536,1833920,-51.157778,-62.173822,6.5,-51,-99999,-99999.,-99999.,-99999.,-99999.,-99999.,-99999.
122536,1834690,-51.138085,-62.159617,6.3,-51,-99999,-99999.,-99999.,-99999.,-99999.,-99999.,-99999.
122536,1835920,-51.106913,-62.13781,6.,-51,-99999,-99999.,-99999.,-99999.,-99999.,-99999.,-99999.
122536,1836699,-51.087002,-62.12497,5.6,-51,-99999,-99999.,-99999.,-99999.,-99999.,-99999.,-99999.
122536,1837210,-51.073592,-62.116157,6.1,-50,-99999,-99999.,-99999.,-99999.,-99999.,-99999.,-99999.
122536,1837279,-51.071848,-62.11486,6.5,-50,-99999,-99999.,-99999.,-99999.,-99999.,-99999.,-99999.
122536,1839610,-51.012428,-62.076588,6.9,-50,-99999,-99999.,-99999.,-99999.,-99999.,-99999.,-99999.
122536,1840330,-50.993568,-62.065147,5.7,-49,-99999,-99999.,-99999.,-99999.,-99999.,-99999.,-99999.
122536,1840899,-50.978357,-62.056065,5.8,-49,-99999,-99999.,-99999.,-99999.,-99999.,-99999.,-99999.
122536,1841700,-50.956985,-62.043122,5.5,-50,-99999,-99999.,-99999.,-99999.,-99999.,-99999.,-99999.
122536,1842098,-50.946182,-62.03667,6.1,-50,-99999,-99999.,-99999.,-99999.,-99999.,-99999.,-99999.
122536,1843400,-50.910867,-62.015138,6.1,-49,-99999,-99999.,-99999.,-99999.,-99999.,-99999.,-99999.
122536,1844538,-50.880065,-61.99607,5.1,-47,-99999,-99999.,-99999.,-99999.,-99999.,-99999.,-99999.
122536,1845769,-50.84608,-61.974245,6.2,-48,-99999,-99999.,-99999.,-99999.,-99999.,-99999.,-99999.
122536,1847050,-50.841895,-61.960772,3.7,-48,-99999,-99999.,-99999.,-99999.,-99999.,-99999.,-99999.
122536,1848289,-50.814623,-61.95425,3.9,-46,-99999,-99999.,-99999.,-99999.,-99999.,-99999.,-99999.
122536,1849620,-50.79017,-61.946745,4.,-47,-99999,-99999.,-99999.,-99999.,-99999.,-99999.,-99999.
122536,1850759,-50.768372,-61.941687,4.2,-47,-99999,-99999.,-99999.,-99999.,-99999.,-99999.,-99999.
122536,1852000,-50.745223,-61.936288,3.4,-45,-99999,-99999.,-99999.,-99999.,-99999.,-99999.,-99999.
122536,1852070,-50.743898,-61.935977,5.9,-45,-99999,-99999.,-99999.,-99999.,-99999.,-99999.,-99999.
122536,1853359,-50.720077,-61.928842,4.3,-46,-99999,-99999.,-99999.,-99999.,-99999.,-99999.,-99999.
122536,1854499,-50.69911,-61.922015,3.3,-46,-99999,-99999.,-99999.,-99999.,-99999.,-99999.,-99999.
122536,1854599,-50.697303,-61.921438,3.1,-46,-99999,-99999.,-99999.,-99999.,-99999.,-99999.,-99999.
122536,1855811,-50.675315,-61.91494,4.2,-45,-99999,-99999.,-99999.,-99999.,-99999.,-99999.,-99999.
122536,1855860,-50.674405,-61.914652,3.6,-45,-99999,-99999.,-99999.,-99999.,-99999.,-99999.,-99999.
122536,1856990,-50.654272,-61.908572,3.7,-44,-99999,-99999.,-99999.,-99999.,-99999.,-99999.,-99999.
122536,1858250,-50.631902,-61.902405,4.5,-44,-99999,-99999.,-99999.,-99999.,-99999.,-99999.,-99999.
122536,1858278,-50.631375,-61.902285,4.,-44,-99999,-99999.,-99999.,-99999.,-99999.,-99999.,-99999.
122536,1858287,-50.631205,-61.902237,4.2,-44,-99999,-99999.,-99999.,-99999.,-99999.,-99999.,-99999.
122536,1858288,-50.631205,-61.902237,4.2,-44,-99999,-99999.,-99999.,-99999.,-99999.,-99999.,-99999.
122536,1858296,-50.631047,-61.902215,3.9,-44,-99999,-99999.,-99999.,-99999.,-99999.,-99999.,-99999.
122536,1858297,-50.631047,-61.902215,3.9,-44,-99999,-99999.,-99999.,-99999.,-99999.,-99999.,-99999.
122536,1858317,-50.630695,-61.902127,3.6,-44,-99999,-99999.,-99999.,-99999.,-99999.,-99999.,-99999.
122536,1858318,-50.630695,-61.902127,3.6,-44,-99999,-99999.,-99999.,-99999.,-99999.,-99999.,-99999.
122536,1858327,-50.630518,-61.902107,4.1,-44,-99999,-99999.,-99999.,-99999.,-99999.,-99999.,-99999.
122536,1858328,-50.630518,-61.902107,4.1,-44,-99999,-99999.,-99999.,-99999.,-99999.,-99999.,-99999.
122536,1858338,-50.63034,-61.902093,4.2,-44,-99999,-99999.,-99999.,-99999.,-99999.,-99999.,-99999.
122536,1858347,-50.63016,-61.90207,3.8,-44,-99999,-99999.,-99999.,-99999.,-99999.,-99999.,-99999.
122536,1858348,-50.63016,-61.90207,3.8,-44,-99999,-99999.,-99999.,-99999.,-99999.,-99999.,-99999.
122536,1858356,-50.630002,-61.902075,3.9,-44,-99999,-99999.,-99999.,-99999.,-99999.,-99999.,-99999.
122536,1858357,-50.630002,-61.902075,3.9,-44,-99999,-99999.,-99999.,-99999.,-99999.,-99999.,-99999.
122536,1858368,-50.629798,-61.902052,4.2,-44,-99999,-99999.,-99999.,-99999.,-99999.,-99999.,-99999.
122536,1858377,-50.62961,-61.902025,4.3,-44,-99999,-99999.,-99999.,-99999.,-99999.,-99999.,-99999.
122536,1858378,-50.62961,-61.902025,4.3,-44,-99999,-99999.,-99999.,-99999.,-99999.,-99999.,-99999.
122536,1858416,-50.628893,-61.901952,3.7,-44,-99999,-99999.,-99999.,-99999.,-99999.,-99999.,-99999.
122536,1858417,-50.628893,-61.901952,3.7,-44,-99999,-99999.,-99999.,-99999.,-99999.,-99999.,-99999.
122536,1858447,-50.62836,-61.901978,4.1,-44,-99999,-99999.,-99999.,-99999.,-99999.,-99999.,-99999.
122536,1858448,-50.62836,-61.901978,4.1,-44,-99999,-99999.,-99999.,-99999.,-99999.,-99999.,-99999.
122536,1859560,-50.609013,-61.895065,3.2,-45,-99999,-99999.,-99999.,-99999.,-99999.,-99999.,-99999.
122536,1860799,-50.590135,-61.876892,3.8,-45,-99999,-99999.,-99999.,-99999.,-99999.,-99999.,-99999.
122536,1862150,-50.572498,-61.851573,3.9,-44,-99999,-99999.,-99999.,-99999.,-99999.,-99999.,-99999.
122536,1863570,-50.557098,-61.82015,3.4,-43,-99999,-99999.,-99999.,-99999.,-99999.,-99999.,-99999.
122536,1863938,-50.553158,-61.812182,4.1,-43,-99999,-99999.,-99999.,-99999.,-99999.,-99999.,-99999.
122536,1863949,-50.55306,-61.811957,3.7,-43,-99999,-99999.,-99999.,-99999.,-99999.,-99999.,-99999.
122536,1863958,-50.552967,-61.81176,4.,-43,-99999,-99999.,-99999.,-99999.,-99999.,-99999.,-99999.
122536,1863967,-50.552877,-61.811558,4.1,-43,-99999,-99999.,-99999.,-99999.,-99999.,-99999.,-99999.
122536,1863978,-50.552762,-61.811325,4.,-43,-99999,-99999.,-99999.,-99999.,-99999.,-99999.,-99999.
122536,1863988,-50.552663,-61.811105,3.7,-43,-99999,-99999.,-99999.,-99999.,-99999.,-99999.,-99999.
122536,1864027,-50.552247,-61.810262,4.1,-43,-99999,-99999.,-99999.,-99999.,-99999.,-99999.,-99999.
122536,1864038,-50.552127,-61.810028,3.7,-43,-99999,-99999.,-99999.,-99999.,-99999.,-99999.,-99999.
122536,1864048,-50.552022,-61.809802,4.3,-43,-99999,-99999.,-99999.,-99999.,-99999.,-99999.,-99999.
122536,1864068,-50.551817,-61.809362,4.2,-43,-99999,-99999.,-99999.,-99999.,-99999.,-99999.,-99999.
122536,1864078,-50.551712,-61.809157,3.5,-43,-99999,-99999.,-99999.,-99999.,-99999.,-99999.,-99999.
122536,1864088,-50.551597,-61.808908,3.7,-43,-99999,-99999.,-99999.,-99999.,-99999.,-99999.,-99999.
122536,1864091,-50.551597,-61.808908,3.7,-43,-99999,-99999.,-99999.,-99999.,-99999.,-99999.,-99999.
122536,1864098,-50.551497,-61.808715,3.5,-43,-99999,-99999.,-99999.,-99999.,-99999.,-99999.,-99999.
122536,1864108,-50.551387,-61.808505,4.,-43,-99999,-99999.,-99999.,-99999.,-99999.,-99999.,-99999.
122536,1864158,-50.550833,-61.807447,4.,-43,-99999,-99999.,-99999.,-99999.,-99999.,-99999.,-99999.
122536,1864168,-50.550733,-61.807227,3.5,-43,-99999,-99999.,-99999.,-99999.,-99999.,-99999.,-99999.
122536,1864199,-50.550407,-61.806545,3.3,-43,-99999,-99999.,-99999.,-99999.,-99999.,-99999.,-99999.
122536,1864218,-50.550205,-61.806128,4.1,-43,-99999,-99999.,-99999.,-99999.,-99999.,-99999.,-99999.
122536,1864229,-50.550102,-61.805912,3.5,-43,-99999,-99999.,-99999.,-99999.,-99999.,-99999.,-99999.
122536,1864328,-50.548997,-61.80378,3.9,-43,-99999,-99999.,-99999.,-99999.,-99999.,-99999.,-99999.
122536,1864358,-50.548672,-61.803138,3.7,-43,-99999,-99999.,-99999.,-99999.,-99999.,-99999.,-99999.
122536,1864438,-50.547808,-61.801415,4.1,-43,-99999,-99999.,-99999.,-99999.,-99999.,-99999.,-99999.
122536,1864488,-50.547255,-61.800338,3.8,-43,-99999,-99999.,-99999.,-99999.,-99999.,-99999.,-99999.
122536,1864498,-50.547145,-61.800117,3.6,-43,-99999,-99999.,-99999.,-99999.,-99999.,-99999.,-99999.
122536,1864509,-50.547042,-61.799897,3.6,-43,-99999,-99999.,-99999.,-99999.,-99999.,-99999.,-99999.
122536,1869531,-50.465533,-61.718865,3.7,-42,-99999,-99999.,-99999.,-99999.,-99999.,-99999.,-99999.
122536,1869766,-50.461907,-61.715842,3.9,-42,-99999,-99999.,-99999.,-99999.,-99999.,-99999.,-99999.
122536,1869767,-50.461907,-61.715842,3.9,-42,-99999,-99999.,-99999.,-99999.,-99999.,-99999.,-99999.
122536,1869776,-50.461763,-61.715705,4.1,-42,-99999,-99999.,-99999.,-99999.,-99999.,-99999.,-99999.
122536,1869777,-50.461763,-61.715705,4.1,-42,-99999,-99999.,-99999.,-99999.,-99999.,-99999.,-99999.
122536,1869786,-50.461632,-61.715592,3.5,-42,-99999,-99999.,-99999.,-99999.,-99999.,-99999.,-99999.
122536,1869787,-50.461632,-61.715592,3.5,-42,-99999,-99999.,-99999.,-99999.,-99999.,-99999.,-99999.
122536,1869797,-50.461442,-61.71544,3.7,-42,-99999,-99999.,-99999.,-99999.,-99999.,-99999.,-99999.
122536,1869798,-50.461442,-61.71544,3.7,-42,-99999,-99999.,-99999.,-99999.,-99999.,-99999.,-99999.
122536,1869816,-50.461177,-61.715198,3.9,-42,-99999,-99999.,-99999.,-99999.,-99999.,-99999.,-99999.
122536,1869817,-50.461177,-61.715198,3.9,-42,-99999,-99999.,-99999.,-99999.,-99999.,-99999.,-99999.
122536,1869826,-50.46101,-61.715048,4.,-42,-99999,-99999.,-99999.,-99999.,-99999.,-99999.,-99999.
122536,1869827,-50.46101,-61.715048,4.,-42,-99999,-99999.,-99999.,-99999.,-99999.,-99999.,-99999.
122536,1869847,-50.460737,-61.714793,4.6,-42,-99999,-99999.,-99999.,-99999.,-99999.,-99999.,-99999.
122536,1869857,-50.460588,-61.71463,3.3,-42,-99999,-99999.,-99999.,-99999.,-99999.,-99999.,-99999.
122536,1869858,-50.460588,-61.71463,3.3,-42,-99999,-99999.,-99999.,-99999.,-99999.,-99999.,-99999.
122536,1869867,-50.460448,-61.714497,3.7,-42,-99999,-99999.,-99999.,-99999.,-99999.,-99999.,-99999.
122536,1869868,-50.460448,-61.714497,3.7,-42,-99999,-99999.,-99999.,-99999.,-99999.,-99999.,-99999.
122536,1869876,-50.460332,-61.714392,3.3,-42,-99999,-99999.,-99999.,-99999.,-99999.,-99999.,-99999.
122536,1869877,-50.460332,-61.714392,3.3,-42,-99999,-99999.,-99999.,-99999.,-99999.,-99999.,-99999.
122536,1869886,-50.460237,-61.71422,3.5,-42,-99999,-99999.,-99999.,-99999.,-99999.,-99999.,-99999.
122536,1869887,-50.460237,-61.71422,3.5,-42,-99999,-99999.,-99999.,-99999.,-99999.,-99999.,-99999.
122536,1869896,-50.460065,-61.714107,3.1,-42,-99999,-99999.,-99999.,-99999.,-99999.,-99999.,-99999.
122536,1869897,-50.460065,-61.714107,3.1,-42,-99999,-99999.,-99999.,-99999.,-99999.,-99999.,-99999.
122536,1869906,-50.459908,-61.713998,3.7,-42,-99999,-99999.,-99999.,-99999.,-99999.,-99999.,-99999.
122536,1869907,-50.459908,-61.713998,3.7,-42,-99999,-99999.,-99999.,-99999.,-99999.,-99999.,-99999.
122536,1869917,-50.459737,-61.713835,4.,-42,-99999,-99999.,-99999.,-99999.,-99999.,-99999.,-99999.
122536,1869918,-50.459737,-61.713835,4.,-42,-99999,-99999.,-99999.,-99999.,-99999.,-99999.,-99999.
122536,1869926,-50.459627,-61.713732,3.6,-42,-99999,-99999.,-99999.,-99999.,-99999.,-99999.,-99999.
122536,1869927,-50.459627,-61.713732,3.6,-42,-99999,-99999.,-99999.,-99999.,-99999.,-99999.,-99999.
122536,1869936,-50.459477,-61.713608,4.,-42,-99999,-99999.,-99999.,-99999.,-99999.,-99999.,-99999.
122536,1869937,-50.459477,-61.713608,4.,-42,-99999,-99999.,-99999.,-99999.,-99999.,-99999.,-99999.
122536,1869946,-50.459293,-61.713458,3.6,-42,-99999,-99999.,-99999.,-99999.,-99999.,-99999.,-99999.
122536,1869947,-50.459293,-61.713458,3.6,-42,-99999,-99999.,-99999.,-99999.,-99999.,-99999.,-99999.
122536,1869956,-50.459143,-61.713327,3.8,-42,-99999,-99999.,-99999.,-99999.,-99999.,-99999.,-99999.
122536,1869957,-50.459143,-61.713327,3.8,-42,-99999,-99999.,-99999.,-99999.,-99999.,-99999.,-99999.
122536,1869966,-50.458998,-61.713223,4.,-42,-99999,-99999.,-99999.,-99999.,-99999.,-99999.,-99999.
122536,1869967,-50.458998,-61.713223,4.,-42,-99999,-99999.,-99999.,-99999.,-99999.,-99999.,-99999.
122536,1869977,-50.458818,-61.713072,4.1,-42,-99999,-99999.,-99999.,-99999.,-99999.,-99999.,-99999.
122536,1869978,-50.458818,-61.713072,4.1,-42,-99999,-99999.,-99999.,-99999.,-99999.,-99999.,-99999.
122536,1869986,-50.458708,-61.712965,3.9,-42,-99999,-99999.,-99999.,-99999.,-99999.,-99999.,-99999.
122536,1869987,-50.458708,-61.712965,3.9,-42,-99999,-99999.,-99999.,-99999.,-99999.,-99999.,-99999.
122536,1869996,-50.458537,-61.712818,3.5,-42,-99999,-99999.,-99999.,-99999.,-99999.,-99999.,-99999.
122536,1869997,-50.458537,-61.712818,3.5,-42,-99999,-99999.,-99999.,-99999.,-99999.,-99999.,-99999.
122536,1870037,-50.457883,-61.712317,3.7,-42,-99999,-99999.,-99999.,-99999.,-99999.,-99999.,-99999.
122536,1870038,-50.457883,-61.712317,3.7,-42,-99999,-99999.,-99999.,-99999.,-99999.,-99999.,-99999.
122536,1870046,-50.457765,-61.712218,3.9,-42,-99999,-99999.,-99999.,-99999.,-99999.,-99999.,-99999.
122536,1870057,-50.457603,-61.712088,3.5,-42,-99999,-99999.,-99999.,-99999.,-99999.,-99999.,-99999.
122536,1870067,-50.457453,-61.711967,4.2,-42,-99999,-99999.,-99999.,-99999.,-99999.,-99999.,-99999.
122536,1870087,-50.457175,-61.711723,3.6,-42,-99999,-99999.,-99999.,-99999.,-99999.,-99999.,-99999.
122536,1870106,-50.456868,-61.71148,3.6,-42,-99999,-99999.,-99999.,-99999.,-99999.,-99999.,-99999.
122536,1870126,-50.456585,-61.71122,3.,-42,-99999,-99999.,-99999.,-99999.,-99999.,-99999.,-99999.
122536,1870127,-50.456585,-61.71122,3.,-42,-99999,-99999.,-99999.,-99999.,-99999.,-99999.,-99999.
122536,1870147,-50.45626,-61.710973,3.,-42,-99999,-99999.,-99999.,-99999.,-99999.,-99999.,-99999.
122536,1870156,-50.456123,-61.71085,3.6,-42,-99999,-99999.,-99999.,-99999.,-99999.,-99999.,-99999.
122536,1870166,-50.455985,-61.710705,4.2,-42,-99999,-99999.,-99999.,-99999.,-99999.,-99999.,-99999.
122536,1870167,-50.455985,-61.710705,4.2,-42,-99999,-99999.,-99999.,-99999.,-99999.,-99999.,-99999.
122536,1870177,-50.455823,-61.710575,3.8,-42,-99999,-99999.,-99999.,-99999.,-99999.,-99999.,-99999.
122536,1870216,-50.455243,-61.710113,3.8,-42,-99999,-99999.,-99999.,-99999.,-99999.,-99999.,-99999.
122536,1870217,-50.455243,-61.710113,3.8,-42,-99999,-99999.,-99999.,-99999.,-99999.,-99999.,-99999.
122536,1870328,-50.453553,-61.708702,3.7,-43,-99999,-99999.,-99999.,-99999.,-99999.,-99999.,-99999.
122536,1870367,-50.452952,-61.708203,4.5,-43,-99999,-99999.,-99999.,-99999.,-99999.,-99999.,-99999.
122536,1870388,-50.452648,-61.707943,3.6,-43,-99999,-99999.,-99999.,-99999.,-99999.,-99999.,-99999.
122536,1875000,-50.383742,-61.648517,3.4,-43,-99999,-99999.,-99999.,-99999.,-99999.,-99999.,-99999.
122536,1875678,-50.3739,-61.638598,3.3,-42,-99999,-99999.,-99999.,-99999.,-99999.,-99999.,-99999.
122536,1875688,-50.373742,-61.638468,3.7,-42,-99999,-99999.,-99999.,-99999.,-99999.,-99999.,-99999.
122536,1875718,-50.373277,-61.638137,3.6,-42,-99999,-99999.,-99999.,-99999.,-99999.,-99999.,-99999.
122536,1875738,-50.372958,-61.637873,4.4,-42,-99999,-99999.,-99999.,-99999.,-99999.,-99999.,-99999.
122536,1875747,-50.372822,-61.637765,3.8,-42,-99999,-99999.,-99999.,-99999.,-99999.,-99999.,-99999.
122536,1875757,-50.37267,-61.637647,3.7,-42,-99999,-99999.,-99999.,-99999.,-99999.,-99999.,-99999.
122536,1875787,-50.372242,-61.637248,3.1,-42,-99999,-99999.,-99999.,-99999.,-99999.,-99999.,-99999.
122536,1875847,-50.371342,-61.636427,3.8,-42,-99999,-99999.,-99999.,-99999.,-99999.,-99999.,-99999.
122536,1875848,-50.371342,-61.636427,3.8,-42,-99999,-99999.,-99999.,-99999.,-99999.,-99999.,-99999.
122536,1875857,-50.371195,-61.636307,3.8,-42,-99999,-99999.,-99999.,-99999.,-99999.,-99999.,-99999.
122536,1875877,-50.370897,-61.636055,3.2,-42,-99999,-99999.,-99999.,-99999.,-99999.,-99999.,-99999.
122536,1875907,-50.370462,-61.63562,4.4,-42,-99999,-99999.,-99999.,-99999.,-99999.,-99999.,-99999.
122536,1875917,-50.370308,-61.6355,3.6,-42,-99999,-99999.,-99999.,-99999.,-99999.,-99999.,-99999.
122536,1875946,-50.36989,-61.635147,3.8,-42,-99999,-99999.,-99999.,-99999.,-99999.,-99999.,-99999.
122536,1875947,-50.36989,-61.635147,3.8,-42,-99999,-99999.,-99999.,-99999.,-99999.,-99999.,-99999.
122536,1875977,-50.369413,-61.63476,3.3,-42,-99999,-99999.,-99999.,-99999.,-99999.,-99999.,-99999.
122536,1876006,-50.36897,-61.634385,3.8,-42,-99999,-99999.,-99999.,-99999.,-99999.,-99999.,-99999.
122536,1876028,-50.368655,-61.634065,3.9,-42,-99999,-99999.,-99999.,-99999.,-99999.,-99999.,-99999.
122536,1876066,-50.36808,-61.633537,3.5,-42,-99999,-99999.,-99999.,-99999.,-99999.,-99999.,-99999.
122536,1876067,-50.36808,-61.633537,3.5,-42,-99999,-99999.,-99999.,-99999.,-99999.,-99999.,-99999.
122536,1876077,-50.367938,-61.633423,3.6,-42,-99999,-99999.,-99999.,-99999.,-99999.,-99999.,-99999.
122536,1876157,-50.366752,-61.63228,3.4,-42,-99999,-99999.,-99999.,-99999.,-99999.,-99999.,-99999.
122536,1876158,-50.366752,-61.63228,3.4,-42,-99999,-99999.,-99999.,-99999.,-99999.,-99999.,-99999.
122536,1898278,-50.0291,-61.269465,5.,-44,-99999,31.,-0.46,12.,21.200000000000003,-0.15,0.09
122536,1898397,-50.026233,-61.269235,4.6,-44,-99999,31.,-0.46,12.,20.700000000000003,-0.15,0.09
122536,1898398,-50.026233,-61.269235,4.6,-44,-99999,31.,-0.46,12.,20.700000000000003,-0.15,0.09
122536,1898407,-50.02598,-61.269213,4.7,-44,-99999,31.,-0.46,12.,20.6,-0.15,0.09
122536,1898408,-50.02598,-61.269213,4.7,-44,-99999,31.,-0.46,12.,20.6,-0.15,0.09
122536,1898417,-50.025757,-61.269188,5.5,-44,-99999,31.,-0.46,12.,20.6,-0.15,0.09
122536,1898427,-50.025567,-61.26915,4.4,-44,-99999,31.,-0.46,12.,20.5,-0.15,0.09
122536,1898428,-50.025567,-61.26915,4.4,-44,-99999,31.,-0.46,12.,20.5,-0.15,0.09
122536,1898448,-50.025088,-61.269062,4.9,-44,-99999,31.,-0.46,12.,20.400000000000002,-0.15,0.09
122536,1898449,-50.025088,-61.269062,4.9,-44,-99999,31.,-0.46,12.,20.400000000000002,-0.15,0.09
122536,1898457,-50.024898,-61.26903,4.6,-44,-99999,31.,-0.46,12.,20.400000000000002,-0.15,0.09
122536,1898458,-50.024898,-61.26903,4.6,-44,-99999,31.,-0.46,12.,20.400000000000002,-0.15,0.09
122536,1898487,-50.024227,-61.268968,4.7,-44,-99999,31.,-0.46,12.,20.200000000000003,-0.15,0.09
122536,1898517,-50.023518,-61.26891,5.2,-44,-99999,31.,-0.46,12.,20.1,-0.15,0.09
122536,1898518,-50.023518,-61.26891,5.2,-44,-99999,31.,-0.46,12.,20.1,-0.15,0.09
122536,1898527,-50.023278,-61.268882,4.9,-44,-99999,31.,-0.46,12.,20.,-0.15,0.09
122536,1898528,-50.023278,-61.268882,4.9,-44,-99999,31.,-0.46,12.,20.,-0.15,0.09
122536,1898547,-50.022812,-61.268853,5.8,-44,-99999,31.,-0.46,12.,20.,-0.15,0.09
122536,1898548,-50.022812,-61.268853,5.8,-44,-99999,31.,-0.46,12.,20.,-0.15,0.09
122536,1898569,-50.022302,-61.268862,4.9,-44,-99999,31.,-0.46,12.,19.8,-0.15,0.09
122536,1898588,-50.021838,-61.26886,5.4,-44,-99999,31.,-0.46,12.,19.8,-0.15,0.09
122536,1898607,-50.021328,-61.268827,5.8,-44,-99999,31.,-0.46,12.,19.6,-0.15,0.09
122536,1898608,-50.021328,-61.268827,5.8,-44,-99999,31.,-0.46,12.,19.6,-0.15,0.09
122536,1898647,-50.020345,-61.268755,5.3,-44,-99999,31.,-0.46,12.,19.400000000000002,-0.15,0.09
122536,1898648,-50.020345,-61.268755,5.3,-44,-99999,31.,-0.46,12.,19.400000000000002,-0.15,0.09
122536,1898658,-50.02007,-61.268732,6.,-44,-99999,31.,-0.46,12.,19.400000000000002,-0.15,0.09
122536,1898668,-50.01985,-61.268702,5.5,-44,-99999,31.,-0.46,12.,19.3,-0.15,0.09
122536,1898688,-50.019332,-61.26862,5.2,-44,-99999,31.,-0.46,12.,19.200000000000003,-0.15,0.09
122536,1898689,-50.019332,-61.26862,5.2,-44,-99999,31.,-0.46,12.,19.200000000000003,-0.15,0.09
122536,1898708,-50.018905,-61.268517,4.5,-44,-99999,31.,-0.46,12.,19.200000000000003,-0.15,0.09
122536,1898719,-50.018635,-61.268463,5.2,-44,-99999,31.,-0.46,12.,19.1,-0.15,0.09
122536,1898728,-50.01845,-61.268427,4.9,-44,-99999,31.,-0.46,12.,19.1,-0.15,0.09
122536,1898768,-50.0175,-61.268293,4.8,-44,-99999,31.,-0.46,12.,18.900000000000002,-0.15,0.09
122536,1898779,-50.017205,-61.268248,5.,-44,-99999,31.,-0.46,12.,18.8,-0.15,0.09
122536,1898789,-50.016987,-61.268212,5.6,-44,-99999,31.,-0.46,12.,18.8,-0.15,0.09
122536,1898799,-50.01673,-61.268178,5.7,-44,-99999,31.,-0.46,12.,18.7,-0.15,0.09
122536,1898819,-50.016183,-61.268138,5.2,-44,-99999,31.,-0.46,12.,18.6,-0.15,0.09
122536,1898828,-50.01598,-61.26811,5.7,-44,-99999,31.,-0.46,12.,18.6,-0.15,0.09
122536,1898839,-50.01567,-61.268065,5.8,-44,-99999,31.,-0.46,12.,18.5,-0.15,0.09
122536,1898848,-50.01544,-61.26802,5.8,-44,-99999,31.,-0.46,12.,18.400000000000002,-0.15,0.09
122536,1898849,-50.01544,-61.26802,5.8,-44,-99999,31.,-0.46,12.,18.400000000000002,-0.15,0.09
122536,1904269,-49.887502,-61.250232,5.4,-45,-99999,31.,-0.48,12.4,16.6,-0.14,0.1
122536,1904280,-49.887223,-61.25018,5.6,-45,-99999,31.,-0.48,12.4,16.6,-0.14,0.1
122536,1904344,-49.885682,-61.249442,5.,-45,-99999,31.,-0.48,12.4,16.6,-0.13,0.1
122536,1904345,-49.885682,-61.249442,5.,-45,-99999,31.,-0.48,12.4,16.6,-0.13,0.1
122536,1904348,-49.885613,-61.24941,5.2,-45,-99999,31.,-0.48,12.4,16.6,-0.13,0.1
122536,1904357,-49.885382,-61.249308,4.6,-45,-99999,31.,-0.48,12.4,16.6,-0.13,0.1
122536,1904358,-49.885382,-61.249308,4.6,-45,-99999,31.,-0.48,12.4,16.6,-0.13,0.1
122536,1904368,-49.885135,-61.24923,5.6,-45,-99999,31.,-0.48,12.4,16.6,-0.13,0.1
122536,1904428,-49.883432,-61.24886,5.,-45,-99999,31.,-0.48,12.4,16.7,-0.13,0.1
122536,1904448,-49.882938,-61.248595,4.7,-45,-99999,31.,-0.48,12.4,16.7,-0.13,0.1
122536,1904449,-49.882938,-61.248595,4.7,-45,-99999,31.,-0.48,12.4,16.7,-0.13,0.1
122536,1904498,-49.881697,-61.24812,5.5,-45,-99999,31.,-0.48,12.4,16.7,-0.13,0.1
122536,1904499,-49.881697,-61.24812,5.5,-45,-99999,31.,-0.48,12.4,16.7,-0.13,0.1
122536,1904558,-49.880097,-61.2478,6.5,-45,-99999,31.,-0.48,12.4,16.8,-0.13,0.1
122536,1904568,-49.879815,-61.247747,6.5,-45,-99999,31.,-0.48,12.4,16.8,-0.13,0.1
122536,1904569,-49.879815,-61.247747,6.5,-45,-99999,31.,-0.48,12.4,16.8,-0.13,0.1
122536,1904579,-49.879488,-61.247682,6.8,-45,-99999,31.,-0.48,12.4,16.8,-0.13,0.1
122536,1904580,-49.879488,-61.247682,6.8,-45,-99999,31.,-0.48,12.4,16.8,-0.13,0.1
122536,1904589,-49.87922,-61.24763,6.3,-45,-99999,31.,-0.48,12.4,16.8,-0.13,0.1
122536,1904619,-49.87832,-61.24734,6.5,-45,-99999,31.,-0.48,12.4,16.8,-0.13,0.1
122536,1904629,-49.878032,-61.247217,5.8,-45,-99999,31.,-0.48,12.4,16.8,-0.13,0.1
122536,1904649,-49.877523,-61.246965,5.9,-45,-99999,31.,-0.48,12.4,16.900000000000002,-0.13,0.11
122536,1904678,-49.876873,-61.24652,4.6,-45,-99999,31.,-0.48,12.4,16.900000000000002,-0.13,0.11
122536,1904679,-49.876873,-61.24652,4.6,-45,-99999,31.,-0.48,12.4,16.900000000000002,-0.13,0.11
122536,1904689,-49.876667,-61.246362,5.3,-45,-99999,31.,-0.48,12.4,16.900000000000002,-0.13,0.11
122536,1904700,-49.87643,-61.24624,5.8,-45,-99999,31.,-0.48,12.4,16.900000000000002,-0.13,0.11
122536,1904718,-49.875967,-61.246062,5.5,-45,-99999,31.,-0.48,12.4,16.900000000000002,-0.13,0.11
122536,1904719,-49.875967,-61.246062,5.5,-45,-99999,31.,-0.48,12.4,16.900000000000002,-0.13,0.11
122536,1909956,-49.743953,-61.20637,5.6,-45,-99999,31.,-0.5,12.5,18.3,-0.09,0.11
122536,1909957,-49.743953,-61.20637,5.6,-45,-99999,31.,-0.5,12.5,18.3,-0.09,0.11
122536,1909972,-49.74359,-61.206307,5.9,-45,-99999,31.,-0.5,12.5,18.3,-0.09,0.11
122536,1909973,-49.74359,-61.206307,5.9,-45,-99999,31.,-0.5,12.5,18.3,-0.09,0.11
122536,1910095,-49.740457,-61.205793,6.2,-45,-99999,31.,-0.5,12.5,18.3,-0.09,0.11
122536,1910096,-49.740457,-61.205793,6.2,-45,-99999,31.,-0.5,12.5,18.3,-0.09,0.11
122536,1910166,-49.738485,-61.205338,5.9,-45,-99999,31.,-0.5,12.5,18.3,-0.09,0.11
122536,1910168,-49.738485,-61.205338,5.9,-45,-99999,31.,-0.5,12.5,18.3,-0.09,0.11
122536,1910186,-49.737952,-61.205218,5.4,-45,-99999,31.,-0.5,12.5,18.3,-0.09,0.11
122536,1910187,-49.737952,-61.205218,5.4,-45,-99999,31.,-0.5,12.5,18.3,-0.09,0.11
122536,1910308,-49.73454,-61.204495,5.7,-45,-99999,31.,-0.5,12.5,18.3,-0.09,0.11
122536,1910317,-49.73429,-61.204472,5.6,-45,-99999,31.,-0.5,12.5,18.3,-0.09,0.11
122536,1910367,-49.733057,-61.204115,5.1,-45,-99999,31.,-0.5,12.5,18.3,-0.09,0.11
122536,1910368,-49.733057,-61.204115,5.1,-45,-99999,31.,-0.5,12.5,18.3,-0.09,0.11
122536,1910378,-49.732803,-61.204037,5.8,-45,-99999,31.,-0.5,12.5,18.3,-0.09,0.11
122536,1910387,-49.732572,-61.203978,5.7,-45,-99999,31.,-0.5,12.5,18.3,-0.09,0.11
122536,1910388,-49.732572,-61.203978,5.7,-45,-99999,31.,-0.5,12.5,18.3,-0.09,0.11
122536,1910408,-49.732107,-61.20385,4.5,-45,-99999,31.,-0.5,12.5,18.3,-0.09,0.11
122536,1910428,-49.731663,-61.203717,5.,-45,-99999,31.,-0.5,12.5,18.3,-0.09,0.11
122536,1910448,-49.73121,-61.203572,5.3,-45,-99999,31.,-0.5,12.5,18.3,-0.09,0.11
122536,1910478,-49.73061,-61.203238,4.8,-45,-99999,31.,-0.5,12.5,18.3,-0.09,0.11
122536,1910487,-49.730393,-61.203142,3.8,-45,-99999,31.,-0.5,12.5,18.3,-0.09,0.11
122536,1910488,-49.730393,-61.203142,3.8,-45,-99999,31.,-0.5,12.5,18.3,-0.09,0.11
122536,1910498,-49.730182,-61.203052,4.5,-45,-99999,31.,-0.5,12.5,18.3,-0.09,0.11
122536,1911959,-49.698922,-61.194805,3.,-45,-99999,31.,-0.5,12.5,18.5,-0.07,0.11
122536,1914309,-49.661572,-61.183057,3.,-45,-99999,30.900000000000002,-0.51,12.5,18.8,-0.06,0.1
122536,1915090,-49.648677,-61.177402,4.2,-45,-99999,30.900000000000002,-0.51,12.5,18.8,-0.06,0.1
122536,1915580,-49.640963,-61.174673,3.7,-45,-99999,30.900000000000002,-0.51,12.5,18.8,-0.05,0.09
122536,1915998,-49.633983,-61.173013,3.2,-45,-99999,30.900000000000002,-0.51,12.5,18.8,-0.05,0.09
122536,1916008,-49.633805,-61.172985,3.8,-45,-99999,30.900000000000002,-0.51,12.5,18.8,-0.05,0.09
122536,1916009,-49.633805,-61.172985,3.8,-45,-99999,30.900000000000002,-0.51,12.5,18.8,-0.05,0.09
122536,1916018,-49.633645,-61.172933,3.7,-45,-99999,30.900000000000002,-0.51,12.5,18.8,-0.05,0.09
122536,1916068,-49.632728,-61.172788,3.4,-45,-99999,30.900000000000002,-0.51,12.5,18.8,-0.05,0.09
122536,1916069,-49.632728,-61.172788,3.4,-45,-99999,30.900000000000002,-0.51,12.5,18.8,-0.05,0.09
122536,1916128,-49.631782,-61.172568,3.6,-45,-99999,30.900000000000002,-0.51,12.5,18.8,-0.05,0.09
122536,1916820,-49.62024,-61.170115,5.,-45,-99999,30.900000000000002,-0.51,12.5,18.8,-0.04,0.09
122536,1917790,-49.604552,-61.165872,3.2,-45,-99999,30.900000000000002,-0.51,12.5,18.7,-0.04,0.09
122536,1919259,-49.58551,-61.161172,3.3,-45,-99999,30.900000000000002,-0.51,12.5,18.3,-0.03,0.08
122536,1919779,-49.57751,-61.158628,2.7,-45,-99999,30.900000000000002,-0.51,12.5,18.,-0.03,0.08
122536,1920319,-49.569545,-61.156205,2.5,-45,-99999,30.900000000000002,-0.51,12.5,17.7,-0.03,0.08
122536,1920650,-49.56506,-61.154845,2.4,-45,-99999,30.900000000000002,-0.51,12.5,17.6,-0.03,0.08
122536,1921549,-49.553545,-61.152225,1.9,-45,-99999,30.900000000000002,-0.51,12.5,17.1,-0.03,0.07
122536,1922719,-49.5389,-61.149128,2.,-45,-99999,30.900000000000002,-0.51,12.5,16.5,-0.03,0.07
122536,1923519,-49.526222,-61.149605,3.9,-45,-99999,30.900000000000002,-0.51,12.5,16.1,-0.02,0.07
122536,1923940,-49.520297,-61.14925,1.9,-45,-99999,30.900000000000002,-0.51,12.5,15.8,-0.02,0.06
122536,1925189,-49.50881,-61.146708,2.5,-45,-99999,30.900000000000002,-0.51,12.5,15.9,-0.02,0.06
122536,1926251,-49.496627,-61.146718,2.7,-45,-99999,30.8,-0.51,12.5,16.,-0.01,0.06
122536,1926490,-49.494252,-61.146648,1.9,-45,-99999,30.8,-0.51,12.5,16.1,-0.01,0.06
122536,1927650,-49.480208,-61.149422,2.4,-45,-99999,30.8,-0.51,12.5,16.2,-0.01,0.05
122536,1928869,-49.466422,-61.1505,1.8,-45,-99999,30.8,-0.51,12.5,16.3,0.,0.05
122536,1929693,-49.45711,-61.15098,1.3,-45,-99999,30.8,-0.51,12.4,16.400000000000002,0.,0.04
122536,1930130,-49.453943,-61.148528,2.2,-45,-99999,30.8,-0.51,12.4,16.5,0.,0.04
122536,1930140,-49.453857,-61.148465,1.9,-45,-99999,30.8,-0.51,12.4,16.5,0.,0.04
122536,1931400,-49.443918,-61.146118,1.6,-45,-99999,30.8,-0.51,12.4,16.6,0.,0.04
122536,1932699,-49.431448,-61.147088,3.1,-45,-99999,30.8,-0.51,12.4,16.6,0.01,0.03
122536,1932729,-49.431005,-61.146943,3.9,-45,-99999,30.8,-0.51,12.4,16.6,0.01,0.03
122536,1933859,-49.40927,-61.141935,6.,-45,-99999,30.8,-0.5,12.200000000000001,16.7,0.03,0.03
122536,1935110,-49.379068,-61.132458,6.6,-45,-99999,30.8,-0.5,12.,16.8,0.06,0.02
122536,1936359,-49.347768,-61.119773,4.4,-45,-99999,30.700000000000003,-0.5,12.,16.5,0.09,0.01
122536,1937610,-49.317387,-61.106422,4.2,-45,-99999,30.700000000000003,-0.5,12.,16.1,0.11,0.01
122536,1937720,-49.315498,-61.105217,3.9,-45,-99999,30.700000000000003,-0.5,12.,16.,0.11,0.01
122536,1938940,-49.294673,-61.091725,4.5,-45,-99999,30.700000000000003,-0.49,12.,16.,0.12,0.
122536,1940099,-49.2747,-61.080338,3.5,-45,-99999,30.700000000000003,-0.49,12.100000000000001,16.1,0.13,-0.01
122536,1940149,-49.273848,-61.07985,4.,-45,-99999,30.700000000000003,-0.49,12.100000000000001,16.1,0.13,-0.01
122536,1941370,-49.252562,-61.068847,4.5,-45,-99999,30.700000000000003,-0.49,12.100000000000001,16.3,0.12,-0.01
122536,1942639,-49.230002,-61.058863,4.5,-46,-99999,30.700000000000003,-0.49,12.200000000000001,16.400000000000002,0.12,-0.01
122536,1942670,-49.22948,-61.058545,4.6,-46,-99999,30.700000000000003,-0.49,12.200000000000001,16.400000000000002,0.12,-0.01
122536,1943881,-49.208332,-61.047747,4.,-46,-99999,30.700000000000003,-0.49,12.3,16.3,0.12,-0.02
122536,1946389,-49.166258,-61.02114,3.9,-46,-99999,30.700000000000003,-0.48,12.3,16.7,0.12,-0.02
122536,1946400,-49.16606,-61.021017,4.3,-46,-99999,30.700000000000003,-0.48,12.3,16.7,0.12,-0.02
122536,1946577,-49.163123,-61.018862,3.4,-46,-99999,30.700000000000003,-0.48,12.3,16.8,0.12,-0.02
122536,1946588,-49.162943,-61.018733,3.8,-46,-99999,30.700000000000003,-0.48,12.3,16.8,0.12,-0.02
122536,1946589,-49.162943,-61.018733,3.8,-46,-99999,30.700000000000003,-0.48,12.3,16.8,0.12,-0.02
122536,1946596,-49.1628,-61.018648,4.2,-46,-99999,30.700000000000003,-0.48,12.3,16.8,0.12,-0.02
122536,1946597,-49.1628,-61.018648,4.2,-46,-99999,30.700000000000003,-0.48,12.3,16.8,0.12,-0.02
122536,1946608,-49.162598,-61.018532,3.6,-46,-99999,30.700000000000003,-0.48,12.3,16.8,0.12,-0.02
122536,1946617,-49.16244,-61.018427,4.,-46,-99999,30.700000000000003,-0.48,12.3,16.8,0.12,-0.02
122536,1946626,-49.162287,-61.018318,4.2,-46,-99999,30.700000000000003,-0.48,12.3,16.8,0.12,-0.02
122536,1946636,-49.16211,-61.018227,4.2,-46,-99999,30.700000000000003,-0.48,12.3,16.8,0.12,-0.02
122536,1946637,-49.16211,-61.018227,4.2,-46,-99999,30.700000000000003,-0.48,12.3,16.8,0.12,-0.02
122536,1946648,-49.161917,-61.018068,4.2,-46,-99999,30.700000000000003,-0.48,12.3,16.8,0.12,-0.02
122536,1946656,-49.161777,-61.017975,4.3,-46,-99999,30.700000000000003,-0.48,12.3,16.8,0.12,-0.02
122536,1946657,-49.161777,-61.017975,4.3,-46,-99999,30.700000000000003,-0.48,12.3,16.8,0.12,-0.02
122536,1946667,-49.161592,-61.017833,3.5,-46,-99999,30.700000000000003,-0.48,12.3,16.8,0.12,-0.02
122536,1946668,-49.161592,-61.017833,3.5,-46,-99999,30.700000000000003,-0.48,12.3,16.8,0.12,-0.02
122536,1946677,-49.161435,-61.017747,4.2,-46,-99999,30.700000000000003,-0.48,12.3,16.8,0.12,-0.02
122536,1946727,-49.160558,-61.017192,3.8,-46,-99999,30.700000000000003,-0.48,12.3,16.8,0.12,-0.02
122536,1946728,-49.160558,-61.017192,3.8,-46,-99999,30.700000000000003,-0.48,12.3,16.8,0.12,-0.02
122536,1946756,-49.16011,-61.016837,4.1,-46,-99999,30.700000000000003,-0.48,12.4,16.8,0.12,-0.02
122536,1946757,-49.16011,-61.016837,4.1,-46,-99999,30.700000000000003,-0.48,12.4,16.8,0.12,-0.02
122536,1946767,-49.159928,-61.016722,3.5,-46,-99999,30.700000000000003,-0.48,12.4,16.8,0.12,-0.02
122536,1946768,-49.159928,-61.016722,3.5,-46,-99999,30.700000000000003,-0.48,12.4,16.8,0.12,-0.02
122536,1946777,-49.159758,-61.016603,4.,-46,-99999,30.700000000000003,-0.48,12.4,16.8,0.12,-0.02
122536,1946786,-49.159608,-61.016508,4.3,-46,-99999,30.700000000000003,-0.48,12.4,16.8,0.12,-0.02
122536,1946787,-49.159608,-61.016508,4.3,-46,-99999,30.700000000000003,-0.48,12.4,16.8,0.12,-0.02
122536,1946828,-49.158903,-61.016072,4.2,-46,-99999,30.700000000000003,-0.48,12.4,16.8,0.12,-0.02
122536,1946837,-49.15874,-61.015965,4.1,-46,-99999,30.700000000000003,-0.48,12.4,16.8,0.12,-0.02
122536,1946846,-49.158578,-61.01586,4.,-46,-99999,30.700000000000003,-0.48,12.4,16.8,0.12,-0.02
122536,1946847,-49.158578,-61.01586,4.,-46,-99999,30.700000000000003,-0.48,12.4,16.8,0.12,-0.02
122536,1946897,-49.157767,-61.015202,3.8,-46,-99999,30.700000000000003,-0.48,12.4,16.8,0.12,-0.03
122536,1946906,-49.157638,-61.015083,4.6,-46,-99999,30.700000000000003,-0.48,12.4,16.8,0.12,-0.03
122536,1946907,-49.157638,-61.015083,4.6,-46,-99999,30.700000000000003,-0.48,12.4,16.8,0.12,-0.03
122536,1946936,-49.157177,-61.014745,4.,-46,-99999,30.700000000000003,-0.48,12.4,16.8,0.12,-0.03
122536,1947077,-49.154815,-61.013085,3.7,-46,-99999,30.700000000000003,-0.48,12.4,16.8,0.12,-0.03
122536,1947138,-49.153838,-61.01241,3.8,-46,-99999,30.700000000000003,-0.48,12.4,16.900000000000002,0.12,-0.03
122536,1947670,-49.145157,-61.006518,4.1,-46,-99999,30.700000000000003,-0.48,12.4,16.900000000000002,0.12,-0.03
122536,1952357,-49.0708,-60.949165,4.8,-47,-99999,30.700000000000003,-0.49,12.600000000000001,15.700000000000001,0.12,-0.05
122536,1952368,-49.07063,-60.948987,4.,-47,-99999,30.700000000000003,-0.49,12.600000000000001,15.700000000000001,0.12,-0.06
122536,1952377,-49.070497,-60.94884,3.9,-47,-99999,30.700000000000003,-0.49,12.600000000000001,15.700000000000001,0.12,-0.06
122536,1952378,-49.070497,-60.94884,3.9,-47,-99999,30.700000000000003,-0.49,12.600000000000001,15.700000000000001,0.12,-0.06
122536,1952387,-49.07034,-60.948703,4.,-47,-99999,30.700000000000003,-0.49,12.600000000000001,15.700000000000001,0.12,-0.06
122536,1952397,-49.070183,-60.948567,3.9,-47,-99999,30.700000000000003,-0.49,12.600000000000001,15.700000000000001,0.12,-0.06
122536,1952398,-49.070183,-60.948567,3.9,-47,-99999,30.700000000000003,-0.49,12.600000000000001,15.700000000000001,0.12,-0.06
122536,1952417,-49.069883,-60.948268,3.7,-47,-99999,30.700000000000003,-0.49,12.600000000000001,15.700000000000001,0.12,-0.06
122536,1952428,-49.069717,-60.948158,3.9,-47,-99999,30.700000000000003,-0.49,12.600000000000001,15.700000000000001,0.12,-0.06
122536,1952437,-49.069573,-60.948042,4.1,-47,-99999,30.700000000000003,-0.49,12.600000000000001,15.700000000000001,0.12,-0.06
122536,1952438,-49.069573,-60.948042,4.1,-47,-99999,30.700000000000003,-0.49,12.600000000000001,15.700000000000001,0.12,-0.06
122536,1952447,-49.069417,-60.947913,3.,-47,-99999,30.700000000000003,-0.49,12.600000000000001,15.700000000000001,0.12,-0.06
122536,1952448,-49.069417,-60.947913,3.,-47,-99999,30.700000000000003,-0.49,12.600000000000001,15.700000000000001,0.12,-0.06
122536,1952458,-49.069272,-60.947777,3.6,-47,-99999,30.700000000000003,-0.49,12.600000000000001,15.700000000000001,0.12,-0.06
122536,1952468,-49.06911,-60.947642,3.3,-47,-99999,30.700000000000003,-0.49,12.600000000000001,15.700000000000001,0.12,-0.06
122536,1952497,-49.068677,-60.947257,4.4,-47,-99999,30.700000000000003,-0.49,12.600000000000001,15.600000000000001,0.12,-0.06
122536,1952498,-49.068677,-60.947257,4.4,-47,-99999,30.700000000000003,-0.49,12.600000000000001,15.600000000000001,0.12,-0.06
122536,1952507,-49.068525,-60.947108,4.4,-47,-99999,30.700000000000003,-0.49,12.600000000000001,15.600000000000001,0.12,-0.06
122536,1952508,-49.068525,-60.947108,4.4,-47,-99999,30.700000000000003,-0.49,12.600000000000001,15.600000000000001,0.12,-0.06
122536,1952538,-49.068053,-60.946702,3.3,-47,-99999,30.700000000000003,-0.49,12.600000000000001,15.600000000000001,0.12,-0.06
122536,1952539,-49.068053,-60.946702,3.3,-47,-99999,30.700000000000003,-0.49,12.600000000000001,15.600000000000001,0.12,-0.06
122536,1952557,-49.067778,-60.946437,3.6,-47,-99999,30.700000000000003,-0.49,12.600000000000001,15.600000000000001,0.12,-0.06
122536,1952558,-49.067778,-60.946437,3.6,-47,-99999,30.700000000000003,-0.49,12.600000000000001,15.600000000000001,0.12,-0.06
122536,1952576,-49.067495,-60.946163,4.3,-47,-99999,30.700000000000003,-0.49,12.600000000000001,15.600000000000001,0.12,-0.06
122536,1952577,-49.067495,-60.946163,4.3,-47,-99999,30.700000000000003,-0.49,12.600000000000001,15.600000000000001,0.12,-0.06
122536,1952588,-49.06732,-60.946,3.9,-47,-99999,30.700000000000003,-0.49,12.600000000000001,15.600000000000001,0.12,-0.06
122536,1952598,-49.067175,-60.945847,3.8,-47,-99999,30.700000000000003,-0.49,12.600000000000001,15.600000000000001,0.12,-0.06
122536,1952627,-49.06674,-60.945465,4.5,-47,-99999,30.700000000000003,-0.49,12.600000000000001,15.600000000000001,0.12,-0.06
122536,1952628,-49.06674,-60.945465,4.5,-47,-99999,30.700000000000003,-0.49,12.600000000000001,15.600000000000001,0.12,-0.06
122536,1952668,-49.066115,-60.944922,2.9,-47,-99999,30.700000000000003,-0.49,12.600000000000001,15.600000000000001,0.12,-0.06
122536,1952696,-49.065697,-60.944538,4.1,-47,-99999,30.700000000000003,-0.49,12.600000000000001,15.600000000000001,0.12,-0.06
122536,1952697,-49.065697,-60.944538,4.1,-47,-99999,30.700000000000003,-0.49,12.600000000000001,15.600000000000001,0.12,-0.06
122536,1952778,-49.064455,-60.943373,3.9,-47,-99999,30.700000000000003,-0.49,12.600000000000001,15.600000000000001,0.12,-0.06
122536,1952779,-49.064455,-60.943373,3.9,-47,-99999,30.700000000000003,-0.49,12.600000000000001,15.600000000000001,0.12,-0.06
122536,1952876,-49.063008,-60.941997,4.3,-47,-99999,30.700000000000003,-0.49,12.600000000000001,15.600000000000001,0.12,-0.06
122536,1952877,-49.063008,-60.941997,4.3,-47,-99999,30.700000000000003,-0.49,12.600000000000001,15.600000000000001,0.12,-0.06
122536,1952898,-49.062682,-60.941717,4.1,-47,-99999,30.700000000000003,-0.49,12.600000000000001,15.600000000000001,0.12,-0.06
122536,1952960,-49.061828,-60.940923,4.,-47,-99999,30.700000000000003,-0.49,12.600000000000001,15.600000000000001,0.12,-0.06
122536,1953008,-49.061077,-60.940252,4.,-47,-99999,30.700000000000003,-0.49,12.600000000000001,15.5,0.12,-0.06
122536,1958218,-48.978532,-60.891495,3.7,-50,-99999,30.700000000000003,-0.49,12.8,14.600000000000001,0.09,-0.08
122536,1958226,-48.978378,-60.891425,4.,-50,-99999,30.700000000000003,-0.49,12.8,14.600000000000001,0.09,-0.08
122536,1958227,-48.978378,-60.891425,4.,-50,-99999,30.700000000000003,-0.49,12.8,14.600000000000001,0.09,-0.08
122536,1958236,-48.97823,-60.89136,3.7,-50,-99999,30.700000000000003,-0.49,12.8,14.5,0.09,-0.08
122536,1958246,-48.97807,-60.89129,3.9,-50,-99999,30.700000000000003,-0.49,12.8,14.5,0.09,-0.08
122536,1958256,-48.977905,-60.89121,3.1,-50,-99999,30.700000000000003,-0.49,12.8,14.5,0.09,-0.08
122536,1958296,-48.977242,-60.89091,4.3,-50,-99999,30.700000000000003,-0.49,12.8,14.5,0.09,-0.08
122536,1958306,-48.977085,-60.890858,3.7,-50,-99999,30.700000000000003,-0.49,12.8,14.5,0.09,-0.08
122536,1958308,-48.977085,-60.890858,3.7,-50,-99999,30.700000000000003,-0.49,12.8,14.5,0.09,-0.08
122536,1958316,-48.976913,-60.890792,3.5,-50,-99999,30.700000000000003,-0.49,12.8,14.5,0.09,-0.08
122536,1958326,-48.976752,-60.890742,3.9,-50,-99999,30.700000000000003,-0.49,12.8,14.5,0.09,-0.08
122536,1958336,-48.976587,-60.890663,3.6,-50,-99999,30.700000000000003,-0.49,12.8,14.5,0.09,-0.08
122536,1958346,-48.976403,-60.890578,3.8,-50,-99999,30.700000000000003,-0.49,12.8,14.5,0.09,-0.08
122536,1958366,-48.976077,-60.890417,3.8,-50,-99999,30.700000000000003,-0.49,12.8,14.5,0.09,-0.08
122536,1958367,-48.976077,-60.890417,3.8,-50,-99999,30.700000000000003,-0.49,12.8,14.5,0.09,-0.08
122536,1958376,-48.975898,-60.890345,3.7,-50,-99999,30.700000000000003,-0.49,12.8,14.5,0.09,-0.08
122536,1958377,-48.975898,-60.890345,3.7,-50,-99999,30.700000000000003,-0.49,12.8,14.5,0.09,-0.08
122536,1958387,-48.975722,-60.890273,3.5,-50,-99999,30.700000000000003,-0.49,12.8,14.5,0.09,-0.08
122536,1958396,-48.975587,-60.890205,4.4,-50,-99999,30.700000000000003,-0.49,12.8,14.5,0.09,-0.08
122536,1958415,-48.975275,-60.890055,3.4,-50,-99999,30.700000000000003,-0.49,12.8,14.5,0.09,-0.08
122536,1958416,-48.975275,-60.890055,3.4,-50,-99999,30.700000000000003,-0.49,12.8,14.5,0.09,-0.08
122536,1958426,-48.975117,-60.889997,3.8,-50,-99999,30.700000000000003,-0.49,12.8,14.5,0.09,-0.08
122536,1958430,-48.975117,-60.889997,3.8,-50,-99999,30.700000000000003,-0.49,12.8,14.5,0.09,-0.08
122536,1958456,-48.974625,-60.889743,4.3,-50,-99999,30.700000000000003,-0.49,12.8,14.4,0.09,-0.08
122536,1958467,-48.974447,-60.889668,2.3,-50,-99999,30.700000000000003,-0.49,12.8,14.4,0.09,-0.08
122536,1958468,-48.974447,-60.889668,2.3,-50,-99999,30.700000000000003,-0.49,12.8,14.4,0.09,-0.08
122536,1958475,-48.97431,-60.889595,3.7,-50,-99999,30.700000000000003,-0.49,12.8,14.4,0.09,-0.08
122536,1958476,-48.97431,-60.889595,3.7,-50,-99999,30.700000000000003,-0.49,12.8,14.4,0.09,-0.08
122536,1958486,-48.974162,-60.889517,3.,-50,-99999,30.700000000000003,-0.49,12.8,14.4,0.09,-0.08
122536,1958496,-48.974007,-60.889455,2.8,-50,-99999,30.700000000000003,-0.49,12.8,14.4,0.09,-0.08
122536,1958507,-48.973845,-60.889383,3.,-50,-99999,30.700000000000003,-0.49,12.8,14.4,0.09,-0.08
122536,1958516,-48.97368,-60.889307,3.6,-50,-99999,30.700000000000003,-0.49,12.8,14.4,0.09,-0.08
122536,1958528,-48.973485,-60.889208,3.8,-50,-99999,30.700000000000003,-0.49,12.8,14.4,0.08,-0.08
122536,1958545,-48.973202,-60.889097,4.5,-50,-99999,30.700000000000003,-0.49,12.8,14.4,0.08,-0.08
122536,1958546,-48.973202,-60.889097,4.5,-50,-99999,30.700000000000003,-0.49,12.8,14.4,0.08,-0.08
122536,1958556,-48.97304,-60.889032,3.3,-50,-99999,30.700000000000003,-0.49,12.8,14.4,0.08,-0.08
122536,1958567,-48.972863,-60.888947,3.3,-50,-99999,30.700000000000003,-0.49,12.8,14.4,0.08,-0.08
122536,1958576,-48.972717,-60.888877,4.2,-50,-99999,30.700000000000003,-0.49,12.8,14.4,0.08,-0.08
122536,1958588,-48.97252,-60.888823,4.4,-50,-99999,30.700000000000003,-0.49,12.8,14.4,0.08,-0.08
122536,1958686,-48.97096,-60.888253,3.6,-50,-99999,30.700000000000003,-0.49,12.8,14.3,0.08,-0.08
122536,1958776,-48.969508,-60.887735,4.7,-50,-99999,30.700000000000003,-0.49,12.8,14.3,0.08,-0.08
122536,1958785,-48.96935,-60.887675,3.6,-50,-99999,30.700000000000003,-0.49,12.8,14.3,0.08,-0.08
122536,1958818,-48.968823,-60.887505,3.8,-50,-99999,30.700000000000003,-0.49,12.8,14.3,0.08,-0.08
122536,1963980,-48.879447,-60.868475,3.8,-51,-99999,30.700000000000003,-0.5,13.3,15.9,0.05,-0.08
122536,1964188,-48.875848,-60.867515,3.6,-51,-99999,30.700000000000003,-0.5,13.3,15.9,0.05,-0.08
122536,1964197,-48.875698,-60.867467,4.2,-51,-99999,30.700000000000003,-0.5,13.3,15.9,0.05,-0.08
122536,1964207,-48.87553,-60.867402,3.3,-51,-99999,30.700000000000003,-0.5,13.3,15.9,0.05,-0.08
122536,1964228,-48.875182,-60.867313,3.9,-51,-99999,30.700000000000003,-0.5,13.3,15.9,0.05,-0.08
122536,1964237,-48.875023,-60.867278,4.3,-51,-99999,30.700000000000003,-0.5,13.3,15.9,0.05,-0.08
122536,1964267,-48.874503,-60.867133,3.8,-51,-99999,30.700000000000003,-0.5,13.3,15.9,0.05,-0.08
122536,1964277,-48.87432,-60.867082,3.5,-51,-99999,30.700000000000003,-0.5,13.3,15.9,0.05,-0.08
122536,1964297,-48.873993,-60.866997,3.7,-51,-99999,30.700000000000003,-0.5,13.3,15.9,0.05,-0.08
122536,1964298,-48.873993,-60.866997,3.7,-51,-99999,30.700000000000003,-0.5,13.3,15.9,0.05,-0.08
122536,1964308,-48.873818,-60.866953,3.6,-51,-99999,30.700000000000003,-0.5,13.3,15.9,0.05,-0.08
122536,1964316,-48.873672,-60.866897,3.2,-51,-99999,30.700000000000003,-0.5,13.3,15.9,0.05,-0.08
122536,1964317,-48.873672,-60.866897,3.2,-51,-99999,30.700000000000003,-0.5,13.3,15.9,0.05,-0.08
122536,1964327,-48.873498,-60.86682,4.2,-51,-99999,30.700000000000003,-0.5,13.3,15.9,0.05,-0.08
122536,1964368,-48.872758,-60.866688,4.,-51,-99999,30.700000000000003,-0.5,13.3,15.9,0.05,-0.08
122536,1964369,-48.872758,-60.866688,4.,-51,-99999,30.700000000000003,-0.5,13.3,15.9,0.05,-0.08
122536,1964377,-48.87261,-60.866643,3.8,-51,-99999,30.700000000000003,-0.5,13.3,15.9,0.05,-0.08
122536,1964386,-48.872437,-60.866595,3.8,-51,-99999,30.700000000000003,-0.5,13.3,15.9,0.05,-0.08
122536,1964387,-48.872437,-60.866595,3.8,-51,-99999,30.700000000000003,-0.5,13.3,15.9,0.05,-0.08
122536,2676313,-46.045613,-60.628137,4.2,-2,-99999,-99999.,-99999.,-99999.,-99999.,-99999.,-99999.
122536,2676453,-46.04309,-60.627057,4.2,-2,-99999,-99999.,-99999.,-99999.,-99999.,-99999.,-99999.
122536,2676483,-46.042548,-60.626813,4.1,-2,-99999,-99999.,-99999.,-99999.,-99999.,-99999.,-99999.
122536,2676503,-46.042168,-60.626655,4.,-2,-99999,-99999.,-99999.,-99999.,-99999.,-99999.,-99999.
122536,2676513,-46.041982,-60.626567,4.1,-2,-99999,-99999.,-99999.,-99999.,-99999.,-99999.,-99999.
122536,2676514,-46.041982,-60.626567,4.1,-2,-99999,-99999.,-99999.,-99999.,-99999.,-99999.,-99999.
122536,2676613,-46.040155,-60.625707,4.2,-2,-99999,-99999.,-99999.,-99999.,-99999.,-99999.,-99999.
122536,2676614,-46.040155,-60.625707,4.2,-2,-99999,-99999.,-99999.,-99999.,-99999.,-99999.,-99999.
122536,2676622,-46.039982,-60.62563,4.2,-2,-99999,-99999.,-99999.,-99999.,-99999.,-99999.,-99999.
122536,2676624,-46.039982,-60.62563,4.2,-2,-99999,-99999.,-99999.,-99999.,-99999.,-99999.,-99999.
122536,2676633,-46.03979,-60.62555,4.1,-2,-99999,-99999.,-99999.,-99999.,-99999.,-99999.,-99999.
122536,2676634,-46.03979,-60.62555,4.1,-2,-99999,-99999.,-99999.,-99999.,-99999.,-99999.,-99999.
122536,2676643,-46.039623,-60.625482,4.3,-2,-99999,-99999.,-99999.,-99999.,-99999.,-99999.,-99999.
122536,2676644,-46.039623,-60.625482,4.3,-2,-99999,-99999.,-99999.,-99999.,-99999.,-99999.,-99999.
122536,2676652,-46.039463,-60.625425,4.2,-2,-99999,-99999.,-99999.,-99999.,-99999.,-99999.,-99999.
122536,2676653,-46.039463,-60.625425,4.2,-2,-99999,-99999.,-99999.,-99999.,-99999.,-99999.,-99999.
122536,2676663,-46.039232,-60.625317,4.2,-2,-99999,-99999.,-99999.,-99999.,-99999.,-99999.,-99999.
122536,2676674,-46.039032,-60.62523,4.,-2,-99999,-99999.,-99999.,-99999.,-99999.,-99999.,-99999.
122536,2676682,-46.038863,-60.625163,4.4,-2,-99999,-99999.,-99999.,-99999.,-99999.,-99999.,-99999.
122536,2676684,-46.038863,-60.625163,4.4,-2,-99999,-99999.,-99999.,-99999.,-99999.,-99999.,-99999.
122536,2676693,-46.038665,-60.625068,4.2,-2,-99999,-99999.,-99999.,-99999.,-99999.,-99999.,-99999.
122536,2676694,-46.038665,-60.625068,4.2,-2,-99999,-99999.,-99999.,-99999.,-99999.,-99999.,-99999.
122536,2676704,-46.038482,-60.624992,4.2,-2,-99999,-99999.,-99999.,-99999.,-99999.,-99999.,-99999.
122536,2676724,-46.038105,-60.624822,4.2,-2,-99999,-99999.,-99999.,-99999.,-99999.,-99999.,-99999.
122536,2676734,-46.03793,-60.624753,4.2,-2,-99999,-99999.,-99999.,-99999.,-99999.,-99999.,-99999.
122536,2676755,-46.037597,-60.624598,4.3,-2,-99999,-99999.,-99999.,-99999.,-99999.,-99999.,-99999.
122536,2676784,-46.037062,-60.624338,4.,-2,-99999,-99999.,-99999.,-99999.,-99999.,-99999.,-99999.
122536,2676793,-46.036857,-60.624282,4.2,-2,-99999,-99999.,-99999.,-99999.,-99999.,-99999.,-99999.
122536,2676794,-46.036857,-60.624282,4.2,-2,-99999,-99999.,-99999.,-99999.,-99999.,-99999.,-99999.
122536,2676803,-46.036672,-60.624215,3.8,-2,-99999,-99999.,-99999.,-99999.,-99999.,-99999.,-99999.
122536,2676804,-46.036672,-60.624215,3.8,-2,-99999,-99999.,-99999.,-99999.,-99999.,-99999.,-99999.
122536,2676815,-46.036478,-60.624122,3.9,-2,-99999,-99999.,-99999.,-99999.,-99999.,-99999.,-99999.
122536,2676824,-46.036292,-60.624038,4.2,-2,-99999,-99999.,-99999.,-99999.,-99999.,-99999.,-99999.
122536,2676834,-46.036122,-60.623957,3.9,-2,-99999,-99999.,-99999.,-99999.,-99999.,-99999.,-99999.
122536,2676842,-46.035953,-60.62387,4.5,-2,-99999,-99999.,-99999.,-99999.,-99999.,-99999.,-99999.
122536,2677185,-46.029773,-60.621025,4.2,-2,-99999,-99999.,-99999.,-99999.,-99999.,-99999.,-99999.
122536,2678194,-46.011917,-60.612007,4.1,-2,-99999,-99999.,-99999.,-99999.,-99999.,-99999.,-99999.
122536,2679804,-45.983342,-60.597567,4.1,-2,0.20020000000000002,-99999.,-99999.,-99999.,-99999.,-99999.,-99999.
122536,2680654,-45.967947,-60.591632,3.5,-2,0.20020000000000002,-99999.,-99999.,-99999.,-99999.,-99999.,-99999.
122536,2682004,-45.943898,-60.582098,4.3,-2,0.16970000000000002,-99999.,-99999.,-99999.,-99999.,-99999.,-99999.
122536,2682263,-45.939328,-60.580315,3.8,-2,0.171,-99999.,-99999.,-99999.,-99999.,-99999.,-99999.
122536,2682274,-45.93912,-60.580218,3.9,-2,0.1711,-99999.,-99999.,-99999.,-99999.,-99999.,-99999.
122536,2682275,-45.93912,-60.580218,3.9,-2,0.1711,-99999.,-99999.,-99999.,-99999.,-99999.,-99999.
122536,2682334,-45.938053,-60.579788,4.1,-2,0.1714,-99999.,-99999.,-99999.,-99999.,-99999.,-99999.
122536,2682335,-45.938053,-60.579788,4.1,-2,0.1714,-99999.,-99999.,-99999.,-99999.,-99999.,-99999.
122536,2682343,-45.937905,-60.579735,4.1,-2,0.1715,-99999.,-99999.,-99999.,-99999.,-99999.,-99999.
122536,2682373,-45.93735,-60.579527,3.9,-2,0.1716,-99999.,-99999.,-99999.,-99999.,-99999.,-99999.
122536,2682374,-45.93735,-60.579527,3.9,-2,0.1716,-99999.,-99999.,-99999.,-99999.,-99999.,-99999.
122536,2682383,-45.937185,-60.57948,4.1,-2,0.17170000000000002,-99999.,-99999.,-99999.,-99999.,-99999.,-99999.
122536,2682414,-45.9366,-60.579295,4.2,-2,0.1718,-99999.,-99999.,-99999.,-99999.,-99999.,-99999.
122536,2682433,-45.936248,-60.579152,4.1,-2,0.1719,-99999.,-99999.,-99999.,-99999.,-99999.,-99999.
122536,2682434,-45.936248,-60.579152,4.1,-2,0.1719,-99999.,-99999.,-99999.,-99999.,-99999.,-99999.
122536,2682443,-45.936087,-60.579075,4.2,-2,0.17200000000000001,-99999.,-99999.,-99999.,-99999.,-99999.,-99999.
122536,2682454,-45.935903,-60.57899,4.1,-2,0.17200000000000001,-99999.,-99999.,-99999.,-99999.,-99999.,-99999.
122536,2682483,-45.935377,-60.578775,4.,-2,0.17220000000000002,-99999.,-99999.,-99999.,-99999.,-99999.,-99999.
122536,2682484,-45.935377,-60.578775,4.,-2,0.17220000000000002,-99999.,-99999.,-99999.,-99999.,-99999.,-99999.
122536,2682493,-45.935195,-60.578703,4.,-2,0.1723,-99999.,-99999.,-99999.,-99999.,-99999.,-99999.
122536,2682502,-45.935027,-60.57863,3.7,-2,0.1723,-99999.,-99999.,-99999.,-99999.,-99999.,-99999.
122536,2682534,-45.934485,-60.578395,4.1,-2,0.17250000000000001,-99999.,-99999.,-99999.,-99999.,-99999.,-99999.
122536,2682544,-45.934313,-60.578313,4.2,-2,0.17250000000000001,-99999.,-99999.,-99999.,-99999.,-99999.,-99999.
122536,2682554,-45.934135,-60.578228,4.,-2,0.1726,-99999.,-99999.,-99999.,-99999.,-99999.,-99999.
122536,2682574,-45.933765,-60.578058,4.2,-2,0.17270000000000002,-99999.,-99999.,-99999.,-99999.,-99999.,-99999.
122536,2682634,-45.932697,-60.577632,4.,-2,0.1731,-99999.,-99999.,-99999.,-99999.,-99999.,-99999.
122536,2682685,-45.931773,-60.577223,4.,-2,0.1734,-99999.,-99999.,-99999.,-99999.,-99999.,-99999.
122536,2682703,-45.931445,-60.577103,4.,-2,0.17350000000000002,-99999.,-99999.,-99999.,-99999.,-99999.,-99999.
122536,2682714,-45.931252,-60.577028,4.,-2,0.17350000000000002,-99999.,-99999.,-99999.,-99999.,-99999.,-99999.
122536,2682725,-45.931058,-60.576943,3.8,-2,0.1736,-99999.,-99999.,-99999.,-99999.,-99999.,-99999.
122536,2683424,-45.91838,-60.572063,3.8,-2,0.1773,-99999.,-99999.,-99999.,-99999.,-99999.,-99999.
122536,2684395,-45.90063,-60.565228,4.4,-2,0.16770000000000002,-99999.,-99999.,-99999.,-99999.,-99999.,-99999.
122536,2685065,-45.888177,-60.560113,4.4,-2,0.1693,-99999.,-99999.,-99999.,-99999.,-99999.,-99999.
122536,2685623,-45.877685,-60.555823,4.7,-2,0.17,-99999.,-99999.,-99999.,-99999.,-99999.,-99999.
122536,2686294,-45.865,-60.550173,4.2,-2,0.16720000000000002,-99999.,-99999.,-99999.,-99999.,-99999.,-99999.
122536,2687075,-45.85026,-60.543327,4.2,-2,0.16920000000000002,-99999.,-99999.,-99999.,-99999.,-99999.,-99999.
122536,2688062,-45.831728,-60.533802,4.4,-2,0.1777,-99999.,-99999.,-99999.,-99999.,-99999.,-99999.
122536,2688142,-45.830192,-60.533008,4.6,-2,0.1776,-99999.,-99999.,-99999.,-99999.,-99999.,-99999.
122536,2688144,-45.830192,-60.533008,4.6,-2,0.1776,-99999.,-99999.,-99999.,-99999.,-99999.,-99999.
122536,2688202,-45.829028,-60.532438,4.2,-2,0.1776,-99999.,-99999.,-99999.,-99999.,-99999.,-99999.
122536,2688322,-45.826782,-60.53129,4.5,-2,0.17750000000000002,-99999.,-99999.,-99999.,-99999.,-99999.,-99999.
122536,2688331,-45.82658,-60.531198,4.4,-2,0.1774,-99999.,-99999.,-99999.,-99999.,-99999.,-99999.
122536,2688332,-45.82658,-60.531198,4.4,-2,0.1774,-99999.,-99999.,-99999.,-99999.,-99999.,-99999.
122536,2688341,-45.826405,-60.531118,4.4,-2,0.1774,-99999.,-99999.,-99999.,-99999.,-99999.,-99999.
122536,2688362,-45.82597,-60.530933,4.3,-2,0.1774,-99999.,-99999.,-99999.,-99999.,-99999.,-99999.
122536,2688363,-45.82597,-60.530933,4.3,-2,0.1774,-99999.,-99999.,-99999.,-99999.,-99999.,-99999.
122536,2688382,-45.825622,-60.530758,4.5,-2,0.1774,-99999.,-99999.,-99999.,-99999.,-99999.,-99999.
122536,2688392,-45.825432,-60.530685,4.3,-2,0.1774,-99999.,-99999.,-99999.,-99999.,-99999.,-99999.
122536,2688402,-45.82523,-60.530605,4.5,-2,0.1774,-99999.,-99999.,-99999.,-99999.,-99999.,-99999.
122536,2688423,-45.824833,-60.530425,4.5,-2,0.1774,-99999.,-99999.,-99999.,-99999.,-99999.,-99999.
122536,2688481,-45.823738,-60.52996,4.2,-2,0.1773,-99999.,-99999.,-99999.,-99999.,-99999.,-99999.
122536,2688501,-45.823372,-60.529767,4.2,-2,0.1773,-99999.,-99999.,-99999.,-99999.,-99999.,-99999.
122536,2688511,-45.823162,-60.529667,4.4,-2,0.1773,-99999.,-99999.,-99999.,-99999.,-99999.,-99999.
122536,2688512,-45.823162,-60.529667,4.4,-2,0.1773,-99999.,-99999.,-99999.,-99999.,-99999.,-99999.
122536,2688521,-45.822977,-60.529583,4.3,-2,0.1773,-99999.,-99999.,-99999.,-99999.,-99999.,-99999.
122536,2688522,-45.822977,-60.529583,4.3,-2,0.1773,-99999.,-99999.,-99999.,-99999.,-99999.,-99999.
122536,2688541,-45.822632,-60.52946,4.6,-2,0.1773,-99999.,-99999.,-99999.,-99999.,-99999.,-99999.
122536,2689405,-45.8062,-60.522398,4.2,-2,0.1767,-99999.,-99999.,-99999.,-99999.,-99999.,-99999.
122536,2690604,-45.783185,-60.513772,4.2,-2,0.1792,-99999.,-99999.,-99999.,-99999.,-99999.,-99999.
122536,2691785,-45.760482,-60.504682,4.4,-2,0.17930000000000001,-99999.,-99999.,-99999.,-99999.,-99999.,-99999.
122536,2692555,-45.745935,-60.498495,4.4,-2,0.1791,-99999.,-99999.,-99999.,-99999.,-99999.,-99999.
122536,2693005,-45.737412,-60.49454,4.,-2,0.18000000000000002,-99999.,-99999.,-99999.,-99999.,-99999.,-99999.
122536,2693076,-45.73609,-60.493977,4.7,-2,0.1801,-99999.,-99999.,-99999.,-99999.,-99999.,-99999.
122536,2693875,-45.720592,-60.487143,4.4,-2,0.1809,-99999.,-99999.,-99999.,-99999.,-99999.,-99999.
122536,2694154,-45.71528,-60.484715,4.2,-2,0.18100000000000002,-99999.,-99999.,-99999.,-99999.,-99999.,-99999.
122536,2695394,-45.691652,-60.474458,4.2,-2,0.1801,-99999.,-99999.,-99999.,-99999.,-99999.,-99999.
122536,2696274,-45.674893,-60.467113,4.3,-2,0.18130000000000002,30.700000000000003,-0.49,15.,38.,0.17,0.03
122536,2696666,-45.667328,-60.46418,4.4,-2,0.182,30.700000000000003,-0.49,15.,37.1,0.17,0.03
122536,2696684,-45.66696,-60.464045,4.5,-2,0.182,30.700000000000003,-0.49,15.,37.,0.17,0.03
122536,2697915,-45.643522,-60.45502,4.5,-2,0.1779,30.700000000000003,-0.49,15.,34.2,0.17,0.03
122536,2698576,-45.630135,-60.452048,4.6,-2,0.1778,30.700000000000003,-0.49,15.,33.300000000000004,0.17,0.03
122536,2699264,-45.616232,-60.449627,4.2,-2,0.1981,30.700000000000003,-0.49,15.,32.6,0.17,0.03
122536,2700415,-45.593658,-60.445685,4.1,-2,0.19090000000000001,30.700000000000003,-0.49,15.,29.8,0.17,0.03
122536,2700464,-45.592713,-60.445555,4.,-2,0.1907,30.700000000000003,-0.49,15.,29.6,0.17,0.03
122536,2702005,-45.562865,-60.441277,3.9,-2,0.20620000000000002,30.700000000000003,-0.5,14.8,21.700000000000003,0.14,0.02
122536,2702295,-45.557318,-60.440408,4.2,-2,0.2056,30.700000000000003,-0.5,14.8,20.3,0.14,0.02
122536,2702916,-45.545513,-60.43861,4.3,-2,0.20420000000000002,30.700000000000003,-0.5,14.8,17.5,0.13,0.02
122536,2704145,-45.522295,-60.435438,4.,-2,0.20120000000000002,30.700000000000003,-0.5,14.700000000000001,12.5,0.11,0.02
122536,2705515,-45.49639,-60.43036,4.,-2,0.1897,30.700000000000003,-0.5,14.9,12.9,0.08,0.
122536,2708105,-45.446983,-60.42154,4.2,-2,0.20470000000000002,30.6,-0.51,15.4,14.3,0.02,-0.02
122536,2709155,-45.426802,-60.41768,4.2,-2,0.20500000000000002,30.6,-0.52,15.4,14.200000000000001,0.01,-0.04
122536,2709465,-45.420863,-60.41702,4.2,-2,0.2051,30.6,-0.52,15.5,14.100000000000001,0.01,-0.04
122536,2710424,-45.402468,-60.41899,3.8,-2,0.2039,30.6,-0.52,15.5,14.,0.01,-0.05
122536,2711764,-45.377537,-60.42539,3.8,-2,0.2016,30.6,-0.53,15.600000000000001,13.9,0.01,-0.06
122536,2712973,-45.36312,-60.429253,2.6,-2,0.2126,30.6,-0.53,15.600000000000001,13.8,0.01,-0.06
122536,2713204,-45.363632,-60.42908,0.,-2,0.21250000000000002,30.6,-0.53,15.600000000000001,13.8,0.01,-0.06
122536,2714285,-45.348415,-60.437745,7.6,-2,0.2164,30.700000000000003,-0.53,15.600000000000001,13.600000000000001,0.01,-0.06
122536,2764910,-45.420708,-60.461038,4.2,-2,0.2063,30.6,-0.51,15.700000000000001,15.700000000000001,0.,-0.04
122536,2764960,-45.421638,-60.461278,4.,-2,0.20620000000000002,30.6,-0.51,15.700000000000001,15.700000000000001,0.,-0.04
122536,2764961,-45.421638,-60.461278,4.,-2,0.20620000000000002,30.6,-0.51,15.700000000000001,15.700000000000001,0.,-0.04
122536,2764999,-45.42237,-60.461492,4.2,-2,0.2061,30.6,-0.51,15.700000000000001,15.8,0.,-0.04
122536,2765001,-45.42237,-60.461492,4.2,-2,0.2061,30.6,-0.51,15.700000000000001,15.8,0.,-0.04
122536,2765020,-45.422758,-60.461587,4.3,-2,0.2061,30.6,-0.51,15.700000000000001,15.8,0.,-0.04
122536,2765021,-45.422758,-60.461587,4.3,-2,0.2061,30.6,-0.51,15.700000000000001,15.8,0.,-0.04
122536,2765041,-45.423123,-60.461693,3.9,-2,0.2061,30.6,-0.51,15.700000000000001,15.8,0.,-0.04
122536,2765050,-45.423313,-60.461748,4.,-2,0.2061,30.6,-0.51,15.700000000000001,15.8,0.,-0.04
122536,2765051,-45.423313,-60.461748,4.,-2,0.2061,30.6,-0.51,15.700000000000001,15.8,0.,-0.04
122536,2765061,-45.423473,-60.4618,4.6,-2,0.20600000000000002,30.6,-0.51,15.700000000000001,15.8,0.,-0.04
122536,2765090,-45.424045,-60.461965,4.2,-2,0.20600000000000002,30.6,-0.51,15.700000000000001,15.8,0.,-0.04
122536,2765091,-45.424045,-60.461965,4.2,-2,0.20600000000000002,30.6,-0.51,15.700000000000001,15.8,0.,-0.04
122536,2765101,-45.424232,-60.462005,4.1,-2,0.20600000000000002,30.6,-0.51,15.700000000000001,15.8,0.,-0.04
122536,2765111,-45.424425,-60.462068,4.5,-3,0.2059,30.6,-0.51,15.700000000000001,15.8,0.,-0.04
122536,2765121,-45.424588,-60.462102,4.,-2,0.2059,30.6,-0.51,15.700000000000001,15.8,0.,-0.04
122536,2765129,-45.424777,-60.462143,4.1,-3,0.2059,30.6,-0.51,15.700000000000001,15.8,0.,-0.04
122536,2765130,-45.424777,-60.462143,4.1,-3,0.2059,30.6,-0.51,15.700000000000001,15.8,0.,-0.04
122536,2765141,-45.42498,-60.462183,4.2,-2,0.2059,30.6,-0.51,15.700000000000001,15.8,0.,-0.04
122536,2765161,-45.42535,-60.462268,3.9,-2,0.2059,30.6,-0.51,15.700000000000001,15.9,0.,-0.04
122536,2765171,-45.425518,-60.462318,4.1,-2,0.2059,30.6,-0.51,15.700000000000001,15.9,0.,-0.04
122536,2765190,-45.425893,-60.462397,4.2,-2,0.2058,30.6,-0.51,15.700000000000001,15.9,0.,-0.04
122536,2765201,-45.426107,-60.462443,4.3,-2,0.2058,30.6,-0.51,15.700000000000001,15.9,0.,-0.04
122536,2765221,-45.426485,-60.462557,4.2,-2,0.2058,30.6,-0.51,15.700000000000001,15.9,0.,-0.04
122536,2765230,-45.426652,-60.462595,3.8,-2,0.2058,30.6,-0.51,15.700000000000001,15.9,0.,-0.04
122536,2765231,-45.426652,-60.462595,3.8,-2,0.2058,30.6,-0.51,15.700000000000001,15.9,0.,-0.04
122536,2765240,-45.426838,-60.462645,3.9,-2,0.20570000000000002,30.6,-0.51,15.700000000000001,15.9,0.,-0.04
122536,2765250,-45.42702,-60.4627,3.8,-2,0.20570000000000002,30.6,-0.51,15.700000000000001,15.9,0.,-0.04
122536,2768151,-45.480052,-60.473305,4.,-2,0.20220000000000002,30.6,-0.5,15.3,14.3,0.04,-0.01
122536,2769022,-45.495367,-60.476275,3.9,-2,0.2028,30.6,-0.5,15.100000000000001,13.4,0.06,0.
122536,2770250,-45.516408,-60.481237,3.7,-2,0.203,30.700000000000003,-0.5,14.9,12.100000000000001,0.08,0.01
122536,2770559,-45.521705,-60.482542,4.1,-2,0.20350000000000001,30.700000000000003,-0.5,14.9,12.5,0.08,0.01
122536,2770560,-45.521705,-60.482542,4.1,-2,0.20350000000000001,30.700000000000003,-0.5,14.9,12.5,0.08,0.01
122536,2770619,-45.52272,-60.482795,3.7,-2,0.20350000000000001,30.700000000000003,-0.5,14.9,12.8,0.08,0.01
122536,2770679,-45.52373,-60.483048,3.7,-2,0.2036,30.700000000000003,-0.5,14.9,13.200000000000001,0.08,0.01
122536,2770798,-45.525767,-60.483498,3.6,-2,0.2038,30.700000000000003,-0.5,14.9,14.,0.08,0.01
122536,2770828,-45.52628,-60.483615,4.,-2,0.2038,30.700000000000003,-0.5,14.9,14.100000000000001,0.08,0.01
122536,2770888,-45.527312,-60.483875,3.6,-2,0.2039,30.700000000000003,-0.5,14.9,14.5,0.08,0.01
122536,2770909,-45.527667,-60.483982,4.1,-2,0.2039,30.700000000000003,-0.5,14.9,14.600000000000001,0.08,0.01
122536,2770948,-45.528335,-60.484118,3.9,-2,0.20400000000000001,30.700000000000003,-0.5,14.9,14.9,0.09,0.01
122536,2771018,-45.52952,-60.48437,3.8,-2,0.2041,30.700000000000003,-0.5,14.9,15.3,0.09,0.01
122536,2771029,-45.52972,-60.484427,4.1,-2,0.2041,30.700000000000003,-0.5,14.9,15.4,0.09,0.01
122536,2771059,-45.530238,-60.48456,3.6,-2,0.2041,30.700000000000003,-0.5,14.9,15.600000000000001,0.09,0.01
122536,2771078,-45.530552,-60.484622,3.8,-2,0.2041,30.700000000000003,-0.5,14.9,15.700000000000001,0.09,0.01
122536,2771090,-45.530762,-60.484655,3.7,-2,0.2041,30.700000000000003,-0.5,14.9,15.8,0.09,0.01
122536,2771119,-45.531268,-60.48478,3.6,-2,0.20420000000000002,30.700000000000003,-0.5,15.,15.9,0.09,0.01
122536,2771300,-45.534268,-60.485438,3.6,-2,0.2044,30.700000000000003,-0.5,15.,17.,0.09,0.01
122536,2771880,-45.543848,-60.487863,3.9,-2,0.1956,30.700000000000003,-0.49,15.100000000000001,20.400000000000002,0.09,0.02
122536,2772521,-45.554245,-60.49076,3.6,-2,0.2005,30.700000000000003,-0.49,15.200000000000001,23.8,0.1,0.02
122536,2775152,-45.595802,-60.50411,3.6,-2,0.1757,30.700000000000003,-0.49,15.5,36.,0.11,0.02
122536,2776543,-45.618143,-60.508828,3.4,-2,0.1763,30.700000000000003,-0.49,15.600000000000001,36.4,0.11,0.02
122536,2776661,-45.620117,-60.509178,3.6,-2,0.1764,30.700000000000003,-0.49,15.600000000000001,36.4,0.11,0.02
122536,2776701,-45.62078,-60.509303,3.4,-2,0.1764,30.700000000000003,-0.49,15.600000000000001,36.4,0.11,0.02
122536,2776740,-45.621413,-60.509417,3.2,-2,0.1764,30.700000000000003,-0.49,15.600000000000001,36.300000000000004,0.11,0.02
122536,2776788,-45.622182,-60.509568,3.4,-2,0.1764,30.700000000000003,-0.49,15.600000000000001,36.300000000000004,0.11,0.02
122536,2776789,-45.622182,-60.509568,3.4,-2,0.1764,30.700000000000003,-0.49,15.600000000000001,36.300000000000004,0.11,0.02
122536,2776799,-45.622367,-60.509605,3.6,-2,0.1764,30.700000000000003,-0.49,15.600000000000001,36.300000000000004,0.11,0.02
122536,2776800,-45.622367,-60.509605,3.6,-2,0.1764,30.700000000000003,-0.49,15.600000000000001,36.300000000000004,0.11,0.02
122536,2776809,-45.62253,-60.509642,3.7,-2,0.1764,30.700000000000003,-0.49,15.600000000000001,36.300000000000004,0.11,0.02
122536,2776830,-45.622868,-60.509692,3.8,-2,0.1764,30.700000000000003,-0.49,15.600000000000001,36.300000000000004,0.11,0.02
122536,2776831,-45.622868,-60.509692,3.8,-2,0.1764,30.700000000000003,-0.49,15.600000000000001,36.300000000000004,0.11,0.02
122536,2776860,-45.623348,-60.509765,3.3,-2,0.1764,30.700000000000003,-0.49,15.600000000000001,36.300000000000004,0.11,0.02
122536,2776881,-45.623685,-60.509822,3.5,-2,0.1764,30.700000000000003,-0.49,15.600000000000001,36.300000000000004,0.11,0.02
122536,2776890,-45.623848,-60.509852,3.6,-2,0.1764,30.700000000000003,-0.49,15.600000000000001,36.300000000000004,0.11,0.02
122536,2776891,-45.623848,-60.509852,3.6,-2,0.1764,30.700000000000003,-0.49,15.600000000000001,36.300000000000004,0.11,0.02
122536,2777460,-45.633103,-60.51147,4.,-2,0.1791,30.700000000000003,-0.49,15.600000000000001,35.9,0.11,0.02
122536,2778101,-45.643388,-60.513535,3.4,-2,0.17900000000000002,30.700000000000003,-0.49,15.600000000000001,35.5,0.1,0.02
122536,2778471,-45.649263,-60.514592,3.4,-2,0.1789,30.700000000000003,-0.49,15.600000000000001,35.300000000000004,0.1,0.02
122536,2779771,-45.669842,-60.518528,3.5,-3,0.18050000000000002,30.700000000000003,-0.49,15.600000000000001,34.6,0.1,0.02
122536,2781031,-45.689547,-60.521825,3.2,-2,0.18100000000000002,-99999.,-99999.,-99999.,-99999.,-99999.,-99999.
122536,2781924,-45.703048,-60.525133,3.5,-2,0.1811,-99999.,-99999.,-99999.,-99999.,-99999.,-99999.
122536,2782373,-45.709842,-60.526383,3.2,-2,0.18100000000000002,-99999.,-99999.,-99999.,-99999.,-99999.,-99999.
122536,2783511,-45.726607,-60.529747,3.1,-2,0.1811,-99999.,-99999.,-99999.,-99999.,-99999.,-99999.
122536,2784742,-45.744032,-60.533095,3.1,-2,0.18150000000000002,-99999.,-99999.,-99999.,-99999.,-99999.,-99999.
122536,2786021,-45.762412,-60.533627,3.4,-2,0.1809,-99999.,-99999.,-99999.,-99999.,-99999.,-99999.
122536,2786073,-45.763223,-60.533382,2.9,-2,0.1809,-99999.,-99999.,-99999.,-99999.,-99999.,-99999.
122536,2787231,-45.780645,-60.525695,3.2,-2,0.1796,-99999.,-99999.,-99999.,-99999.,-99999.,-99999.
122536,2787503,-45.784548,-60.523367,3.3,-2,0.1794,-99999.,-99999.,-99999.,-99999.,-99999.,-99999.
122536,2788601,-45.800872,-60.513918,3.4,-2,0.1759,-99999.,-99999.,-99999.,-99999.,-99999.,-99999.
122536,2789741,-45.817413,-60.502358,3.4,-2,0.17420000000000002,-99999.,-99999.,-99999.,-99999.,-99999.,-99999.
122536,2790252,-45.824783,-60.496935,3.7,-2,0.1812,-99999.,-99999.,-99999.,-99999.,-99999.,-99999.
122536,2791012,-45.8354,-60.488563,3.3,-2,0.1689,-99999.,-99999.,-99999.,-99999.,-99999.,-99999.
122536,2792222,-45.851552,-60.47551,3.3,-2,0.159,-99999.,-99999.,-99999.,-99999.,-99999.,-99999.
122536,2793480,-45.868737,-60.462808,3.6,-2,0.1442,-99999.,-99999.,-99999.,-99999.,-99999.,-99999.
122536,2794862,-45.887465,-60.449728,3.4,-2,0.1442,-99999.,-99999.,-99999.,-99999.,-99999.,-99999.
122536,2794922,-45.88828,-60.449122,3.8,-2,0.1446,-99999.,-99999.,-99999.,-99999.,-99999.,-99999.
122536,2796002,-45.902787,-60.439257,2.9,-2,0.152,-99999.,-99999.,-99999.,-99999.,-99999.,-99999.
122536,2797253,-45.917343,-60.430068,2.3,-2,0.1688,-99999.,-99999.,-99999.,-99999.,-99999.,-99999.
122536,2798559,-45.923632,-60.431882,7.8,-2,0.1688,-99999.,-99999.,-99999.,-99999.,-99999.,-99999.
122536,2813070,-46.019342,-60.297653,4.6,-22,-99999,-99999.,-99999.,-99999.,-99999.,-99999.,-99999.
122536,2813071,-46.019342,-60.297653,4.6,-22,-99999,-99999.,-99999.,-99999.,-99999.,-99999.,-99999.
122536,2813091,-46.019405,-60.297077,4.3,-22,-99999,-99999.,-99999.,-99999.,-99999.,-99999.,-99999.
122536,2813099,-46.019408,-60.296833,3.9,-22,-99999,-99999.,-99999.,-99999.,-99999.,-99999.,-99999.
122536,2813100,-46.019408,-60.296833,3.9,-22,-99999,-99999.,-99999.,-99999.,-99999.,-99999.,-99999.
122536,2813120,-46.019418,-60.296262,4.2,-23,-99999,-99999.,-99999.,-99999.,-99999.,-99999.,-99999.
122536,2813121,-46.019418,-60.296262,4.2,-23,-99999,-99999.,-99999.,-99999.,-99999.,-99999.,-99999.
122536,2813130,-46.019435,-60.295963,4.6,-23,-99999,-99999.,-99999.,-99999.,-99999.,-99999.,-99999.
122536,2813131,-46.019435,-60.295963,4.6,-23,-99999,-99999.,-99999.,-99999.,-99999.,-99999.,-99999.
122536,2813150,-46.019455,-60.295387,3.7,-23,-99999,-99999.,-99999.,-99999.,-99999.,-99999.,-99999.
122536,2813180,-46.019508,-60.294572,4.3,-23,-99999,-99999.,-99999.,-99999.,-99999.,-99999.,-99999.
122536,2813181,-46.019508,-60.294572,4.3,-23,-99999,-99999.,-99999.,-99999.,-99999.,-99999.,-99999.
122536,2813190,-46.01953,-60.294295,4.2,-23,-99999,-99999.,-99999.,-99999.,-99999.,-99999.,-99999.
122536,2813191,-46.01953,-60.294295,4.2,-23,-99999,-99999.,-99999.,-99999.,-99999.,-99999.,-99999.
122536,2813210,-46.019577,-60.29375,4.,-23,-99999,-99999.,-99999.,-99999.,-99999.,-99999.,-99999.
122536,2813220,-46.019582,-60.293433,4.2,-23,-99999,-99999.,-99999.,-99999.,-99999.,-99999.,-99999.
122536,2813240,-46.019613,-60.292898,4.7,-23,-99999,-99999.,-99999.,-99999.,-99999.,-99999.,-99999.
122536,2813241,-46.019613,-60.292898,4.7,-23,-99999,-99999.,-99999.,-99999.,-99999.,-99999.,-99999.
122536,2813250,-46.019642,-60.29264,4.4,-23,-99999,-99999.,-99999.,-99999.,-99999.,-99999.,-99999.
122536,2813251,-46.019642,-60.29264,4.4,-23,-99999,-99999.,-99999.,-99999.,-99999.,-99999.,-99999.
122536,2813259,-46.019672,-60.292355,4.2,-23,-99999,-99999.,-99999.,-99999.,-99999.,-99999.,-99999.
122536,2813261,-46.019672,-60.292355,4.2,-23,-99999,-99999.,-99999.,-99999.,-99999.,-99999.,-99999.
122536,2813269,-46.019692,-60.292082,4.6,-23,-99999,-99999.,-99999.,-99999.,-99999.,-99999.,-99999.
122536,2813270,-46.019692,-60.292082,4.6,-23,-99999,-99999.,-99999.,-99999.,-99999.,-99999.,-99999.
122536,2813280,-46.01971,-60.291775,4.6,-23,-99999,-99999.,-99999.,-99999.,-99999.,-99999.,-99999.
122536,2813289,-46.019747,-60.29152,3.8,-23,-99999,-99999.,-99999.,-99999.,-99999.,-99999.,-99999.
122536,2813290,-46.019747,-60.29152,3.8,-23,-99999,-99999.,-99999.,-99999.,-99999.,-99999.,-99999.
122536,2813301,-46.019798,-60.291238,4.,-23,-99999,-99999.,-99999.,-99999.,-99999.,-99999.,-99999.
122536,2813310,-46.019857,-60.290952,3.9,-23,-99999,-99999.,-99999.,-99999.,-99999.,-99999.,-99999.
122536,2813311,-46.019857,-60.290952,3.9,-23,-99999,-99999.,-99999.,-99999.,-99999.,-99999.,-99999.
122536,2813330,-46.019928,-60.290435,4.,-23,-99999,-99999.,-99999.,-99999.,-99999.,-99999.,-99999.
122536,2813340,-46.019977,-60.290137,4.4,-23,-99999,-99999.,-99999.,-99999.,-99999.,-99999.,-99999.
122536,2813341,-46.019977,-60.290137,4.4,-23,-99999,-99999.,-99999.,-99999.,-99999.,-99999.,-99999.
122536,2813400,-46.020232,-60.288508,3.8,-23,-99999,-99999.,-99999.,-99999.,-99999.,-99999.,-99999.
122536,2813460,-46.020435,-60.286812,3.8,-24,-99999,-99999.,-99999.,-99999.,-99999.,-99999.,-99999.
122536,2813461,-46.020435,-60.286812,3.8,-24,-99999,-99999.,-99999.,-99999.,-99999.,-99999.,-99999.
122536,2814294,-46.02853,-60.287075,9.,-25,-99999,-99999.,-99999.,-99999.,-99999.,-99999.,-99999.
122536,2851218,-45.7375,-60.485155,4.,-2,0.1802,-99999.,-99999.,-99999.,-99999.,-99999.,-99999.
122536,2941735,-45.414962,-60.341332,3.5,-2,0.2144,30.6,-0.53,16.5,13.100000000000001,-0.11,-0.17
122536,2941736,-45.414962,-60.341332,3.5,-2,0.2144,30.6,-0.53,16.5,13.100000000000001,-0.11,-0.17
122536,2941756,-45.415245,-60.341593,4.,-2,0.21430000000000002,30.6,-0.53,16.5,13.100000000000001,-0.11,-0.17
122536,2941817,-45.416008,-60.342375,2.9,-2,0.2141,30.6,-0.53,16.5,13.100000000000001,-0.11,-0.17
122536,2941826,-45.416122,-60.342488,2.6,-2,0.2141,30.6,-0.53,16.5,13.100000000000001,-0.11,-0.17
122536,2941855,-45.41648,-60.342802,2.6,-2,0.21400000000000002,30.6,-0.53,16.5,13.100000000000001,-0.11,-0.17
122536,2941856,-45.41648,-60.342802,2.6,-2,0.21400000000000002,30.6,-0.53,16.5,13.100000000000001,-0.11,-0.17
122536,2941936,-45.417528,-60.343927,4.,-2,0.1947,30.6,-0.53,16.5,13.100000000000001,-0.11,-0.17
122536,2941985,-45.4182,-60.344573,3.7,-2,0.1953,30.6,-0.53,16.5,13.100000000000001,-0.11,-0.17
122536,2941996,-45.418342,-60.34471,4.2,-2,0.19540000000000002,30.6,-0.53,16.5,13.100000000000001,-0.11,-0.17
122536,2942006,-45.41845,-60.344778,3.1,-2,0.1955,30.6,-0.53,16.5,13.100000000000001,-0.11,-0.17
122536,2942036,-45.418835,-60.345203,3.2,-2,0.19590000000000002,30.6,-0.53,16.5,13.100000000000001,-0.11,-0.17
122536,2942056,-45.41909,-60.345515,3.5,-2,0.1962,30.6,-0.53,16.5,13.,-0.11,-0.16
122536,2942087,-45.419477,-60.345985,3.,-2,0.1966,30.6,-0.53,16.5,13.,-0.11,-0.16
122536,2950538,-45.526062,-60.463108,3.4,-2,0.2082,30.6,-0.49,15.700000000000001,13.200000000000001,-0.01,-0.05
122536,2950929,-45.53086,-60.468262,3.7,-2,0.2081,30.6,-0.49,15.8,15.,-0.01,-0.04
122536,2959663,-45.64532,-60.572523,3.1,-2,0.1799,30.6,-0.48,16.7,26.900000000000002,0.04,0.
122536,2959693,-45.645705,-60.572837,3.4,-2,0.17980000000000002,30.6,-0.48,16.7,26.900000000000002,0.04,0.
122536,2959705,-45.645858,-60.572957,3.2,-2,0.17980000000000002,30.6,-0.48,16.7,26.900000000000002,0.04,0.
122536,3115948,-46.627848,-60.421225,1.5,-52,0.1384,-99999.,-99999.,-99999.,-99999.,-99999.,-99999.
122536,3117268,-46.622227,-60.42929,1.8,-51,0.1331,-99999.,-99999.,-99999.,-99999.,-99999.,-99999.
122536,3118266,-46.617015,-60.435347,2.1,-51,0.13340000000000002,-99999.,-99999.,-99999.,-99999.,-99999.,-99999.
122536,3118295,-46.616823,-60.435537,2.,-51,0.13340000000000002,-99999.,-99999.,-99999.,-99999.,-99999.,-99999.
122536,3118296,-46.616823,-60.435537,2.,-51,0.13340000000000002,-99999.,-99999.,-99999.,-99999.,-99999.,-99999.
122536,3118315,-46.616708,-60.435647,2.,-51,0.13340000000000002,-99999.,-99999.,-99999.,-99999.,-99999.,-99999.
122536,3118316,-46.616708,-60.435647,2.,-51,0.13340000000000002,-99999.,-99999.,-99999.,-99999.,-99999.,-99999.
122536,3118327,-46.616652,-60.435693,0.9,-51,0.1335,-99999.,-99999.,-99999.,-99999.,-99999.,-99999.
122536,3118329,-46.616652,-60.435693,0.9,-51,0.1335,-99999.,-99999.,-99999.,-99999.,-99999.,-99999.
122536,3118346,-46.616595,-60.435788,1.8,-51,0.1335,-99999.,-99999.,-99999.,-99999.,-99999.,-99999.
122536,3118356,-46.61658,-60.435843,1.2,-51,0.1335,-99999.,-99999.,-99999.,-99999.,-99999.,-99999.
122536,3118387,-46.616535,-60.436055,1.7,-51,0.1335,-99999.,-99999.,-99999.,-99999.,-99999.,-99999.
122536,3118415,-46.61649,-60.436203,0.9,-51,0.1335,-99999.,-99999.,-99999.,-99999.,-99999.,-99999.
122536,3118437,-46.616425,-60.436302,0.3,-50,0.1335,-99999.,-99999.,-99999.,-99999.,-99999.,-99999.
122536,3118496,-46.61625,-60.436603,0.9,-50,0.1335,-99999.,-99999.,-99999.,-99999.,-99999.,-99999.
122536,3118507,-46.616232,-60.43667,1.3,-50,0.1335,-99999.,-99999.,-99999.,-99999.,-99999.,-99999.
122536,3118509,-46.61623,-60.43668,0.8,-50,0.1335,-99999.,-99999.,-99999.,-99999.,-99999.,-99999.
122536,3118537,-46.616193,-60.436877,1.7,-50,0.1335,-99999.,-99999.,-99999.,-99999.,-99999.,-99999.
122536,3118545,-46.616173,-60.436927,1.5,-50,0.1335,-99999.,-99999.,-99999.,-99999.,-99999.,-99999.
122536,3118546,-46.616173,-60.436927,1.5,-50,0.1335,-99999.,-99999.,-99999.,-99999.,-99999.,-99999.
122536,3118555,-46.616152,-60.43701,1.3,-50,0.1335,-99999.,-99999.,-99999.,-99999.,-99999.,-99999.
122536,3118556,-46.616152,-60.43701,1.3,-50,0.1335,-99999.,-99999.,-99999.,-99999.,-99999.,-99999.
122536,3118597,-46.61605,-60.437277,0.9,-50,0.1335,-99999.,-99999.,-99999.,-99999.,-99999.,-99999.
122536,3118598,-46.61605,-60.437277,0.9,-50,0.1335,-99999.,-99999.,-99999.,-99999.,-99999.,-99999.
122536,3118605,-46.616008,-60.437322,1.,-50,0.1335,-99999.,-99999.,-99999.,-99999.,-99999.,-99999.
122536,3118606,-46.616008,-60.437322,1.,-50,0.1335,-99999.,-99999.,-99999.,-99999.,-99999.,-99999.
122536,3118657,-46.615757,-60.437622,1.5,-50,0.1335,-99999.,-99999.,-99999.,-99999.,-99999.,-99999.
122536,3118685,-46.615597,-60.437833,1.7,-50,0.1335,-99999.,-99999.,-99999.,-99999.,-99999.,-99999.
122536,3118686,-46.615597,-60.437833,1.7,-50,0.1335,-99999.,-99999.,-99999.,-99999.,-99999.,-99999.
122536,3118695,-46.615543,-60.437893,1.7,-50,0.1335,-99999.,-99999.,-99999.,-99999.,-99999.,-99999.
122536,3118696,-46.615543,-60.437893,1.7,-50,0.1335,-99999.,-99999.,-99999.,-99999.,-99999.,-99999.
122536,3118705,-46.61548,-60.437963,1.8,-50,0.1335,-99999.,-99999.,-99999.,-99999.,-99999.,-99999.
122536,3118706,-46.61548,-60.437963,1.8,-50,0.1335,-99999.,-99999.,-99999.,-99999.,-99999.,-99999.
122536,3118725,-46.61538,-60.438065,1.6,-50,0.1335,-99999.,-99999.,-99999.,-99999.,-99999.,-99999.
122536,3118726,-46.61538,-60.438065,1.6,-50,0.1335,-99999.,-99999.,-99999.,-99999.,-99999.,-99999.
122536,3118747,-46.61531,-60.438163,1.2,-50,0.1335,-99999.,-99999.,-99999.,-99999.,-99999.,-99999.
122536,3118778,-46.61518,-60.438335,1.5,-50,0.1335,-99999.,-99999.,-99999.,-99999.,-99999.,-99999.
122536,3118785,-46.615152,-60.43839,1.,-50,0.1335,-99999.,-99999.,-99999.,-99999.,-99999.,-99999.
122536,3118786,-46.615152,-60.43839,1.,-50,0.1335,-99999.,-99999.,-99999.,-99999.,-99999.,-99999.
122536,3118846,-46.614917,-60.438768,1.5,-50,0.1336,-99999.,-99999.,-99999.,-99999.,-99999.,-99999.
122536,3118857,-46.614892,-60.43882,1.2,-50,0.1336,-99999.,-99999.,-99999.,-99999.,-99999.,-99999.
122536,3118886,-46.614835,-60.439002,0.6,-50,0.1336,-99999.,-99999.,-99999.,-99999.,-99999.,-99999.
122536,3127611,-46.589158,-60.459945,0.5,-46,0.14800000000000002,-99999.,-99999.,-99999.,-99999.,-99999.,-99999.
122536,3128331,-46.592067,-60.45754,0.8,-46,0.135,-99999.,-99999.,-99999.,-99999.,-99999.,-99999.
122536,3129562,-46.596963,-60.454263,1.8,-47,0.13470000000000001,-99999.,-99999.,-99999.,-99999.,-99999.,-99999.
122536,3130820,-46.601988,-60.451492,1.8,-48,0.13440000000000002,-99999.,-99999.,-99999.,-99999.,-99999.,-99999.
122536,3130880,-46.602225,-60.451357,1.8,-48,0.13440000000000002,-99999.,-99999.,-99999.,-99999.,-99999.,-99999.
122536,3131912,-46.606452,-60.448575,0.8,-49,0.1341,-99999.,-99999.,-99999.,-99999.,-99999.,-99999.
122536,3132071,-46.607105,-60.44826,0.8,-49,0.1341,-99999.,-99999.,-99999.,-99999.,-99999.,-99999.
122536,3133431,-46.612625,-60.445532,0.2,-49,0.1337,-99999.,-99999.,-99999.,-99999.,-99999.,-99999.
122536,3134579,-46.617422,-60.442375,0.7,-50,0.13340000000000002,-99999.,-99999.,-99999.,-99999.,-99999.,-99999.
122536,3135849,-46.62255,-60.43914,0.3,-51,0.1331,-99999.,-99999.,-99999.,-99999.,-99999.,-99999.
122536,4065017,-46.170223,-60.434305,0.7,-10,0.1718,-99999.,-99999.,-99999.,-99999.,-99999.,-99999.
122536,5581879,-46.656788,-60.796843,3.9,-22,0.19740000000000002,-99999.,-99999.,-99999.,-99999.,-99999.,-99999.
122536,5925705,-46.681717,-60.87665,4.1,-17,0.22640000000000002,-99999.,-99999.,-99999.,-99999.,-99999.,-99999.
122536,6147273,-46.203242,-59.918055,11.8,-131,0.1625,30.5,-0.29,18.900000000000002,11.,-0.06,0.03
122536,6152703,-45.994333,-59.68526,9.7,-246,0.19870000000000002,30.400000000000002,-0.28,18.,29.900000000000002,-0.24,0.04
122536,6158363,-45.785397,-59.447657,10.,-290,0.19340000000000002,30.5,-0.32,17.,51.400000000000006,-0.26,-0.09
122536,6163682,-45.583913,-59.243825,9.9,-349,0.2454,30.900000000000002,-0.44,17.2,25.900000000000002,-0.33,-0.17
122536,6164851,-45.540522,-59.196747,9.6,-362,0.2716,31.,-0.46,17.400000000000002,23.3,-0.24,-0.08
122536,6166103,-45.494625,-59.145027,10.5,-414,0.2487,30.900000000000002,-0.47000000000000003,17.5,19.6,-0.17,0.
122536,6166421,-45.48297,-59.131893,10.,-416,0.258,30.900000000000002,-0.47000000000000003,17.5,18.900000000000002,-0.16,0.01
122536,6167462,-45.444228,-59.088558,9.6,-421,0.2351,30.900000000000002,-0.48,17.5,15.9,-0.13,0.05
122536,6168473,-45.406175,-59.0467,10.,-374,0.2301,30.900000000000002,-0.48,17.400000000000002,14.100000000000001,-0.1,0.06
122536,6168842,-45.392368,-59.031463,10.9,-384,0.22610000000000002,30.900000000000002,-0.48,17.400000000000002,13.8,-0.09,0.06
122536,6169512,-45.367055,-59.003983,10.,-401,0.22920000000000001,30.900000000000002,-0.48,17.3,13.600000000000001,-0.08,0.07
122536,6169821,-45.355485,-58.991768,9.9,-370,0.2391,30.900000000000002,-0.48,17.3,13.700000000000001,-0.07,0.07
122536,6170122,-45.34405,-58.979752,10.3,-370,0.23670000000000002,30.900000000000002,-0.48,17.3,13.8,-0.07,0.07
122536,6170711,-45.321167,-58.956853,9.9,-395,0.2364,30.900000000000002,-0.48,17.2,13.600000000000001,-0.07,0.07
122536,6171091,-45.306772,-58.941815,9.2,-387,0.2361,30.900000000000002,-0.48,17.2,13.100000000000001,-0.07,0.07
122536,6172142,-45.266917,-58.900172,10.6,-402,0.24500000000000002,31.,-0.48,17.1,12.4,-0.08,0.05
122536,6172452,-45.25489,-58.887778,11.4,-401,0.2399,31.,-0.48,17.1,12.600000000000001,-0.09,0.04
122536,6173472,-45.216602,-58.845467,11.,-407,0.23390000000000002,31.,-0.48,17.1,13.4,-0.12,0.01
122536,6173775,-45.205298,-58.839305,6.8,-406,0.21150000000000002,31.,-0.48,17.1,13.5,-0.13,0.01
122536,6174633,-45.214223,-58.8811,8.8,-408,0.2485,31.,-0.48,17.1,13.,-0.1,0.02
122536,6175022,-45.218492,-58.901858,9.6,-410,0.2318,31.,-0.48,17.1,12.600000000000001,-0.1,0.03
122536,6175802,-45.227115,-58.944938,9.6,-394,0.23240000000000002,30.900000000000002,-0.48,17.2,12.,-0.08,0.05
122536,6176123,-45.23084,-58.962527,8.5,-396,0.2564,30.900000000000002,-0.48,17.2,11.9,-0.08,0.05
122536,6177270,-45.221897,-58.988402,7.1,-395,0.23440000000000003,30.900000000000002,-0.48,17.2,11.9,-0.08,0.05
122536,6178221,-45.231715,-59.029898,7.5,-373,0.2376,30.900000000000002,-0.48,17.2,12.,-0.07,0.05
122536,6178561,-45.235977,-59.044992,8.3,-376,0.2509,30.900000000000002,-0.48,17.2,12.100000000000001,-0.07,0.05
122536,6178960,-45.240405,-59.06201,5.8,-380,0.2467,30.900000000000002,-0.48,17.3,12.4,-0.06,0.04
122536,6178970,-45.240513,-59.062397,5.9,-380,0.2466,30.900000000000002,-0.48,17.3,12.4,-0.06,0.04
122536,6178980,-45.240622,-59.062785,5.7,-380,0.24650000000000002,30.900000000000002,-0.48,17.3,12.4,-0.06,0.04
122536,6178989,-45.240725,-59.063202,6.5,-380,0.24630000000000002,30.900000000000002,-0.48,17.3,12.4,-0.06,0.04
122536,6178991,-45.240725,-59.063202,6.5,-380,0.24630000000000002,30.900000000000002,-0.48,17.3,12.4,-0.06,0.04
122536,6178999,-45.240832,-59.063583,7.2,-380,0.2462,30.900000000000002,-0.48,17.3,12.4,-0.06,0.04
122536,6179000,-45.240832,-59.063583,7.2,-380,0.2462,30.900000000000002,-0.48,17.3,12.4,-0.06,0.04
122536,6179009,-45.24096,-59.064073,6.8,-381,0.24600000000000002,30.900000000000002,-0.48,17.3,12.4,-0.06,0.04
122536,6179010,-45.24096,-59.064073,6.8,-381,0.24600000000000002,30.900000000000002,-0.48,17.3,12.4,-0.06,0.04
122536,6179029,-45.241198,-59.064955,6.8,-381,0.2457,30.900000000000002,-0.48,17.3,12.4,-0.06,0.04
122536,6179030,-45.241198,-59.064955,6.8,-381,0.2457,30.900000000000002,-0.48,17.3,12.4,-0.06,0.04
122536,6179041,-45.241303,-59.06539,7.4,-381,0.24550000000000002,30.900000000000002,-0.48,17.3,12.4,-0.06,0.04
122536,6179070,-45.241698,-59.066647,5.9,-381,0.24500000000000002,30.900000000000002,-0.48,17.3,12.4,-0.06,0.04
122536,6179080,-45.241827,-59.06706,5.8,-381,0.2449,30.900000000000002,-0.48,17.3,12.4,-0.06,0.04
122536,6179081,-45.241827,-59.06706,5.8,-381,0.2449,30.900000000000002,-0.48,17.3,12.4,-0.06,0.04
122536,6179100,-45.242072,-59.067893,7.2,-381,0.24450000000000002,30.900000000000002,-0.48,17.3,12.5,-0.06,0.04
122536,6179101,-45.242072,-59.067893,7.2,-381,0.24450000000000002,30.900000000000002,-0.48,17.3,12.5,-0.06,0.04
122536,6179119,-45.242282,-59.068737,7.7,-382,0.2442,30.900000000000002,-0.48,17.3,12.5,-0.06,0.04
122536,6179120,-45.242282,-59.068737,7.7,-382,0.2442,30.900000000000002,-0.48,17.3,12.5,-0.06,0.04
122536,6179140,-45.242542,-59.069642,7.9,-382,0.24380000000000002,30.900000000000002,-0.48,17.3,12.5,-0.06,0.04
122536,6179443,-45.246397,-59.082403,7.6,-385,0.23720000000000002,30.900000000000002,-0.48,17.3,12.600000000000001,-0.05,0.03
122536,6179752,-45.250718,-59.095867,6.6,-362,0.26430000000000003,30.900000000000002,-0.48,17.3,12.600000000000001,-0.05,0.03
122536,6180732,-45.263913,-59.137275,7.9,-355,0.2713,30.900000000000002,-0.48,17.3,13.,-0.04,0.02
122536,6181093,-45.269658,-59.155502,8.5,-353,0.2711,30.900000000000002,-0.48,17.3,13.600000000000001,-0.03,0.02
122536,6181542,-45.277055,-59.17842,8.9,-357,0.2762,30.900000000000002,-0.48,17.400000000000002,14.4,-0.03,0.02
122536,6181961,-45.28341,-59.198465,8.2,-355,0.2781,30.900000000000002,-0.48,17.400000000000002,15.200000000000001,-0.02,0.02
122536,6182262,-45.287927,-59.213172,8.4,-354,0.2767,30.900000000000002,-0.48,17.400000000000002,15.100000000000001,-0.03,0.01
122536,6183510,-45.30732,-59.273188,8.2,-346,0.23950000000000002,30.900000000000002,-0.48,17.5,14.4,-0.03,0.01
122536,6183981,-45.314585,-59.295987,8.2,-346,0.2341,30.900000000000002,-0.48,17.5,14.4,-0.04,0.
122536,6184402,-45.321035,-59.3164,7.5,-346,0.2273,30.900000000000002,-0.48,17.5,14.600000000000001,-0.05,-0.01
122536,6184689,-45.32518,-59.329447,8.5,-347,0.22340000000000002,30.900000000000002,-0.48,17.5,14.8,-0.05,-0.01
122536,6184700,-45.325355,-59.329955,7.9,-347,0.2233,30.900000000000002,-0.48,17.5,14.8,-0.05,-0.01
122536,6184710,-45.325513,-59.330425,8.2,-347,0.22310000000000002,30.900000000000002,-0.47000000000000003,17.5,14.8,-0.05,-0.01
122536,6184711,-45.325513,-59.330425,8.2,-347,0.22310000000000002,30.900000000000002,-0.47000000000000003,17.5,14.8,-0.05,-0.01
122536,6184720,-45.325663,-59.330902,7.2,-347,0.223,30.900000000000002,-0.47000000000000003,17.5,14.9,-0.05,-0.01
122536,6184721,-45.325663,-59.330902,7.2,-347,0.223,30.900000000000002,-0.47000000000000003,17.5,14.9,-0.05,-0.01
122536,6184730,-45.325792,-59.331348,8.5,-347,0.22290000000000001,30.900000000000002,-0.47000000000000003,17.5,14.9,-0.05,-0.01
122536,6184731,-45.325792,-59.331348,8.5,-347,0.22290000000000001,30.900000000000002,-0.47000000000000003,17.5,14.9,-0.05,-0.01
122536,6184750,-45.326057,-59.332318,8.6,-347,0.22260000000000002,30.900000000000002,-0.47000000000000003,17.5,14.9,-0.05,-0.01
122536,6184760,-45.326227,-59.332833,8.3,-347,0.2225,30.900000000000002,-0.47000000000000003,17.5,14.9,-0.05,-0.01
122536,6184761,-45.326227,-59.332833,8.3,-347,0.2225,30.900000000000002,-0.47000000000000003,17.5,14.9,-0.05,-0.01
122536,6184790,-45.326668,-59.334207,7.7,-329,0.23820000000000002,30.900000000000002,-0.47000000000000003,17.5,14.9,-0.05,-0.02
122536,6184801,-45.326862,-59.334767,8.2,-329,0.2381,30.900000000000002,-0.47000000000000003,17.5,14.9,-0.05,-0.02
122536,6184802,-45.326862,-59.334767,8.2,-329,0.2381,30.900000000000002,-0.47000000000000003,17.5,14.9,-0.05,-0.02
122536,6184810,-45.326982,-59.33515,8.2,-329,0.23800000000000002,30.900000000000002,-0.47000000000000003,17.5,14.9,-0.05,-0.02
122536,6184830,-45.327265,-59.336122,7.4,-329,0.23770000000000002,30.900000000000002,-0.47000000000000003,17.5,15.,-0.05,-0.02
122536,6184831,-45.327265,-59.336122,7.4,-329,0.23770000000000002,30.900000000000002,-0.47000000000000003,17.5,15.,-0.05,-0.02
122536,6184840,-45.32741,-59.336585,7.3,-329,0.2376,30.900000000000002,-0.47000000000000003,17.5,15.,-0.05,-0.02
122536,6184841,-45.32741,-59.336585,7.3,-329,0.2376,30.900000000000002,-0.47000000000000003,17.5,15.,-0.05,-0.02
122536,6184880,-45.328015,-59.338323,7.1,-329,0.2371,30.900000000000002,-0.47000000000000003,17.5,15.,-0.05,-0.02
122536,6184881,-45.328015,-59.338323,7.1,-329,0.2371,30.900000000000002,-0.47000000000000003,17.5,15.,-0.05,-0.02
122536,6184921,-45.328522,-59.340057,7.6,-329,0.2366,30.900000000000002,-0.47000000000000003,17.5,15.,-0.05,-0.02
122536,6184922,-45.328522,-59.340057,7.6,-329,0.2366,30.900000000000002,-0.47000000000000003,17.5,15.,-0.05,-0.02
122536,6184930,-45.328612,-59.340417,8.,-329,0.23650000000000002,30.900000000000002,-0.47000000000000003,17.5,15.100000000000001,-0.05,-0.02
122536,6184951,-45.328872,-59.341372,7.4,-329,0.23620000000000002,30.900000000000002,-0.47000000000000003,17.5,15.100000000000001,-0.05,-0.02
122536,6184962,-45.32901,-59.341797,7.6,-329,0.2361,30.900000000000002,-0.47000000000000003,17.5,15.100000000000001,-0.05,-0.02
122536,6184990,-45.329397,-59.343067,7.3,-329,0.23570000000000002,30.900000000000002,-0.47000000000000003,17.5,15.100000000000001,-0.05,-0.02
122536,6185003,-45.329547,-59.34361,7.7,-329,0.23550000000000001,30.900000000000002,-0.47000000000000003,17.5,15.100000000000001,-0.05,-0.02
122536,6185010,-45.32967,-59.344025,7.6,-329,0.2354,30.900000000000002,-0.47000000000000003,17.5,15.100000000000001,-0.05,-0.02
122536,6185011,-45.32967,-59.344025,7.6,-329,0.2354,30.900000000000002,-0.47000000000000003,17.5,15.100000000000001,-0.05,-0.02
122536,6185021,-45.329802,-59.344493,7.8,-329,0.2353,30.900000000000002,-0.47000000000000003,17.5,15.200000000000001,-0.05,-0.02
122536,6185043,-45.330102,-59.345482,8.3,-329,0.23500000000000001,30.900000000000002,-0.47000000000000003,17.5,15.200000000000001,-0.05,-0.02
122536,6185071,-45.330522,-59.346887,8.4,-329,0.23450000000000001,30.900000000000002,-0.47000000000000003,17.5,15.200000000000001,-0.05,-0.02
122536,6185072,-45.330522,-59.346887,8.4,-329,0.23450000000000001,30.900000000000002,-0.47000000000000003,17.5,15.200000000000001,-0.05,-0.02
122536,6185081,-45.330648,-59.347308,7.1,-329,0.23440000000000003,30.900000000000002,-0.47000000000000003,17.5,15.200000000000001,-0.05,-0.02
122536,6185092,-45.33083,-59.347812,8.5,-329,0.2343,30.900000000000002,-0.47000000000000003,17.5,15.200000000000001,-0.05,-0.02
122536,6185122,-45.33123,-59.349227,8.1,-329,0.2338,30.900000000000002,-0.47000000000000003,17.5,15.3,-0.05,-0.02
122536,6185141,-45.331463,-59.350122,7.3,-329,0.2335,30.900000000000002,-0.47000000000000003,17.5,15.3,-0.05,-0.02
122536,6185621,-45.338128,-59.371923,7.,-303,0.2301,30.900000000000002,-0.47000000000000003,17.400000000000002,15.100000000000001,-0.06,-0.04
122536,6186152,-45.344608,-59.394223,5.,-305,0.22,30.900000000000002,-0.47000000000000003,17.400000000000002,14.200000000000001,-0.07,-0.05
122536,6186932,-45.351768,-59.420712,5.4,-286,0.2106,30.900000000000002,-0.47000000000000003,17.400000000000002,12.8,-0.08,-0.07
122536,6187251,-45.354857,-59.431992,6.2,-284,0.21150000000000002,30.900000000000002,-0.47000000000000003,17.400000000000002,12.200000000000001,-0.09,-0.08
122536,6188132,-45.362822,-59.461098,5.6,-279,0.2023,30.900000000000002,-0.46,17.400000000000002,11.600000000000001,-0.11,-0.1
122536,6188453,-45.365877,-59.471555,6.2,-278,0.2033,30.900000000000002,-0.46,17.400000000000002,11.700000000000001,-0.12,-0.11
122536,6188781,-45.368682,-59.48226,5.6,-277,0.2039,30.900000000000002,-0.46,17.400000000000002,11.8,-0.13,-0.12
122536,6189335,-45.373027,-59.500308,6.2,-278,0.1925,30.8,-0.46,17.400000000000002,11.9,-0.15,-0.14
122536,6190494,-45.377897,-59.5312,2.5,-267,0.19920000000000002,30.8,-0.45,17.400000000000002,12.5,-0.17,-0.17
122536,6190540,-45.377918,-59.532187,3.3,-267,0.199,30.8,-0.45,17.400000000000002,12.5,-0.17,-0.17
122536,6190541,-45.377918,-59.532187,3.3,-267,0.199,30.8,-0.45,17.400000000000002,12.5,-0.17,-0.17
122536,6190550,-45.3779,-59.532397,2.9,-267,0.199,30.8,-0.45,17.400000000000002,12.5,-0.17,-0.17
122536,6190551,-45.3779,-59.532397,2.9,-267,0.199,30.8,-0.45,17.400000000000002,12.5,-0.17,-0.17
122536,6190559,-45.377883,-59.532588,3.8,-267,0.19890000000000002,30.8,-0.45,17.400000000000002,12.5,-0.17,-0.17
122536,6190560,-45.377883,-59.532588,3.8,-267,0.19890000000000002,30.8,-0.45,17.400000000000002,12.5,-0.17,-0.17
122536,6190569,-45.377878,-59.532817,3.3,-267,0.19890000000000002,30.8,-0.45,17.400000000000002,12.5,-0.17,-0.17
122536,6190570,-45.377878,-59.532817,3.3,-267,0.19890000000000002,30.8,-0.45,17.400000000000002,12.5,-0.17,-0.17
122536,6190580,-45.377872,-59.533023,3.2,-267,0.19890000000000002,30.8,-0.45,17.400000000000002,12.5,-0.17,-0.17
122536,6190581,-45.377872,-59.533023,3.2,-267,0.19890000000000002,30.8,-0.45,17.400000000000002,12.5,-0.17,-0.17
122536,6190586,-45.377872,-59.533157,2.3,-267,0.1988,30.8,-0.45,17.400000000000002,12.5,-0.17,-0.17
122536,6190590,-45.377875,-59.533223,3.4,-267,0.1988,30.8,-0.45,17.400000000000002,12.5,-0.17,-0.17
122536,6190592,-45.377875,-59.533223,3.4,-267,0.1988,30.8,-0.45,17.400000000000002,12.5,-0.17,-0.17
122536,6190596,-45.37788,-59.533312,1.7,-267,0.1988,30.8,-0.45,17.400000000000002,12.5,-0.17,-0.17
122536,6190598,-45.37788,-59.533312,1.7,-267,0.1988,30.8,-0.45,17.400000000000002,12.5,-0.17,-0.17
122536,6190600,-45.37788,-59.533382,3.2,-267,0.1988,30.8,-0.45,17.400000000000002,12.5,-0.17,-0.17
122536,6190610,-45.377893,-59.53353,1.9,-267,0.1988,30.8,-0.45,17.400000000000002,12.5,-0.17,-0.17
122536,6190611,-45.377893,-59.53353,1.9,-267,0.1988,30.8,-0.45,17.400000000000002,12.5,-0.17,-0.17
122536,6190619,-45.377917,-59.533663,3.2,-266,0.19870000000000002,30.8,-0.45,17.400000000000002,12.5,-0.17,-0.17
122536,6190620,-45.377917,-59.533663,3.2,-266,0.19870000000000002,30.8,-0.45,17.400000000000002,12.5,-0.17,-0.17
122536,6190641,-45.377928,-59.533982,2.1,-266,0.19870000000000002,30.8,-0.45,17.400000000000002,12.600000000000001,-0.18,-0.17
122536,6190647,-45.377908,-59.53413,3.5,-266,0.19870000000000002,30.8,-0.45,17.400000000000002,12.600000000000001,-0.18,-0.17
122536,6190650,-45.377897,-59.534162,2.,-266,0.1986,30.8,-0.45,17.400000000000002,12.600000000000001,-0.18,-0.17
122536,6190652,-45.377897,-59.534162,2.,-266,0.1986,30.8,-0.45,17.400000000000002,12.600000000000001,-0.18,-0.17
122536,6190653,-45.377893,-59.534222,3.5,-266,0.1986,30.8,-0.45,17.400000000000002,12.600000000000001,-0.18,-0.17
122536,6190654,-45.377893,-59.534222,3.5,-266,0.1986,30.8,-0.45,17.400000000000002,12.600000000000001,-0.18,-0.17
122536,6190657,-45.377877,-59.534278,3.7,-266,0.1986,30.8,-0.45,17.400000000000002,12.600000000000001,-0.18,-0.17
122536,6190658,-45.377877,-59.534278,3.7,-266,0.1986,30.8,-0.45,17.400000000000002,12.600000000000001,-0.18,-0.17
122536,6190660,-45.377865,-59.53433,2.,-266,0.1986,30.8,-0.45,17.400000000000002,12.600000000000001,-0.18,-0.17
122536,6190662,-45.37786,-59.53436,2.9,-266,0.1986,30.8,-0.45,17.400000000000002,12.600000000000001,-0.18,-0.17
122536,6190668,-45.377843,-59.534437,2.8,-266,0.1986,30.8,-0.45,17.400000000000002,12.600000000000001,-0.18,-0.17
122536,6190674,-45.37782,-59.53454,2.7,-266,0.1986,30.8,-0.45,17.400000000000002,12.600000000000001,-0.18,-0.17
122536,6190676,-45.37782,-59.534602,2.6,-266,0.1986,30.8,-0.45,17.400000000000002,12.600000000000001,-0.18,-0.17
122536,6190677,-45.37782,-59.534602,2.6,-266,0.1986,30.8,-0.45,17.400000000000002,12.600000000000001,-0.18,-0.17
122536,6190680,-45.377823,-59.534648,3.1,-266,0.1986,30.8,-0.45,17.400000000000002,12.600000000000001,-0.18,-0.17
122536,6190683,-45.377813,-59.534705,2.7,-266,0.1986,30.8,-0.45,17.400000000000002,12.600000000000001,-0.18,-0.17
122536,6190690,-45.37782,-59.534817,3.,-266,0.1985,30.8,-0.45,17.400000000000002,12.600000000000001,-0.18,-0.17
122536,6190694,-45.377813,-59.534877,2.4,-266,0.1985,30.8,-0.45,17.400000000000002,12.600000000000001,-0.18,-0.17
122536,6190696,-45.377815,-59.534915,2.9,-266,0.1985,30.8,-0.45,17.400000000000002,12.600000000000001,-0.18,-0.17
122536,6190708,-45.377828,-59.535095,2.6,-266,0.1985,30.8,-0.45,17.400000000000002,12.600000000000001,-0.18,-0.17
122536,6190711,-45.377837,-59.535137,1.8,-266,0.1985,30.8,-0.45,17.400000000000002,12.600000000000001,-0.18,-0.17
122536,6190740,-45.377898,-59.53562,3.1,-266,0.19840000000000002,30.8,-0.45,17.400000000000002,12.600000000000001,-0.18,-0.17
122536,6190781,-45.378067,-59.53631,2.5,-266,0.19820000000000002,30.8,-0.45,17.400000000000002,12.600000000000001,-0.18,-0.17
122536,6190870,-45.378258,-59.537703,2.5,-265,0.198,30.8,-0.45,17.400000000000002,12.700000000000001,-0.18,-0.18
122536,6190874,-45.378272,-59.537762,2.,-265,0.19790000000000002,30.8,-0.45,17.400000000000002,12.700000000000001,-0.18,-0.18
122536,6190880,-45.378288,-59.537845,2.2,-265,0.19790000000000002,30.8,-0.45,17.400000000000002,12.700000000000001,-0.18,-0.18
122536,6190891,-45.37831,-59.53798,2.6,-265,0.19790000000000002,30.8,-0.45,17.400000000000002,12.700000000000001,-0.18,-0.18
122536,6190940,-45.378412,-59.538832,3.6,-265,0.19770000000000001,30.8,-0.45,17.400000000000002,12.700000000000001,-0.18,-0.18
122536,6190951,-45.378435,-59.539028,2.5,-265,0.19770000000000001,30.8,-0.45,17.400000000000002,12.700000000000001,-0.18,-0.18
122536,6191001,-45.378575,-59.53983,2.9,-264,0.1975,30.8,-0.45,17.400000000000002,12.700000000000001,-0.18,-0.18
122536,6191011,-45.378597,-59.540053,3.4,-264,0.1975,30.8,-0.45,17.400000000000002,12.700000000000001,-0.18,-0.18
122536,6191071,-45.378803,-59.54121,2.2,-264,0.1973,30.8,-0.45,17.400000000000002,12.8,-0.18,-0.18
122536,6191863,-45.380533,-59.555995,1.3,-259,0.2106,30.8,-0.45,17.400000000000002,13.3,-0.2,-0.19
122536,6192202,-45.381047,-59.562123,2.3,-257,0.20850000000000002,30.8,-0.45,17.400000000000002,13.5,-0.2,-0.2
122536,6192655,-45.381593,-59.569775,1.7,-254,0.2059,30.8,-0.44,17.400000000000002,13.700000000000001,-0.21,-0.21
122536,6193163,-45.383688,-59.577292,3.,-251,0.2033,30.8,-0.44,17.400000000000002,14.100000000000001,-0.22,-0.21
122536,6193493,-45.385118,-59.582348,2.5,-250,0.2015,30.8,-0.44,17.400000000000002,14.3,-0.22,-0.22
122536,6193822,-45.386478,-59.587293,2.2,-257,0.2175,30.700000000000003,-0.44,17.3,14.5,-0.23,-0.23
122536,6194371,-45.388748,-59.59519,1.7,-256,0.21530000000000002,30.700000000000003,-0.44,17.3,14.9,-0.24,-0.23
122536,6194892,-45.390625,-59.602627,2.5,-254,0.2132,30.700000000000003,-0.44,17.3,15.3,-0.25,-0.24
122536,6195582,-45.397513,-59.620285,5.7,-251,0.2073,30.700000000000003,-0.43,17.3,16.8,-0.27,-0.25
122536,6195862,-45.400293,-59.627798,4.7,-249,0.218,30.700000000000003,-0.43,17.3,17.5,-0.28,-0.26
122536,6196646,-45.409002,-59.65165,6.,-245,0.2122,30.700000000000003,-0.42,17.2,19.900000000000002,-0.3,-0.28
122536,6196657,-45.409152,-59.652035,5.9,-245,0.2121,30.700000000000003,-0.42,17.2,19.900000000000002,-0.3,-0.28
122536,6196658,-45.409152,-59.652035,5.9,-245,0.2121,30.700000000000003,-0.42,17.2,19.900000000000002,-0.3,-0.28
122536,6196666,-45.409258,-59.652333,5.4,-245,0.2121,30.700000000000003,-0.42,17.2,19.900000000000002,-0.3,-0.28
122536,6196676,-45.409395,-59.65267,4.7,-245,0.21200000000000002,30.700000000000003,-0.42,17.2,20.,-0.3,-0.28
122536,6196942,-45.412112,-59.660282,5.6,-244,0.2107,30.6,-0.42,17.2,20.8,-0.31,-0.28
122536,6197451,-45.417118,-59.674345,5.1,-200,0.1995,30.6,-0.41000000000000003,17.2,22.5,-0.33,-0.29
122536,6198122,-45.424123,-59.694617,5.1,-204,0.2081,30.6,-0.4,17.2,24.5,-0.34,-0.3
122536,6199443,-45.43471,-59.730948,2.2,-208,0.2165,30.6,-0.39,17.2,27.5,-0.36,-0.31
122536,6199751,-45.436472,-59.738185,3.4,-209,0.21760000000000002,30.6,-0.38,17.2,28.,-0.36,-0.31
122536,6200682,-45.44408,-59.76514,4.,-187,0.23120000000000002,30.6,-0.37,17.2,30.200000000000003,-0.36,-0.31
122536,6201942,-45.455813,-59.798197,4.2,-189,0.24430000000000002,30.6,-0.36,17.3,32.300000000000004,-0.34,-0.3
122536,6218999,-45.714278,-60.020927,6.5,-81,0.2152,30.8,-0.31,17.3,56.400000000000006,-0.06,-0.02
122536,6219000,-45.714278,-60.020927,6.5,-81,0.2152,30.8,-0.31,17.3,56.400000000000006,-0.06,-0.02
122536,6219020,-45.714682,-60.02122,3.1,-81,0.2152,30.8,-0.31,17.3,56.400000000000006,-0.06,-0.02
122536,6219021,-45.714682,-60.02122,3.1,-81,0.2152,30.8,-0.31,17.3,56.400000000000006,-0.06,-0.02
122536,6219031,-45.714862,-60.02136,4.1,-81,0.2152,30.8,-0.31,17.3,56.400000000000006,-0.06,-0.02
122536,6219070,-45.715672,-60.021827,4.1,-82,0.2152,30.8,-0.31,17.3,56.400000000000006,-0.06,-0.02
122536,6219079,-45.71588,-60.021967,5.6,-82,0.2152,30.8,-0.31,17.3,56.400000000000006,-0.06,-0.02
122536,6219080,-45.71588,-60.021967,5.6,-82,0.2152,30.8,-0.31,17.3,56.400000000000006,-0.06,-0.02
122536,6219129,-45.716822,-60.022555,2.3,-82,0.2152,30.8,-0.31,17.3,56.400000000000006,-0.06,-0.02
122536,6219130,-45.716822,-60.022555,2.3,-82,0.2152,30.8,-0.31,17.3,56.400000000000006,-0.06,-0.02
122536,6219140,-45.71699,-60.022697,3.9,-82,0.2152,30.8,-0.31,17.3,56.400000000000006,-0.06,-0.02
122536,6219199,-45.717993,-60.023292,3.6,-83,0.2152,30.8,-0.31,17.3,56.400000000000006,-0.06,-0.02
122536,6219200,-45.717993,-60.023292,3.6,-83,0.2152,30.8,-0.31,17.3,56.400000000000006,-0.06,-0.02
122536,6219210,-45.718195,-60.02342,5.1,-83,0.2152,30.8,-0.31,17.3,56.400000000000006,-0.06,-0.02
122536,6219211,-45.718195,-60.02342,5.1,-83,0.2152,30.8,-0.31,17.3,56.400000000000006,-0.06,-0.02
122536,6219221,-45.718353,-60.023565,4.2,-83,0.2151,30.8,-0.31,17.3,56.400000000000006,-0.06,-0.02
122536,6219229,-45.718503,-60.023703,5.,-83,0.2151,30.8,-0.31,17.3,56.400000000000006,-0.06,-0.02
122536,6219240,-45.718728,-60.023858,5.7,-83,0.2151,30.8,-0.31,17.3,56.400000000000006,-0.06,-0.02
122536,6219241,-45.718728,-60.023858,5.7,-83,0.2151,30.8,-0.31,17.3,56.400000000000006,-0.06,-0.02
122536,6219259,-45.719132,-60.024042,2.6,-84,0.2151,30.8,-0.31,17.3,56.300000000000004,-0.06,-0.02
122536,6219260,-45.719132,-60.024042,2.6,-84,0.2151,30.8,-0.31,17.3,56.300000000000004,-0.06,-0.02
122536,6219272,-45.719343,-60.024168,5.1,-84,0.2151,30.8,-0.31,17.3,56.300000000000004,-0.06,-0.02
122536,6219281,-45.719498,-60.024322,4.6,-84,0.2151,30.8,-0.31,17.3,56.300000000000004,-0.06,-0.02
122536,6219287,-45.719605,-60.02443,4.7,-84,0.2151,30.8,-0.31,17.3,56.300000000000004,-0.06,-0.02
122536,6219289,-45.719668,-60.024463,4.3,-84,0.2151,30.8,-0.31,17.3,56.300000000000004,-0.06,-0.02
122536,6219292,-45.719725,-60.024498,4.6,-84,0.2151,30.8,-0.31,17.3,56.300000000000004,-0.06,-0.02
122536,6219293,-45.719725,-60.024498,4.6,-84,0.2151,30.8,-0.31,17.3,56.300000000000004,-0.06,-0.02
122536,6219296,-45.719808,-60.024538,4.2,-84,0.2151,30.8,-0.31,17.3,56.300000000000004,-0.06,-0.02
122536,6219297,-45.719808,-60.024538,4.2,-84,0.2151,30.8,-0.31,17.3,56.300000000000004,-0.06,-0.02
122536,6219304,-45.719948,-60.024597,3.7,-84,0.2151,30.8,-0.31,17.3,56.300000000000004,-0.06,-0.02
122536,6219314,-45.720155,-60.024688,4.5,-84,0.2151,30.8,-0.31,17.3,56.300000000000004,-0.06,-0.02
122536,6219316,-45.72019,-60.024708,4.,-84,0.2151,30.8,-0.31,17.3,56.300000000000004,-0.06,-0.02
122536,6219320,-45.72027,-60.024762,5.6,-84,0.2151,30.8,-0.31,17.3,56.300000000000004,-0.06,-0.02
122536,6219324,-45.720352,-60.02483,4.3,-84,0.2151,30.8,-0.31,17.3,56.300000000000004,-0.06,-0.02
122536,6219334,-45.720523,-60.024983,5.5,-84,0.2151,30.8,-0.31,17.3,56.300000000000004,-0.06,-0.02
122536,6219338,-45.720598,-60.02505,4.4,-85,0.2151,30.8,-0.31,17.3,56.300000000000004,-0.06,-0.02
122536,6219341,-45.720675,-60.025102,5.8,-85,0.215,30.8,-0.31,17.3,56.300000000000004,-0.06,-0.02
122536,6219343,-45.720703,-60.025132,3.4,-85,0.215,30.8,-0.31,17.3,56.300000000000004,-0.06,-0.02
122536,6219347,-45.720777,-60.025198,3.6,-85,0.215,30.8,-0.31,17.3,56.300000000000004,-0.06,-0.02
122536,6219349,-45.72083,-60.025217,5.2,-85,0.215,30.8,-0.31,17.3,56.300000000000004,-0.06,-0.02
122536,6219350,-45.72083,-60.025217,5.2,-85,0.215,30.8,-0.31,17.3,56.300000000000004,-0.06,-0.02
122536,6219352,-45.720883,-60.025242,3.6,-85,0.215,30.8,-0.31,17.3,56.300000000000004,-0.06,-0.02
122536,6219353,-45.720883,-60.025242,3.6,-85,0.215,30.8,-0.31,17.3,56.300000000000004,-0.06,-0.02
122536,6219358,-45.720958,-60.025308,4.2,-85,0.215,30.8,-0.31,17.3,56.300000000000004,-0.06,-0.02
122536,6219361,-45.72104,-60.025328,4.6,-85,0.215,30.8,-0.31,17.3,56.300000000000004,-0.06,-0.02
122536,6219364,-45.721098,-60.025387,4.4,-85,0.215,30.8,-0.31,17.3,56.300000000000004,-0.06,-0.02
122536,6219367,-45.721172,-60.02543,3.8,-85,0.215,30.8,-0.31,17.3,56.300000000000004,-0.06,-0.02
122536,6219370,-45.721212,-60.025447,4.7,-85,0.215,30.8,-0.31,17.3,56.300000000000004,-0.06,-0.02
122536,6219373,-45.721267,-60.025503,5.7,-85,0.215,30.8,-0.31,17.3,56.300000000000004,-0.06,-0.02
122536,6219380,-45.7214,-60.025607,4.2,-85,0.215,30.8,-0.31,17.3,56.300000000000004,-0.06,-0.03
122536,6219392,-45.72162,-60.025737,5.2,-85,0.215,30.8,-0.31,17.3,56.300000000000004,-0.06,-0.03
122536,6219410,-45.722035,-60.025958,4.,-85,0.215,30.8,-0.31,17.3,56.300000000000004,-0.06,-0.03
122536,6219431,-45.72241,-60.026183,2.8,-86,0.215,30.8,-0.31,17.3,56.300000000000004,-0.06,-0.03
122536,6224880,-45.837815,-60.091167,4.9,-46,0.2359,30.900000000000002,-0.31,16.6,13.,-0.06,-0.05
122536,6224881,-45.837815,-60.091167,4.9,-46,0.2359,30.900000000000002,-0.31,16.6,13.,-0.06,-0.05
122536,6224940,-45.839117,-60.091943,6.4,-47,0.23570000000000002,30.900000000000002,-0.31,16.6,12.3,-0.06,-0.05
122536,6224941,-45.839117,-60.091943,6.4,-47,0.23570000000000002,30.900000000000002,-0.31,16.6,12.3,-0.06,-0.05
122536,6225001,-45.840623,-60.092603,3.9,-47,0.2354,30.900000000000002,-0.31,16.6,11.9,-0.06,-0.05
122536,6225011,-45.840848,-60.092697,4.7,-47,0.2354,30.900000000000002,-0.31,16.6,11.9,-0.06,-0.05
122536,6225071,-45.842203,-60.093437,5.5,-48,0.2351,30.900000000000002,-0.31,16.6,11.9,-0.06,-0.05
122536,6225130,-45.843618,-60.094242,6.,-48,0.2348,30.900000000000002,-0.31,16.6,11.9,-0.06,-0.05
122536,6225141,-45.843905,-60.094365,6.2,-48,0.2348,30.900000000000002,-0.31,16.6,11.9,-0.06,-0.05
122536,6225142,-45.843905,-60.094365,6.2,-48,0.2348,30.900000000000002,-0.31,16.6,11.9,-0.06,-0.05
122536,6225161,-45.844433,-60.094558,6.5,-49,0.23470000000000002,30.900000000000002,-0.31,16.6,11.9,-0.06,-0.05
122536,6225202,-45.845385,-60.0951,4.9,-49,0.23450000000000001,30.900000000000002,-0.31,16.6,11.9,-0.06,-0.05
122536,6225211,-45.845595,-60.095198,5.8,-49,0.23450000000000001,30.900000000000002,-0.31,16.6,11.9,-0.06,-0.05
122536,6225221,-45.84584,-60.095327,6.3,-49,0.23440000000000003,30.900000000000002,-0.31,16.6,11.9,-0.06,-0.05
122536,6225261,-45.846778,-60.09579,5.9,-49,0.23420000000000002,30.900000000000002,-0.31,16.6,11.9,-0.06,-0.05
122536,6225262,-45.846778,-60.09579,5.9,-49,0.23420000000000002,30.900000000000002,-0.31,16.6,11.9,-0.06,-0.05
122536,6225281,-45.84729,-60.096067,6.8,-50,0.2341,30.900000000000002,-0.31,16.6,11.9,-0.06,-0.05
122536,6225292,-45.847527,-60.096217,5.6,-50,0.2341,30.900000000000002,-0.31,16.6,11.9,-0.06,-0.05
122536,6225310,-45.848022,-60.096482,6.6,-50,0.234,30.900000000000002,-0.31,16.6,11.9,-0.06,-0.05
122536,6225322,-45.848313,-60.096627,7.5,-50,0.23390000000000002,30.900000000000002,-0.31,16.6,11.9,-0.06,-0.05
122536,6230568,-45.976965,-60.15748,5.,-67,0.1973,-99999.,-99999.,-99999.,-99999.,-99999.,-99999.
122536,6230759,-45.981755,-60.159335,6.3,-69,0.1953,-99999.,-99999.,-99999.,-99999.,-99999.,-99999.
122536,6230760,-45.981755,-60.159335,6.3,-69,0.1953,-99999.,-99999.,-99999.,-99999.,-99999.,-99999.
122536,6230839,-45.983668,-60.1601,6.7,-70,0.1945,-99999.,-99999.,-99999.,-99999.,-99999.,-99999.
122536,6230858,-45.984175,-60.160312,5.4,-70,0.1943,-99999.,-99999.,-99999.,-99999.,-99999.,-99999.
122536,6230859,-45.984175,-60.160312,5.4,-70,0.1943,-99999.,-99999.,-99999.,-99999.,-99999.,-99999.
122536,6230869,-45.98447,-60.160433,5.9,-70,0.1942,-99999.,-99999.,-99999.,-99999.,-99999.,-99999.
122536,6230959,-45.986815,-60.161357,6.9,-71,0.1932,-99999.,-99999.,-99999.,-99999.,-99999.,-99999.
122536,6231008,-45.98824,-60.161788,5.5,-72,0.1927,-99999.,-99999.,-99999.,-99999.,-99999.,-99999.
122536,6231009,-45.98824,-60.161788,5.5,-72,0.1927,-99999.,-99999.,-99999.,-99999.,-99999.,-99999.
122536,6231048,-45.989325,-60.162205,6.5,-72,0.1922,-99999.,-99999.,-99999.,-99999.,-99999.,-99999.
122536,6231049,-45.989325,-60.162205,6.5,-72,0.1922,-99999.,-99999.,-99999.,-99999.,-99999.,-99999.
122536,6231088,-45.990378,-60.162633,7.4,-73,0.1917,-99999.,-99999.,-99999.,-99999.,-99999.,-99999.
122536,6231089,-45.990378,-60.162633,7.4,-73,0.1917,-99999.,-99999.,-99999.,-99999.,-99999.,-99999.
122536,6231109,-45.990913,-60.162857,6.1,-73,0.1915,-99999.,-99999.,-99999.,-99999.,-99999.,-99999.
122536,6235992,-46.122202,-60.207832,5.4,-43,-99999,-99999.,-99999.,-99999.,-99999.,-99999.,-99999.
122536,6241494,-46.270075,-60.266545,5.5,-43,0.20700000000000002,30.5,-0.3,18.1,11.,-0.03,-0.01
122536,6250473,-46.48075,-60.35603,1.5,-49,0.2462,30.6,-0.31,17.8,40.2,-0.03,0.02
122536,6250792,-46.481357,-60.35629,1.4,-49,0.2462,30.6,-0.31,17.8,40.1,-0.03,0.02
122536,6251871,-46.484048,-60.357792,1.6,-49,0.2461,30.6,-0.31,17.8,39.900000000000006,-0.03,0.02
122536,6252822,-46.461005,-60.352542,8.7,-47,0.24680000000000002,30.6,-0.31,17.8,38.1,-0.03,0.02
122536,6253133,-46.448987,-60.345553,7.7,-46,0.24530000000000002,30.6,-0.31,17.900000000000002,36.6,-0.03,0.03
122536,6255082,-46.468195,-60.364502,2.6,-47,0.2456,30.6,-0.31,17.8,36.9,-0.03,0.02
122536,6255431,-46.472577,-60.368905,4.3,-47,0.24530000000000002,30.6,-0.31,17.8,36.300000000000004,-0.03,0.01
122536,6256662,-46.488478,-60.384092,3.4,-49,0.24780000000000002,30.6,-0.31,17.8,33.5,-0.03,0.01
122536,6257871,-46.50424,-60.398668,2.9,-46,0.2459,30.6,-0.31,17.8,29.700000000000003,-0.02,0.
122536,6259061,-46.519787,-60.413327,4.1,-46,0.24830000000000002,30.6,-0.31,17.8,29.3,-0.02,0.
122536,6260262,-46.536198,-60.427248,3.3,-44,0.23500000000000001,30.6,-0.31,17.8,29.200000000000003,-0.02,0.
122536,6261512,-46.553485,-60.441982,3.6,-45,0.2112,30.6,-0.31,17.8,29.200000000000003,-0.02,0.
122536,6262542,-46.568547,-60.453123,3.4,-46,0.2258,-99999.,-99999.,-99999.,-99999.,-99999.,-99999.
122536,6262892,-46.573713,-60.456953,4.,-47,0.23290000000000002,-99999.,-99999.,-99999.,-99999.,-99999.,-99999.
122536,6263783,-46.58628,-60.466935,3.5,-45,0.2157,-99999.,-99999.,-99999.,-99999.,-99999.,-99999.
122536,6264093,-46.590358,-60.470822,4.4,-45,0.2159,-99999.,-99999.,-99999.,-99999.,-99999.,-99999.
122536,6264991,-46.602352,-60.482338,4.,-45,0.21630000000000002,-99999.,-99999.,-99999.,-99999.,-99999.,-99999.
122536,6265311,-46.606873,-60.485863,3.5,-45,0.2164,-99999.,-99999.,-99999.,-99999.,-99999.,-99999.
122536,6266281,-46.620088,-60.496275,4.1,-46,0.2165,-99999.,-99999.,-99999.,-99999.,-99999.,-99999.
122536,6266603,-46.624497,-60.500043,4.,-50,0.2159,-99999.,-99999.,-99999.,-99999.,-99999.,-99999.
122536,6267279,-46.633983,-60.508433,3.3,-49,0.2177,-99999.,-99999.,-99999.,-99999.,-99999.,-99999.
122536,6267280,-46.633983,-60.508433,3.3,-49,0.2177,-99999.,-99999.,-99999.,-99999.,-99999.,-99999.
122536,6267308,-46.634388,-60.508807,3.5,-49,0.2177,-99999.,-99999.,-99999.,-99999.,-99999.,-99999.
122536,6267309,-46.634388,-60.508807,3.5,-49,0.2177,-99999.,-99999.,-99999.,-99999.,-99999.,-99999.
122536,6267318,-46.634542,-60.508902,3.6,-49,0.21780000000000002,-99999.,-99999.,-99999.,-99999.,-99999.,-99999.
122536,6267319,-46.634542,-60.508902,3.6,-49,0.21780000000000002,-99999.,-99999.,-99999.,-99999.,-99999.,-99999.
122536,6267330,-46.634697,-60.509033,4.2,-49,0.21780000000000002,-99999.,-99999.,-99999.,-99999.,-99999.,-99999.
122536,6267339,-46.634842,-60.509153,3.6,-49,0.21780000000000002,-99999.,-99999.,-99999.,-99999.,-99999.,-99999.
122536,6267368,-46.63527,-60.509515,4.2,-49,0.21780000000000002,-99999.,-99999.,-99999.,-99999.,-99999.,-99999.
122536,6267369,-46.63527,-60.509515,4.2,-49,0.21780000000000002,-99999.,-99999.,-99999.,-99999.,-99999.,-99999.
122536,6267378,-46.635413,-60.509653,3.5,-49,0.21780000000000002,-99999.,-99999.,-99999.,-99999.,-99999.,-99999.
122536,6267379,-46.635413,-60.509653,3.5,-49,0.21780000000000002,-99999.,-99999.,-99999.,-99999.,-99999.,-99999.
122536,6267389,-46.63556,-60.50979,3.9,-49,0.21780000000000002,-99999.,-99999.,-99999.,-99999.,-99999.,-99999.
122536,6267398,-46.6357,-60.509923,3.4,-49,0.21780000000000002,-99999.,-99999.,-99999.,-99999.,-99999.,-99999.
122536,6267428,-46.636128,-60.510322,2.8,-49,0.21780000000000002,-99999.,-99999.,-99999.,-99999.,-99999.,-99999.
122536,6267429,-46.636128,-60.510322,2.8,-49,0.21780000000000002,-99999.,-99999.,-99999.,-99999.,-99999.,-99999.
122536,6267440,-46.636272,-60.510482,4.1,-49,0.21780000000000002,-99999.,-99999.,-99999.,-99999.,-99999.,-99999.
122536,6267460,-46.636545,-60.510725,4.5,-49,0.21780000000000002,-99999.,-99999.,-99999.,-99999.,-99999.,-99999.
122536,6267469,-46.636687,-60.51082,3.7,-49,0.2179,-99999.,-99999.,-99999.,-99999.,-99999.,-99999.
122536,6267470,-46.636687,-60.51082,3.7,-49,0.2179,-99999.,-99999.,-99999.,-99999.,-99999.,-99999.
122536,6267639,-46.639073,-60.512932,3.2,-49,0.2179,-99999.,-99999.,-99999.,-99999.,-99999.,-99999.
122536,6267882,-46.642357,-60.516008,4.,-48,0.218,-99999.,-99999.,-99999.,-99999.,-99999.,-99999.
122536,6268712,-46.653532,-60.526685,3.7,-47,0.21760000000000002,-99999.,-99999.,-99999.,-99999.,-99999.,-99999.
122536,6269123,-46.65882,-60.531648,2.5,-47,0.2172,-99999.,-99999.,-99999.,-99999.,-99999.,-99999.
122536,6270011,-46.670672,-60.541013,4.1,-51,0.2175,-99999.,-99999.,-99999.,-99999.,-99999.,-99999.
122536,6270312,-46.674565,-60.544638,3.3,-51,0.21610000000000001,-99999.,-99999.,-99999.,-99999.,-99999.,-99999.
122536,6270662,-46.679303,-60.54915,3.5,-51,0.2169,-99999.,-99999.,-99999.,-99999.,-99999.,-99999.
122536,6271202,-46.686825,-60.555157,4.1,-51,0.21780000000000002,-99999.,-99999.,-99999.,-99999.,-99999.,-99999.
122536,6271572,-46.692115,-60.559228,4.,-51,0.21810000000000002,-99999.,-99999.,-99999.,-99999.,-99999.,-99999.
122536,6272412,-46.703832,-60.56824,3.1,-51,0.21810000000000002,-99999.,-99999.,-99999.,-99999.,-99999.,-99999.
122536,6272793,-46.708855,-60.572832,2.9,-51,0.21630000000000002,-99999.,-99999.,-99999.,-99999.,-99999.,-99999.
122536,6273059,-46.71243,-60.576055,2.9,-51,0.2162,-99999.,-99999.,-99999.,-99999.,-99999.,-99999.
122536,6273060,-46.71243,-60.576055,2.9,-51,0.2162,-99999.,-99999.,-99999.,-99999.,-99999.,-99999.
122536,6273069,-46.712578,-60.576217,4.,-51,0.2162,-99999.,-99999.,-99999.,-99999.,-99999.,-99999.
122536,6273070,-46.712578,-60.576217,4.,-51,0.2162,-99999.,-99999.,-99999.,-99999.,-99999.,-99999.
122536,6273078,-46.712702,-60.57634,3.5,-51,0.2162,-99999.,-99999.,-99999.,-99999.,-99999.,-99999.
122536,6273079,-46.712702,-60.57634,3.5,-51,0.2162,-99999.,-99999.,-99999.,-99999.,-99999.,-99999.
122536,6273099,-46.71297,-60.576573,2.3,-51,0.2162,-99999.,-99999.,-99999.,-99999.,-99999.,-99999.
122536,6273108,-46.7131,-60.576663,2.2,-51,0.2162,-99999.,-99999.,-99999.,-99999.,-99999.,-99999.
122536,6273129,-46.71336,-60.5769,3.7,-51,0.2162,-99999.,-99999.,-99999.,-99999.,-99999.,-99999.
122536,6273130,-46.71336,-60.5769,3.7,-51,0.2162,-99999.,-99999.,-99999.,-99999.,-99999.,-99999.
122536,6273138,-46.713502,-60.57702,3.6,-51,0.2162,-99999.,-99999.,-99999.,-99999.,-99999.,-99999.
122536,6273139,-46.713502,-60.57702,3.6,-51,0.2162,-99999.,-99999.,-99999.,-99999.,-99999.,-99999.
122536,6273148,-46.713628,-60.577127,3.3,-51,0.2162,-99999.,-99999.,-99999.,-99999.,-99999.,-99999.
122536,6273149,-46.713628,-60.577127,3.3,-51,0.2162,-99999.,-99999.,-99999.,-99999.,-99999.,-99999.
122536,6273158,-46.713785,-60.577242,2.7,-51,0.2162,-99999.,-99999.,-99999.,-99999.,-99999.,-99999.
122536,6273159,-46.713785,-60.577242,2.7,-51,0.2162,-99999.,-99999.,-99999.,-99999.,-99999.,-99999.
122536,6273171,-46.713942,-60.577353,3.2,-51,0.2162,-99999.,-99999.,-99999.,-99999.,-99999.,-99999.
122536,6273189,-46.714207,-60.57759,3.7,-51,0.2162,-99999.,-99999.,-99999.,-99999.,-99999.,-99999.
122536,6273208,-46.714457,-60.577838,3.7,-51,0.2162,-99999.,-99999.,-99999.,-99999.,-99999.,-99999.
122536,6273211,-46.714457,-60.577838,3.7,-51,0.2162,-99999.,-99999.,-99999.,-99999.,-99999.,-99999.
122536,6273230,-46.714723,-60.578095,3.6,-51,0.2162,-99999.,-99999.,-99999.,-99999.,-99999.,-99999.
122536,6273231,-46.714723,-60.578095,3.6,-51,0.2162,-99999.,-99999.,-99999.,-99999.,-99999.,-99999.
122536,6273328,-46.716015,-60.579205,3.6,-51,0.2162,-99999.,-99999.,-99999.,-99999.,-99999.,-99999.
122536,6273329,-46.716015,-60.579205,3.6,-51,0.2162,-99999.,-99999.,-99999.,-99999.,-99999.,-99999.
122536,6273370,-46.716543,-60.579692,3.6,-51,0.2162,-99999.,-99999.,-99999.,-99999.,-99999.,-99999.
122536,6273388,-46.716808,-60.579847,2.7,-51,0.2162,-99999.,-99999.,-99999.,-99999.,-99999.,-99999.
122536,6273389,-46.716808,-60.579847,2.7,-51,0.2162,-99999.,-99999.,-99999.,-99999.,-99999.,-99999.
122536,6273449,-46.717588,-60.580535,3.7,-51,0.2162,-99999.,-99999.,-99999.,-99999.,-99999.,-99999.
122536,6273529,-46.718643,-60.581368,3.8,-51,0.2162,-99999.,-99999.,-99999.,-99999.,-99999.,-99999.
122536,6273559,-46.71908,-60.581685,3.5,-51,0.21630000000000002,-99999.,-99999.,-99999.,-99999.,-99999.,-99999.
122536,6273722,-46.72127,-60.58348,4.,-50,0.2257,-99999.,-99999.,-99999.,-99999.,-99999.,-99999.
122536,6273873,-46.723283,-60.585167,3.8,-50,0.2252,-99999.,-99999.,-99999.,-99999.,-99999.,-99999.
122536,6274033,-46.725403,-60.587032,3.1,-50,0.2247,-99999.,-99999.,-99999.,-99999.,-99999.,-99999.
122536,6274341,-46.72959,-60.590607,3.1,-50,0.2235,-99999.,-99999.,-99999.,-99999.,-99999.,-99999.
122536,6274931,-46.737155,-60.596782,3.3,-50,0.2214,-99999.,-99999.,-99999.,-99999.,-99999.,-99999.
122536,6275492,-46.744545,-60.602393,3.5,-50,0.2192,-99999.,-99999.,-99999.,-99999.,-99999.,-99999.
122536,6276243,-46.754198,-60.609808,2.5,-51,0.2252,-99999.,-99999.,-99999.,-99999.,-99999.,-99999.
122536,6276722,-46.760383,-60.614627,2.3,-52,0.2255,-99999.,-99999.,-99999.,-99999.,-99999.,-99999.
122536,6277032,-46.764332,-60.617735,3.6,-52,0.2253,-99999.,-99999.,-99999.,-99999.,-99999.,-99999.
122536,6277442,-46.769287,-60.621848,3.1,-52,0.2247,-99999.,-99999.,-99999.,-99999.,-99999.,-99999.
122536,6277781,-46.773363,-60.625278,5.1,-53,0.2169,-99999.,-99999.,-99999.,-99999.,-99999.,-99999.
122536,6278642,-46.783605,-60.634377,2.7,-53,0.22130000000000002,-99999.,-99999.,-99999.,-99999.,-99999.,-99999.
122536,6278939,-46.787085,-60.637743,3.6,-53,0.2225,-99999.,-99999.,-99999.,-99999.,-99999.,-99999.
122536,6278949,-46.787217,-60.637857,3.5,-53,0.2225,-99999.,-99999.,-99999.,-99999.,-99999.,-99999.
122536,6278950,-46.787217,-60.637857,3.5,-53,0.2225,-99999.,-99999.,-99999.,-99999.,-99999.,-99999.
122536,6278959,-46.787338,-60.637953,2.9,-53,0.22260000000000002,-99999.,-99999.,-99999.,-99999.,-99999.,-99999.
122536,6278960,-46.787338,-60.637953,2.9,-53,0.22260000000000002,-99999.,-99999.,-99999.,-99999.,-99999.,-99999.
122536,6278969,-46.787455,-60.638065,2.6,-53,0.22260000000000002,-99999.,-99999.,-99999.,-99999.,-99999.,-99999.
122536,6278971,-46.787455,-60.638065,2.6,-53,0.22260000000000002,-99999.,-99999.,-99999.,-99999.,-99999.,-99999.
122536,6278979,-46.78757,-60.638165,2.3,-53,0.22260000000000002,-99999.,-99999.,-99999.,-99999.,-99999.,-99999.
122536,6278990,-46.78768,-60.638288,2.7,-53,0.2227,-99999.,-99999.,-99999.,-99999.,-99999.,-99999.
122536,6278999,-46.787802,-60.638387,3.8,-53,0.2227,-99999.,-99999.,-99999.,-99999.,-99999.,-99999.
122536,6279009,-46.787915,-60.638482,2.3,-53,0.2227,-99999.,-99999.,-99999.,-99999.,-99999.,-99999.
122536,6279010,-46.787915,-60.638482,2.3,-53,0.2227,-99999.,-99999.,-99999.,-99999.,-99999.,-99999.
122536,6279019,-46.787998,-60.638547,3.4,-53,0.2227,-99999.,-99999.,-99999.,-99999.,-99999.,-99999.
122536,6279020,-46.787998,-60.638547,3.4,-53,0.2227,-99999.,-99999.,-99999.,-99999.,-99999.,-99999.
122536,6279029,-46.78812,-60.638662,2.8,-53,0.2228,-99999.,-99999.,-99999.,-99999.,-99999.,-99999.
122536,6279030,-46.78812,-60.638662,2.8,-53,0.2228,-99999.,-99999.,-99999.,-99999.,-99999.,-99999.
122536,6279039,-46.788253,-60.638768,4.2,-53,0.2228,-99999.,-99999.,-99999.,-99999.,-99999.,-99999.
122536,6279050,-46.788388,-60.6389,3.,-53,0.2228,-99999.,-99999.,-99999.,-99999.,-99999.,-99999.
122536,6279051,-46.788388,-60.6389,3.,-53,0.2228,-99999.,-99999.,-99999.,-99999.,-99999.,-99999.
122536,6279079,-46.788753,-60.63919,2.,-53,0.22290000000000001,-99999.,-99999.,-99999.,-99999.,-99999.,-99999.
122536,6279080,-46.788753,-60.63919,2.,-53,0.22290000000000001,-99999.,-99999.,-99999.,-99999.,-99999.,-99999.
122536,6279090,-46.788885,-60.639282,2.8,-53,0.223,-99999.,-99999.,-99999.,-99999.,-99999.,-99999.
122536,6279099,-46.789,-60.639388,5.7,-53,0.223,-99999.,-99999.,-99999.,-99999.,-99999.,-99999.
122536,6279110,-46.789125,-60.639453,3.4,-53,0.223,-99999.,-99999.,-99999.,-99999.,-99999.,-99999.
122536,6279111,-46.789125,-60.639453,3.4,-53,0.223,-99999.,-99999.,-99999.,-99999.,-99999.,-99999.
122536,6279119,-46.789242,-60.639523,3.8,-53,0.223,-99999.,-99999.,-99999.,-99999.,-99999.,-99999.
122536,6279129,-46.789367,-60.639607,3.6,-53,0.22310000000000002,-99999.,-99999.,-99999.,-99999.,-99999.,-99999.
122536,6279139,-46.789492,-60.639705,2.7,-53,0.22310000000000002,-99999.,-99999.,-99999.,-99999.,-99999.,-99999.
122536,6279140,-46.789492,-60.639705,2.7,-53,0.22310000000000002,-99999.,-99999.,-99999.,-99999.,-99999.,-99999.
122536,6279150,-46.789627,-60.63982,2.9,-53,0.22310000000000002,-99999.,-99999.,-99999.,-99999.,-99999.,-99999.
122536,6279159,-46.78974,-60.639918,3.2,-53,0.22310000000000002,-99999.,-99999.,-99999.,-99999.,-99999.,-99999.
122536,6279200,-46.79024,-60.640307,3.8,-53,0.2232,-99999.,-99999.,-99999.,-99999.,-99999.,-99999.
122536,6279210,-46.79037,-60.640417,4.1,-53,0.2233,-99999.,-99999.,-99999.,-99999.,-99999.,-99999.
122536,6279219,-46.790465,-60.64051,2.7,-53,0.2233,-99999.,-99999.,-99999.,-99999.,-99999.,-99999.
122536,6279260,-46.790957,-60.64084,2.9,-53,0.22340000000000002,-99999.,-99999.,-99999.,-99999.,-99999.,-99999.
122536,6279323,-46.791687,-60.64134,2.3,-53,0.2172,-99999.,-99999.,-99999.,-99999.,-99999.,-99999.
122536,6279340,-46.791918,-60.641477,2.,-53,0.2172,-99999.,-99999.,-99999.,-99999.,-99999.,-99999.
122536,6279341,-46.791918,-60.641477,2.,-53,0.2172,-99999.,-99999.,-99999.,-99999.,-99999.,-99999.
122536,6279380,-46.792377,-60.64185,2.3,-53,0.21710000000000002,-99999.,-99999.,-99999.,-99999.,-99999.,-99999.
122536,6279401,-46.792633,-60.642052,2.6,-53,0.21710000000000002,-99999.,-99999.,-99999.,-99999.,-99999.,-99999.
122536,6279460,-46.793403,-60.642665,3.3,-53,0.217,-99999.,-99999.,-99999.,-99999.,-99999.,-99999.
122536,6279461,-46.793403,-60.642665,3.3,-53,0.217,-99999.,-99999.,-99999.,-99999.,-99999.,-99999.
122536,6279500,-46.793922,-60.643097,3.8,-53,0.217,-99999.,-99999.,-99999.,-99999.,-99999.,-99999.
122536,6279560,-46.794662,-60.643618,3.4,-53,0.2169,-99999.,-99999.,-99999.,-99999.,-99999.,-99999.
122536,6279970,-46.79972,-60.647622,2.9,-53,0.21660000000000001,-99999.,-99999.,-99999.,-99999.,-99999.,-99999.
122536,6281211,-46.813982,-60.660833,3.6,-51,0.217,-99999.,-99999.,-99999.,-99999.,-99999.,-99999.
122536,6282503,-46.829832,-60.673445,2.6,-50,0.21960000000000002,-99999.,-99999.,-99999.,-99999.,-99999.,-99999.
122536,6282843,-46.833918,-60.676932,4.,-50,0.23670000000000002,-99999.,-99999.,-99999.,-99999.,-99999.,-99999.
122536,6283721,-46.84431,-60.685293,2.2,-52,0.2326,-99999.,-99999.,-99999.,-99999.,-99999.,-99999.
122536,6284813,-46.85783,-60.695238,1.8,-53,0.22740000000000002,-99999.,-99999.,-99999.,-99999.,-99999.,-99999.
122536,6284951,-46.859535,-60.69629,3.4,-53,0.2268,-99999.,-99999.,-99999.,-99999.,-99999.,-99999.
122536,6307470,-46.490182,-60.222158,11.2,-97,0.281,30.5,-0.32,17.900000000000002,47.300000000000004,-0.05,0.02
122536,6307491,-46.489377,-60.221297,10.3,-96,0.2808,30.5,-0.32,17.900000000000002,47.300000000000004,-0.05,0.02
122536,6307510,-46.488615,-60.22042,10.4,-96,0.2807,30.5,-0.32,17.900000000000002,47.400000000000006,-0.05,0.02
122536,6307511,-46.488615,-60.22042,10.4,-96,0.2807,30.5,-0.32,17.900000000000002,47.400000000000006,-0.05,0.02
122536,6307560,-46.486655,-60.218213,11.5,-96,0.2805,30.5,-0.32,17.900000000000002,47.400000000000006,-0.05,0.02
122536,6307599,-46.485143,-60.216473,11.1,-96,0.2803,30.5,-0.32,17.900000000000002,47.5,-0.06,0.02
122536,6307620,-46.484337,-60.215532,10.4,-96,0.2803,30.5,-0.32,17.900000000000002,47.5,-0.06,0.02
122536,6307670,-46.482358,-60.213405,11.6,-95,0.2802,30.5,-0.32,17.900000000000002,47.5,-0.06,0.02
122536,6307680,-46.48195,-60.212953,9.7,-95,0.2802,30.5,-0.32,17.900000000000002,47.5,-0.06,0.02
122536,6307709,-46.480853,-60.211748,9.6,-95,0.2802,30.5,-0.32,17.900000000000002,47.5,-0.06,0.02
122536,6307730,-46.480002,-60.21079,10.7,-95,0.2803,30.5,-0.32,17.900000000000002,47.5,-0.06,0.02
122536,6307740,-46.479592,-60.210295,9.8,-95,0.2803,30.5,-0.32,17.900000000000002,47.400000000000006,-0.06,0.02
122536,6307781,-46.478012,-60.208532,10.6,-95,0.28040000000000004,30.5,-0.32,17.900000000000002,46.900000000000006,-0.06,0.02
122536,6307790,-46.477625,-60.208105,11.2,-95,0.29000000000000004,30.5,-0.32,17.900000000000002,46.800000000000004,-0.06,0.02
122536,6307819,-46.476478,-60.206898,10.9,-95,0.2896,30.5,-0.32,17.8,46.400000000000006,-0.06,0.02
122536,6307829,-46.476138,-60.206492,10.4,-95,0.28950000000000004,30.5,-0.32,17.8,46.300000000000004,-0.06,0.02
122536,6307841,-46.475673,-60.20597,10.3,-95,0.2893,30.5,-0.32,17.8,46.1,-0.06,0.02
122536,6307850,-46.475292,-60.20553,10.7,-95,0.2892,30.5,-0.32,17.8,46.,-0.06,0.02
122536,6313280,-46.25659,-59.964737,11.,-124,0.3395,30.400000000000002,-0.31,18.3,11.,-0.05,-0.01
122536,6313281,-46.25659,-59.964737,11.,-124,0.3395,30.400000000000002,-0.31,18.3,11.,-0.05,-0.01
122536,6313330,-46.254617,-59.962558,9.7,-123,0.3413,30.400000000000002,-0.31,18.400000000000002,11.,-0.04,-0.01
122536,6313331,-46.254617,-59.962558,9.7,-123,0.3413,30.400000000000002,-0.31,18.400000000000002,11.,-0.04,-0.01
122536,6313340,-46.254222,-59.962107,10.3,-123,0.3417,30.400000000000002,-0.31,18.400000000000002,11.,-0.04,-0.01
122536,6313341,-46.254222,-59.962107,10.3,-123,0.3417,30.400000000000002,-0.31,18.400000000000002,11.,-0.04,-0.01
122536,6313379,-46.252728,-59.960417,9.7,-123,0.3432,30.400000000000002,-0.31,18.400000000000002,11.,-0.04,-0.01
122536,6313380,-46.252728,-59.960417,9.7,-123,0.3432,30.400000000000002,-0.31,18.400000000000002,11.,-0.04,-0.01
122536,6313390,-46.252268,-59.959963,10.6,-123,0.3436,30.400000000000002,-0.31,18.400000000000002,11.,-0.04,-0.01
122536,6313411,-46.251443,-59.959158,10.9,-123,0.34440000000000004,30.400000000000002,-0.31,18.400000000000002,11.,-0.04,-0.01
122536,6313431,-46.250595,-59.958312,10.7,-122,0.33740000000000003,30.400000000000002,-0.31,18.5,11.,-0.04,-0.01
122536,6313450,-46.24976,-59.957447,11.5,-145,0.3124,30.400000000000002,-0.31,18.5,11.,-0.03,-0.01
122536,6313451,-46.24976,-59.957447,11.5,-145,0.3124,30.400000000000002,-0.31,18.5,11.,-0.03,-0.01
122536,6313471,-46.248968,-59.956543,10.7,-144,0.3129,30.400000000000002,-0.31,18.5,11.,-0.03,-0.01
122536,6313511,-46.247325,-59.954712,10.9,-144,0.3139,30.400000000000002,-0.31,18.5,11.,-0.03,-0.01
122536,6313530,-46.24656,-59.953883,10.7,-144,0.3144,30.400000000000002,-0.31,18.5,11.,-0.03,-0.01
122536,6313539,-46.246132,-59.953447,10.6,-144,0.3146,30.400000000000002,-0.31,18.5,11.,-0.03,-0.01
122536,6313560,-46.245323,-59.95259,11.,-143,0.3151,30.400000000000002,-0.31,18.6,11.,-0.02,-0.01
122536,6313590,-46.244075,-59.951318,11.,-143,0.3159,30.400000000000002,-0.31,18.6,11.,-0.02,-0.01
122536,6313600,-46.243618,-59.950827,11.1,-143,0.31620000000000004,30.400000000000002,-0.31,18.6,11.,-0.02,-0.01
122536,6313601,-46.243618,-59.950827,11.1,-143,0.31620000000000004,30.400000000000002,-0.31,18.6,11.,-0.02,-0.01
122536,6313611,-46.243218,-59.950373,11.6,-143,0.3164,30.400000000000002,-0.31,18.6,11.,-0.02,-0.01
122536,6313620,-46.242818,-59.949913,11.3,-143,0.31670000000000004,30.400000000000002,-0.31,18.6,11.,-0.02,-0.01
122536,6313630,-46.242462,-59.949477,11.1,-143,0.3169,30.400000000000002,-0.31,18.6,11.,-0.02,-0.01
122536,6313649,-46.24162,-59.948623,10.5,-142,0.3174,30.400000000000002,-0.31,18.6,11.,-0.02,-0.01
122536,6313670,-46.240742,-59.947715,10.9,-142,0.3179,30.400000000000002,-0.31,18.6,11.,-0.02,-0.01
122536,6313671,-46.240742,-59.947715,10.9,-142,0.3179,30.400000000000002,-0.31,18.6,11.,-0.02,-0.01
122536,6319019,-46.02639,-59.714403,9.6,-216,0.1804,30.400000000000002,-0.3,18.5,11.,0.01,-0.02
122536,6319020,-46.02639,-59.714403,9.6,-216,0.1804,30.400000000000002,-0.3,18.5,11.,0.01,-0.02
122536,6319039,-46.025555,-59.71357,11.7,-216,0.1801,30.400000000000002,-0.3,18.5,11.,0.01,-0.02
122536,6319040,-46.025555,-59.71357,11.7,-216,0.1801,30.400000000000002,-0.3,18.5,11.,0.01,-0.02
122536,6319240,-46.01743,-59.705422,10.9,-211,0.19390000000000002,30.400000000000002,-0.3,18.5,11.,0.01,-0.02
122536,6319249,-46.01706,-59.705048,10.7,-211,0.1937,30.400000000000002,-0.3,18.400000000000002,11.,0.01,-0.02
122536,6319258,-46.016635,-59.704645,11.2,-211,0.19360000000000002,30.400000000000002,-0.3,18.400000000000002,11.,0.01,-0.02
122536,6319259,-46.016635,-59.704645,11.2,-211,0.19360000000000002,30.400000000000002,-0.3,18.400000000000002,11.,0.01,-0.02
122536,6319269,-46.016228,-59.704233,10.5,-211,0.19340000000000002,30.400000000000002,-0.3,18.400000000000002,11.,0.01,-0.02
122536,6319279,-46.015765,-59.703758,10.1,-210,0.1932,30.400000000000002,-0.3,18.400000000000002,11.,0.01,-0.02
122536,6319280,-46.015765,-59.703758,10.1,-210,0.1932,30.400000000000002,-0.3,18.400000000000002,11.,0.01,-0.02
122536,6319289,-46.015343,-59.703328,12.4,-210,0.19310000000000002,30.400000000000002,-0.3,18.400000000000002,11.,0.01,-0.02
122536,6319290,-46.015343,-59.703328,12.4,-210,0.19310000000000002,30.400000000000002,-0.3,18.400000000000002,11.,0.01,-0.02
122536,6319299,-46.01494,-59.702923,11.4,-210,0.19290000000000002,30.400000000000002,-0.3,18.400000000000002,11.,0.01,-0.02
122536,6319300,-46.01494,-59.702923,11.4,-210,0.19290000000000002,30.400000000000002,-0.3,18.400000000000002,11.,0.01,-0.02
122536,6319308,-46.01455,-59.702562,9.9,-210,0.1928,30.400000000000002,-0.3,18.400000000000002,11.,0.01,-0.02
122536,6319329,-46.01373,-59.701797,10.5,-209,0.1925,30.400000000000002,-0.3,18.400000000000002,11.,0.01,-0.02
122536,6319353,-46.012888,-59.70094,11.4,-209,0.19210000000000002,30.400000000000002,-0.3,18.400000000000002,11.,0.01,-0.02
122536,6319419,-46.010002,-59.698042,10.,-207,0.191,30.400000000000002,-0.3,18.400000000000002,11.,0.01,-0.02
122536,6324763,-45.798248,-59.476668,11.2,-313,0.1821,30.6,-0.34,17.1,49.400000000000006,-0.18,-0.13
122536,6330354,-45.581582,-59.240342,11.2,-405,0.2558,30.8,-0.46,17.3,24.1,-0.32,-0.18
122536,6335033,-45.400553,-59.041363,9.4,-378,0.2263,30.900000000000002,-0.49,17.7,13.100000000000001,-0.11,0.02
122536,6336032,-45.362513,-58.998968,11.4,-371,0.2394,30.900000000000002,-0.49,17.7,12.4,-0.09,0.02
122536,6336352,-45.350055,-58.985655,9.4,-370,0.2381,30.900000000000002,-0.49,17.7,12.5,-0.09,0.02
122536,6337142,-45.318522,-58.952195,11.,-393,0.2358,30.900000000000002,-0.49,17.7,12.3,-0.08,0.02
122536,6337492,-45.304993,-58.937253,11.2,-386,0.23570000000000002,30.900000000000002,-0.49,17.7,12.,-0.08,0.01
122536,6338402,-45.270685,-58.899355,8.8,-402,0.24430000000000002,30.900000000000002,-0.49,17.6,11.600000000000001,-0.08,-0.01
122536,6338772,-45.256747,-58.883513,11.1,-401,0.23770000000000002,30.900000000000002,-0.49,17.6,11.700000000000001,-0.09,-0.02
122536,6339412,-45.23265,-58.856173,10.2,-410,0.2146,30.900000000000002,-0.49,17.6,12.100000000000001,-0.11,-0.04
122536,6339741,-45.220428,-58.842477,10.3,-408,0.2306,30.900000000000002,-0.48,17.6,12.200000000000001,-0.12,-0.05
122536,6340042,-45.209107,-58.829643,11.2,-422,0.20700000000000002,31.,-0.48,17.5,12.4,-0.12,-0.06
122536,6340749,-45.183248,-58.800638,9.2,-417,0.2063,31.,-0.48,17.5,12.700000000000001,-0.15,-0.08
122536,6341082,-45.170948,-58.787128,9.8,-414,0.22940000000000002,31.,-0.48,17.6,12.9,-0.16,-0.08
122536,6342092,-45.133457,-58.7464,9.8,-444,0.2577,31.,-0.48,17.6,13.600000000000001,-0.2,-0.09
122536,6342439,-45.120068,-58.732587,11.5,-440,0.24960000000000002,31.,-0.48,17.6,13.9,-0.21,-0.1
122536,6343331,-45.086178,-58.697667,11.,-429,0.2464,31.1,-0.49,17.7,14.5,-0.22,-0.09
122536,6343701,-45.071685,-58.682993,9.7,-451,0.26,31.1,-0.49,17.8,14.600000000000001,-0.22,-0.09
122536,6344541,-45.038537,-58.646615,10.4,-476,0.2268,31.1,-0.49,17.8,14.600000000000001,-0.22,-0.08
122536,6344881,-45.024878,-58.631433,10.9,-468,0.24710000000000001,31.1,-0.49,17.900000000000002,14.9,-0.21,-0.07
122536,6345623,-44.994962,-58.598928,10.6,-500,0.2343,31.200000000000003,-0.49,17.900000000000002,15.600000000000001,-0.2,-0.06
122536,6346011,-44.97963,-58.582638,11.,-527,0.1652,31.200000000000003,-0.49,17.900000000000002,16.2,-0.19,-0.06
122536,6347182,-44.938215,-58.538922,8.3,-513,0.1698,31.200000000000003,-0.49,18.,18.,-0.15,-0.04
122536,6347533,-44.92522,-58.52527,11.1,-507,0.1673,31.200000000000003,-0.49,18.,18.3,-0.14,-0.04
122536,6348462,-44.889155,-58.487215,10.3,-602,0.166,31.200000000000003,-0.49,18.2,18.6,-0.11,-0.02
122536,6349303,-44.856937,-58.452093,11.1,-567,0.16770000000000002,31.3,-0.48,18.2,17.400000000000002,-0.08,-0.03
122536,6349692,-44.842192,-58.435728,10.5,-550,0.1661,31.3,-0.48,18.3,16.5,-0.08,-0.04
122536,6350841,-44.798768,-58.387713,10.5,-586,0.1673,31.3,-0.48,18.3,13.3,-0.07,-0.06
122536,6351263,-44.782583,-58.370453,12.,-601,0.16340000000000002,31.3,-0.48,18.3,14.3,-0.07,-0.06
122536,6351931,-44.75684,-58.34289,11.2,-619,0.16670000000000001,31.400000000000002,-0.48,18.1,18.5,-0.07,-0.06
122536,6352272,-44.74386,-58.328607,10.,-551,0.16240000000000002,31.400000000000002,-0.48,18.,21.900000000000002,-0.06,-0.06
122536,6352602,-44.731503,-58.314695,9.8,-549,0.162,31.400000000000002,-0.48,17.8,25.1,-0.06,-0.05
122536,6353142,-44.71049,-58.292232,10.8,-548,0.16240000000000002,31.5,-0.48,17.6,25.6,-0.04,-0.04
122536,6353443,-44.69886,-58.279788,11.2,-548,0.1593,31.5,-0.48,17.5,24.1,-0.03,-0.03
122536,6353753,-44.687018,-58.266853,10.7,-549,0.16190000000000002,31.6,-0.48,17.3,22.900000000000002,-0.02,-0.03
122536,6354341,-44.66463,-58.243412,9.9,-582,0.14730000000000001,31.6,-0.48,17.2,21.6,0.01,-0.02
122536,6354651,-44.652855,-58.230703,9.1,-580,0.14830000000000002,31.700000000000003,-0.48,17.1,21.8,0.02,-0.02
122536,6354970,-44.640858,-58.218075,10.,-577,0.1509,31.700000000000003,-0.48,17.,22.6,0.03,-0.02
122536,6355563,-44.618632,-58.194435,11.3,-570,0.1575,31.700000000000003,-0.47000000000000003,17.,24.8,0.02,-0.04
122536,6355659,-44.615002,-58.190563,9.4,-568,0.1563,31.700000000000003,-0.47000000000000003,17.1,25.3,0.02,-0.04
122536,6355680,-44.614223,-58.18971,10.6,-568,0.156,31.700000000000003,-0.47000000000000003,17.1,25.400000000000002,0.02,-0.05
122536,6355681,-44.614223,-58.18971,10.6,-568,0.156,31.700000000000003,-0.47000000000000003,17.1,25.400000000000002,0.02,-0.05
122536,6355689,-44.613882,-58.189393,10.,-568,0.1559,31.700000000000003,-0.47000000000000003,17.1,25.5,0.02,-0.05
122536,6355690,-44.613882,-58.189393,10.,-568,0.1559,31.700000000000003,-0.47000000000000003,17.1,25.5,0.02,-0.05
122536,6355708,-44.613132,-58.188638,10.2,-568,0.15560000000000002,31.700000000000003,-0.47000000000000003,17.1,25.6,0.02,-0.05
122536,6355709,-44.613132,-58.188638,10.2,-568,0.15560000000000002,31.700000000000003,-0.47000000000000003,17.1,25.6,0.02,-0.05
122536,6355718,-44.61276,-58.188253,9.4,-567,0.1555,31.700000000000003,-0.47000000000000003,17.1,25.6,0.02,-0.05
122536,6355719,-44.61276,-58.188253,9.4,-567,0.1555,31.700000000000003,-0.47000000000000003,17.1,25.6,0.02,-0.05
122536,6355729,-44.612332,-58.187823,10.1,-567,0.1554,31.700000000000003,-0.47000000000000003,17.1,25.700000000000003,0.02,-0.05
122536,6355740,-44.611953,-58.187438,11.4,-567,0.1553,31.700000000000003,-0.47000000000000003,17.1,25.8,0.02,-0.05
122536,6355749,-44.611613,-58.187095,9.7,-567,0.1552,31.700000000000003,-0.47000000000000003,17.1,25.8,0.02,-0.05
122536,6355789,-44.610073,-58.18541,11.,-566,0.1547,31.700000000000003,-0.47000000000000003,17.1,26.1,0.01,-0.05
122536,6355798,-44.609735,-58.185082,10.2,-566,0.1545,31.700000000000003,-0.47000000000000003,17.1,26.1,0.01,-0.05
122536,6355799,-44.609735,-58.185082,10.2,-566,0.1545,31.700000000000003,-0.47000000000000003,17.1,26.1,0.01,-0.05
122536,6355871,-44.607043,-58.1823,10.2,-565,0.1537,31.700000000000003,-0.47000000000000003,17.1,26.6,0.01,-0.05
122536,6355881,-44.606645,-58.18184,11.1,-565,0.15360000000000001,31.700000000000003,-0.47000000000000003,17.1,26.700000000000003,0.01,-0.05
122536,6355919,-44.605252,-58.180213,9.6,-564,0.1531,31.700000000000003,-0.47000000000000003,17.1,26.900000000000002,0.01,-0.05
122536,6355959,-44.603767,-58.178707,9.6,-563,0.1527,31.700000000000003,-0.47000000000000003,17.1,27.200000000000003,0.01,-0.06
122536,6355978,-44.60303,-58.177922,10.,-563,0.1525,31.700000000000003,-0.47000000000000003,17.1,27.400000000000002,0.01,-0.06
122536,6355979,-44.60303,-58.177922,10.,-563,0.1525,31.700000000000003,-0.47000000000000003,17.1,27.400000000000002,0.01,-0.06
122536,6356422,-44.586845,-58.160463,10.6,-584,0.16010000000000002,31.700000000000003,-0.47000000000000003,17.1,31.1,0.,-0.07
122536,6357083,-44.56252,-58.134437,9.9,-600,0.1608,31.700000000000003,-0.47000000000000003,17.2,30.400000000000002,-0.01,-0.08
122536,6357231,-44.557147,-58.128127,8.8,-599,0.161,31.700000000000003,-0.47000000000000003,17.3,29.900000000000002,-0.01,-0.08
122536,6358733,-44.502015,-58.068383,10.8,-607,0.1575,31.700000000000003,-0.47000000000000003,17.3,26.1,-0.02,-0.09
122536,6359351,-44.47905,-58.043838,9.9,-639,0.1553,31.700000000000003,-0.47000000000000003,17.400000000000002,24.200000000000003,-0.02,-0.08
122536,6359712,-44.465892,-58.029447,10.9,-631,0.15480000000000002,31.700000000000003,-0.47000000000000003,17.5,23.5,-0.02,-0.08
122536,6360013,-44.454958,-58.017815,9.9,-625,0.1636,31.700000000000003,-0.47000000000000003,17.6,23.200000000000003,-0.02,-0.08
122536,6360590,-44.433625,-57.994932,10.6,-661,0.1529,31.700000000000003,-0.47000000000000003,17.8,23.3,-0.01,-0.08
122536,6361142,-44.413408,-57.973293,8.7,-697,0.157,31.700000000000003,-0.47000000000000003,18.1,25.1,-0.02,-0.09
122536,6361501,-44.400418,-57.95948,9.,-689,0.1535,31.8,-0.47000000000000003,18.2,26.400000000000002,-0.02,-0.1
122536,6361519,-44.399742,-57.95878,11.9,-689,0.1532,31.8,-0.47000000000000003,18.2,26.400000000000002,-0.02,-0.1
122536,6361520,-44.399742,-57.95878,11.9,-689,0.1532,31.8,-0.47000000000000003,18.2,26.400000000000002,-0.02,-0.1
122536,6361530,-44.399298,-57.958323,10.3,-689,0.1612,31.8,-0.47000000000000003,18.2,26.400000000000002,-0.02,-0.1
122536,6361539,-44.398955,-57.957977,8.9,-688,0.1612,31.8,-0.47000000000000003,18.2,26.400000000000002,-0.02,-0.1
122536,6361540,-44.398955,-57.957977,8.9,-688,0.1612,31.8,-0.47000000000000003,18.2,26.400000000000002,-0.02,-0.1
122536,6361561,-44.3982,-57.957183,9.7,-688,0.1612,31.8,-0.47000000000000003,18.2,26.400000000000002,-0.02,-0.1
122536,6361580,-44.397543,-57.956493,10.1,-688,0.1612,31.8,-0.47000000000000003,18.2,26.400000000000002,-0.02,-0.1
122536,6361590,-44.397122,-57.956065,9.5,-687,0.16110000000000002,31.8,-0.47000000000000003,18.2,26.400000000000002,-0.02,-0.1
122536,6361591,-44.397122,-57.956065,9.5,-687,0.16110000000000002,31.8,-0.47000000000000003,18.2,26.400000000000002,-0.02,-0.1
122536,6361599,-44.396788,-57.955718,9.2,-687,0.16110000000000002,31.8,-0.47000000000000003,18.2,26.400000000000002,-0.01,-0.1
122536,6361620,-44.396037,-57.954912,9.4,-687,0.16110000000000002,31.8,-0.47000000000000003,18.2,26.400000000000002,-0.01,-0.1
122536,6361639,-44.395407,-57.954233,10.,-686,0.161,31.8,-0.47000000000000003,18.2,26.400000000000002,-0.01,-0.1
122536,6361659,-44.394675,-57.953412,9.4,-686,0.161,31.8,-0.47000000000000003,18.2,26.400000000000002,-0.01,-0.1
122536,6361691,-44.393592,-57.952227,10.5,-685,0.16090000000000002,31.8,-0.47000000000000003,18.2,26.400000000000002,-0.01,-0.1
122536,6361699,-44.393332,-57.951917,9.5,-685,0.1608,31.8,-0.47000000000000003,18.3,26.400000000000002,-0.01,-0.1
122536,6361710,-44.392903,-57.951443,9.2,-685,0.1608,31.8,-0.47000000000000003,18.3,26.400000000000002,-0.01,-0.1
122536,6361711,-44.392903,-57.951443,9.2,-685,0.1608,31.8,-0.47000000000000003,18.3,26.400000000000002,-0.01,-0.1
122536,6361730,-44.392215,-57.950705,9.7,-685,0.1607,31.8,-0.47000000000000003,18.3,26.3,-0.01,-0.1
122536,6361740,-44.391803,-57.950273,9.6,-684,0.16060000000000002,31.8,-0.47000000000000003,18.3,26.3,-0.01,-0.1
122536,6361741,-44.391803,-57.950273,9.6,-684,0.16060000000000002,31.8,-0.47000000000000003,18.3,26.3,-0.01,-0.1
122536,6361760,-44.39111,-57.949548,8.8,-684,0.16060000000000002,31.8,-0.47000000000000003,18.3,26.3,-0.01,-0.1
122536,6361770,-44.390682,-57.949087,9.8,-684,0.1605,31.8,-0.47000000000000003,18.3,26.3,-0.01,-0.1
122536,6361771,-44.390682,-57.949087,9.8,-684,0.1605,31.8,-0.47000000000000003,18.3,26.3,-0.01,-0.1
122536,6361811,-44.389295,-57.947337,10.7,-683,0.1603,31.8,-0.47000000000000003,18.3,26.3,-0.01,-0.1
122536,6361830,-44.388568,-57.94656,10.1,-682,0.1602,31.8,-0.47000000000000003,18.3,26.3,-0.01,-0.11
122536,6361831,-44.388568,-57.94656,10.1,-682,0.1602,31.8,-0.47000000000000003,18.3,26.3,-0.01,-0.11
122536,6361880,-44.386853,-57.944745,9.5,-681,0.15990000000000001,31.8,-0.47000000000000003,18.3,26.200000000000003,-0.01,-0.11
122536,6361881,-44.386853,-57.944745,9.5,-681,0.15990000000000001,31.8,-0.47000000000000003,18.3,26.200000000000003,-0.01,-0.11
122536,6362060,-44.380395,-57.937762,9.3,-678,0.1585,31.8,-0.47000000000000003,18.400000000000002,25.900000000000002,-0.01,-0.11
122536,6362080,-44.379637,-57.936962,11.2,-677,0.1583,31.8,-0.47000000000000003,18.400000000000002,25.900000000000002,0.,-0.11
122536,6362081,-44.379637,-57.936962,11.2,-677,0.1583,31.8,-0.47000000000000003,18.400000000000002,25.900000000000002,0.,-0.11
122536,6362140,-44.377463,-57.93456,9.8,-676,0.1577,31.8,-0.47000000000000003,18.400000000000002,25.8,0.,-0.11
122536,6362141,-44.377463,-57.93456,9.8,-676,0.1577,31.8,-0.47000000000000003,18.400000000000002,25.8,0.,-0.11
122536,6362239,-44.373918,-57.930823,10.2,-674,0.15860000000000002,31.8,-0.47000000000000003,18.400000000000002,25.6,0.,-0.11
122536,6362292,-44.372172,-57.928842,10.4,-673,0.1589,31.8,-0.47000000000000003,18.400000000000002,25.5,0.,-0.11
122536,6363420,-44.332263,-57.885505,11.3,-710,0.156,31.8,-0.48,18.6,19.700000000000003,0.03,-0.15
122536,6363842,-44.317408,-57.869155,9.8,-712,0.15430000000000002,31.8,-0.49,18.6,17.5,0.04,-0.16
122536,6364302,-44.301005,-57.851422,9.6,-711,0.1555,31.8,-0.49,18.6,17.2,0.03,-0.17
122536,6366252,-44.231558,-57.777483,10.5,-739,0.1585,31.700000000000003,-0.5,18.400000000000002,18.8,-0.04,-0.21
122536,6366841,-44.210323,-57.7549,9.9,-727,0.15510000000000002,31.700000000000003,-0.5,18.400000000000002,18.900000000000002,-0.05,-0.21
122536,6367301,-44.193678,-57.73768,8.7,-766,0.1572,31.700000000000003,-0.51,18.400000000000002,19.,-0.06,-0.21
122536,6367469,-44.187625,-57.731468,9.7,-762,0.1579,31.700000000000003,-0.51,18.5,19.,-0.06,-0.21
122536,6367490,-44.186815,-57.73057,9.3,-762,0.158,31.700000000000003,-0.51,18.5,19.,-0.06,-0.21
122536,6367501,-44.186467,-57.730195,10.3,-762,0.158,31.700000000000003,-0.51,18.5,19.,-0.06,-0.21
122536,6367511,-44.186107,-57.72984,9.2,-761,0.15810000000000002,31.700000000000003,-0.51,18.5,19.,-0.06,-0.21
122536,6367520,-44.185735,-57.72947,9.8,-761,0.15810000000000002,31.700000000000003,-0.51,18.5,19.,-0.06,-0.21
122536,6367529,-44.185463,-57.729202,9.9,-761,0.15810000000000002,31.700000000000003,-0.51,18.5,19.,-0.06,-0.21
122536,6367550,-44.184653,-57.728418,9.1,-761,0.1582,31.700000000000003,-0.51,18.5,19.,-0.06,-0.21
122536,6367581,-44.183563,-57.727355,9.4,-760,0.1583,31.700000000000003,-0.51,18.5,19.,-0.06,-0.21
122536,6367589,-44.183277,-57.727068,9.5,-760,0.1584,31.700000000000003,-0.51,18.5,19.,-0.06,-0.21
122536,6367610,-44.182517,-57.726275,10.1,-759,0.1584,31.700000000000003,-0.51,18.5,19.,-0.06,-0.21
122536,6367611,-44.182517,-57.726275,10.1,-759,0.1584,31.700000000000003,-0.51,18.5,19.,-0.06,-0.21
122536,6367619,-44.182203,-57.725933,8.9,-759,0.1585,31.700000000000003,-0.51,18.5,19.,-0.06,-0.21
122536,6367620,-44.182203,-57.725933,8.9,-759,0.1585,31.700000000000003,-0.51,18.5,19.,-0.06,-0.21
122536,6367631,-44.181798,-57.725533,9.5,-759,0.1585,31.700000000000003,-0.51,18.5,19.,-0.06,-0.21
122536,6367632,-44.181798,-57.725533,9.5,-759,0.1585,31.700000000000003,-0.51,18.5,19.,-0.06,-0.21
122536,6367679,-44.180108,-57.723665,10.1,-758,0.1587,31.700000000000003,-0.51,18.5,18.900000000000002,-0.06,-0.21
122536,6367680,-44.180108,-57.723665,10.1,-758,0.1587,31.700000000000003,-0.51,18.5,18.900000000000002,-0.06,-0.21
122536,6367691,-44.179723,-57.72325,9.7,-758,0.1587,31.700000000000003,-0.51,18.5,18.900000000000002,-0.06,-0.21
122536,6367709,-44.179045,-57.722553,9.8,-757,0.1588,31.700000000000003,-0.51,18.5,18.900000000000002,-0.06,-0.21
122536,6367740,-44.177963,-57.721413,9.8,-757,0.1589,31.700000000000003,-0.51,18.5,18.900000000000002,-0.06,-0.21
122536,6367770,-44.176885,-57.720293,10.6,-756,0.159,31.700000000000003,-0.51,18.5,18.900000000000002,-0.06,-0.21
122536,6368093,-44.165497,-57.708308,10.1,-798,0.18960000000000002,31.6,-0.51,18.5,18.900000000000002,-0.07,-0.2
122536,6368361,-44.155927,-57.69845,9.5,-792,0.17850000000000002,31.6,-0.52,18.5,18.7,-0.07,-0.2
122536,6369971,-44.098025,-57.63957,9.,-799,0.23520000000000002,31.700000000000003,-0.53,18.8,19.400000000000002,-0.02,-0.2
122536,6370801,-44.06811,-57.609395,9.5,-806,0.2715,31.8,-0.54,18.900000000000002,19.6,0.01,-0.19
122536,6371102,-44.057405,-57.59844,8.9,-803,0.27790000000000004,31.8,-0.55,19.,19.5,0.01,-0.19
122536,6372191,-44.018693,-57.55936,9.8,-822,0.2378,31.8,-0.56,19.200000000000003,18.6,0.04,-0.2
122536,6389930,-43.391713,-56.929877,9.8,-962,0.17930000000000001,32.7,-0.62,20.900000000000002,28.,0.23,-0.08
122536,6389931,-43.391713,-56.929877,9.8,-962,0.17930000000000001,32.7,-0.62,20.900000000000002,28.,0.23,-0.08
122536,6389942,-43.391312,-56.929478,8.9,-961,0.1794,32.7,-0.62,20.900000000000002,28.1,0.23,-0.08
122536,6389951,-43.391,-56.929147,10.1,-961,0.17950000000000002,32.7,-0.62,20.900000000000002,28.1,0.23,-0.08
122536,6389962,-43.390645,-56.928728,9.9,-961,0.1797,32.7,-0.62,20.900000000000002,28.1,0.23,-0.08
122536,6389992,-43.389633,-56.927693,9.4,-960,0.18000000000000002,32.7,-0.62,20.900000000000002,28.200000000000003,0.24,-0.08
122536,6390002,-43.38925,-56.927273,8.6,-959,0.1801,32.7,-0.62,20.900000000000002,28.200000000000003,0.24,-0.07
122536,6390011,-43.388943,-56.92694,9.8,-959,0.1802,32.7,-0.62,20.900000000000002,28.200000000000003,0.24,-0.07
122536,6390017,-43.388745,-56.92672,8.8,-959,0.18030000000000002,32.7,-0.62,20.900000000000002,28.200000000000003,0.24,-0.07
122536,6390031,-43.388268,-56.9262,9.,-958,0.1804,32.7,-0.62,20.900000000000002,28.200000000000003,0.24,-0.07
122536,6390051,-43.38761,-56.925482,9.4,-958,0.1806,32.7,-0.62,20.900000000000002,28.3,0.24,-0.07
122536,6390062,-43.38723,-56.925088,9.5,-957,0.1807,32.7,-0.62,20.900000000000002,28.3,0.24,-0.07
122536,6390081,-43.386522,-56.92435,10.3,-957,0.1809,32.7,-0.62,20.900000000000002,28.3,0.24,-0.07
122536,6390082,-43.386522,-56.92435,10.3,-957,0.1809,32.7,-0.62,20.900000000000002,28.3,0.24,-0.07
122536,6390091,-43.386207,-56.924012,9.2,-956,0.18100000000000002,32.7,-0.62,20.900000000000002,28.3,0.24,-0.07
122536,6390101,-43.385845,-56.923643,9.1,-956,0.1811,32.7,-0.62,20.900000000000002,28.400000000000002,0.24,-0.07
122536,6390111,-43.3855,-56.92327,9.8,-955,0.1812,32.7,-0.62,20.900000000000002,28.400000000000002,0.24,-0.07
122536,6390121,-43.385157,-56.922898,10.6,-955,0.18130000000000002,32.7,-0.62,20.900000000000002,28.400000000000002,0.24,-0.06
122536,6390141,-43.384417,-56.92218,8.2,-954,0.18150000000000002,32.7,-0.62,20.900000000000002,28.400000000000002,0.24,-0.06
122536,6390142,-43.384417,-56.92218,8.2,-954,0.18150000000000002,32.7,-0.62,20.900000000000002,28.400000000000002,0.24,-0.06
122536,6390151,-43.384098,-56.921807,10.1,-954,0.1816,32.7,-0.62,20.900000000000002,28.400000000000002,0.24,-0.06
122536,6390161,-43.383785,-56.921432,9.7,-954,0.1817,32.7,-0.62,20.900000000000002,28.400000000000002,0.24,-0.06
122536,6390167,-43.383568,-56.921197,9.8,-954,0.18180000000000002,32.7,-0.62,20.900000000000002,28.5,0.24,-0.06
122536,6390171,-43.383435,-56.921067,8.4,-953,0.18180000000000002,32.7,-0.62,20.900000000000002,28.5,0.24,-0.06
122536,6390181,-43.383077,-56.920712,9.8,-953,0.1819,32.7,-0.62,20.900000000000002,28.5,0.25,-0.06
122536,6390191,-43.382785,-56.920412,9.6,-953,0.182,32.7,-0.62,20.900000000000002,28.5,0.25,-0.06
122536,6390201,-43.382392,-56.919985,8.6,-952,0.1821,32.7,-0.62,20.900000000000002,28.5,0.25,-0.06
122536,6390202,-43.382392,-56.919985,8.6,-952,0.1821,32.7,-0.62,20.900000000000002,28.5,0.25,-0.06
122536,6390221,-43.381747,-56.91929,9.7,-952,0.18230000000000002,32.7,-0.62,20.900000000000002,28.5,0.25,-0.06
122536,6390250,-43.380785,-56.91824,9.7,-951,0.1825,32.7,-0.62,20.900000000000002,28.6,0.25,-0.05
122536,6390251,-43.380785,-56.91824,9.7,-951,0.1825,32.7,-0.62,20.900000000000002,28.6,0.25,-0.05
122536,6390263,-43.380373,-56.917827,8.9,-950,0.1826,32.7,-0.62,20.900000000000002,28.6,0.25,-0.05
122536,6390272,-43.380017,-56.917432,9.1,-950,0.1827,32.7,-0.62,20.900000000000002,28.6,0.25,-0.05
122536,6395701,-43.18787,-56.725242,9.9,-1014,0.185,33.4,-0.52,21.6,22.8,0.44,-0.05
122536,6395851,-43.182188,-56.720627,9.5,-1017,0.1879,33.4,-0.52,21.6,22.8,0.43,-0.06
122536,6395862,-43.1818,-56.720333,10.7,-1017,0.18810000000000002,33.4,-0.52,21.6,22.8,0.43,-0.06
122536,6395911,-43.179915,-56.718837,9.4,-1018,0.1889,33.4,-0.52,21.6,22.8,0.43,-0.06
122536,6395961,-43.178003,-56.71724,9.6,-1019,0.18960000000000002,33.4,-0.52,21.6,22.8,0.42,-0.06
122536,6395962,-43.178003,-56.71724,9.6,-1019,0.18960000000000002,33.4,-0.52,21.6,22.8,0.42,-0.06
122536,6395992,-43.176812,-56.716312,9.7,-1019,0.19,33.4,-0.52,21.6,22.8,0.42,-0.06
122536,6396051,-43.17452,-56.714505,9.4,-1020,0.1907,33.4,-0.52,21.6,22.8,0.42,-0.06
122536,6396090,-43.173085,-56.713363,9.8,-1021,0.191,33.4,-0.52,21.6,22.8,0.42,-0.06
122536,6396091,-43.173085,-56.713363,9.8,-1021,0.191,33.4,-0.52,21.6,22.8,0.42,-0.06
122536,6396112,-43.172298,-56.712787,8.7,-1021,0.1912,33.4,-0.52,21.6,22.8,0.42,-0.06
122536,6396120,-43.171905,-56.71257,9.1,-1021,0.1913,33.4,-0.52,21.6,22.8,0.41000000000000003,-0.06
122536,6396131,-43.171523,-56.71226,9.9,-1021,0.1913,33.4,-0.52,21.6,22.8,0.41000000000000003,-0.06
122536,6396132,-43.171523,-56.71226,9.9,-1021,0.1913,33.4,-0.52,21.6,22.8,0.41000000000000003,-0.06
122536,6396150,-43.170823,-56.711718,8.7,-1022,0.1915,33.4,-0.52,21.6,22.8,0.41000000000000003,-0.06
122536,6396162,-43.170382,-56.711347,9.5,-1022,0.1915,33.4,-0.52,21.6,22.8,0.41000000000000003,-0.06
122536,6396163,-43.170382,-56.711347,9.5,-1022,0.1915,33.4,-0.52,21.6,22.8,0.41000000000000003,-0.06
122536,6396171,-43.170055,-56.711033,8.9,-1022,0.19160000000000002,33.4,-0.52,21.6,22.8,0.41000000000000003,-0.06
122536,6396172,-43.170055,-56.711033,8.9,-1022,0.19160000000000002,33.4,-0.52,21.6,22.8,0.41000000000000003,-0.06
122536,6396180,-43.16965,-56.710728,10.1,-1022,0.19160000000000002,33.4,-0.52,21.6,22.8,0.41000000000000003,-0.07
122536,6396181,-43.16965,-56.710728,10.1,-1022,0.19160000000000002,33.4,-0.52,21.6,22.8,0.41000000000000003,-0.07
122536,6396192,-43.169263,-56.710435,10.9,-1022,0.1917,33.4,-0.52,21.6,22.8,0.41000000000000003,-0.07
122536,6396210,-43.168537,-56.709822,9.4,-1023,0.1918,33.4,-0.52,21.6,22.700000000000003,0.41000000000000003,-0.07
122536,6396211,-43.168537,-56.709822,9.4,-1023,0.1918,33.4,-0.52,21.6,22.700000000000003,0.41000000000000003,-0.07
122536,6396223,-43.168087,-56.709482,9.9,-1023,0.1918,33.4,-0.52,21.6,22.700000000000003,0.41000000000000003,-0.07
122536,6401500,-42.979802,-56.53773,9.6,-1041,0.2634,33.5,-0.54,21.6,26.5,0.21,-0.23
122536,6401501,-42.979802,-56.53773,9.6,-1041,0.2634,33.5,-0.54,21.6,26.5,0.21,-0.23
122536,6401529,-42.97874,-56.536675,8.9,-1041,0.2627,33.5,-0.54,21.6,26.6,0.21,-0.23
122536,6401530,-42.97874,-56.536675,8.9,-1041,0.2627,33.5,-0.54,21.6,26.6,0.21,-0.23
122536,6401791,-42.969572,-56.527872,9.7,-1040,0.25780000000000003,33.5,-0.54,21.6,26.900000000000002,0.21,-0.23
122536,6401881,-42.966482,-56.524845,9.4,-1040,0.2565,33.5,-0.54,21.6,27.1,0.21,-0.23
122536,6401930,-42.964733,-56.523185,9.8,-1040,0.2559,33.5,-0.54,21.6,27.1,0.21,-0.23
122536,6401970,-42.963292,-56.521798,8.8,-1040,0.2555,33.5,-0.54,21.6,27.200000000000003,0.21,-0.23
122536,6401971,-42.963292,-56.521798,8.8,-1040,0.2555,33.5,-0.54,21.6,27.200000000000003,0.21,-0.23
122536,6401999,-42.962288,-56.520835,9.1,-1040,0.25520000000000004,33.5,-0.54,21.6,27.3,0.21,-0.23
122536,6402000,-42.962288,-56.520835,9.1,-1040,0.25520000000000004,33.5,-0.54,21.6,27.3,0.21,-0.23
122536,6402020,-42.961563,-56.520083,9.5,-1040,0.255,33.5,-0.54,21.6,27.3,0.21,-0.23
122536,6402031,-42.961205,-56.519758,9.8,-1040,0.255,33.5,-0.54,21.6,27.3,0.21,-0.23
122536,6408094,-42.746397,-56.328942,9.6,-1021,0.2305,33.800000000000004,-0.54,22.1,27.900000000000002,0.29,-0.26
122536,6413622,-42.553963,-56.140995,8.2,-1054,0.2523,33.7,-0.54,21.900000000000002,29.5,0.18,-0.34
122536,6418213,-42.40825,-55.998227,8.3,-1085,0.2676,33.6,-0.56,21.6,25.8,0.18,-0.26
122536,6419332,-42.373767,-55.968157,8.,-1072,0.269,33.5,-0.5700000000000001,21.6,27.3,0.2,-0.24
122536,6420222,-42.346027,-55.94474,8.7,-1059,0.2616,33.5,-0.5700000000000001,21.6,28.700000000000003,0.21,-0.22
122536,6420681,-42.331703,-55.932742,8.,-1089,0.25980000000000003,33.5,-0.5700000000000001,21.6,29.5,0.22,-0.22
122536,6421512,-42.306095,-55.911665,8.5,-1102,0.248,33.5,-0.5700000000000001,21.700000000000003,29.6,0.23,-0.2
122536,6422673,-42.270023,-55.882722,8.8,-1097,0.24020000000000002,33.6,-0.5700000000000001,21.8,28.8,0.23,-0.18
122536,6423001,-42.259832,-55.874638,8.5,-1095,0.22210000000000002,33.6,-0.5700000000000001,21.8,29.200000000000003,0.24,-0.17
122536,6424252,-42.22088,-55.84465,7.6,-1103,0.2207,33.6,-0.56,22.,31.900000000000002,0.25,-0.15
122536,6424992,-42.198043,-55.827243,6.4,-1120,0.22460000000000002,33.7,-0.56,22.1,33.300000000000004,0.25,-0.13
122536,6425301,-42.188262,-55.820023,8.2,-1118,0.22310000000000002,33.7,-0.56,22.1,33.800000000000004,0.25,-0.13
122536,6426176,-42.160702,-55.799652,8.1,-1120,0.22610000000000002,33.7,-0.56,22.3,34.800000000000004,0.27,-0.11
122536,6426513,-42.149955,-55.79177,9.5,-1120,0.2233,33.7,-0.56,22.3,34.2,0.27,-0.11
122536,6427652,-42.113012,-55.763822,8.5,-1118,0.2349,33.7,-0.55,22.200000000000003,32.2,0.29,-0.08
122536,6428001,-42.101465,-55.7552,8.9,-1117,0.23290000000000002,33.7,-0.55,22.200000000000003,31.700000000000003,0.3,-0.08
122536,6428938,-42.070037,-55.731807,7.4,-1109,0.24380000000000002,33.7,-0.55,22.200000000000003,30.200000000000003,0.33,-0.06
122536,6429281,-42.058488,-55.723145,7.7,-1112,0.24070000000000003,33.7,-0.55,22.1,29.8,0.34,-0.05
122536,6430372,-42.020668,-55.695293,9.2,-1115,0.2371,33.800000000000004,-0.54,22.,29.200000000000003,0.39,-0.02
122536,6431443,-41.982052,-55.665817,8.9,-1098,0.22820000000000001,33.800000000000004,-0.53,22.,28.5,0.44,0.
122536,6432762,-41.93306,-55.627528,9.5,-1100,0.2273,33.9,-0.52,22.,28.400000000000002,0.47000000000000003,0.03
122536,6433971,-41.888407,-55.590913,9.4,-1094,0.2177,34.,-0.49,22.200000000000003,29.6,0.45,0.03
122536,6434282,-41.876737,-55.581432,10.4,-1094,0.2265,34.,-0.49,22.3,30.400000000000002,0.44,0.03
122536,6435102,-41.845697,-55.55594,8.8,-1092,0.2277,34.1,-0.47000000000000003,22.400000000000002,35.6,0.42,0.02
122536,6435413,-41.833907,-55.546218,9.2,-1091,0.226,34.1,-0.47000000000000003,22.5,36.9,0.41000000000000003,0.02
122536,6436562,-41.79023,-55.509843,8.8,-1092,0.2192,34.1,-0.45,22.6,30.8,0.38,0.
122536,6437003,-41.773375,-55.495798,9.2,-1099,0.2214,34.2,-0.44,22.6,28.400000000000002,0.38,0.
122536,6437672,-41.74704,-55.474323,10.4,-1104,0.2272,34.2,-0.43,22.8,28.5,0.38,-0.01
122536,6438091,-41.730382,-55.460932,10.2,-1103,0.22160000000000002,34.2,-0.43,22.8,29.400000000000002,0.38,-0.01
122536,6438368,-41.719295,-55.451973,9.8,-1102,0.2318,34.2,-0.42,22.900000000000002,29.5,0.39,-0.01
122536,6438369,-41.719295,-55.451973,9.8,-1102,0.2318,34.2,-0.42,22.900000000000002,29.5,0.39,-0.01
122536,6438380,-41.718792,-55.451585,10.5,-1102,0.2316,34.2,-0.42,22.900000000000002,29.5,0.39,-0.01
122536,6438389,-41.718433,-55.451305,10.9,-1102,0.2316,34.2,-0.42,22.900000000000002,29.5,0.39,-0.01
122536,6438400,-41.718003,-55.450943,9.8,-1102,0.2315,34.2,-0.42,22.900000000000002,29.5,0.39,-0.01
122536,6438408,-41.717643,-55.450655,10.5,-1102,0.23140000000000002,34.2,-0.42,22.900000000000002,29.5,0.39,-0.01
122536,6438449,-41.716062,-55.449395,10.2,-1102,0.231,34.2,-0.42,22.900000000000002,29.5,0.39,-0.01
122536,6438469,-41.715245,-55.448793,10.4,-1102,0.2308,34.2,-0.42,22.900000000000002,29.5,0.39,-0.01
122536,6438488,-41.714475,-55.44817,10.1,-1101,0.2306,34.2,-0.42,22.900000000000002,29.400000000000002,0.39,-0.01
122536,6438489,-41.714475,-55.44817,10.1,-1101,0.2306,34.2,-0.42,22.900000000000002,29.400000000000002,0.39,-0.01
122536,6438500,-41.71398,-55.447798,9.5,-1101,0.23040000000000002,34.2,-0.42,22.900000000000002,29.400000000000002,0.39,-0.01
122536,6438509,-41.713608,-55.447505,10.2,-1101,0.2303,34.2,-0.42,22.900000000000002,29.400000000000002,0.39,-0.01
122536,6438548,-41.71203,-55.446242,9.4,-1101,0.22990000000000002,34.2,-0.42,22.900000000000002,29.400000000000002,0.39,-0.01
122536,6438549,-41.71203,-55.446242,9.4,-1101,0.22990000000000002,34.2,-0.42,22.900000000000002,29.400000000000002,0.39,-0.01
122536,6438576,-41.71092,-55.445232,9.4,-1101,0.2296,34.2,-0.42,22.900000000000002,29.400000000000002,0.39,-0.01
122536,6438619,-41.709262,-55.443713,9.6,-1101,0.229,34.2,-0.42,22.900000000000002,29.3,0.39,-0.01
122536,6438842,-41.700733,-55.435905,9.4,-1100,0.23390000000000002,34.300000000000004,-0.42,23.,28.6,0.39,-0.02
122536,6439162,-41.688363,-55.424543,10.1,-1099,0.23320000000000002,34.300000000000004,-0.41000000000000003,23.,27.,0.38,-0.02
122536,6439472,-41.6761,-55.413638,10.7,-1106,0.2313,34.300000000000004,-0.41000000000000003,23.1,25.8,0.39,-0.02
122536,6440020,-41.65455,-55.394322,10.,-1105,0.22590000000000002,34.4,-0.4,23.3,25.200000000000003,0.41000000000000003,-0.03
122536,6440321,-41.642873,-55.383763,9.5,-1106,0.22890000000000002,34.4,-0.4,23.400000000000002,24.8,0.42,-0.04
122536,6440851,-41.622302,-55.36485,10.2,-1106,0.2278,34.4,-0.39,23.5,23.8,0.43,-0.05
122536,6441206,-41.608625,-55.352328,10.2,-1106,0.22710000000000002,34.4,-0.39,23.5,24.200000000000003,0.44,-0.06
122536,6441513,-41.596557,-55.34139,10.5,-1106,0.2243,34.4,-0.38,23.5,25.1,0.45,-0.07
122536,6441822,-41.584215,-55.33026,9.5,-1103,0.22740000000000002,34.4,-0.38,23.6,25.5,0.47000000000000003,-0.09
122536,6442515,-41.556953,-55.305888,10.,-1104,0.2283,34.4,-0.37,23.700000000000003,25.5,0.49,-0.12
122536,6442842,-41.543962,-55.294395,9.4,-1104,0.2273,34.4,-0.36,23.700000000000003,25.,0.5,-0.13
122536,6443372,-41.524653,-55.277377,10.1,-1104,0.22990000000000002,34.300000000000004,-0.36,23.700000000000003,24.400000000000002,0.52,-0.15
122536,6443712,-41.512395,-55.266515,9.5,-1104,0.22890000000000002,34.300000000000004,-0.35000000000000003,23.8,27.,0.53,-0.17
122536,6444022,-41.501237,-55.256542,8.3,-1103,0.22820000000000001,34.300000000000004,-0.35000000000000003,23.900000000000002,28.900000000000002,0.55,-0.19
122536,6444106,-41.49811,-55.253802,9.4,-1107,0.23040000000000002,34.300000000000004,-0.35000000000000003,23.900000000000002,29.400000000000002,0.55,-0.19
122536,6444110,-41.497953,-55.253682,9.7,-1107,0.23040000000000002,34.300000000000004,-0.35000000000000003,23.900000000000002,29.400000000000002,0.55,-0.19
122536,6444119,-41.497648,-55.253392,9.1,-1107,0.23040000000000002,34.300000000000004,-0.35000000000000003,23.900000000000002,29.400000000000002,0.55,-0.19
122536,6444150,-41.496558,-55.252398,10.,-1106,0.2303,34.4,-0.35000000000000003,23.900000000000002,29.5,0.55,-0.19
122536,6444170,-41.495845,-55.251758,9.2,-1106,0.23020000000000002,34.4,-0.35000000000000003,23.900000000000002,29.6,0.55,-0.2
122536,6444200,-41.494752,-55.2508,9.7,-1105,0.2301,34.4,-0.35000000000000003,23.900000000000002,29.700000000000003,0.56,-0.2
122536,6444210,-41.494387,-55.250482,9.7,-1105,0.2301,34.4,-0.35000000000000003,23.900000000000002,29.8,0.56,-0.2
122536,6444270,-41.492215,-55.248625,9.4,-1171,0.23800000000000002,34.4,-0.35000000000000003,23.900000000000002,30.,0.56,-0.2
122536,6444352,-41.489328,-55.246088,10.,-1169,0.2368,34.4,-0.34,23.900000000000002,30.200000000000003,0.56,-0.21
122536,6444380,-41.488275,-55.245127,9.2,-1169,0.2364,34.4,-0.34,23.900000000000002,30.3,0.56,-0.21
122536,6444430,-41.486495,-55.243538,8.6,-1167,0.23570000000000002,34.4,-0.34,24.,30.400000000000002,0.5700000000000001,-0.21
122536,6444431,-41.486495,-55.243538,8.6,-1167,0.23570000000000002,34.4,-0.34,24.,30.400000000000002,0.5700000000000001,-0.21
122536,6444440,-41.486145,-55.243185,9.9,-1167,0.2356,34.4,-0.34,24.,30.400000000000002,0.5700000000000001,-0.21
122536,6444500,-41.48407,-55.241142,9.3,-1166,0.2349,34.4,-0.34,24.,30.5,0.5700000000000001,-0.21
122536,6444509,-41.483747,-55.240852,9.2,-1166,0.2348,34.4,-0.34,24.,30.5,0.5700000000000001,-0.21
122536,6444550,-41.482327,-55.23949,9.1,-1165,0.2343,34.4,-0.34,24.,30.6,0.5700000000000001,-0.22
122536,6444551,-41.482327,-55.23949,9.1,-1165,0.2343,34.4,-0.34,24.,30.6,0.5700000000000001,-0.22
122536,6444569,-41.481673,-55.238847,9.3,-1164,0.2341,34.4,-0.34,24.,30.6,0.5700000000000001,-0.22
122536,6444679,-41.47775,-55.235143,9.2,-1162,0.233,34.4,-0.34,24.,30.700000000000003,0.5700000000000001,-0.22
122536,6444951,-41.4682,-55.22605,10.5,-1155,0.23090000000000002,34.4,-0.34,24.,30.5,0.58,-0.24
122536,6445381,-41.452912,-55.211375,9.1,-1143,0.2396,34.300000000000004,-0.34,24.1,29.,0.6,-0.26
122536,6445752,-41.439847,-55.198882,10.4,-1132,0.2533,34.300000000000004,-0.33,24.1,26.700000000000003,0.61,-0.27
122536,6446571,-41.410737,-55.171208,9.4,-1172,0.2574,34.4,-0.32,24.200000000000003,30.1,0.64,-0.3
122536,6446881,-41.399568,-55.16076,9.4,-1169,0.2546,34.4,-0.32,24.3,30.1,0.65,-0.32
122536,6447431,-41.379883,-55.142185,9.9,-1175,0.25520000000000004,34.5,-0.32,24.3,28.3,0.66,-0.33
122536,6448232,-41.350575,-55.114205,10.1,-1177,0.2579,34.5,-0.31,24.400000000000002,25.1,0.67,-0.36
122536,6449282,-41.311857,-55.077573,9.6,-1147,0.2541,34.5,-0.3,24.5,27.200000000000003,0.68,-0.38
122536,6449592,-41.300355,-55.067123,10.2,-1151,0.255,34.5,-0.29,24.5,26.400000000000002,0.68,-0.39
122536,6449981,-41.285887,-55.053712,10.4,-1154,0.2529,34.5,-0.29,24.6,24.400000000000002,0.68,-0.39
122536,6449982,-41.285887,-55.053712,10.4,-1154,0.2529,34.5,-0.29,24.6,24.400000000000002,0.68,-0.39
122536,6450000,-41.285207,-55.053058,9.7,-1154,0.253,34.5,-0.29,24.6,24.3,0.68,-0.4
122536,6450001,-41.285207,-55.053058,9.7,-1154,0.253,34.5,-0.29,24.6,24.3,0.68,-0.4
122536,6450020,-41.284468,-55.052418,9.5,-1154,0.2531,34.5,-0.29,24.6,24.200000000000003,0.68,-0.4
122536,6450021,-41.284468,-55.052418,9.5,-1154,0.2531,34.5,-0.29,24.6,24.200000000000003,0.68,-0.4
122536,6450041,-41.283698,-55.051675,9.7,-1154,0.2531,34.6,-0.29,24.6,24.1,0.68,-0.4
122536,6450042,-41.283698,-55.051675,9.7,-1154,0.2531,34.6,-0.29,24.6,24.1,0.68,-0.4
122536,6450060,-41.282977,-55.051055,9.8,-1154,0.25320000000000004,34.6,-0.29,24.6,23.900000000000002,0.68,-0.4
122536,6450120,-41.280717,-55.048992,9.6,-1155,0.2534,34.6,-0.29,24.6,23.5,0.68,-0.4
122536,6450141,-41.279983,-55.048318,10.2,-1155,0.2534,34.6,-0.29,24.6,23.400000000000002,0.68,-0.4
122536,6450310,-41.273553,-55.042417,9.4,-1156,0.25370000000000004,34.6,-0.28,24.6,23.,0.68,-0.4
122536,6450340,-41.272435,-55.041392,10.5,-1156,0.2494,34.6,-0.28,24.6,23.,0.68,-0.41000000000000003
122536,6450341,-41.272435,-55.041392,10.5,-1156,0.2494,34.6,-0.28,24.6,23.,0.68,-0.41000000000000003
122536,6450391,-41.270583,-55.03973,8.9,-1156,0.2497,34.6,-0.28,24.6,22.900000000000002,0.68,-0.41000000000000003
122536,6450422,-41.269447,-55.038672,9.6,-1156,0.24980000000000002,34.6,-0.28,24.6,23.1,0.68,-0.41000000000000003
122536,6450772,-41.256222,-55.026712,10.3,-1157,0.2514,34.6,-0.28,24.6,24.6,0.68,-0.41000000000000003
122536,6451263,-41.237828,-55.010342,10.3,-1140,0.2503,34.6,-0.27,24.6,26.700000000000003,0.67,-0.42
122536,6451472,-41.229855,-55.003303,9.5,-1143,0.24980000000000002,34.6,-0.27,24.6,27.6,0.67,-0.42
122536,6452540,-41.190063,-54.967582,9.1,-1119,0.2553,34.6,-0.26,24.700000000000003,31.3,0.63,-0.44
122536,6452980,-41.17341,-54.95281,9.5,-1127,0.2574,34.6,-0.25,24.700000000000003,29.8,0.62,-0.44
122536,6454122,-41.130617,-54.914678,9.4,-1099,0.2697,34.7,-0.24,24.8,28.,0.58,-0.45
122536,6455103,-41.094227,-54.881955,10.2,-1097,0.272,34.800000000000004,-0.23,24.900000000000002,31.5,0.53,-0.46
122536,6455412,-41.0827,-54.871525,9.1,-1103,0.2874,34.800000000000004,-0.23,24.900000000000002,31.700000000000003,0.52,-0.46
122536,6456693,-41.033728,-54.827088,9.8,-1120,0.28650000000000003,35.1,-0.23,25.1,31.8,0.46,-0.45
122536,6478199,-40.292837,-54.11424,9.6,-1107,0.2818,36.1,0.12,26.900000000000002,45.800000000000004,0.17,0.22
122536,6478259,-40.29071,-54.112465,10.5,-1107,0.3004,36.1,0.12,26.900000000000002,45.900000000000006,0.16,0.22
122536,6478280,-40.290002,-54.11172,8.5,-1107,0.3002,36.1,0.12,26.900000000000002,46.,0.16,0.22
122536,6478289,-40.289698,-54.111453,10.9,-1107,0.30010000000000003,36.1,0.12,26.900000000000002,46.,0.16,0.22
122536,6478312,-40.288878,-54.110915,8.3,-1107,0.2999,36.1,0.12,26.900000000000002,46.,0.16,0.21
122536,6478313,-40.288878,-54.110915,8.3,-1107,0.2999,36.1,0.12,26.900000000000002,46.,0.16,0.21
122536,6478357,-40.287292,-54.109685,8.9,-1107,0.2995,36.1,0.12,26.900000000000002,46.1,0.15,0.21
122536,6478360,-40.287237,-54.109613,8.1,-1107,0.2994,36.1,0.12,26.900000000000002,46.1,0.15,0.21
122536,6478409,-40.285548,-54.108078,9.2,-1107,0.2989,36.1,0.12,26.900000000000002,46.2,0.15,0.21
122536,6478441,-40.28443,-54.107205,9.3,-1106,0.29860000000000003,36.1,0.12,26.900000000000002,46.2,0.15,0.21
122536,6478460,-40.283722,-54.106678,9.2,-1106,0.2984,36.1,0.12,26.900000000000002,46.300000000000004,0.15,0.21
122536,6478461,-40.283722,-54.106678,9.2,-1106,0.2984,36.1,0.12,26.900000000000002,46.300000000000004,0.15,0.21
122536,6478501,-40.282315,-54.105547,10.5,-1106,0.2979,36.1,0.13,26.900000000000002,46.300000000000004,0.14,0.21
122536,6478510,-40.28202,-54.105298,8.2,-1106,0.2978,36.1,0.13,26.900000000000002,46.300000000000004,0.14,0.21
122536,6478550,-40.280615,-54.104052,8.9,-1106,0.2974,36.1,0.13,26.900000000000002,46.400000000000006,0.14,0.21
122536,6478569,-40.27992,-54.103418,9.4,-1106,0.29710000000000003,36.1,0.13,26.900000000000002,46.400000000000006,0.14,0.21
122536,6478570,-40.27992,-54.103418,9.4,-1106,0.29710000000000003,36.1,0.13,26.900000000000002,46.400000000000006,0.14,0.21
122536,6478581,-40.279515,-54.103112,9.3,-1106,0.29700000000000004,36.1,0.13,26.900000000000002,46.5,0.14,0.21
122536,6478610,-40.278465,-54.102335,10.1,-1106,0.2967,36.1,0.13,26.900000000000002,46.5,0.13,0.21
122536,6478630,-40.277735,-54.101767,8.6,-1106,0.2964,36.1,0.13,26.900000000000002,46.5,0.13,0.21
122536,6478641,-40.277343,-54.101433,9.9,-1106,0.2963,36.1,0.13,26.900000000000002,46.5,0.13,0.21
122536,6478670,-40.276338,-54.100553,9.9,-1105,0.2959,36.1,0.13,26.900000000000002,46.6,0.13,0.21
122536,6483959,-40.081808,-53.955985,9.2,-1118,0.2505,36.1,0.17,26.700000000000003,48.900000000000006,-0.14,0.2
122536,6484140,-40.074852,-53.951277,8.8,-1117,0.2525,36.1,0.17,26.700000000000003,49.2,-0.15,0.2
122536,6484150,-40.074437,-53.95096,10.2,-1117,0.2526,36.1,0.17,26.700000000000003,49.2,-0.15,0.2
122536,6484151,-40.074437,-53.95096,10.2,-1117,0.2526,36.1,0.17,26.700000000000003,49.2,-0.15,0.2
122536,6484171,-40.073683,-53.950463,8.6,-1117,0.2529,36.1,0.17,26.700000000000003,49.2,-0.15,0.2
122536,6484200,-40.07258,-53.94972,8.8,-1117,0.25320000000000004,36.1,0.17,26.700000000000003,49.300000000000004,-0.16,0.2
122536,6484220,-40.071773,-53.949157,9.5,-1117,0.2535,36.1,0.17,26.700000000000003,49.400000000000006,-0.16,0.2
122536,6484221,-40.071773,-53.949157,9.5,-1117,0.2535,36.1,0.17,26.700000000000003,49.400000000000006,-0.16,0.2
122536,6484311,-40.068443,-53.946777,9.2,-1117,0.2545,36.1,0.17,26.700000000000003,49.6,-0.16,0.2
122536,6484390,-40.065438,-53.944727,8.6,-1116,0.2555,36.1,0.17,26.700000000000003,49.800000000000004,-0.16,0.2
122536,6484391,-40.065438,-53.944727,8.6,-1116,0.2555,36.1,0.17,26.700000000000003,49.800000000000004,-0.16,0.2
122536,6484450,-40.063198,-53.943112,8.3,-1116,0.25630000000000003,36.1,0.17,26.700000000000003,50.,-0.17,0.2
122536,6484551,-40.059355,-53.940477,9.4,-1115,0.2576,36.1,0.17,26.700000000000003,50.300000000000004,-0.17,0.2
122536,6491492,-39.797397,-53.755367,10.1,-1100,0.264,36.,0.12,26.6,59.7,-0.48,0.18
122536,6496912,-39.58635,-53.612875,9.7,-1088,0.2543,35.9,0.05,26.5,48.,-0.43,0.07
122536,6501053,-39.420092,-53.5082,8.5,-1055,0.2525,35.800000000000004,-0.01,26.6,43.7,-0.24,-0.07
122536,6502151,-39.374593,-53.480215,8.7,-1080,0.2672,35.800000000000004,-0.02,26.700000000000003,40.1,-0.17,-0.11
122536,6503333,-39.32607,-53.450517,8.5,-1076,0.2679,35.800000000000004,-0.03,26.8,39.1,-0.1,-0.11
122536,6503763,-39.309093,-53.44005,9.6,-1074,0.267,35.800000000000004,-0.03,26.8,39.5,-0.07,-0.1
122536,6504773,-39.268363,-53.413198,10.1,-1060,0.26630000000000004,35.800000000000004,-0.03,26.900000000000002,42.2,0.01,-0.07
122536,6505712,-39.228953,-53.387423,10.8,-1060,0.26330000000000003,35.7,-0.03,26.900000000000002,44.800000000000004,0.09,0.
122536,6506172,-39.209105,-53.374915,11.,-1059,0.25570000000000004,35.7,-0.03,26.900000000000002,45.900000000000006,0.13,0.03
122536,6507152,-39.166705,-53.349258,10.8,-1051,0.2538,35.7,-0.03,26.8,50.7,0.17,0.13
122536,6507553,-39.14899,-53.338615,9.7,-1051,0.2513,35.800000000000004,-0.03,26.8,52.6,0.18,0.17
122536,6508103,-39.124335,-53.32393,11.7,-1062,0.26580000000000004,35.800000000000004,-0.03,26.8,55.1,0.21,0.23
122536,6508701,-39.096872,-53.307775,10.5,-1055,0.25420000000000004,35.800000000000004,-0.03,26.700000000000003,54.400000000000006,0.22,0.29
122536,6509531,-39.057673,-53.284135,11.3,-1056,0.2894,35.9,-0.02,26.6,52.6,0.24,0.37
122536,6510781,-38.999663,-53.249053,11.2,-1051,0.26080000000000003,35.9,0.,26.400000000000002,52.900000000000006,0.32,0.45
122536,6511181,-38.981075,-53.237347,12.3,-1053,0.2687,35.9,0.01,26.3,51.,0.35000000000000003,0.47000000000000003
122536,6512022,-38.94182,-53.213087,11.5,-1053,0.2536,35.9,0.03,26.200000000000003,47.800000000000004,0.42,0.5
122536,6514302,-38.839345,-53.148663,11.6,-1050,0.2495,35.9,0.09,26.200000000000003,45.5,0.56,0.49
122536,6514623,-38.825462,-53.140322,10.2,-1041,0.2492,35.9,0.1,26.3,43.300000000000004,0.58,0.48
122536,6515642,-38.781777,-53.11424,10.6,-1042,0.25880000000000003,36.,0.13,26.3,43.2,0.65,0.44
122536,6515961,-38.767793,-53.10566,11.5,-1043,0.256,36.,0.14,26.3,47.5,0.67,0.43
122536,6516891,-38.727287,-53.081233,9.9,-1038,0.26480000000000004,36.,0.16,26.200000000000003,61.5,0.72,0.38
122536,6517231,-38.712407,-53.07245,10.8,-1036,0.2641,36.,0.17,26.200000000000003,66.,0.73,0.37
122536,6518201,-38.669722,-53.047008,10.8,-1031,0.26480000000000004,36.,0.21,26.400000000000002,70.7,0.76,0.3
122536,6518502,-38.656642,-53.039152,10.8,-1035,0.2771,36.,0.22,26.400000000000002,70.5,0.77,0.29
122536,6519672,-38.605867,-53.008483,10.5,-1029,0.2785,36.,0.25,26.6,67.2,0.76,0.23
122536,6520772,-38.558793,-52.979722,9.4,-1038,0.2782,35.9,0.29,26.700000000000003,54.900000000000006,0.72,0.19
122536,6521152,-38.542685,-52.97003,10.6,-1036,0.27690000000000003,35.9,0.3,26.8,52.,0.6900000000000001,0.17
122536,6521863,-38.511952,-52.951897,9.6,-1032,0.2777,35.9,0.32,26.8,50.2,0.64,0.14
122536,6522191,-38.498047,-52.943518,10.2,-1039,0.2886,35.9,0.33,26.900000000000002,50.6,0.62,0.13
122536,6523372,-38.448892,-52.913747,10.2,-1043,0.2963,36.,0.36,26.900000000000002,51.7,0.54,0.1
122536,6523851,-38.428748,-52.902017,9.8,-1040,0.2899,36.,0.38,26.900000000000002,52.,0.51,0.08
122536,6524820,-38.389142,-52.87904,9.6,-1044,0.28850000000000003,36.1,0.4,26.900000000000002,51.400000000000006,0.45,0.06
122536,6525742,-38.3524,-52.855952,10.1,-1039,0.2828,36.1,0.42,26.8,49.,0.43,0.08
122536,6526051,-38.34023,-52.847388,9.9,-1038,0.28140000000000004,36.2,0.43,26.8,48.1,0.43,0.08
122536,6526719,-38.314065,-52.828307,9.6,-1045,0.29200000000000004,36.2,0.44,26.8,46.2,0.43,0.1
122536,6526729,-38.313673,-52.828025,10.1,-1045,0.2919,36.2,0.44,26.8,46.2,0.43,0.1
122536,6526730,-38.313673,-52.828025,10.1,-1045,0.2919,36.2,0.44,26.8,46.2,0.43,0.1
122536,6526739,-38.313282,-52.827748,9.7,-1045,0.2917,36.2,0.44,26.8,46.2,0.43,0.1
122536,6526740,-38.313282,-52.827748,9.7,-1045,0.2917,36.2,0.44,26.8,46.2,0.43,0.1
122536,6526770,-38.312082,-52.826875,10.4,-1045,0.2913,36.2,0.44,26.8,46.1,0.43,0.1
122536,6526771,-38.312082,-52.826875,10.4,-1045,0.2913,36.2,0.44,26.8,46.1,0.43,0.1
122536,6526779,-38.311698,-52.826592,10.5,-1045,0.2911,36.2,0.44,26.8,46.1,0.43,0.1
122536,6526780,-38.311698,-52.826592,10.5,-1045,0.2911,36.2,0.44,26.8,46.1,0.43,0.1
122536,6526819,-38.31012,-52.825492,8.9,-1045,0.2906,36.2,0.44,26.8,46.,0.43,0.11
122536,6526821,-38.31012,-52.825492,8.9,-1045,0.2906,36.2,0.44,26.8,46.,0.43,0.11
122536,6526839,-38.309352,-52.82495,11.1,-1045,0.2904,36.2,0.44,26.8,46.,0.43,0.11
122536,6526840,-38.309352,-52.82495,11.1,-1045,0.2904,36.2,0.44,26.8,46.,0.43,0.11
122536,6526901,-38.307013,-52.823218,9.3,-1044,0.2896,36.2,0.44,26.8,45.900000000000006,0.43,0.11
122536,6527031,-38.301843,-52.819417,9.5,-1044,0.2882,36.300000000000004,0.45,26.8,45.6,0.43,0.11
122536,6527032,-38.301843,-52.819417,9.5,-1044,0.2882,36.300000000000004,0.45,26.8,45.6,0.43,0.11
122536,6527322,-38.290488,-52.811272,10.1,-1043,0.3,36.300000000000004,0.45,26.900000000000002,44.900000000000006,0.43,0.13
122536,6527712,-38.273812,-52.803223,8.9,-1042,0.2988,36.300000000000004,0.46,26.900000000000002,43.800000000000004,0.44,0.14
122536,6528282,-38.24897,-52.793827,10.1,-1039,0.3055,36.300000000000004,0.47000000000000003,26.900000000000002,42.2,0.44,0.17
122536,6528952,-38.219808,-52.78235,10.,-1036,0.3154,36.300000000000004,0.48,27.,42.7,0.41000000000000003,0.19
122536,6529591,-38.191778,-52.77213,9.,-1033,0.3065,36.300000000000004,0.49,27.,44.1,0.37,0.21
122536,6530822,-38.137835,-52.752873,9.9,-1025,0.30560000000000004,36.300000000000004,0.51,27.,45.900000000000006,0.29,0.24
122536,6531251,-38.119102,-52.746187,9.7,-1012,0.2747,36.300000000000004,0.52,27.,46.1,0.27,0.24
122536,6532242,-38.076795,-52.72944,9.3,-1006,0.2758,36.300000000000004,0.53,27.,46.5,0.2,0.25
122536,6532571,-38.062657,-52.723887,10.1,-1006,0.27340000000000003,36.300000000000004,0.53,27.,46.5,0.18,0.25
122536,6532572,-38.062657,-52.723887,10.1,-1006,0.27340000000000003,36.300000000000004,0.53,27.,46.5,0.18,0.25
122536,6532621,-38.0605,-52.722978,9.8,-1006,0.2731,36.300000000000004,0.53,27.,46.5,0.18,0.25
122536,6532622,-38.0605,-52.722978,9.8,-1006,0.2731,36.300000000000004,0.53,27.,46.5,0.18,0.25
122536,6532701,-38.057105,-52.721602,9.6,-1006,0.2726,36.300000000000004,0.54,27.,46.5,0.18,0.25
122536,6532811,-38.052292,-52.719745,9.3,-1006,0.272,36.300000000000004,0.54,27.,46.5,0.17,0.24
122536,6532812,-38.052292,-52.719745,9.3,-1006,0.272,36.300000000000004,0.54,27.,46.5,0.17,0.24
122536,6532841,-38.05105,-52.719288,9.7,-1005,0.27190000000000003,36.300000000000004,0.54,27.,46.5,0.17,0.24
122536,6533122,-38.038868,-52.714577,10.2,-1005,0.27840000000000004,36.300000000000004,0.54,27.,46.300000000000004,0.15,0.24
122536,6533131,-38.038452,-52.714415,9.3,-1005,0.2783,36.300000000000004,0.54,27.,46.300000000000004,0.15,0.24
122536,6533421,-38.025897,-52.709667,9.5,-1004,0.2751,36.300000000000004,0.54,27.,46.2,0.13,0.23
122536,6533800,-38.00938,-52.703432,9.2,-1002,0.28200000000000003,36.300000000000004,0.55,27.,46.,0.11,0.22
122536,6534623,-37.973522,-52.690012,9.9,-997,0.28090000000000004,36.300000000000004,0.55,27.,46.300000000000004,0.07,0.19
122536,6534714,-37.969587,-52.688515,9.7,-997,0.28140000000000004,36.300000000000004,0.56,27.,46.400000000000006,0.07,0.18
122536,6535722,-37.924483,-52.686872,9.7,-993,0.2798,36.300000000000004,0.56,27.,47.5,0.04,0.14
122536,6536412,-37.89543,-52.698537,10.2,-982,0.2747,36.300000000000004,0.56,27.,48.2,0.03,0.12
122536,6536862,-37.877893,-52.70991,10.6,-973,0.2772,36.300000000000004,0.5700000000000001,27.,48.800000000000004,0.02,0.1
122536,6537163,-37.86649,-52.717932,9.9,-968,0.2675,36.4,0.5700000000000001,26.900000000000002,49.400000000000006,0.02,0.09
122536,6537533,-37.852757,-52.728655,9.7,-961,0.2615,36.4,0.5700000000000001,26.900000000000002,49.7,0.01,0.08
122536,6538202,-37.828287,-52.747237,8.8,-951,0.25,36.4,0.5700000000000001,27.,49.5,0.,0.07
122536,6538843,-37.804727,-52.765663,10.4,-944,0.2622,36.4,0.5700000000000001,27.,49.2,-0.02,0.06
122536,6539862,-37.767472,-52.79629,9.3,-932,0.2758,36.4,0.56,27.,50.400000000000006,-0.04,0.04
122536,6540692,-37.736593,-52.81989,8.9,-924,0.2654,36.4,0.56,27.,49.1,-0.07,0.04
122536,6541111,-37.721712,-52.8316,8.8,-920,0.264,36.4,0.55,27.,47.800000000000004,-0.08,0.05
122536,6542001,-37.690298,-52.858087,8.9,-906,0.2625,36.4,0.54,27.,44.400000000000006,-0.11,0.08
122536,6542351,-37.677778,-52.86829,8.9,-902,0.2605,36.4,0.54,27.,42.900000000000006,-0.12,0.09
122536,6566630,-36.828428,-53.628188,9.1,-272,0.28150000000000003,36.4,0.04,27.,35.1,-0.02,-0.08
122536,6566650,-36.827678,-53.62873,9.5,-271,0.2812,36.4,0.04,27.,35.,-0.02,-0.08
122536,6566651,-36.827678,-53.62873,9.5,-271,0.2812,36.4,0.04,27.,35.,-0.02,-0.08
122536,6566700,-36.825872,-53.630163,9.3,-270,0.2805,36.4,0.04,27.,34.800000000000004,-0.02,-0.09
122536,6566701,-36.825872,-53.630163,9.3,-270,0.2805,36.4,0.04,27.,34.800000000000004,-0.02,-0.09
122536,6566761,-36.823688,-53.631892,9.3,-268,0.2797,36.4,0.04,27.,34.6,-0.01,-0.09
122536,6566819,-36.82153,-53.633548,9.2,-267,0.2788,36.4,0.04,27.,34.4,-0.01,-0.09
122536,6566820,-36.82153,-53.633548,9.2,-267,0.2788,36.4,0.04,27.,34.4,-0.01,-0.09
122536,6567011,-36.814582,-53.638945,9.2,-262,0.276,36.4,0.04,27.,33.7,0.,-0.1
122536,6572331,-36.611763,-53.78192,9.7,-112,0.2508,36.4,0.13,26.900000000000002,30.700000000000003,0.42,-0.33
122536,6572380,-36.609752,-53.783295,9.8,-111,0.25120000000000003,36.4,0.14,26.900000000000002,30.700000000000003,0.43,-0.33
122536,6572381,-36.609752,-53.783295,9.8,-111,0.25120000000000003,36.4,0.14,26.900000000000002,30.700000000000003,0.43,-0.33
122536,6572592,-36.601562,-53.789187,9.9,-105,0.2529,36.4,0.14,27.,30.6,0.45,-0.34
122536,6580312,-36.298345,-54.015938,9.9,-20,0.2515,36.300000000000004,0.37,27.3,45.,0.47000000000000003,-0.27
122536,6585411,-36.108903,-54.182752,9.8,-7,0.2846,36.300000000000004,0.44,27.3,42.6,0.21,-0.06
122536,6585792,-36.09493,-54.195363,10.1,-7,0.2831,36.300000000000004,0.44,27.400000000000002,42.800000000000004,0.19,-0.05
122536,6586742,-36.060035,-54.226682,9.7,-8,0.2836,36.300000000000004,0.45,27.400000000000002,43.1,0.13,-0.02
122536,6587693,-36.02493,-54.25774,10.,-8,0.2877,36.300000000000004,0.45,27.400000000000002,43.1,0.07,0.01
122536,6589103,-35.971792,-54.301872,10.3,-10,0.3002,36.4,0.45,27.400000000000002,43.900000000000006,0.02,0.04
122536,6590261,-35.927338,-54.336698,10.,-11,0.298,36.4,0.45,27.3,45.800000000000004,-0.01,0.06
122536,6591191,-35.891887,-54.364848,9.4,-12,0.2911,36.4,0.45,27.3,47.6,-0.02,0.06
122536,6592331,-35.848628,-54.399318,9.8,-13,0.29150000000000004,36.4,0.44,27.3,49.400000000000006,-0.02,0.06
122536,6592693,-35.834773,-54.410288,9.7,-13,0.2901,36.300000000000004,0.44,27.3,49.6,-0.02,0.06
122536,6593033,-35.82193,-54.420708,9.7,-13,0.2897,36.300000000000004,0.44,27.3,49.6,-0.01,0.06
122536,6593443,-35.806428,-54.4332,9.7,-13,0.2918,36.300000000000004,0.44,27.3,49.7,-0.01,0.05
122536,6593622,-35.799705,-54.438673,9.7,-13,0.2933,36.300000000000004,0.44,27.3,49.800000000000004,0.,0.05
122536,6594382,-35.771473,-54.461353,9.7,-13,0.29650000000000004,36.300000000000004,0.43,27.3,50.2,0.01,0.05
122536,6595062,-35.74638,-54.481247,9.5,-13,0.2801,36.300000000000004,0.43,27.3,50.800000000000004,0.02,0.05
122536,6595512,-35.729733,-54.494158,9.9,-13,0.2816,36.300000000000004,0.43,27.3,50.5,0.02,0.05
122536,6596130,-35.706608,-54.5117,9.6,-13,0.2823,36.300000000000004,0.43,27.3,49.800000000000004,0.02,0.05
122536,6596541,-35.691205,-54.523032,9.6,-13,0.2807,36.300000000000004,0.43,27.3,49.2,0.03,0.06
122536,6597068,-35.67166,-54.537282,9.3,-13,0.2798,36.300000000000004,0.43,27.3,48.,0.02,0.06
122536,6597340,-35.661293,-54.545308,9.6,-13,0.27990000000000004,36.300000000000004,0.42,27.3,47.2,0.02,0.06
122536,6597662,-35.649418,-54.554715,9.6,-13,0.2795,36.300000000000004,0.42,27.3,46.5,0.01,0.06
122536,6597977,-35.638258,-54.564227,9.2,-13,0.27790000000000004,36.300000000000004,0.42,27.3,45.900000000000006,0.01,0.06
122536,6597982,-35.637852,-54.564577,9.7,-13,0.2778,36.300000000000004,0.42,27.3,45.900000000000006,0.01,0.06
122536,6598672,-35.613348,-54.585525,9.2,-13,0.271,36.300000000000004,0.42,27.3,44.900000000000006,-0.01,0.06
122536,6598926,-35.604827,-54.592978,8.6,-13,0.26980000000000004,36.300000000000004,0.42,27.3,44.6,-0.01,0.06
122536,6599260,-35.599722,-54.597468,9.2,-13,0.2697,36.300000000000004,0.42,27.3,44.400000000000006,-0.02,0.07
122536,6599873,-35.572297,-54.622028,9.5,-12,0.275,36.300000000000004,0.42,27.3,44.5,-0.05,0.07
122536,6599886,-35.571988,-54.622303,9.,-12,0.2751,36.300000000000004,0.42,27.3,44.5,-0.05,0.07
122536,6600182,-35.561788,-54.63176,9.5,-12,0.27390000000000003,36.300000000000004,0.42,27.3,45.,-0.07,0.07
122536,6600847,-35.539285,-54.65267,8.9,-12,0.28390000000000004,36.300000000000004,0.41000000000000003,27.3,45.800000000000004,-0.1,0.06
122536,6601151,-35.529342,-54.661987,8.3,-12,0.2862,36.300000000000004,0.41000000000000003,27.3,45.7,-0.11,0.06
122536,6601502,-35.518743,-54.672107,8.4,-12,0.2898,36.300000000000004,0.41000000000000003,27.3,45.400000000000006,-0.12,0.06
122536,6601757,-35.51112,-54.679435,8.4,-12,0.2912,36.300000000000004,0.41000000000000003,27.3,44.300000000000004,-0.14,0.06
122536,6602543,-35.487047,-54.702457,8.3,-11,0.3034,36.300000000000004,0.41000000000000003,27.3,40.,-0.18,0.05
122536,6602733,-35.48131,-54.7079,8.2,-11,0.3053,36.300000000000004,0.41000000000000003,27.3,38.800000000000004,-0.19,0.05
122536,6603638,-35.454252,-54.733097,8.,-10,0.31270000000000003,36.300000000000004,0.4,27.400000000000002,35.800000000000004,-0.24,0.05
122536,6603761,-35.450408,-54.736697,8.,-10,0.3124,36.300000000000004,0.4,27.400000000000002,35.800000000000004,-0.25,0.05
122536,6604112,-35.439803,-54.746455,8.2,-10,0.3106,36.300000000000004,0.4,27.400000000000002,36.,-0.27,0.04
122536,6604597,-35.425387,-54.75983,8.,-10,0.2817,36.300000000000004,0.4,27.400000000000002,38.300000000000004,-0.3,0.04
122536,6604992,-35.413127,-54.770917,8.2,-9,0.3005,36.300000000000004,0.39,27.400000000000002,39.7,-0.32,0.04
122536,6605321,-35.403115,-54.780087,8.1,-9,0.2984,36.300000000000004,0.39,27.400000000000002,40.6,-0.34,0.04
122536,6605545,-35.39642,-54.786272,8.1,-9,0.2978,36.300000000000004,0.39,27.400000000000002,41.,-0.35000000000000003,0.04
122536,6606442,-35.369018,-54.810845,8.1,-9,0.2924,36.300000000000004,0.38,27.400000000000002,39.900000000000006,-0.41000000000000003,0.04
122536,6606507,-35.36718,-54.812492,8.4,-9,0.2919,36.300000000000004,0.38,27.400000000000002,39.6,-0.41000000000000003,0.04
122536,6607448,-35.337988,-54.837643,8.3,-9,0.2846,36.300000000000004,0.37,27.400000000000002,36.300000000000004,-0.45,0.04
122536,6607873,-35.324333,-54.849075,8.3,-8,0.2844,36.300000000000004,0.37,27.400000000000002,34.9,-0.47000000000000003,0.04
122536,6608192,-35.314407,-54.857545,7.6,-7,0.281,36.300000000000004,0.36,27.3,33.9,-0.48,0.04
122536,6608398,-35.308622,-54.862548,7.4,-7,0.2787,36.300000000000004,0.36,27.3,33.4,-0.49,0.04
122536,6609350,-35.28436,-54.883953,7.3,-7,0.2707,36.300000000000004,0.35000000000000003,27.3,31.5,-0.53,0.04
122536,6609509,-35.279787,-54.888208,7.2,-7,0.27030000000000004,36.300000000000004,0.35000000000000003,27.3,31.400000000000002,-0.54,0.04
122536,6609510,-35.279787,-54.888208,7.2,-7,0.27030000000000004,36.300000000000004,0.35000000000000003,27.3,31.400000000000002,-0.54,0.04
122536,6609551,-35.27867,-54.889158,7.2,-7,0.2702,36.300000000000004,0.35000000000000003,27.3,31.3,-0.54,0.04
122536,6609971,-35.267202,-54.899725,7.4,-6,0.2687,36.300000000000004,0.34,27.3,30.700000000000003,-0.53,0.05
122536,6610283,-35.258643,-54.907512,7.4,-6,0.2671,36.300000000000004,0.34,27.3,30.3,-0.53,0.05
122536,6610363,-35.256492,-54.909515,7.4,-6,0.2666,36.300000000000004,0.34,27.3,30.200000000000003,-0.53,0.05
122536,6610646,-35.249192,-54.916127,6.7,-5,0.2753,36.300000000000004,0.33,27.3,29.700000000000003,-0.53,0.05
122536,6610671,-35.24843,-54.916833,6.7,-6,0.2651,36.300000000000004,0.33,27.3,29.700000000000003,-0.53,0.05
122536,6611242,-35.234047,-54.929995,6.8,-6,0.26980000000000004,36.300000000000004,0.33,27.3,28.8,-0.52,0.05
122536,6611245,-35.234047,-54.929995,6.8,-6,0.26980000000000004,36.300000000000004,0.33,27.3,28.8,-0.52,0.05
122536,6611552,-35.226343,-54.93708,6.6,-5,0.2721,36.300000000000004,0.32,27.3,28.400000000000002,-0.52,0.05
122536,6611602,-35.225135,-54.938218,6.7,-5,0.2725,36.300000000000004,0.32,27.3,28.3,-0.52,0.05
122536,6612187,-35.210597,-54.951867,6.8,-5,0.27640000000000003,36.300000000000004,0.32,27.3,27.3,-0.53,0.05
122536,6612712,-35.195325,-54.960648,6.8,-5,0.2798,36.300000000000004,0.31,27.200000000000003,27.,-0.52,0.05
122536,6612883,-35.19032,-54.963567,7.1,-5,0.2808,36.300000000000004,0.31,27.200000000000003,27.400000000000002,-0.51,0.05
122536,6613032,-35.186082,-54.966508,7.,-5,0.28150000000000003,36.300000000000004,0.31,27.200000000000003,27.700000000000003,-0.51,0.06
122536,6613106,-35.184132,-54.967835,6.9,-5,0.2818,36.300000000000004,0.3,27.200000000000003,27.900000000000002,-0.5,0.06
122536,6613892,-35.165052,-54.982102,5.3,-3,0.2786,36.4,0.3,27.200000000000003,29.5,-0.47000000000000003,0.07
122536,6614027,-35.162167,-54.984183,5.7,-3,0.27890000000000004,36.4,0.3,27.200000000000003,29.700000000000003,-0.47000000000000003,0.07
122536,6614202,-35.158275,-54.987163,5.4,-3,0.27940000000000004,36.4,0.29,27.200000000000003,30.1,-0.46,0.07
122536,6614966,-35.145792,-54.996703,3.3,-3,0.28040000000000004,36.4,0.29,27.200000000000003,31.200000000000003,-0.45,0.07
122536,6615148,-35.142932,-54.998602,3.6,-3,0.2805,36.4,0.29,27.200000000000003,31.400000000000002,-0.44,0.07
122536,6615169,-35.142628,-54.998858,3.4,-3,0.2805,36.4,0.29,27.200000000000003,31.400000000000002,-0.44,0.07
122536,6615170,-35.142628,-54.998858,3.4,-3,0.2805,36.4,0.29,27.200000000000003,31.400000000000002,-0.44,0.07
122536,6615189,-35.142353,-54.999097,3.9,-3,0.2805,36.4,0.29,27.200000000000003,31.5,-0.44,0.07
122536,6615218,-35.141923,-54.999463,3.9,-3,0.2805,36.4,0.29,27.200000000000003,31.5,-0.44,0.07
122536,6615219,-35.141923,-54.999463,3.9,-3,0.2805,36.4,0.29,27.200000000000003,31.5,-0.44,0.07
122536,6615221,-35.141923,-54.999463,3.9,-3,0.2805,36.4,0.29,27.200000000000003,31.5,-0.44,0.07
122536,6615239,-35.141603,-54.999672,3.5,-3,0.2805,36.4,0.29,27.200000000000003,31.5,-0.44,0.07
122536,6615240,-35.141603,-54.999672,3.5,-3,0.2805,36.4,0.29,27.200000000000003,31.5,-0.44,0.07
122536,6615249,-35.141455,-54.99976,3.8,-3,0.2806,36.4,0.29,27.200000000000003,31.5,-0.44,0.07
122536,6615258,-35.141312,-54.999843,3.8,-3,0.2806,36.4,0.29,27.200000000000003,31.6,-0.44,0.07
122536,6615259,-35.141312,-54.999843,3.8,-3,0.2806,36.4,0.29,27.200000000000003,31.6,-0.44,0.07
122536,6615369,-35.13958,-55.001,3.7,-4,0.28700000000000003,36.4,0.29,27.200000000000003,31.700000000000003,-0.44,0.08
122536,6615429,-35.138672,-55.001693,3.9,-4,0.28700000000000003,36.4,0.29,27.200000000000003,31.8,-0.44,0.08
122536,6615459,-35.138238,-55.002047,3.7,-4,0.28700000000000003,36.4,0.29,27.200000000000003,31.8,-0.44,0.08
122536,6615499,-35.13767,-55.002452,3.7,-4,0.28700000000000003,36.4,0.29,27.200000000000003,31.900000000000002,-0.43,0.08
122536,6615549,-35.13692,-55.003002,3.6,-4,0.2871,36.4,0.29,27.200000000000003,32.,-0.43,0.08
122536,6615559,-35.13675,-55.003122,3.8,-4,0.2871,36.4,0.29,27.200000000000003,32.,-0.43,0.08
122536,6615560,-35.13675,-55.003122,3.8,-4,0.2871,36.4,0.29,27.200000000000003,32.,-0.43,0.08
122536,6615619,-35.135872,-55.003795,3.8,-4,0.2871,36.4,0.29,27.200000000000003,32.1,-0.43,0.08
122536,6615620,-35.135872,-55.003795,3.8,-4,0.2871,36.4,0.29,27.200000000000003,32.1,-0.43,0.08
122536,6615643,-35.135573,-55.004042,3.9,-4,0.2871,36.4,0.29,27.200000000000003,32.1,-0.43,0.08
122536,6615646,-35.135573,-55.004042,3.9,-4,0.2871,36.4,0.29,27.200000000000003,32.1,-0.43,0.08
122536,6615906,-35.131645,-55.006922,3.8,-4,0.2873,36.4,0.28,27.200000000000003,32.4,-0.43,0.08
122536,6616303,-35.125745,-55.011295,3.3,-4,0.2873,36.4,0.28,27.1,33.,-0.42,0.08
122536,6616631,-35.12092,-55.014878,3.5,-4,0.2851,36.4,0.28,27.1,33.4,-0.41000000000000003,0.08
122536,6616864,-35.117537,-55.017377,3.3,-4,0.2856,36.4,0.28,27.1,33.6,-0.41000000000000003,0.08
122536,6617683,-35.10574,-55.025923,3.4,-4,0.2869,36.4,0.28,27.1,33.800000000000004,-0.39,0.08
122536,6617982,-35.1016,-55.029058,3.5,-4,0.2871,36.4,0.28,27.1,33.9,-0.38,0.08
122536,6618102,-35.10014,-55.030655,3.6,-4,0.2873,36.4,0.28,27.1,33.9,-0.38,0.08
122536,6618691,-35.095938,-55.040435,4.,-3,0.2884,36.4,0.27,27.1,34.,-0.38,0.08
122536,6619101,-35.092368,-55.049455,4.6,-3,0.2837,36.4,0.27,27.1,34.1,-0.37,0.08
122536,6619911,-35.083493,-55.067198,4.7,-3,0.2842,36.4,0.27,27.1,34.4,-0.36,0.09
122536,6620232,-35.080365,-55.072832,2.4,-1,0.2904,36.4,0.27,27.1,34.4,-0.35000000000000003,0.09
122536,6621040,-35.071817,-55.085915,3.8,-3,0.2847,36.4,0.27,27.1,34.5,-0.33,0.09
122536,6621050,-35.071678,-55.086068,3.7,-3,0.2848,36.4,0.27,27.1,34.5,-0.33,0.09
122536,6621051,-35.071678,-55.086068,3.7,-3,0.2848,36.4,0.27,27.1,34.5,-0.33,0.09
122536,6621170,-35.07036,-55.088105,3.7,-3,0.28500000000000003,36.4,0.27,27.1,34.5,-0.33,0.09
122536,6621171,-35.07036,-55.088105,3.7,-3,0.28500000000000003,36.4,0.27,27.1,34.5,-0.33,0.09
122536,6621400,-35.067388,-55.091785,4.2,-3,0.2854,36.4,0.27,27.1,34.6,-0.33,0.09
122536,6621420,-35.067125,-55.092117,4.4,-3,0.28550000000000003,36.4,0.27,27.1,34.6,-0.33,0.09
122536,6621422,-35.067125,-55.092117,4.4,-3,0.28550000000000003,36.4,0.27,27.1,34.6,-0.33,0.09
122536,6621480,-35.066322,-55.093162,4.4,-3,0.2856,36.4,0.27,27.1,34.6,-0.32,0.09
122536,6621803,-35.062735,-55.099568,4.4,-3,0.2863,36.4,0.27,27.1,34.6,-0.32,0.09
122536,6622482,-35.055082,-55.114195,4.8,-3,0.2874,36.4,0.27,27.1,34.6,-0.3,0.08
122536,6623243,-35.047448,-55.136418,5.5,-3,0.28390000000000004,36.4,0.26,27.1,34.800000000000004,-0.28,0.08
122536,6623842,-35.046025,-55.154153,5.,-2,0.2843,36.4,0.26,27.1,35.,-0.27,0.08
122536,6623954,-35.045852,-55.157312,4.8,-2,0.2843,36.4,0.26,27.1,35.1,-0.27,0.08
122536,6624934,-35.04372,-55.179788,3.7,-3,0.28300000000000003,36.4,0.26,27.1,35.4,-0.26,0.08
122536,6624970,-35.043628,-55.180655,3.8,-3,0.2828,36.4,0.26,27.1,35.4,-0.26,0.08
122536,6625856,-35.041215,-55.20024,3.9,-3,0.2903,36.4,0.26,27.1,35.6,-0.25,0.07
122536,6626048,-35.04058,-55.204568,4.,-3,0.2911,36.4,0.26,27.1,35.7,-0.24,0.07
122536,6626204,-35.040023,-55.208308,4.3,-3,0.2918,36.4,0.26,27.1,35.7,-0.24,0.07
122536,6626785,-35.037322,-55.221572,4.2,-3,0.2808,36.4,0.26,27.1,35.7,-0.23,0.07
122536,6627026,-35.036207,-55.226945,4.1,-3,0.2821,36.4,0.26,27.1,35.7,-0.22,0.07
122536,6627564,-35.033308,-55.239308,4.4,-3,0.2848,36.4,0.26,27.1,35.7,-0.21,0.07
122536,6627729,-35.032328,-55.243022,4.3,-3,0.2856,36.4,0.26,27.1,35.7,-0.21,0.07
122536,6628634,-35.026942,-55.265282,6.,-3,0.274,36.4,0.25,27.1,35.7,-0.19,0.06
122536,6628743,-35.02624,-55.26888,6.1,-3,0.27440000000000003,36.4,0.25,27.1,35.7,-0.18,0.06
122536,6629537,-35.021123,-55.295322,6.1,-3,0.2742,36.4,0.25,27.1,35.4,-0.16,0.05
122536,6630493,-35.01622,-55.327595,6.1,-3,0.2746,36.4,0.25,27.1,35.,-0.13,0.05
122536,6630613,-35.01559,-55.331613,6.1,-3,0.2747,36.4,0.25,27.1,34.9,-0.13,0.05
122536,6631423,-35.011102,-55.358348,6.,-3,0.277,36.4,0.25,27.1,34.5,-0.1,0.04
122536,6632343,-35.006042,-55.386297,3.9,-3,0.2816,36.4,0.25,27.1,34.,-0.09,0.03
122536,6633264,-35.004633,-55.40889,4.4,-3,0.2781,36.4,0.25,27.200000000000003,33.6,-0.08,0.02
122536,6634215,-35.004482,-55.434145,4.8,-3,0.2878,36.4,0.25,27.200000000000003,33.1,-0.07,0.02
122536,6635136,-35.004602,-55.458462,4.7,-3,0.29760000000000003,36.4,0.25,27.200000000000003,33.,-0.07,0.02
122536,6635156,-35.004617,-55.458997,4.6,-3,0.2975,36.4,0.25,27.200000000000003,33.,-0.07,0.02
122536,6636064,-35.005015,-55.483573,5.,-3,0.29550000000000004,36.4,0.25,27.3,33.,-0.07,0.03
122536,6637017,-35.0054,-55.510413,5.1,-3,0.29460000000000003,36.4,0.25,27.3,33.,-0.07,0.04
122536,6637925,-35.006153,-55.53623,5.2,-3,0.2936,36.4,0.25,27.3,33.1,-0.07,0.05
122536,6638834,-35.007342,-55.562783,5.3,-3,0.2949,36.4,0.24,27.3,33.2,-0.08,0.07
122536,6639773,-35.008715,-55.591032,5.4,-3,0.2944,36.4,0.24,27.3,33.300000000000004,-0.08,0.1
122536,6640687,-35.009688,-55.618855,5.5,-3,0.2922,36.4,0.24,27.3,33.5,-0.08,0.12
122536,6641597,-35.01042,-55.647233,5.6,-3,0.2902,36.4,0.24,27.3,33.7,-0.08,0.13
122536,6642525,-35.011183,-55.676462,5.5,-3,0.2867,36.4,0.24,27.200000000000003,34.,-0.08,0.15
122536,6643375,-35.012005,-55.70308,5.5,-3,0.2868,36.5,0.24,27.200000000000003,33.800000000000004,-0.07,0.16
122536,6643466,-35.01214,-55.705905,5.5,-3,0.2868,36.5,0.24,27.200000000000003,33.800000000000004,-0.07,0.16
122536,6644283,-35.01282,-55.73173,5.7,-3,0.2822,36.5,0.23,27.200000000000003,33.6,-0.07,0.16
122536,6644375,-35.012603,-55.734597,5.8,-3,0.2821,36.5,0.23,27.200000000000003,33.6,-0.06,0.16
122536,6645277,-35.010823,-55.76335,5.6,-3,0.2772,36.5,0.23,27.200000000000003,33.4,-0.06,0.17
122536,6645686,-35.009988,-55.776613,5.8,-3,0.2785,36.5,0.23,27.3,33.6,-0.06,0.16
122536,6646186,-35.00916,-55.792902,5.8,-3,0.2776,36.5,0.22,27.3,33.800000000000004,-0.06,0.16
122536,6646627,-35.008482,-55.807252,5.8,-3,0.27840000000000004,36.5,0.22,27.3,34.,-0.06,0.15
122536,6647107,-35.007727,-55.82303,6.,-3,0.2792,36.5,0.22,27.3,34.2,-0.05,0.15
122536,6647555,-35.007133,-55.838033,6.1,-3,0.277,36.5,0.22,27.3,34.4,-0.05,0.14
122536,6648029,-35.0066,-55.853953,6.1,-3,0.27740000000000004,36.5,0.21,27.3,34.2,-0.05,0.13
122536,6648514,-35.006025,-55.870518,6.,-3,0.2778,36.5,0.21,27.3,34.,-0.05,0.13
122536,6648938,-35.005617,-55.884747,5.4,-3,0.2751,36.5,0.21,27.3,33.9,-0.06,0.12
122536,6649534,-35.004887,-55.901655,4.9,-3,0.2746,36.5,0.21,27.3,33.7,-0.06,0.12
122536,6649862,-35.004417,-55.910555,4.9,-3,0.27440000000000003,36.5,0.2,27.3,33.6,-0.06,0.11
122536,6650616,-35.003502,-55.931743,5.1,-3,0.2777,36.5,0.2,27.3,33.4,-0.06,0.11
122536,6650768,-35.003338,-55.935987,5.1,-3,0.2783,36.5,0.2,27.3,33.4,-0.06,0.1
122536,6651593,-35.002518,-55.957908,3.,-3,0.2813,36.5,0.2,27.3,33.2,-0.06,0.09
122536,6651717,-35.002067,-55.95985,2.9,-3,0.2783,36.5,0.2,27.3,33.2,-0.06,0.09
122536,6652505,-35.000975,-55.975147,5.2,-3,0.28240000000000004,36.5,0.19,27.3,33.1,-0.07,0.09
122536,6652653,-35.001282,-55.979652,5.4,-3,0.28350000000000003,36.5,0.19,27.3,33.1,-0.07,0.08
122536,6653495,-35.002622,-56.005668,5.6,-2,0.27540000000000003,36.5,0.19,27.3,33.,-0.07,0.07
122536,6653554,-35.00268,-56.007527,5.6,-2,0.276,36.5,0.19,27.3,33.,-0.08,0.07
122536,6654427,-35.004293,-56.035565,6.5,-2,0.28390000000000004,36.5,0.19,27.3,33.2,-0.09,0.04
122536,6654475,-35.00442,-56.037263,6.5,-2,0.2844,36.5,0.19,27.3,33.2,-0.09,0.04
122536,6654916,-35.005103,-56.05375,6.5,-2,0.27890000000000004,36.5,0.19,27.3,33.300000000000004,-0.09,0.03
122536,6654986,-35.005192,-56.056253,6.4,-2,0.2793,36.5,0.19,27.3,33.4,-0.09,0.03
122536,6655015,-35.005242,-56.057387,6.5,-2,0.2795,36.5,0.19,27.3,33.4,-0.1,0.03
122536,6655016,-35.005242,-56.057387,6.5,-2,0.2795,36.5,0.19,27.3,33.4,-0.1,0.03
122536,6655044,-35.005225,-56.05844,6.5,-2,0.2796,36.5,0.19,27.3,33.4,-0.1,0.03
122536,6655045,-35.005225,-56.05844,6.5,-2,0.2796,36.5,0.19,27.3,33.4,-0.1,0.03
122536,6655075,-35.00525,-56.059573,6.5,-2,0.2798,36.5,0.19,27.3,33.4,-0.1,0.02
122536,6655076,-35.00525,-56.059573,6.5,-2,0.2798,36.5,0.19,27.3,33.4,-0.1,0.02
122536,6655118,-35.005318,-56.061082,6.5,-2,0.28,36.5,0.19,27.3,33.4,-0.1,0.02
122536,6655119,-35.005318,-56.061082,6.5,-2,0.28,36.5,0.19,27.3,33.4,-0.1,0.02
122536,6655138,-35.005317,-56.061772,6.5,-2,0.2801,36.5,0.19,27.3,33.4,-0.1,0.02
122536,6655237,-35.005395,-56.065428,6.5,-2,0.2806,36.5,0.19,27.3,33.4,-0.1,0.02
122536,6655238,-35.005395,-56.065428,6.5,-2,0.2806,36.5,0.19,27.3,33.4,-0.1,0.02
122536,6655249,-35.005415,-56.065765,6.5,-2,0.2806,36.5,0.19,27.3,33.4,-0.1,0.02
122536,6655266,-35.005458,-56.066535,6.5,-2,0.2808,36.5,0.19,27.3,33.4,-0.1,0.02
122536,6655267,-35.005458,-56.066535,6.5,-2,0.2808,36.5,0.19,27.3,33.4,-0.1,0.02
122536,6655286,-35.005515,-56.06719,6.3,-2,0.28090000000000004,36.5,0.19,27.3,33.5,-0.1,0.02
122536,6655298,-35.005662,-56.067627,5.9,-2,0.28090000000000004,36.5,0.19,27.3,33.5,-0.1,0.02
122536,6655299,-35.005662,-56.067627,5.9,-2,0.28090000000000004,36.5,0.19,27.3,33.5,-0.1,0.02
122536,6655308,-35.005823,-56.067918,5.5,-2,0.281,36.5,0.19,27.3,33.5,-0.1,0.02
122536,6655310,-35.005823,-56.067918,5.5,-2,0.281,36.5,0.19,27.3,33.5,-0.1,0.02
122536,6655319,-35.006002,-56.068137,5.1,-2,0.281,36.5,0.19,27.3,33.5,-0.1,0.02
122536,6655320,-35.006002,-56.068137,5.1,-2,0.281,36.5,0.19,27.3,33.5,-0.1,0.02
122536,6655326,-35.006133,-56.068257,5.,-2,0.281,36.5,0.19,27.3,33.5,-0.1,0.02
122536,6655335,-35.006133,-56.068257,5.,-2,0.281,36.5,0.19,27.3,33.5,-0.1,0.02
122536,6655339,-35.006365,-56.068408,4.7,-2,0.281,36.5,0.19,27.3,33.5,-0.1,0.02
122536,6655340,-35.006365,-56.068408,4.7,-2,0.281,36.5,0.19,27.3,33.5,-0.1,0.02
122536,6655351,-35.006585,-56.06851,4.5,-2,0.281,36.5,0.19,27.3,33.5,-0.1,0.02
122536,6655352,-35.006585,-56.06851,4.5,-2,0.281,36.5,0.19,27.3,33.5,-0.1,0.02
122536,6655353,-35.006643,-56.068537,4.4,-2,0.281,36.5,0.19,27.3,33.5,-0.1,0.02
122536,6655359,-35.006763,-56.068588,4.5,-2,0.2811,36.5,0.19,27.3,33.5,-0.1,0.02
122536,6655363,-35.006827,-56.06862,4.6,-2,0.2811,36.5,0.19,27.3,33.5,-0.1,0.02
122536,6655366,-35.006902,-56.068648,4.7,-2,0.2811,36.5,0.19,27.3,33.5,-0.1,0.02
122536,6655367,-35.006902,-56.068648,4.7,-2,0.2811,36.5,0.19,27.3,33.5,-0.1,0.02
122536,6655370,-35.006987,-56.068687,4.7,-2,0.2811,36.5,0.19,27.3,33.5,-0.1,0.02
122536,6655373,-35.00705,-56.068715,4.7,-2,0.2811,36.5,0.19,27.3,33.5,-0.1,0.02
122536,6655376,-35.006902,-56.068648,4.7,-2,0.2811,36.5,0.19,27.3,33.5,-0.1,0.02
122536,6655377,-35.007113,-56.068745,4.8,-2,0.2811,36.5,0.19,27.3,33.5,-0.1,0.02
122536,6655386,-35.007353,-56.068852,5.,-2,0.2811,36.5,0.19,27.3,33.5,-0.1,0.02
122536,6655387,-35.007353,-56.068852,5.,-2,0.2811,36.5,0.19,27.3,33.5,-0.1,0.02
122536,6655388,-35.007353,-56.068852,5.,-2,0.2811,36.5,0.19,27.3,33.5,-0.1,0.02
122536,6655426,-35.008232,-56.069215,5.3,-2,0.2812,36.5,0.19,27.3,33.5,-0.1,0.02
122536,6655427,-35.008232,-56.069215,5.3,-2,0.2812,36.5,0.19,27.3,33.5,-0.1,0.02
122536,6655430,-35.008232,-56.069215,5.3,-2,0.2812,36.5,0.19,27.3,33.5,-0.1,0.02
122536,6655436,-35.008462,-56.069308,5.3,-2,0.2812,36.5,0.19,27.3,33.5,-0.1,0.02
122536,6655437,-35.008462,-56.069308,5.3,-2,0.2812,36.5,0.19,27.3,33.5,-0.1,0.02
122536,6655447,-35.008712,-56.069398,5.4,-2,0.2812,36.5,0.19,27.3,33.5,-0.1,0.02
122536,6655448,-35.008712,-56.069398,5.4,-2,0.2812,36.5,0.19,27.3,33.5,-0.1,0.02
122536,6656275,-35.023777,-56.093342,7.9,-2,0.27940000000000004,36.5,0.19,27.3,34.,-0.12,-0.01
122536,6656303,-35.023975,-56.094637,7.9,-2,0.2796,36.5,0.19,27.3,34.,-0.12,-0.01
122536,6657224,-35.024333,-56.136318,8.,-1,0.2808,36.5,0.19,27.3,34.7,-0.14,-0.05
122536,6657229,-35.024333,-56.136318,8.,-1,0.2808,36.5,0.19,27.3,34.7,-0.14,-0.05
122536,6658133,-35.020597,-56.168957,5.2,-1,0.27790000000000004,36.5,0.19,27.400000000000002,35.,-0.14,-0.07
122536,6658393,-35.019948,-56.176488,5.1,-1,0.2811,36.4,0.19,27.400000000000002,35.,-0.15,-0.07
122536,6659039,-35.018847,-56.188198,1.5,-1,0.2861,36.4,0.19,27.3,35.,-0.15,-0.08
122536,6659307,-35.019075,-56.189908,1.1,-1,0.2868,36.4,0.19,27.3,35.,-0.15,-0.08
122536,6659955,-35.020583,-56.19492,1.6,-1,0.28900000000000003,36.4,0.19,27.3,35.,-0.15,-0.08
122536,6660447,-35.016108,-56.197383,3.8,-1,0.29000000000000004,36.4,0.19,27.3,35.,-0.15,-0.08
122536,6660546,-35.014192,-56.197742,3.9,-1,0.2902,36.4,0.19,27.3,35.,-0.15,-0.08
122536,6660609,-35.013155,-56.197887,3.9,-1,0.2903,36.4,0.19,27.3,35.,-0.15,-0.08
122536,6660610,-35.013155,-56.197887,3.9,-1,0.2903,36.4,0.19,27.3,35.,-0.15,-0.08
122536,6660666,-35.012067,-56.198037,3.9,-1,0.2903,36.4,0.19,27.3,35.,-0.15,-0.08
122536,6660667,-35.012067,-56.198037,3.9,-1,0.2903,36.4,0.19,27.3,35.,-0.15,-0.08
122536,6660774,-35.010207,-56.19861,4.2,-1,0.2906,36.4,0.19,27.3,35.,-0.15,-0.08
122536,6660775,-35.010207,-56.19861,4.2,-1,0.2906,36.4,0.19,27.3,35.,-0.15,-0.08
122536,6660776,-35.010207,-56.19861,4.2,-1,0.2906,36.4,0.19,27.3,35.,-0.15,-0.08
122536,6660777,-35.01016,-56.198658,4.2,-1,0.2906,36.4,0.19,27.3,35.,-0.15,-0.08
122536,6660788,-35.009998,-56.198835,4.3,-1,0.2907,36.4,0.19,27.3,35.,-0.15,-0.08
122536,6660793,-35.009927,-56.198957,4.4,-1,0.2907,36.4,0.19,27.3,35.,-0.15,-0.08
122536,6660794,-35.009927,-56.198957,4.4,-1,0.2907,36.4,0.19,27.3,35.,-0.15,-0.08
122536,6660816,-35.009713,-56.19949,4.3,-1,0.29100000000000004,36.4,0.19,27.3,35.,-0.15,-0.08
122536,6660817,-35.009713,-56.19949,4.3,-1,0.29100000000000004,36.4,0.19,27.3,35.,-0.15,-0.08
122536,6660820,-35.009713,-56.19949,4.3,-1,0.29100000000000004,36.4,0.19,27.3,35.,-0.15,-0.08
122536,6660821,-35.009702,-56.199537,4.4,-1,0.29100000000000004,36.4,0.19,27.3,35.,-0.15,-0.08
122536,6660831,-35.009658,-56.199778,4.4,-1,0.2911,36.4,0.19,27.3,35.,-0.15,-0.09
122536,6660843,-35.00962,-56.200122,4.2,-1,0.2912,36.4,0.19,27.3,35.,-0.15,-0.09
122536,6660845,-35.00962,-56.200122,4.2,-1,0.2912,36.4,0.19,27.3,35.,-0.15,-0.09
122536,6660846,-35.00962,-56.200122,4.2,-1,0.2912,36.4,0.19,27.3,35.,-0.15,-0.09
122536,6660855,-35.009615,-56.200433,4.2,-1,0.2914,36.4,0.19,27.3,35.,-0.15,-0.09
122536,6660857,-35.009615,-56.200433,4.2,-1,0.2914,36.4,0.19,27.3,35.,-0.15,-0.09
122536,6660860,-35.009613,-56.20053,4.1,-1,0.2914,36.4,0.19,27.3,35.,-0.15,-0.09
122536,6660863,-35.009618,-56.20062,3.9,-1,0.2914,36.4,0.19,27.3,35.,-0.15,-0.09
122536,6660864,-35.009618,-56.20062,3.9,-1,0.2914,36.4,0.19,27.3,35.,-0.15,-0.09
122536,6660867,-35.009615,-56.200433,4.2,-1,0.2914,36.4,0.19,27.3,35.,-0.15,-0.09
122536,6660872,-35.009623,-56.200825,3.8,-1,0.29150000000000004,36.4,0.19,27.3,35.,-0.15,-0.09
122536,6660873,-35.009623,-56.200825,3.8,-1,0.29150000000000004,36.4,0.19,27.3,35.,-0.15,-0.09
122536,6660881,-35.009637,-56.201007,3.7,-1,0.2916,36.4,0.19,27.3,35.,-0.15,-0.09
122536,6660907,-35.009682,-56.201488,3.2,-1,0.2918,36.4,0.19,27.3,35.,-0.15,-0.09
122536,6660909,-35.009682,-56.201488,3.2,-1,0.2918,36.4,0.19,27.3,35.,-0.15,-0.09
122536,6660926,-35.009722,-56.201835,3.,-1,0.29200000000000004,36.4,0.19,27.3,35.,-0.15,-0.09
122536,6660927,-35.009722,-56.201835,3.,-1,0.29200000000000004,36.4,0.19,27.3,35.,-0.15,-0.09
122536,6660988,-35.009772,-56.202758,2.6,-1,0.2924,36.4,0.19,27.3,35.,-0.15,-0.09
122536,6660996,-35.00977,-56.2029,2.5,-1,0.2924,36.4,0.19,27.3,35.,-0.15,-0.09
122536,6660997,-35.00977,-56.2029,2.5,-1,0.2924,36.4,0.19,27.3,35.,-0.15,-0.09
122536,6661016,-35.009768,-56.203188,2.4,-1,0.29250000000000004,36.4,0.19,27.3,35.,-0.15,-0.09
122536,6661065,-35.009772,-56.203817,2.2,-1,0.2928,36.4,0.19,27.3,35.,-0.15,-0.09
122536,6661066,-35.009772,-56.203817,2.2,-1,0.2928,36.4,0.19,27.3,35.,-0.15,-0.09
122536,6661126,-35.009728,-56.204497,1.9,-1,0.2931,36.4,0.19,27.3,35.,-0.15,-0.09
122536,6661186,-35.009672,-56.20511,1.7,-1,0.2934,36.4,0.19,27.3,35.,-0.15,-0.09
122536,6661187,-35.009672,-56.20511,1.7,-1,0.2934,36.4,0.19,27.3,35.,-0.15,-0.09
122536,6661188,-35.009672,-56.20511,1.7,-1,0.2934,36.4,0.19,27.3,35.,-0.15,-0.09
122536,6661238,-35.009633,-56.205545,1.5,-1,0.29350000000000004,36.4,0.19,27.3,35.,-0.15,-0.09
122536,6661385,-35.009478,-56.206535,1.1,-1,0.29400000000000004,36.4,0.19,27.3,35.,-0.15,-0.09
122536,6661805,-35.009683,-56.209518,1.5,-1,0.2843,36.4,0.19,27.3,35.,-0.15,-0.09
122536,6662287,-35.00947,-56.213477,1.2,-1,0.2854,36.4,0.19,27.3,35.,-0.15,-0.09
122536,6662726,-35.008235,-56.218232,4.3,-1,0.2869,36.4,0.19,27.3,35.,-0.15,-0.09
122536,6663246,-35.012413,-56.2243,3.,-1,0.2879,36.4,0.19,27.3,35.,-0.15,-0.1
122536,6663664,-35.0165,-56.21967,3.1,-1,0.28600000000000003,36.4,0.19,27.3,35.,-0.15,-0.1
122536,6663705,-35.016695,-56.219,3.1,-1,0.2857,36.4,0.19,27.3,35.,-0.15,-0.09
122536,6664175,-35.01877,-56.211132,3.1,-1,0.28290000000000004,36.4,0.19,27.3,35.,-0.15,-0.09
122536,6664575,-35.019613,-56.204117,3.1,-1,0.2929,36.4,0.19,27.400000000000002,35.,-0.15,-0.09
122536,6665115,-35.022465,-56.195568,3.1,-1,0.2892,36.4,0.19,27.400000000000002,35.,-0.15,-0.08
122536,6665535,-35.026148,-56.191322,3.3,-1,0.2874,36.4,0.19,27.400000000000002,35.,-0.15,-0.08
122536,6666075,-35.029178,-56.194518,2.2,-1,0.2887,36.4,0.19,27.400000000000002,35.,-0.15,-0.08
122536,6666437,-35.027713,-56.198335,1.9,-1,0.2904,36.4,0.19,27.400000000000002,35.,-0.15,-0.08
122536,6667012,-35.024847,-56.20355,2.1,-1,0.2926,36.4,0.19,27.400000000000002,35.,-0.15,-0.09
122536,6667357,-35.026305,-56.202842,5.1,-1,0.2923,36.4,0.19,27.400000000000002,35.,-0.15,-0.09
122536,6667933,-35.021375,-56.204675,2.4,-1,0.2931,36.4,0.19,27.400000000000002,35.,-0.15,-0.09
122536,6668345,-35.020273,-56.198297,3.2,-1,0.2904,36.4,0.19,27.400000000000002,35.,-0.15,-0.08
122536,6668854,-35.017222,-56.189962,3.4,-1,0.2869,36.4,0.19,27.400000000000002,35.,-0.15,-0.08
122536,6669033,-35.017225,-56.186205,5.3,-1,0.2853,36.4,0.19,27.400000000000002,35.,-0.15,-0.08
122536,6669246,-35.01765,-56.180182,3.9,-1,0.2827,36.4,0.19,27.400000000000002,35.,-0.14,-0.07
122536,6669774,-35.00608,-56.196257,7.1,-1,0.2896,36.4,0.19,27.400000000000002,35.,-0.14,-0.08
122536,6670162,-34.994685,-56.200137,5.7,-1,0.2931,36.4,0.18,27.3,35.,-0.14,-0.08
122536,6670694,-34.981222,-56.207537,6.1,0,0.2906,36.4,0.18,27.3,35.,-0.14,-0.09
122536,6671103,-34.969507,-56.214285,9.,0,0.2937,36.4,0.18,27.3,35.,-0.14,-0.09
122536,6671635,-34.94948,-56.224628,8.,0,0.2844,36.4,0.18,27.3,34.9,-0.14,-0.09
122536,6672016,-34.937653,-56.225152,4.,0,0.2838,36.4,0.18,27.3,34.9,-0.13,-0.09
122536,6672832,-34.910183,-56.225263,8.2,3,0.2806,36.5,0.18,27.3,34.800000000000004,-0.12,-0.07
122536,6672925,-34.906728,-56.224892,7.5,3,0.2806,36.5,0.18,27.3,34.800000000000004,-0.12,-0.07
122536,6673172,-34.901812,-56.21831,7.1,3,0.2812,36.5,0.17,27.3,34.7,-0.12,-0.06
122536,6673481,-34.898342,-56.207953,4.6,2,0.2803,36.5,0.17,27.3,34.5,-0.11,-0.05
122536,6673772,-34.899432,-56.20437,1.5,2,0.2802,36.5,0.17,27.3,34.5,-0.11,-0.05
122536,6673893,-34.900057,-56.204232,1.,2,0.2802,36.5,0.17,27.3,34.5,-0.11,-0.05
122536,6674696,-34.90056,-56.204387,0.2,2,0.2803,36.5,0.17,27.3,34.5,-0.11,-0.05
122536,6674761,-34.900617,-56.204283,0.2,2,0.2803,36.5,0.17,27.3,34.5,-0.11,-0.05
122536,6674783,-34.90061,-56.204277,0.1,2,0.2803,36.5,0.17,27.3,34.5,-0.11,-0.05
122536,6674836,-34.90061,-56.204265,0.1,2,0.2803,36.5,0.17,27.3,34.5,-0.11,-0.05
122536,6675652,-34.900643,-56.204268,0.1,2,0.2803,36.5,0.17,27.3,34.5,-0.11,-0.05
122536,6675764,-34.900623,-56.204298,0.,2,0.2803,36.5,0.17,27.3,34.5,-0.11,-0.05
122536,6675810,-34.90065,-56.204238,0.,2,0.2803,36.5,0.17,27.3,34.5,-0.11,-0.05
122536,6676573,-34.90067,-56.20426,0.,2,0.2803,36.5,0.17,27.3,34.5,-0.11,-0.05
122536,6676702,-34.900645,-56.20423,0.,2,0.2803,36.5,0.17,27.3,34.5,-0.11,-0.05
122536,6676821,-34.900647,-56.204238,0.,2,0.2803,36.5,0.17,27.3,34.5,-0.11,-0.05
122536,6677202,-34.900653,-56.20423,0.,2,0.2803,36.5,0.17,27.3,34.5,-0.11,-0.05
122536,6677494,-34.900643,-56.204242,0.,2,0.2803,36.5,0.17,27.3,34.5,-0.11,-0.05
122536,6677614,-34.900708,-56.204228,0.,2,0.2803,36.5,0.17,27.3,34.5,-0.11,-0.05
122536,6678022,-34.90066,-56.204227,0.,2,0.2803,36.5,0.17,27.3,34.5,-0.11,-0.05
122536,6678401,-34.900663,-56.204225,0.,2,0.2803,36.5,0.17,27.3,34.5,-0.11,-0.05
122536,6678415,-34.90066,-56.204222,0.,2,0.2803,36.5,0.17,27.3,34.5,-0.11,-0.05
122536,6678524,-34.900645,-56.204232,0.,2,0.2803,36.5,0.17,27.3,34.5,-0.11,-0.05
122536,6679333,-34.900672,-56.204213,0.,2,0.2803,36.5,0.17,27.3,34.5,-0.11,-0.05
122536,6679381,-34.900665,-56.204245,0.,2,0.2803,36.5,0.17,27.3,34.5,-0.11,-0.05
122536,6679445,-34.90066,-56.204252,0.,2,0.2803,36.5,0.17,27.3,34.5,-0.11,-0.05
122536,6680274,-34.900682,-56.204253,0.1,2,0.2803,36.5,0.17,27.3,34.5,-0.11,-0.05
122536,6680374,-34.900627,-56.204263,0.,2,0.2803,36.5,0.17,27.3,34.5,-0.11,-0.05
122536,6680732,-34.900652,-56.204248,0.,2,0.2803,36.5,0.17,27.3,34.5,-0.11,-0.05
122536,6681216,-34.900638,-56.204255,0.,2,0.2803,36.5,0.17,27.3,34.5,-0.11,-0.05
122536,6681276,-34.90063,-56.204247,0.,2,0.2803,36.5,0.17,27.3,34.5,-0.11,-0.05
122536,6681892,-34.900642,-56.204237,0.,2,0.2803,36.5,0.17,27.3,34.5,-0.11,-0.05
122536,6682133,-34.90065,-56.204262,0.,2,0.2803,36.5,0.17,27.3,34.5,-0.11,-0.05
122536,6682205,-34.900653,-56.204253,0.,2,0.2803,36.5,0.17,27.3,34.4,-0.11,-0.05
122536,6683054,-34.900632,-56.204212,0.,2,0.2803,36.5,0.17,27.3,34.4,-0.11,-0.05
122536,6683123,-34.90069,-56.20429,0.,2,0.2803,36.5,0.17,27.3,34.4,-0.11,-0.05
122536,6683974,-34.90065,-56.204265,0.,2,0.2803,36.5,0.18,27.3,34.4,-0.11,-0.05
122536,6684046,-34.900653,-56.204273,0.,2,0.2803,36.5,0.18,27.3,34.4,-0.11,-0.05
122536,6684363,-34.900607,-56.204282,0.1,2,0.2803,36.5,0.18,27.3,34.4,-0.11,-0.05
122536,6684672,-34.900775,-56.204315,0.,2,0.2803,36.5,0.18,27.3,34.4,-0.11,-0.05
122536,6684934,-34.900637,-56.204288,0.,2,0.2803,36.5,0.18,27.3,34.4,-0.11,-0.05
122536,6684974,-34.90066,-56.20416,0.,2,0.2803,36.5,0.18,27.3,34.4,-0.11,-0.05
122536,6685441,-34.900642,-56.204138,0.,2,0.2803,36.5,0.18,27.3,34.4,-0.11,-0.05
122536,6685762,-34.900607,-56.204275,0.,2,0.2803,36.5,0.18,27.3,34.4,-0.11,-0.05
122536,6685904,-34.900595,-56.204273,0.,2,0.2803,36.5,0.18,27.3,34.4,-0.11,-0.05
122536,6686136,-34.900643,-56.204245,0.,2,0.2803,36.5,0.18,27.3,34.4,-0.11,-0.05
122536,6686811,-34.900633,-56.204217,0.,2,0.2803,36.5,0.18,27.3,34.4,-0.11,-0.05
122536,6686845,-34.900627,-56.204193,0.,2,0.2803,36.5,0.18,27.3,34.4,-0.11,-0.05
122536,6687116,-34.900635,-56.20427,0.,2,0.2803,36.5,0.18,27.3,34.4,-0.11,-0.05
122536,6687132,-34.900643,-56.204278,0.,2,0.2803,36.5,0.18,27.3,34.4,-0.11,-0.05
122536,6687784,-34.900652,-56.204233,0.,2,0.2803,36.5,0.18,27.400000000000002,34.4,-0.11,-0.05
122536,6688002,-34.900645,-56.204242,0.,2,0.2803,36.5,0.18,27.400000000000002,34.4,-0.11,-0.05
122536,6688036,-34.900637,-56.204255,0.,2,0.2803,36.5,0.18,27.400000000000002,34.4,-0.11,-0.05
122536,6688321,-34.900655,-56.204288,0.,2,0.2803,36.5,0.18,27.400000000000002,34.4,-0.11,-0.05
122536,6688777,-34.900635,-56.204283,0.,2,0.2803,36.5,0.18,27.400000000000002,34.4,-0.11,-0.05
122536,6688953,-34.900625,-56.204273,0.,2,0.2803,36.5,0.18,27.400000000000002,34.4,-0.11,-0.05
122536,6689301,-34.900637,-56.204258,0.,2,0.2803,36.5,0.18,27.400000000000002,34.4,-0.11,-0.05
122536,6689661,-34.900618,-56.204228,0.,2,0.2803,36.5,0.18,27.400000000000002,34.4,-0.11,-0.05
122536,6689705,-34.900657,-56.204248,0.,2,0.2803,36.5,0.18,27.400000000000002,34.4,-0.11,-0.05
122536,6689873,-34.90067,-56.204248,0.,2,0.2803,36.5,0.18,27.400000000000002,34.4,-0.11,-0.05
122536,6690590,-34.900608,-56.204257,0.,2,0.2803,36.5,0.18,27.400000000000002,34.4,-0.11,-0.05
122536,6690630,-34.90064,-56.204242,0.,2,0.2803,36.5,0.18,27.400000000000002,34.4,-0.11,-0.05
122536,6690811,-34.900638,-56.204253,0.,2,0.2803,36.5,0.18,27.400000000000002,34.4,-0.11,-0.05
122536,6691575,-34.900637,-56.204272,0.,2,0.2803,36.5,0.18,27.400000000000002,34.4,-0.11,-0.05
122536,6691715,-34.900653,-56.204228,0.,2,0.2803,36.5,0.18,27.400000000000002,34.4,-0.11,-0.05
122536,6691911,-34.90063,-56.204223,0.,2,0.2803,36.5,0.18,27.400000000000002,34.4,-0.11,-0.05
122536,6692281,-34.900648,-56.204228,0.,2,0.2803,36.5,0.18,27.400000000000002,34.4,-0.11,-0.05
122536,6692516,-34.900607,-56.204215,0.,2,0.2803,36.5,0.18,27.400000000000002,34.4,-0.11,-0.05
122536,6692653,-34.900653,-56.204187,0.,2,0.2803,36.5,0.18,27.400000000000002,34.4,-0.11,-0.05
122536,6693411,-34.90064,-56.204308,0.,2,0.2803,36.5,0.18,27.400000000000002,34.4,-0.11,-0.05
122536,6693453,-34.900638,-56.204347,0.,2,0.2803,36.5,0.18,27.400000000000002,34.4,-0.11,-0.05
122536,6693557,-34.900633,-56.20431,0.,2,0.2803,36.5,0.18,27.400000000000002,34.4,-0.11,-0.05
122536,6694394,-34.900643,-56.204255,0.,2,0.2803,36.5,0.18,27.400000000000002,34.4,-0.11,-0.05
122536,6694475,-34.90064,-56.204275,0.,2,0.2803,36.5,0.18,27.400000000000002,34.4,-0.11,-0.05
122536,6694542,-34.90065,-56.204288,0.,2,0.2803,36.5,0.18,27.400000000000002,34.4,-0.11,-0.05
122536,6695328,-34.900653,-56.204235,0.,2,0.2803,36.5,0.18,27.400000000000002,34.4,-0.11,-0.05
122536,6695432,-34.900645,-56.204255,0.1,2,0.2803,36.5,0.18,27.400000000000002,34.4,-0.11,-0.05
122536,6695622,-34.90062,-56.204225,0.,2,0.2803,36.5,0.18,27.400000000000002,34.300000000000004,-0.11,-0.05
122536,6696272,-34.900632,-56.204322,0.,2,0.2803,36.5,0.18,27.400000000000002,34.300000000000004,-0.11,-0.05
122536,6696372,-34.900635,-56.204247,0.,2,0.2803,36.5,0.18,27.400000000000002,34.300000000000004,-0.11,-0.05
122536,6697215,-34.900618,-56.204242,0.,2,0.2803,36.5,0.18,27.400000000000002,34.300000000000004,-0.11,-0.05
122536,6697335,-34.900643,-56.204235,0.,2,0.2803,36.5,0.18,27.400000000000002,34.300000000000004,-0.11,-0.05
122536,6698184,-34.90066,-56.204252,0.,2,0.2803,36.5,0.18,27.400000000000002,34.300000000000004,-0.11,-0.05
122536,6698273,-34.900628,-56.204237,0.,2,0.2803,36.5,0.18,27.400000000000002,34.300000000000004,-0.11,-0.05
122536,6699113,-34.900645,-56.204207,0.,2,0.2803,36.4,0.18,27.400000000000002,34.300000000000004,-0.11,-0.05
122536,6699217,-34.900662,-56.204222,0.,2,0.2803,36.4,0.18,27.400000000000002,34.300000000000004,-0.11,-0.05
122536,6699975,-34.900658,-56.204265,0.,2,0.2803,36.4,0.18,27.400000000000002,34.300000000000004,-0.11,-0.05
122536,6700058,-34.900667,-56.204242,0.,2,0.2803,36.4,0.18,27.400000000000002,34.300000000000004,-0.11,-0.05
122536,6700138,-34.900655,-56.204315,0.,2,0.2803,36.4,0.18,27.400000000000002,34.300000000000004,-0.11,-0.05
122536,6700746,-34.900685,-56.204257,0.,2,0.2803,36.4,0.18,27.400000000000002,34.300000000000004,-0.11,-0.05
122536,6700999,-34.90067,-56.20424,0.,2,0.2803,36.4,0.18,27.400000000000002,34.300000000000004,-0.11,-0.05
122536,6701047,-34.900747,-56.204215,0.,2,0.2803,36.4,0.18,27.400000000000002,34.300000000000004,-0.11,-0.05
122536,6701102,-34.900673,-56.204245,0.,2,0.2803,36.4,0.18,27.400000000000002,34.300000000000004,-0.11,-0.05
122536,6701950,-34.900673,-56.204258,0.,2,0.2803,36.4,0.18,27.400000000000002,34.300000000000004,-0.11,-0.05
122536,6702038,-34.900685,-56.20424,0.,2,0.2803,36.4,0.18,27.400000000000002,34.300000000000004,-0.11,-0.05
122536,6702066,-34.900668,-56.204247,0.,2,0.2803,36.4,0.18,27.400000000000002,34.300000000000004,-0.11,-0.05
122536,6704864,-34.900602,-56.204223,0.,2,0.2803,36.4,0.18,27.400000000000002,34.300000000000004,-0.11,-0.05
122536,6705224,-34.900645,-56.204257,0.,2,0.2803,36.4,0.18,27.400000000000002,34.300000000000004,-0.11,-0.05
122536,6705941,-34.900688,-56.204225,0.,2,0.2803,36.4,0.18,27.400000000000002,34.300000000000004,-0.11,-0.05
122536,6706301,-34.900652,-56.20427,0.,2,0.2803,36.4,0.18,27.400000000000002,34.300000000000004,-0.11,-0.05
122536,6706845,-34.900648,-56.204287,0.,2,0.2803,36.4,0.18,27.400000000000002,34.300000000000004,-0.11,-0.05
122536,6707382,-34.900653,-56.20425,0.,2,0.2803,36.4,0.18,27.400000000000002,34.300000000000004,-0.11,-0.05
122536,6707921,-34.90068,-56.204248,0.,2,0.2803,36.4,0.18,27.400000000000002,34.300000000000004,-0.11,-0.05
122536,6708099,-34.900705,-56.204313,0.,2,0.2803,36.4,0.18,27.400000000000002,34.300000000000004,-0.11,-0.05
122536,6708462,-34.900698,-56.204272,0.,2,0.2803,36.4,0.18,27.400000000000002,34.300000000000004,-0.11,-0.05
122536,6708822,-34.900665,-56.204257,0.,2,0.2803,36.4,0.18,27.400000000000002,34.300000000000004,-0.11,-0.05
122536,6710934,-34.90068,-56.204278,0.,2,0.2803,36.4,0.18,27.400000000000002,34.2,-0.11,-0.05
122536,6710967,-34.900653,-56.20427,0.,2,0.2803,36.4,0.18,27.400000000000002,34.2,-0.11,-0.05
122536,6711875,-34.900605,-56.204262,0.,2,0.2803,36.4,0.18,27.400000000000002,34.2,-0.11,-0.05
122536,6712113,-34.90078,-56.204203,0.,2,0.2803,36.4,0.18,27.400000000000002,34.2,-0.11,-0.05
122536,6712187,-34.900598,-56.204245,0.,2,0.2803,36.4,0.18,27.400000000000002,34.2,-0.11,-0.05
122536,6712824,-34.900612,-56.204142,0.,2,0.2803,36.4,0.18,27.400000000000002,34.2,-0.11,-0.05
122536,6713056,-34.900632,-56.204282,0.,2,0.2803,36.4,0.18,27.400000000000002,34.2,-0.11,-0.05
122536,6713556,-34.900648,-56.204267,0.,2,0.2803,36.4,0.18,27.400000000000002,34.2,-0.11,-0.05
122536,6713560,-34.900648,-56.204267,0.,2,0.2803,36.4,0.18,27.400000000000002,34.2,-0.11,-0.05
122536,6713779,-34.900655,-56.20426,0.,2,0.2803,36.4,0.18,27.400000000000002,34.2,-0.11,-0.05
122536,6714530,-34.900642,-56.20428,0.,2,0.2803,36.4,0.18,27.400000000000002,34.2,-0.11,-0.05
122536,6714726,-34.90065,-56.204272,0.,2,0.2803,36.4,0.18,27.400000000000002,34.2,-0.11,-0.05
122536,6715506,-34.900618,-56.204257,0.,2,0.2803,36.4,0.18,27.400000000000002,34.2,-0.11,-0.05
122536,6715678,-34.900643,-56.204257,0.,2,0.2803,36.4,0.18,27.400000000000002,34.2,-0.11,-0.05
122536,6716638,-34.900648,-56.20425,0.,2,0.2803,36.4,0.18,27.400000000000002,34.2,-0.11,-0.05
122536,6716707,-34.900663,-56.204255,0.,2,0.2803,36.4,0.18,27.400000000000002,34.2,-0.11,-0.05
122536,6717547,-34.900695,-56.204248,0.,2,0.2803,36.4,0.18,27.400000000000002,34.2,-0.11,-0.05
122536,6717627,-34.900692,-56.204257,0.,2,0.2803,36.4,0.18,27.400000000000002,34.2,-0.11,-0.05
122536,6718456,-34.900672,-56.204268,0.,2,0.2803,36.4,0.18,27.400000000000002,34.2,-0.11,-0.05
122536,6718588,-34.900667,-56.204263,0.1,2,0.2803,36.4,0.18,27.400000000000002,34.2,-0.11,-0.05
122536,6719397,-34.900655,-56.204253,0.,2,0.2803,36.4,0.18,27.400000000000002,34.2,-0.11,-0.05
122536,6719520,-34.900685,-56.20424,0.,2,0.2803,36.4,0.18,27.400000000000002,34.2,-0.11,-0.05
122536,6720357,-34.900697,-56.204222,0.,2,0.2803,36.4,0.18,27.400000000000002,34.2,-0.11,-0.05
122536,6720430,-34.900683,-56.204252,0.,2,0.2803,36.4,0.18,27.400000000000002,34.2,-0.11,-0.05
122536,6721301,-34.900652,-56.204252,0.,2,0.2803,36.4,0.18,27.400000000000002,34.2,-0.11,-0.05
122536,6721345,-34.900672,-56.20424,0.,2,0.2803,36.4,0.18,27.400000000000002,34.2,-0.11,-0.05
122536,6722249,-34.90069,-56.204255,0.,2,0.2803,36.4,0.18,27.400000000000002,34.2,-0.11,-0.05
122536,6722266,-34.900687,-56.204257,0.,2,0.2803,36.4,0.18,27.400000000000002,34.2,-0.11,-0.05
122536,6723163,-34.90065,-56.204225,0.,2,0.2803,36.4,0.18,27.400000000000002,34.1,-0.11,-0.05
122536,6723187,-34.90066,-56.204233,0.,2,0.2803,36.4,0.18,27.400000000000002,34.1,-0.11,-0.05
122536,6724083,-34.90068,-56.204235,0.,2,0.2803,36.4,0.18,27.400000000000002,34.1,-0.11,-0.05
122536,6724147,-34.900723,-56.204252,0.,2,0.2803,36.4,0.18,27.400000000000002,34.1,-0.11,-0.05
122536,6725011,-34.900752,-56.204233,0.,2,0.2803,36.4,0.18,27.400000000000002,34.1,-0.11,-0.05
122536,6725067,-34.900752,-56.204233,0.,2,0.2803,36.4,0.18,27.400000000000002,34.1,-0.11,-0.05
122536,6725916,-34.900727,-56.20424,0.,2,0.2803,36.4,0.18,27.400000000000002,34.1,-0.11,-0.05
122536,6726048,-34.90073,-56.204248,0.,2,0.2803,36.4,0.18,27.400000000000002,34.1,-0.11,-0.05
122536,6726848,-34.900827,-56.204137,0.,2,0.2803,36.4,0.18,27.400000000000002,34.1,-0.11,-0.05
122536,6726949,-34.900612,-56.204262,0.,2,0.2803,36.4,0.18,27.400000000000002,34.1,-0.11,-0.05
122536,6727756,-34.900757,-56.20428,0.,2,0.2803,36.4,0.18,27.400000000000002,34.1,-0.11,-0.05
122536,6727856,-34.900698,-56.204258,0.,2,0.2803,36.4,0.18,27.400000000000002,34.1,-0.11,-0.05
122536,6728691,-34.900627,-56.204245,0.,2,0.2803,36.4,0.18,27.400000000000002,34.1,-0.11,-0.05
122536,6728766,-34.900648,-56.204225,0.1,2,0.2803,36.4,0.18,27.400000000000002,34.1,-0.11,-0.05
122536,6729638,-34.900618,-56.204233,0.,2,0.2803,36.4,0.18,27.400000000000002,34.1,-0.11,-0.05
122536,6729690,-34.900668,-56.20423,0.1,2,0.2803,36.4,0.18,27.400000000000002,34.1,-0.11,-0.05
122536,6730586,-34.900707,-56.20421,0.,2,0.2803,36.4,0.18,27.400000000000002,34.1,-0.11,-0.05
122536,6730627,-34.900777,-56.204213,0.1,2,0.2803,36.4,0.18,27.400000000000002,34.1,-0.11,-0.05
122536,6731548,-34.90077,-56.204273,0.1,2,0.2803,36.4,0.18,27.400000000000002,34.1,-0.11,-0.05
122536,6732499,-34.900667,-56.204135,0.,2,0.2803,36.4,0.18,27.400000000000002,34.1,-0.11,-0.05
122536,6732519,-34.900743,-56.204178,0.,2,0.2803,36.4,0.18,27.400000000000002,34.1,-0.11,-0.05
122536,6733428,-34.900667,-56.20424,0.,2,0.2803,36.4,0.18,27.400000000000002,34.1,-0.11,-0.05
122536,6733432,-34.900667,-56.20424,0.,2,0.2803,36.4,0.18,27.400000000000002,34.1,-0.11,-0.05
122536,6734361,-34.900763,-56.204282,0.,2,0.2803,36.4,0.18,27.400000000000002,34.1,-0.11,-0.05
122536,6734368,-34.900885,-56.204305,0.,2,0.2803,36.4,0.18,27.400000000000002,34.1,-0.11,-0.05
122536,6735288,-34.900673,-56.204252,0.,2,0.2803,36.4,0.18,27.400000000000002,34.1,-0.11,-0.05
122536,6735368,-34.900675,-56.204218,0.,2,0.2803,36.4,0.18,27.400000000000002,34.1,-0.11,-0.05
122536,6736217,-34.900672,-56.204238,0.,2,0.2803,36.4,0.18,27.400000000000002,34.,-0.11,-0.05
122536,6736309,-34.900682,-56.204222,0.,2,0.2803,36.4,0.18,27.400000000000002,34.,-0.11,-0.05
122536,6737157,-34.900782,-56.20456,0.,2,0.2803,36.4,0.18,27.400000000000002,34.,-0.11,-0.05
122536,6737289,-34.900663,-56.204187,0.,2,0.2803,36.4,0.18,27.400000000000002,34.,-0.11,-0.05
122536,6737735,-34.900638,-56.204225,0.,2,0.2803,36.4,0.18,27.400000000000002,34.,-0.11,-0.05
122536,6737835,-34.900643,-56.20423,0.,2,0.2803,36.4,0.18,27.400000000000002,34.,-0.11,-0.05
122536,6737836,-34.900643,-56.20423,0.,2,0.2803,36.4,0.18,27.400000000000002,34.,-0.11,-0.05
122536,6737894,-34.900612,-56.204202,0.,2,0.2803,36.4,0.18,27.400000000000002,34.,-0.11,-0.05
122536,6737895,-34.900612,-56.204202,0.,2,0.2803,36.4,0.18,27.400000000000002,34.,-0.11,-0.05
122536,6738086,-34.900637,-56.204205,0.,2,0.2803,36.4,0.18,27.400000000000002,34.,-0.11,-0.05
122536,6738226,-34.900655,-56.20424,0.,2,0.2803,36.4,0.18,27.400000000000002,34.,-0.11,-0.05
122536,6739019,-34.900623,-56.204252,0.,2,0.2803,36.4,0.18,27.400000000000002,34.,-0.11,-0.05
122536,6739187,-34.900625,-56.204248,0.,2,0.2803,36.4,0.18,27.400000000000002,34.,-0.11,-0.05
122536,6739991,-34.900602,-56.204262,0.,2,0.2803,36.4,0.18,27.400000000000002,34.,-0.11,-0.05
122536,6740127,-34.900615,-56.204247,0.,2,0.2803,36.4,0.18,27.400000000000002,34.,-0.11,-0.05
122536,6740967,-34.900582,-56.20421,0.,2,0.2803,36.4,0.18,27.400000000000002,34.,-0.11,-0.05
122536,6741107,-34.900652,-56.204228,0.,2,0.2803,36.4,0.18,27.400000000000002,34.,-0.11,-0.05
122536,6741967,-34.900698,-56.204225,0.,2,0.2803,36.4,0.18,27.400000000000002,34.,-0.11,-0.05
122536,6742071,-34.90066,-56.204225,0.,2,0.2803,36.4,0.18,27.400000000000002,34.,-0.11,-0.05
122536,6742892,-34.900718,-56.204127,0.,2,0.2803,36.4,0.18,27.400000000000002,34.,-0.11,-0.05
122536,6743028,-34.90071,-56.20416,0.,2,0.2803,36.4,0.18,27.400000000000002,34.,-0.11,-0.05
122536,6743897,-34.90067,-56.204255,0.,2,0.2803,36.4,0.18,27.400000000000002,34.,-0.11,-0.05
122536,6743989,-34.900682,-56.204265,0.,2,0.2803,36.4,0.18,27.400000000000002,34.,-0.11,-0.05
122536,6744802,-34.900682,-56.204215,0.,2,0.2803,36.4,0.18,27.400000000000002,34.,-0.12,-0.05
122536,6745026,-34.900697,-56.204217,0.,2,0.2803,36.4,0.18,27.400000000000002,34.,-0.12,-0.05
122536,6745738,-34.900738,-56.204233,0.,2,0.2803,36.4,0.18,27.400000000000002,34.,-0.12,-0.05
122536,6745957,-34.900687,-56.204245,0.,2,0.2803,36.4,0.18,27.400000000000002,34.,-0.12,-0.05
122536,6746693,-34.900672,-56.20422,0.,2,0.2803,36.4,0.18,27.400000000000002,34.,-0.12,-0.05
122536,6746867,-34.900648,-56.20425,0.,2,0.2803,36.4,0.18,27.400000000000002,34.,-0.12,-0.05
122536,6747645,-34.90066,-56.204282,0.,2,0.2803,36.4,0.18,27.400000000000002,34.,-0.12,-0.05
122536,6747800,-34.900627,-56.20425,0.,2,0.2803,36.4,0.18,27.400000000000002,34.,-0.12,-0.05
122536,6748593,-34.900667,-56.204272,0.,2,0.2803,36.4,0.18,27.400000000000002,34.,-0.12,-0.05
122536,6748737,-34.900675,-56.204282,0.,2,0.2803,36.4,0.18,27.400000000000002,34.,-0.12,-0.05
122536,6749093,-34.900682,-56.204247,0.,2,0.2803,36.4,0.18,27.400000000000002,34.,-0.12,-0.05
122536,6749122,-34.900643,-56.204235,0.,2,0.2803,36.4,0.18,27.400000000000002,34.,-0.12,-0.05
122536,6749134,-34.900643,-56.20424,0.,2,0.2803,36.4,0.18,27.400000000000002,34.,-0.12,-0.05
122536,6749314,-34.900658,-56.204242,0.,2,0.2803,36.4,0.18,27.400000000000002,34.,-0.12,-0.05
122536,6749434,-34.900645,-56.204237,0.,2,0.2803,36.4,0.18,27.400000000000002,34.,-0.12,-0.05
122536,6749554,-34.900665,-56.204243,0.,2,0.2803,36.4,0.18,27.400000000000002,33.9,-0.12,-0.05
122536,6749574,-34.900657,-56.204247,0.,2,0.2803,36.4,0.18,27.400000000000002,33.9,-0.12,-0.05
122536,6749594,-34.900657,-56.204245,0.,2,0.2803,36.4,0.18,27.400000000000002,33.9,-0.12,-0.05
122536,6749598,-34.900657,-56.204245,0.,2,0.2803,36.4,0.18,27.400000000000002,33.9,-0.12,-0.05
122536,6749657,-34.900645,-56.204242,0.,2,0.2803,36.4,0.18,27.400000000000002,33.9,-0.12,-0.05
122536,6750587,-34.900677,-56.204253,0.,2,0.2803,36.4,0.18,27.400000000000002,33.9,-0.12,-0.05
122536,6750591,-34.900677,-56.204253,0.,2,0.2803,36.4,0.18,27.400000000000002,33.9,-0.12,-0.05
122536,6751519,-34.900603,-56.204275,0.,2,0.2803,36.4,0.18,27.5,33.9,-0.12,-0.05
122536,6751543,-34.900633,-56.20424,0.,2,0.2803,36.4,0.18,27.5,33.9,-0.12,-0.05
122536,6752519,-34.900653,-56.20425,0.,2,0.2803,36.4,0.18,27.5,33.9,-0.12,-0.05
122536,6752531,-34.900653,-56.20425,0.,2,0.2803,36.4,0.18,27.5,33.9,-0.12,-0.05
122536,6752537,-34.900652,-56.204243,0.,2,0.2803,36.4,0.18,27.5,33.9,-0.12,-0.05
122536,6753449,-34.900677,-56.204192,0.,2,0.2803,36.4,0.18,27.5,33.9,-0.12,-0.05
122536,6753501,-34.900662,-56.204237,0.,2,0.2803,36.4,0.18,27.5,33.9,-0.12,-0.05
122536,6754406,-34.900627,-56.20423,0.,2,0.2803,36.4,0.18,27.5,33.9,-0.12,-0.05
122536,6754510,-34.900643,-56.204197,0.,2,0.2803,36.4,0.18,27.5,33.9,-0.12,-0.05
122536,6755346,-34.900627,-56.204243,0.,2,0.2803,36.4,0.18,27.5,33.9,-0.12,-0.05
122536,6755458,-34.90064,-56.204228,0.,2,0.2803,36.4,0.18,27.5,33.9,-0.12,-0.05
122536,6756287,-34.900642,-56.204245,0.,2,0.2803,36.4,0.18,27.5,33.9,-0.12,-0.05
122536,6756448,-34.900638,-56.204253,0.,2,0.2803,36.4,0.18,27.5,33.9,-0.12,-0.05
122536,6757247,-34.900687,-56.204235,0.,2,0.2803,36.4,0.18,27.5,33.9,-0.12,-0.05
122536,6757459,-34.900635,-56.204272,0.,2,0.2803,36.4,0.18,27.5,33.9,-0.12,-0.05
122536,6757857,-34.90065,-56.204248,0.,2,0.2803,36.4,0.18,27.5,33.9,-0.12,-0.05
122536,6757954,-34.900655,-56.204253,0.,2,0.2803,36.4,0.18,27.5,33.9,-0.12,-0.05
122536,6758168,-34.900637,-56.204237,0.,2,0.2803,36.4,0.18,27.5,33.9,-0.12,-0.05
122536,6758363,-34.900657,-56.204247,0.,2,0.2803,36.4,0.18,27.5,33.9,-0.12,-0.05
122536,6759179,-34.90062,-56.204277,0.,2,0.2803,36.4,0.18,27.5,33.9,-0.12,-0.05
122536,6759216,-34.900573,-56.204232,0.,2,0.2803,36.4,0.18,27.5,33.9,-0.12,-0.05
122536,6759319,-34.900608,-56.204253,0.,2,0.2803,36.4,0.18,27.5,33.9,-0.12,-0.05
122536,6760109,-34.900653,-56.204232,0.,2,0.2803,36.4,0.18,27.5,33.9,-0.12,-0.04
122536,6760261,-34.900712,-56.204217,0.,2,0.2803,36.4,0.18,27.5,33.9,-0.12,-0.04
122536,6761069,-34.900637,-56.204278,0.,2,0.2803,36.4,0.18,27.5,33.9,-0.12,-0.04
122536,6761177,-34.90063,-56.20429,0.,2,0.2803,36.4,0.18,27.5,33.9,-0.12,-0.04
122536,6761565,-34.900638,-56.204245,0.,2,0.2803,36.4,0.18,27.5,33.9,-0.12,-0.04
122536,6762109,-34.900837,-56.20441,0.,2,0.2803,36.4,0.18,27.5,33.9,-0.12,-0.05
122536,6762138,-34.900893,-56.204512,0.,2,0.2803,36.4,0.18,27.5,33.9,-0.12,-0.05
122536,6762975,-34.900673,-56.204213,0.,2,0.2803,36.4,0.18,27.5,33.9,-0.12,-0.04
122536,6763329,-34.900627,-56.204233,0.,2,0.2803,36.4,0.18,27.5,33.800000000000004,-0.12,-0.04
122536,6764120,-34.900675,-56.20425,0.,2,0.2803,36.4,0.18,27.5,33.800000000000004,-0.12,-0.04
122536,6764135,-34.90066,-56.20424,0.,2,0.2803,36.4,0.18,27.5,33.800000000000004,-0.12,-0.04
122536,6764248,-34.900647,-56.204225,0.,2,0.2803,36.4,0.18,27.5,33.800000000000004,-0.12,-0.04
122536,6764824,-34.900668,-56.20422,0.,2,0.2803,36.4,0.18,27.5,33.800000000000004,-0.12,-0.04
122536,6765041,-34.900663,-56.204238,0.,2,0.2803,36.4,0.18,27.5,33.800000000000004,-0.12,-0.04
122536,6765266,-34.90067,-56.20424,0.,2,0.2803,36.4,0.18,27.5,33.800000000000004,-0.12,-0.04
122536,6766063,-34.900612,-56.204235,0.,2,0.2803,36.4,0.18,27.5,33.800000000000004,-0.12,-0.04
122536,6766155,-34.900642,-56.204247,0.,2,0.2803,36.4,0.18,27.5,33.800000000000004,-0.12,-0.04
122536,6766179,-34.900692,-56.20423,0.,2,0.2803,36.4,0.18,27.5,33.800000000000004,-0.12,-0.04
122536,6766980,-34.900648,-56.204247,0.,2,0.2803,36.4,0.18,27.5,33.800000000000004,-0.12,-0.04
122536,6767128,-34.900665,-56.204258,0.,2,0.2803,36.4,0.18,27.5,33.800000000000004,-0.12,-0.04
122536,6767444,-34.900648,-56.20424,0.,2,0.2803,36.4,0.18,27.5,33.800000000000004,-0.12,-0.04
122536,6767897,-34.900648,-56.204282,0.,2,0.2803,36.4,0.18,27.5,33.800000000000004,-0.12,-0.04
122536,6768057,-34.900667,-56.204243,0.,2,0.2803,36.4,0.18,27.5,33.800000000000004,-0.12,-0.04
122536,6768810,-34.900648,-56.204252,0.,2,0.2803,36.4,0.18,27.5,33.800000000000004,-0.12,-0.04
122536,6768987,-34.900632,-56.204307,0.,2,0.2803,36.4,0.18,27.5,33.800000000000004,-0.12,-0.04
122536,6769356,-34.900628,-56.204252,0.,2,0.2803,36.4,0.18,27.5,33.800000000000004,-0.12,-0.04
122536,6769767,-34.900687,-56.204365,0.,2,0.2803,36.4,0.18,27.5,33.800000000000004,-0.12,-0.04
122536,6769946,-34.900628,-56.204243,0.,2,0.2803,36.4,0.18,27.5,33.800000000000004,-0.12,-0.04
122536,6770125,-34.900645,-56.204257,0.,2,0.2803,36.4,0.18,27.5,33.800000000000004,-0.12,-0.04
122536,6770679,-34.900665,-56.204305,0.,2,0.2803,36.4,0.18,27.5,33.800000000000004,-0.12,-0.04
122536,6770866,-34.900678,-56.204282,0.,2,0.2803,36.4,0.18,27.5,33.800000000000004,-0.12,-0.04
122536,6771196,-34.90068,-56.204363,0.,2,0.2803,36.4,0.18,27.5,33.800000000000004,-0.12,-0.04
122536,6771556,-34.900618,-56.204248,0.,2,0.2803,36.4,0.18,27.5,33.800000000000004,-0.12,-0.04
122536,6771631,-34.900613,-56.204268,0.,2,0.2803,36.4,0.18,27.5,33.800000000000004,-0.12,-0.04
122536,6771807,-34.900612,-56.204252,0.,2,0.2803,36.4,0.18,27.5,33.800000000000004,-0.12,-0.04
122536,6772537,-34.900622,-56.204257,0.,2,0.2803,36.4,0.18,27.5,33.800000000000004,-0.12,-0.04
122536,6772736,-34.900668,-56.204223,0.,2,0.2803,36.4,0.18,27.5,33.800000000000004,-0.12,-0.04
122536,6773460,-34.90063,-56.204273,0.,2,0.2803,36.4,0.18,27.5,33.800000000000004,-0.12,-0.04
122536,6773669,-34.900638,-56.204237,0.,2,0.2803,36.4,0.18,27.5,33.800000000000004,-0.12,-0.04
122536,6773716,-34.900667,-56.204225,0.,2,0.2803,36.4,0.18,27.5,33.800000000000004,-0.12,-0.04
122536,6774378,-34.900595,-56.204282,0.,2,0.2803,36.4,0.18,27.5,33.800000000000004,-0.12,-0.04
122536,6774598,-34.900632,-56.204225,0.,2,0.2803,36.4,0.18,27.5,33.800000000000004,-0.12,-0.04
122536,6775095,-34.900675,-56.204305,0.,2,0.2803,36.4,0.18,27.5,33.800000000000004,-0.12,-0.04
122536,6775281,-34.900667,-56.204267,0.,2,0.2803,36.4,0.18,27.5,33.800000000000004,-0.12,-0.04
122536,6775537,-34.90081,-56.204282,0.,2,0.2803,36.4,0.18,27.5,33.800000000000004,-0.12,-0.04
122536,6776255,-34.900773,-56.20427,0.,2,0.2803,36.4,0.18,27.5,33.800000000000004,-0.12,-0.04
122536,6776258,-34.900773,-56.20427,0.,2,0.2803,36.4,0.18,27.5,33.800000000000004,-0.12,-0.04
122536,6776519,-34.90067,-56.204277,0.,2,0.2803,36.4,0.18,27.5,33.800000000000004,-0.12,-0.04
122536,6777199,-34.900647,-56.20427,0.,2,0.2803,36.4,0.18,27.5,33.7,-0.12,-0.04
122536,6777478,-34.900667,-56.204223,0.,2,0.2803,36.4,0.18,27.5,33.7,-0.12,-0.04
122536,6777536,-34.900668,-56.204218,0.,2,0.2803,36.4,0.18,27.5,33.7,-0.12,-0.04
122536,6778118,-34.900633,-56.204273,0.,2,0.2803,36.4,0.18,27.5,33.7,-0.12,-0.04
122536,6778426,-34.90065,-56.20421,0.,2,0.2803,36.4,0.18,27.5,33.7,-0.12,-0.04
122536,6778835,-34.900642,-56.204272,0.,2,0.2803,36.4,0.18,27.5,33.7,-0.12,-0.04
122536,6779039,-34.900648,-56.204282,0.,2,0.2803,36.4,0.18,27.5,33.7,-0.12,-0.04
122536,6779347,-34.900685,-56.204255,0.,2,0.2803,36.4,0.18,27.5,33.7,-0.12,-0.04
122536,6779974,-34.900652,-56.204268,0.,2,0.2803,36.4,0.18,27.5,33.7,-0.12,-0.04
122536,6779979,-34.900652,-56.204268,0.,2,0.2803,36.4,0.18,27.5,33.7,-0.12,-0.04
122536,6780327,-34.900658,-56.204263,0.,2,0.2803,36.4,0.18,27.5,33.7,-0.12,-0.04
122536,6780976,-34.900673,-56.204275,0.,2,0.2803,36.4,0.18,27.5,33.7,-0.12,-0.04
122536,6781288,-34.90066,-56.204282,0.,2,0.2803,36.4,0.18,27.5,33.7,-0.12,-0.04
122536,6781346,-34.90066,-56.204275,0.,2,0.2803,36.4,0.18,27.5,33.7,-0.12,-0.04
122536,6781937,-34.900672,-56.204273,0.,2,0.2803,36.4,0.18,27.5,33.7,-0.12,-0.04
122536,6782240,-34.900652,-56.204373,0.,2,0.2803,36.4,0.18,27.5,33.7,-0.12,-0.04
122536,6782336,-34.900658,-56.204258,0.,2,0.2803,36.4,0.18,27.5,33.7,-0.12,-0.04
122536,6782716,-34.900655,-56.204278,0.,2,0.2803,36.4,0.18,27.5,33.7,-0.12,-0.04
122536,6782877,-34.900665,-56.204263,0.,2,0.2803,36.4,0.18,27.5,33.7,-0.12,-0.04
122536,6783115,-34.900633,-56.204275,0.,2,0.2803,36.4,0.18,27.5,33.7,-0.12,-0.04
122536,6783188,-34.900633,-56.204257,0.,2,0.2803,36.4,0.18,27.5,33.7,-0.12,-0.04
122536,6783797,-34.900667,-56.204263,0.,2,0.2803,36.4,0.18,27.5,33.7,-0.12,-0.04
122536,6784118,-34.900663,-56.204257,0.,2,0.2803,36.4,0.18,27.5,33.7,-0.12,-0.04
122536,6784155,-34.90066,-56.20425,0.,2,0.2803,36.4,0.18,27.5,33.7,-0.12,-0.04
122536,6784715,-34.900683,-56.204223,0.,2,0.2803,36.4,0.18,27.5,33.7,-0.12,-0.04
122536,6784855,-34.900635,-56.204257,0.,2,0.2803,36.4,0.18,27.5,33.7,-0.12,-0.04
122536,6785027,-34.900667,-56.204247,0.,2,0.2803,36.4,0.18,27.5,33.7,-0.12,-0.04
122536,6785639,-34.900615,-56.20424,0.,2,0.2803,36.4,0.18,27.5,33.7,-0.12,-0.04
122536,6785967,-34.900657,-56.204252,0.,2,0.2803,36.4,0.18,27.5,33.7,-0.12,-0.04
122536,6786324,-34.900692,-56.204258,0.,2,0.2803,36.4,0.18,27.5,33.7,-0.12,-0.04
122536,6786567,-34.900753,-56.20421,0.,2,0.2803,36.4,0.18,27.5,33.7,-0.12,-0.04
122536,6786754,-34.900833,-56.204232,0.,2,0.2803,36.4,0.18,27.5,33.7,-0.12,-0.04
122536,6786928,-34.900655,-56.20431,0.,2,0.2803,36.4,0.18,27.5,33.7,-0.12,-0.04
122536,6787508,-34.900717,-56.204242,0.,2,0.2803,36.4,0.18,27.5,33.7,-0.12,-0.04
122536,6787635,-34.900735,-56.204222,0.,2,0.2803,36.4,0.18,27.5,33.7,-0.12,-0.04
122536,6788068,-34.900852,-56.204198,0.,2,0.2803,36.4,0.18,27.5,33.7,-0.12,-0.04
122536,6788492,-34.900658,-56.204262,0.,2,0.2803,36.4,0.18,27.5,33.7,-0.12,-0.04
122536,6789008,-34.900658,-56.204267,0.,2,0.2803,36.4,0.18,27.5,33.7,-0.12,-0.04
122536,6789195,-34.900665,-56.204283,0.,2,0.2803,36.4,0.18,27.5,33.7,-0.12,-0.04
122536,6789429,-34.900672,-56.204255,0.,2,0.2803,36.4,0.18,27.5,33.7,-0.12,-0.04
122536,6789815,-34.90071,-56.204258,0.,2,0.2803,36.4,0.18,27.5,33.7,-0.12,-0.04
122536,6789968,-34.900727,-56.204258,0.,2,0.2803,36.4,0.18,27.5,33.7,-0.12,-0.04
122536,6790384,-34.900682,-56.204262,0.,2,0.2803,36.4,0.18,27.5,33.6,-0.12,-0.04
122536,6790969,-34.900665,-56.20425,0.,2,0.2803,36.4,0.18,27.5,33.6,-0.12,-0.04
122536,6791254,-34.90065,-56.20426,0.,2,0.2803,36.4,0.18,27.5,33.6,-0.12,-0.04
122536,6791337,-34.900647,-56.204222,0.,2,0.2803,36.4,0.18,27.5,33.6,-0.12,-0.04
122536,6791909,-34.900645,-56.204298,0.,2,0.2803,36.4,0.18,27.5,33.6,-0.12,-0.04
122536,6792014,-34.900617,-56.204302,0.,2,0.2803,36.4,0.18,27.5,33.6,-0.12,-0.04
122536,6792074,-34.900573,-56.2043,0.,2,0.2803,36.4,0.18,27.5,33.6,-0.12,-0.04
122536,6792194,-34.900637,-56.204287,0.,2,0.2803,36.4,0.18,27.5,33.6,-0.12,-0.04
122536,6792269,-34.90062,-56.204272,0.,2,0.2803,36.4,0.18,27.5,33.6,-0.12,-0.04
122536,6792374,-34.900618,-56.204295,0.,2,0.2803,36.4,0.18,27.5,33.6,-0.12,-0.04
122536,6792795,-34.900695,-56.204207,0.,2,0.2803,36.4,0.18,27.5,33.6,-0.12,-0.04
122536,6792869,-34.900688,-56.204275,0.,2,0.2803,36.4,0.18,27.5,33.6,-0.12,-0.04
122536,6793221,-34.900628,-56.204283,0.,2,0.2803,36.4,0.18,27.5,33.6,-0.12,-0.04
122536,6793825,-34.90067,-56.204292,0.,2,0.2803,36.4,0.18,27.5,33.6,-0.12,-0.04
122536,6793989,-34.900663,-56.204268,0.,2,0.2803,36.4,0.18,27.5,33.6,-0.12,-0.04
122536,6794209,-34.900643,-56.204302,0.1,2,0.2803,36.4,0.18,27.5,33.6,-0.12,-0.04
122536,6794969,-34.900675,-56.204248,0.,2,0.2803,36.4,0.18,27.5,33.6,-0.12,-0.04
122536,6795141,-34.900698,-56.204272,0.,2,0.2803,36.4,0.18,27.5,33.6,-0.12,-0.04
122536,6795909,-34.900662,-56.204307,0.,2,0.2803,36.4,0.18,27.5,33.6,-0.12,-0.04
122536,6796095,-34.900672,-56.204287,0.,2,0.2803,36.4,0.18,27.5,33.6,-0.12,-0.04
122536,6796097,-34.900673,-56.204287,0.,2,0.2803,36.4,0.18,27.5,33.6,-0.12,-0.04
122536,6796485,-34.900638,-56.204227,0.,2,0.2803,36.4,0.18,27.5,33.6,-0.12,-0.04
122536,6796879,-34.900655,-56.204193,0.,2,0.2803,36.4,0.18,27.5,33.6,-0.12,-0.04
122536,6796999,-34.900728,-56.204247,0.,2,0.2803,36.4,0.18,27.5,33.6,-0.12,-0.04
122536,6797474,-34.90075,-56.204257,0.,2,0.2803,36.4,0.18,27.5,33.6,-0.12,-0.04
122536,6797807,-34.900783,-56.204193,0.,2,0.2803,36.4,0.18,27.5,33.6,-0.12,-0.04
122536,6797996,-34.900655,-56.204265,0.,2,0.2803,36.4,0.18,27.5,33.6,-0.12,-0.04
122536,6798095,-34.900732,-56.204153,0.,2,0.2803,36.4,0.18,27.5,33.6,-0.12,-0.04
122536,6798114,-34.900748,-56.204215,0.1,2,0.2803,36.4,0.18,27.5,33.6,-0.12,-0.04
122536,6798174,-34.900697,-56.204253,0.,2,0.2803,36.4,0.18,27.5,33.6,-0.12,-0.04
122536,6798175,-34.900697,-56.204253,0.,2,0.2803,36.4,0.18,27.5,33.6,-0.12,-0.04
122536,6798715,-34.900658,-56.204305,0.,2,0.2803,36.4,0.18,27.5,33.6,-0.12,-0.04
122536,6798728,-34.900662,-56.2043,0.,2,0.2803,36.4,0.18,27.5,33.6,-0.12,-0.04
122536,6798897,-34.900622,-56.204285,0.,2,0.2803,36.4,0.18,27.5,33.6,-0.12,-0.04
122536,6799688,-34.900697,-56.204265,0.,2,0.2803,36.4,0.18,27.5,33.6,-0.12,-0.04
122536,6799812,-34.900662,-56.20424,0.1,2,0.2803,36.4,0.18,27.5,33.6,-0.12,-0.04
122536,6800617,-34.901172,-56.215443,7.3,2,0.28150000000000003,36.4,0.18,27.5,33.7,-0.13,-0.05
122536,6800705,-34.902652,-56.218713,7.5,3,0.2812,36.4,0.18,27.5,33.800000000000004,-0.13,-0.05
122536,6800732,-34.903035,-56.21945,7.5,3,0.2811,36.4,0.18,27.5,33.800000000000004,-0.13,-0.05
122536,6801529,-34.933425,-56.223647,9.,0,0.2836,36.4,0.19,27.5,34.5,-0.13,-0.06
122536,6801649,-34.938567,-56.224947,9.5,0,0.2838,36.4,0.19,27.5,34.6,-0.13,-0.06
122536,6802458,-34.971943,-56.212388,9.1,0,0.2942,36.4,0.19,27.5,35.,-0.13,-0.06
122536,6802551,-34.974787,-56.209043,9.5,0,0.29510000000000003,36.4,0.19,27.5,35.,-0.13,-0.06
122536,6803368,-34.992968,-56.171818,9.3,-1,0.2943,36.4,0.19,27.6,35.1,-0.12,-0.05
122536,6803480,-34.99485,-56.16641,9.5,0,0.2974,36.4,0.19,27.6,35.1,-0.12,-0.04
122536,6804280,-34.997543,-56.124002,9.5,-1,0.2914,36.4,0.19,27.6,34.300000000000004,-0.11,-0.02
122536,6804409,-34.997898,-56.117055,9.5,-1,0.2899,36.4,0.19,27.6,34.2,-0.11,-0.01
122536,6805201,-35.000038,-56.07485,9.4,-1,0.2818,36.4,0.19,27.6,33.4,-0.1,0.01
122536,6805321,-35.000502,-56.068428,9.6,-1,0.281,36.4,0.19,27.6,33.300000000000004,-0.1,0.02
122536,6806118,-35.002968,-56.025283,9.6,-2,0.281,36.4,0.2,27.6,33.2,-0.09,0.05
122536,6806238,-35.003225,-56.018837,9.4,-2,0.2792,36.4,0.2,27.6,33.1,-0.09,0.05
122536,6807048,-35.005823,-55.97538,9.7,-3,0.28190000000000004,36.4,0.2,27.6,33.2,-0.08,0.08
122536,6807140,-35.006445,-55.970448,9.8,-3,0.2807,36.4,0.2,27.6,33.2,-0.08,0.08
122536,6807969,-35.01175,-55.924992,9.8,-3,0.27640000000000003,36.4,0.21,27.6,33.5,-0.08,0.11
122536,6808098,-35.012515,-55.917797,9.8,-3,0.2757,36.4,0.21,27.6,33.5,-0.08,0.11
122536,6809037,-35.017395,-55.865838,10.2,-3,0.2782,36.4,0.21,27.5,34.1,-0.09,0.14
122536,6809190,-35.017357,-55.856078,10.2,-3,0.27790000000000004,36.4,0.22,27.5,34.2,-0.09,0.15
122536,6809958,-35.016225,-55.812042,10.2,-3,0.2783,36.4,0.22,27.5,34.6,-0.1,0.17
122536,6810115,-35.015763,-55.802883,10.2,-3,0.2776,36.4,0.22,27.5,34.6,-0.1,0.17
122536,6810859,-35.013962,-55.76037,10.,-3,0.2773,36.4,0.23,27.5,35.,-0.11,0.2
122536,6811047,-35.014582,-55.749567,10.2,-3,0.2822,36.4,0.23,27.5,35.1,-0.12,0.2
122536,6811784,-35.017417,-55.708148,10.1,-3,0.2872,36.4,0.24,27.5,35.5,-0.13,0.2
122536,6811971,-35.018208,-55.697385,10.1,-3,0.2873,36.4,0.24,27.5,35.6,-0.14,0.2
122536,6812719,-35.02207,-55.655307,10.,-3,0.2908,36.4,0.24,27.5,35.6,-0.15,0.19
122536,6812939,-35.021548,-55.642972,9.8,-3,0.2912,36.4,0.25,27.400000000000002,35.5,-0.15,0.19
122536,6813648,-35.017612,-55.603263,10.1,-3,0.2939,36.4,0.25,27.400000000000002,35.300000000000004,-0.16,0.17
122536,6813916,-35.015987,-55.587377,10.2,-3,0.2953,36.4,0.25,27.400000000000002,35.300000000000004,-0.16,0.16
122536,6814584,-35.013273,-55.549573,10.1,-3,0.29610000000000003,36.4,0.25,27.400000000000002,35.2,-0.15,0.13
122536,6814940,-35.013042,-55.528803,10.4,-3,0.2944,36.4,0.26,27.400000000000002,35.2,-0.15,0.12
122536,6815506,-35.013303,-55.496412,10.2,-3,0.29200000000000004,36.4,0.26,27.400000000000002,35.2,-0.14,0.1
122536,6816038,-35.013572,-55.465048,10.5,-3,0.29560000000000003,36.4,0.26,27.3,35.2,-0.13,0.09
122536,6816418,-35.01375,-55.443202,10.4,-3,0.2842,36.4,0.26,27.200000000000003,35.2,-0.13,0.08
122536,6817018,-35.013957,-55.408242,10.,-3,0.2777,36.4,0.27,27.200000000000003,35.9,-0.13,0.07
122536,6817339,-35.01407,-55.389675,10.4,-3,0.2805,36.4,0.27,27.200000000000003,36.300000000000004,-0.13,0.07
122536,6818219,-35.014282,-55.338953,10.2,-3,0.2786,36.4,0.27,27.1,37.,-0.15,0.06
122536,6818280,-35.014298,-55.335453,10.3,-3,0.27890000000000004,36.4,0.27,27.1,37.,-0.15,0.06
122536,6819200,-35.01582,-55.281743,10.4,-3,0.2748,36.4,0.27,27.1,37.2,-0.17,0.05
122536,6820117,-35.016552,-55.228155,10.5,-3,0.2787,36.4,0.27,27.1,37.,-0.19,0.04
122536,6820421,-35.018405,-55.209945,10.6,-3,0.2751,36.4,0.27,27.,37.,-0.2,0.04
122536,6821029,-35.02944,-55.177632,10.,-3,0.2847,36.4,0.28,27.1,36.9,-0.22,0.04
122536,6821702,-35.054067,-55.154902,9.4,-2,0.2847,36.4,0.28,27.1,36.800000000000004,-0.26,0.05
122536,6821982,-35.064455,-55.145567,9.6,-2,0.2847,36.4,0.29,27.1,36.7,-0.28,0.05
122536,6822798,-35.095423,-55.11756,10.2,-4,0.2832,36.4,0.29,27.1,36.5,-0.33,0.06
122536,6822886,-35.098512,-55.114815,10.1,-4,0.28300000000000003,36.4,0.29,27.1,36.5,-0.33,0.06
122536,6823788,-35.132992,-55.084345,9.9,-4,0.27790000000000004,36.4,0.3,27.1,34.9,-0.38,0.06
122536,6823932,-35.138755,-55.07917,10.1,-3,0.2836,36.4,0.3,27.1,34.4,-0.38,0.05
122536,6824702,-35.168177,-55.053158,10.,-5,0.27790000000000004,36.4,0.31,27.200000000000003,32.1,-0.41000000000000003,0.04
122536,6824878,-35.174923,-55.047182,10.,-5,0.27840000000000004,36.4,0.31,27.200000000000003,31.700000000000003,-0.42,0.04
122536,6825668,-35.204503,-55.020267,10.2,-5,0.2849,36.300000000000004,0.32,27.200000000000003,30.1,-0.44,0.03
122536,6825895,-35.213162,-55.01235,10.1,-5,0.2791,36.300000000000004,0.33,27.3,30.3,-0.44,0.03
122536,6826576,-35.238532,-54.9895,10.2,-4,0.2783,36.300000000000004,0.34,27.3,31.200000000000003,-0.43,0.02
122536,6827000,-35.254883,-54.974838,10.5,-6,0.2796,36.300000000000004,0.34,27.3,31.8,-0.42,0.01
122536,6827500,-35.273733,-54.95794,10.1,-6,0.2691,36.300000000000004,0.35000000000000003,27.3,32.6,-0.42,0.
122536,6827757,-35.283428,-54.949143,10.3,-7,0.2687,36.300000000000004,0.35000000000000003,27.3,32.800000000000004,-0.41000000000000003,0.
122536,6827760,-35.283427,-54.949142,10.3,-7,0.2687,36.300000000000004,0.35000000000000003,27.3,32.800000000000004,-0.41000000000000003,0.
122536,6828216,-35.300563,-54.93341,10.2,-7,0.2848,36.300000000000004,0.36,27.3,32.800000000000004,-0.39,0.
122536,6828444,-35.3089,-54.925757,10.2,-7,0.2864,36.300000000000004,0.36,27.3,32.9,-0.38,0.
122536,6828996,-35.329992,-54.906568,10.6,-7,0.2745,36.300000000000004,0.37,27.3,33.5,-0.35000000000000003,0.
122536,6829000,-35.329992,-54.906567,10.5,-7,0.2745,36.300000000000004,0.37,27.3,33.5,-0.35000000000000003,0.
122536,6829140,-35.335357,-54.901752,9.7,-8,0.2912,36.300000000000004,0.37,27.3,33.7,-0.34,0.
122536,6829397,-35.345287,-54.892788,10.3,-8,0.2904,36.300000000000004,0.37,27.3,34.1,-0.33,0.
122536,6830354,-35.381567,-54.859967,10.2,-9,0.28190000000000004,36.300000000000004,0.38,27.3,38.,-0.28,0.
122536,6831285,-35.418317,-54.825785,10.8,-9,0.27340000000000003,36.300000000000004,0.39,27.3,41.300000000000004,-0.23,0.
122536,6831728,-35.435888,-54.809423,10.9,-10,0.2748,36.300000000000004,0.39,27.3,42.2,-0.21,0.
122536,6831788,-35.438247,-54.807237,10.7,-10,0.27490000000000003,36.300000000000004,0.39,27.3,42.2,-0.2,0.
122536,6831789,-35.438247,-54.807237,10.7,-10,0.27490000000000003,36.300000000000004,0.39,27.3,42.2,-0.2,0.
122536,6831908,-35.442998,-54.802995,10.8,-10,0.2751,36.300000000000004,0.4,27.3,42.300000000000004,-0.2,0.
122536,6831958,-35.444993,-54.801183,10.8,-10,0.2752,36.300000000000004,0.4,27.3,42.400000000000006,-0.2,0.
122536,6832039,-35.448268,-54.798298,10.6,-10,0.2753,36.300000000000004,0.4,27.3,42.300000000000004,-0.19,0.
122536,6832129,-35.451788,-54.795167,10.6,-10,0.2755,36.300000000000004,0.4,27.3,42.,-0.19,0.
122536,6832199,-35.454132,-54.793045,10.7,-10,0.2755,36.300000000000004,0.4,27.3,41.800000000000004,-0.19,0.01
122536,6833200,-35.49471,-54.759002,10.5,-11,0.2874,36.300000000000004,0.4,27.200000000000003,41.,-0.14,0.01
122536,6833236,-35.49671,-54.757467,11.,-11,0.2877,36.300000000000004,0.4,27.200000000000003,41.1,-0.14,0.02
122536,6833244,-35.49671,-54.757467,11.,-11,0.2877,36.300000000000004,0.4,27.200000000000003,41.1,-0.14,0.02
122536,6833558,-35.509708,-54.747415,9.9,-11,0.28900000000000003,36.4,0.4,27.200000000000003,41.6,-0.13,0.02
122536,6834149,-35.533408,-54.728523,10.5,-11,0.29250000000000004,36.4,0.41000000000000003,27.200000000000003,41.800000000000004,-0.1,0.03
122536,6834637,-35.552745,-54.712508,10.,-12,0.2731,36.4,0.41000000000000003,27.200000000000003,41.5,-0.09,0.04
122536,6835101,-35.57068,-54.696943,10.2,-12,0.28290000000000004,36.4,0.41000000000000003,27.3,41.300000000000004,-0.08,0.04
122536,6835741,-35.595045,-54.674738,10.3,-12,0.253,36.4,0.41000000000000003,27.3,40.5,-0.06,0.06
122536,6836017,-35.60548,-54.664993,10.,-12,0.272,36.4,0.41000000000000003,27.3,40.2,-0.05,0.07
122536,6836358,-35.618637,-54.653648,10.5,-13,0.2718,36.4,0.41000000000000003,27.3,40.2,-0.04,0.08
122536,6836361,-35.618637,-54.653647,10.5,-13,0.2718,36.4,0.41000000000000003,27.3,40.2,-0.04,0.08
122536,6836721,-35.632533,-54.642028,10.,-13,0.25980000000000003,36.4,0.41000000000000003,27.3,40.300000000000004,-0.04,0.09
122536,6836918,-35.640307,-54.635712,9.8,-13,0.2639,36.4,0.41000000000000003,27.3,40.5,-0.04,0.09
122536,6837713,-35.670982,-54.610945,9.6,-13,0.2844,36.4,0.42,27.3,42.1,-0.03,0.1
122536,6837835,-35.675587,-54.60725,9.6,-13,0.2848,36.4,0.42,27.3,42.300000000000004,-0.03,0.1
122536,6837879,-35.677112,-54.606003,9.8,-13,0.2849,36.4,0.42,27.3,42.400000000000006,-0.03,0.1
122536,6838776,-35.712278,-54.578883,9.9,-13,0.2867,36.4,0.42,27.3,44.1,-0.03,0.11
122536,6838780,-35.712278,-54.578883,9.9,-13,0.2867,36.4,0.42,27.3,44.1,-0.03,0.11
122536,6839697,-35.748335,-54.551062,9.9,-13,0.2841,36.4,0.43,27.3,46.,-0.04,0.12
122536,6839881,-35.755425,-54.545553,9.9,-13,0.28390000000000004,36.4,0.43,27.3,46.5,-0.04,0.12
122536,6840420,-35.77634,-54.528912,10.1,-13,0.2898,36.4,0.43,27.3,47.5,-0.04,0.13
122536,6840424,-35.77634,-54.528912,10.1,-13,0.2898,36.4,0.43,27.3,47.5,-0.04,0.13
122536,6840600,-35.783275,-54.522975,9.9,-13,0.2918,36.4,0.43,27.3,47.6,-0.05,0.13
122536,6840818,-35.791603,-54.51567,10.,-13,0.2944,36.4,0.44,27.3,47.7,-0.05,0.13
122536,6840915,-35.795417,-54.512325,10.,-13,0.2909,36.4,0.44,27.3,47.7,-0.05,0.13
122536,6841056,-35.800753,-54.50764,10.3,-13,0.2918,36.4,0.44,27.3,47.6,-0.05,0.13
122536,6841550,-35.81928,-54.491175,10.1,-13,0.2963,36.4,0.44,27.3,47.1,-0.05,0.13
122536,6841742,-35.826472,-54.484722,10.,-13,0.29550000000000004,36.4,0.44,27.3,46.7,-0.06,0.14
122536,6841807,-35.829097,-54.482365,10.4,-13,0.29510000000000003,36.4,0.44,27.3,46.5,-0.06,0.14
122536,6842236,-35.845312,-54.467752,10.4,-13,0.2918,36.4,0.44,27.3,46.5,-0.06,0.14
122536,6842484,-35.854383,-54.459602,10.1,-13,0.29150000000000004,36.4,0.44,27.3,47.,-0.06,0.14
122536,6842783,-35.865817,-54.449358,9.8,-13,0.2908,36.4,0.45,27.200000000000003,47.5,-0.05,0.14
122536,6843388,-35.888808,-54.428598,10.3,-12,0.2948,36.4,0.45,27.200000000000003,48.,-0.04,0.14
122536,6843739,-35.902117,-54.416498,10.4,-12,0.29550000000000004,36.4,0.45,27.200000000000003,48.,-0.04,0.14
122536,6844308,-35.923585,-54.396813,9.6,-12,0.2949,36.4,0.46,27.200000000000003,47.800000000000004,-0.03,0.14
122536,6844475,-35.929972,-54.39089,10.4,-12,0.29550000000000004,36.4,0.46,27.200000000000003,47.900000000000006,-0.02,0.14
122536,6844778,-35.941302,-54.380387,10.3,-11,0.2973,36.4,0.46,27.200000000000003,47.900000000000006,-0.01,0.14
122536,6844874,-35.945062,-54.376865,9.8,-11,0.29810000000000003,36.4,0.46,27.200000000000003,47.800000000000004,-0.01,0.14
122536,6845266,-35.959728,-54.362987,10.3,-11,0.3012,36.4,0.46,27.200000000000003,47.400000000000006,0.,0.13
122536,6845778,-35.979018,-54.34513,9.6,-10,0.30310000000000004,36.4,0.46,27.200000000000003,46.2,0.02,0.13
122536,6845916,-35.984413,-54.34018,10.1,-10,0.3038,36.4,0.47000000000000003,27.200000000000003,45.7,0.03,0.13
122536,6846238,-35.996657,-54.32898,10.4,-10,0.2939,36.4,0.47000000000000003,27.200000000000003,44.400000000000006,0.04,0.12
122536,6846857,-36.020107,-54.307412,9.8,-9,0.2943,36.4,0.47000000000000003,27.3,44.6,0.06,0.11
122536,6847166,-36.03189,-54.296682,10.,-8,0.2902,36.4,0.47000000000000003,27.3,45.,0.08,0.11
122536,6847335,-36.038383,-54.290795,10.5,-8,0.28600000000000003,36.4,0.47000000000000003,27.3,45.1,0.09,0.1
122536,6847362,-36.039195,-54.29006,10.7,-8,0.2858,36.4,0.47000000000000003,27.3,45.1,0.09,0.1
122536,6848107,-36.068027,-54.263923,10.3,-8,0.28500000000000003,36.4,0.47000000000000003,27.3,44.800000000000004,0.12,0.08
122536,6848185,-36.071115,-54.261152,10.5,-8,0.2842,36.4,0.47000000000000003,27.200000000000003,44.7,0.13,0.08
122536,6848378,-36.078432,-54.254572,10.5,-8,0.28200000000000003,36.4,0.47000000000000003,27.200000000000003,44.300000000000004,0.14,0.08
122536,6849018,-36.102965,-54.23245,10.2,-7,0.2828,36.4,0.46,27.200000000000003,43.900000000000006,0.17,0.06
122536,6849164,-36.108633,-54.22733,10.4,-7,0.2833,36.4,0.46,27.200000000000003,44.,0.18,0.06
122536,6849319,-36.11443,-54.222085,10.3,-7,0.2837,36.4,0.46,27.200000000000003,44.1,0.19,0.05
122536,6849923,-36.137317,-54.201245,10.6,-8,0.2858,36.4,0.46,27.200000000000003,43.900000000000006,0.22,0.03
122536,6850519,-36.160128,-54.17998,10.,-8,0.28350000000000003,36.300000000000004,0.46,27.200000000000003,43.2,0.26,0.01
122536,6850595,-36.163173,-54.177085,10.7,-8,0.28240000000000004,36.300000000000004,0.46,27.200000000000003,43.2,0.26,0.01
122536,6850831,-36.17192,-54.168793,10.4,-7,0.2837,36.300000000000004,0.45,27.200000000000003,43.300000000000004,0.27,0.
122536,6850925,-36.175668,-54.165208,10.1,-8,0.2785,36.300000000000004,0.45,27.200000000000003,43.300000000000004,0.28,0.
122536,6851784,-36.20822,-54.133515,10.,-10,0.2738,36.300000000000004,0.45,27.200000000000003,43.,0.33,-0.03
122536,6851785,-36.20822,-54.133515,10.,-10,0.2738,36.300000000000004,0.45,27.200000000000003,43.,0.33,-0.03
122536,6852751,-36.24478,-54.098275,10.1,-13,0.2632,36.300000000000004,0.44,27.200000000000003,42.2,0.37,-0.07
122536,6853173,-36.26146,-54.08394,10.1,-12,0.2581,36.300000000000004,0.43,27.200000000000003,42.5,0.39,-0.08
122536,6853484,-36.273623,-54.073413,10.4,-15,0.257,36.300000000000004,0.43,27.200000000000003,43.1,0.4,-0.09
122536,6853658,-36.28026,-54.067767,10.1,-16,0.2553,36.300000000000004,0.42,27.200000000000003,43.5,0.41000000000000003,-0.1
122536,6854206,-36.301407,-54.04941,10.2,-19,0.25070000000000003,36.300000000000004,0.42,27.200000000000003,44.900000000000006,0.43,-0.12
122536,6854615,-36.317057,-54.035465,10.6,-21,0.2509,36.300000000000004,0.41000000000000003,27.200000000000003,46.,0.44,-0.13
122536,6855755,-36.36026,-53.996283,10.7,-25,0.2508,36.300000000000004,0.39,27.200000000000003,47.400000000000006,0.48,-0.16
122536,6856804,-36.399825,-53.960173,9.8,-29,0.2444,36.300000000000004,0.36,27.1,46.5,0.53,-0.19
122536,6856916,-36.40401,-53.95636,10.,-29,0.2432,36.300000000000004,0.36,27.1,46.2,0.54,-0.19
122536,6857768,-36.436432,-53.927658,9.7,-33,0.24780000000000002,36.300000000000004,0.34,27.1,44.,0.58,-0.21
122536,6858147,-36.450757,-53.915062,9.8,-37,0.2495,36.300000000000004,0.33,27.1,43.300000000000004,0.6,-0.22
122536,6859604,-36.50713,-53.867832,10.3,-51,0.2506,36.4,0.29,27.1,41.300000000000004,0.65,-0.24
122536,6860655,-36.548445,-53.834982,10.3,-64,0.2555,36.4,0.25,27.,38.,0.65,-0.25
122536,6860929,-36.559447,-53.826967,10.5,-56,0.253,36.4,0.25,27.,37.1,0.65,-0.25
122536,6861905,-36.60053,-53.799582,10.2,-98,0.2597,36.4,0.22,26.900000000000002,35.9,0.61,-0.23
122536,6863075,-36.649102,-53.767793,9.9,-130,0.2501,36.4,0.18,26.8,35.,0.55,-0.19
122536,6863414,-36.663293,-53.759137,10.3,-139,0.2484,36.4,0.17,26.8,34.9,0.53,-0.18
122536,6864466,-36.707877,-53.732832,10.5,-174,0.2553,36.4,0.14,26.700000000000003,33.2,0.47000000000000003,-0.13
122536,6864965,-36.729152,-53.720525,9.9,-194,0.2596,36.4,0.13,26.8,32.,0.44,-0.11
122536,6865713,-36.76038,-53.701475,10.2,-211,0.26030000000000003,36.4,0.12,26.8,30.900000000000002,0.39,-0.09
122536,6866866,-36.810328,-53.673197,9.9,-241,0.2782,36.4,0.1,26.8,31.5,0.31,-0.05
122536,6867215,-36.826018,-53.66589,10.3,-251,0.26180000000000003,36.4,0.09,26.8,32.5,0.28,-0.04
122536,6868264,-36.87267,-53.643485,10.3,-283,0.2838,36.4,0.08,26.8,36.,0.2,-0.02
122536,6868574,-36.886075,-53.63669,9.5,-292,0.2826,36.4,0.08,26.8,36.7,0.18,-0.01
122536,6868783,-36.895037,-53.632125,10.2,-297,0.2832,36.4,0.08,26.8,36.9,0.17,0.
122536,6868794,-36.89553,-53.631893,9.9,-297,0.2832,36.4,0.08,26.8,36.9,0.17,0.
122536,6868803,-36.89592,-53.63169,10.4,-298,0.2833,36.4,0.08,26.8,36.9,0.17,0.
122536,6868822,-36.896772,-53.631215,9.9,-298,0.2833,36.4,0.08,26.8,36.9,0.17,0.
122536,6868823,-36.896772,-53.631215,9.9,-298,0.2833,36.4,0.08,26.8,36.9,0.17,0.
122536,6868833,-36.897193,-53.630983,9.8,-298,0.2833,36.4,0.08,26.8,36.9,0.17,0.
122536,6868843,-36.897618,-53.630743,10.,-299,0.28340000000000004,36.4,0.08,26.8,36.9,0.17,0.
122536,6868903,-36.900202,-53.629455,10.4,-300,0.28350000000000003,36.4,0.08,26.8,36.9,0.16,0.
122536,6868962,-36.902737,-53.62814,9.4,-302,0.2836,36.4,0.08,26.8,37.,0.16,0.
122536,6869014,-36.904912,-53.626972,10.3,-303,0.2837,36.4,0.08,26.8,37.,0.15,0.
122536,6869144,-36.910493,-53.624013,9.6,-306,0.28140000000000004,36.4,0.07,26.8,37.,0.15,0.
122536,6869274,-36.916007,-53.621113,9.9,-309,0.2813,36.4,0.07,26.8,37.,0.14,0.01
122536,6870555,-36.971852,-53.591105,10.4,-322,0.2631,36.4,0.06,26.8,36.,0.05,0.04
122536,6870655,-36.97624,-53.588663,10.6,-324,0.2629,36.4,0.06,26.8,35.9,0.05,0.05
122536,6871834,-37.027715,-53.560397,10.3,-367,0.2592,36.4,0.06,26.700000000000003,34.7,-0.03,0.1
122536,6872135,-37.040662,-53.553478,10.1,-379,0.25830000000000003,36.4,0.06,26.700000000000003,34.4,-0.05,0.11
122536,6873165,-37.084723,-53.529922,10.3,-392,0.2449,36.4,0.06,26.700000000000003,34.2,-0.13,0.16
122536,6873604,-37.102683,-53.517752,10.2,-403,0.24430000000000002,36.4,0.06,26.700000000000003,34.,-0.17,0.18
122536,6874345,-37.131927,-53.493705,10.4,-456,0.2501,36.4,0.06,26.700000000000003,32.4,-0.23,0.23
122536,6874463,-37.136472,-53.489268,10.2,-460,0.2514,36.4,0.07,26.700000000000003,32.,-0.24,0.23
122536,6874473,-37.13682,-53.488937,10.6,-460,0.2515,36.4,0.07,26.700000000000003,32.,-0.24,0.23
122536,6874504,-37.138002,-53.487808,10.4,-461,0.2518,36.4,0.07,26.6,31.900000000000002,-0.24,0.24
122536,6874514,-37.138378,-53.487435,10.5,-461,0.2519,36.4,0.07,26.6,31.8,-0.24,0.24
122536,6874523,-37.138748,-53.487062,10.4,-462,0.252,36.4,0.07,26.6,31.8,-0.24,0.24
122536,6874524,-37.138748,-53.487062,10.4,-462,0.252,36.4,0.07,26.6,31.8,-0.24,0.24
122536,6874533,-37.139095,-53.486747,9.9,-462,0.2521,36.4,0.07,26.6,31.8,-0.24,0.24
122536,6874554,-37.13991,-53.485988,10.3,-463,0.2523,36.4,0.07,26.6,31.700000000000003,-0.24,0.24
122536,6874562,-37.140252,-53.485665,10.1,-463,0.2524,36.4,0.07,26.6,31.700000000000003,-0.24,0.24
122536,6874563,-37.140252,-53.485665,10.1,-463,0.2524,36.4,0.07,26.6,31.700000000000003,-0.24,0.24
122536,6874572,-37.140638,-53.4853,10.3,-463,0.2525,36.4,0.07,26.6,31.6,-0.24,0.24
122536,6874573,-37.140638,-53.4853,10.3,-463,0.2525,36.4,0.07,26.6,31.6,-0.24,0.24
122536,6874583,-37.141047,-53.484888,10.4,-464,0.2526,36.4,0.07,26.6,31.6,-0.24,0.24
122536,6874584,-37.141047,-53.484888,10.4,-464,0.2526,36.4,0.07,26.6,31.6,-0.24,0.24
122536,6874622,-37.142517,-53.483457,10.9,-465,0.2529,36.4,0.07,26.6,31.5,-0.25,0.24
122536,6874623,-37.142517,-53.483457,10.9,-465,0.2529,36.4,0.07,26.6,31.5,-0.25,0.24
122536,6874703,-37.145517,-53.480505,10.7,-468,0.2535,36.4,0.07,26.6,31.200000000000003,-0.25,0.25
122536,6874763,-37.147817,-53.478277,10.4,-470,0.2539,36.4,0.07,26.6,31.1,-0.26,0.25
122536,6874802,-37.149343,-53.476785,10.5,-471,0.2541,36.4,0.07,26.6,30.900000000000002,-0.26,0.25
122536,6874803,-37.149343,-53.476785,10.5,-471,0.2541,36.4,0.07,26.6,30.900000000000002,-0.26,0.25
122536,6874842,-37.150898,-53.475332,10.7,-472,0.2543,36.4,0.07,26.6,30.8,-0.26,0.25
122536,6874952,-37.15506,-53.471382,10.1,-476,0.2548,36.4,0.07,26.6,30.5,-0.27,0.26
122536,6874953,-37.15506,-53.471382,10.1,-476,0.2548,36.4,0.07,26.6,30.5,-0.27,0.26
122536,6875634,-37.180345,-53.446558,10.5,-426,0.2504,36.4,0.08,26.6,28.700000000000003,-0.32,0.3
122536,6876144,-37.199295,-53.427972,10.1,-434,0.2427,36.4,0.09,26.6,28.3,-0.35000000000000003,0.33
122536,6876836,-37.225233,-53.402253,10.4,-534,0.2437,36.4,0.1,26.6,29.3,-0.38,0.36
122536,6878114,-37.272818,-53.352628,10.8,-439,0.2652,36.4,0.14,26.6,29.1,-0.43,0.43
122536,6878725,-37.294847,-53.327367,10.8,-624,0.26380000000000003,36.4,0.15,26.6,28.900000000000002,-0.45,0.45
122536,6880363,-37.35457,-53.258002,10.8,-527,0.2469,36.4,0.21,26.6,28.8,-0.47000000000000003,0.52
122536,6880364,-37.35457,-53.258002,10.8,-527,0.2469,36.4,0.21,26.6,28.8,-0.47000000000000003,0.52
122536,6880373,-37.354957,-53.25762,11.3,-528,0.24680000000000002,36.4,0.21,26.6,28.8,-0.47000000000000003,0.52
122536,6880374,-37.354957,-53.25762,11.3,-528,0.24680000000000002,36.4,0.21,26.6,28.8,-0.47000000000000003,0.52
122536,6880382,-37.355285,-53.257255,10.8,-529,0.24680000000000002,36.4,0.21,26.6,28.8,-0.47000000000000003,0.52
122536,6880383,-37.355285,-53.257255,10.8,-529,0.24680000000000002,36.4,0.21,26.6,28.8,-0.47000000000000003,0.52
122536,6880434,-37.357193,-53.255153,10.7,-533,0.2464,36.4,0.21,26.6,28.900000000000002,-0.47000000000000003,0.52
122536,6880543,-37.361465,-53.250733,11.,-544,0.2457,36.4,0.21,26.6,29.,-0.47000000000000003,0.52
122536,6880544,-37.361465,-53.250733,11.,-544,0.2457,36.4,0.21,26.6,29.,-0.47000000000000003,0.52
122536,6880604,-37.363833,-53.248323,11.2,-603,0.2504,36.4,0.22,26.6,29.1,-0.47000000000000003,0.52
122536,6884036,-37.50499,-53.123882,10.2,-798,0.24580000000000002,36.4,0.35000000000000003,26.6,33.1,-0.46,0.55
122536,6920332,-38.823837,-53.190435,8.6,-1039,0.254,36.,0.19,26.1,45.800000000000004,0.56,0.77
122536,6920352,-38.824432,-53.19097,8.,-1039,0.254,36.,0.19,26.1,45.900000000000006,0.56,0.77
122536,6920641,-38.833777,-53.198475,8.8,-1040,0.251,36.,0.18,26.1,46.7,0.55,0.79
122536,6924306,-38.957882,-53.286412,9.4,-1039,0.2524,36.,0.07,26.1,50.5,0.42,0.96
122536,6929775,-39.17183,-53.418647,8.9,-1038,0.26480000000000004,35.9,-0.08,26.5,48.6,0.24,0.8
122536,6933065,-39.309465,-53.501365,10.5,-1050,0.2655,36.,-0.15,26.3,40.800000000000004,0.05,0.6
122536,6933785,-39.340218,-53.518677,10.,-1053,0.27030000000000004,35.9,-0.16,26.3,40.,-0.01,0.55
122536,6936815,-39.473572,-53.599978,10.1,-1050,0.2575,35.9,-0.16,26.200000000000003,44.300000000000004,-0.3,0.34
122536,6937466,-39.502382,-53.617183,11.,-1060,0.2523,35.800000000000004,-0.15,26.200000000000003,45.2,-0.36,0.3
122536,6937814,-39.517357,-53.62683,11.3,-1062,0.2503,35.800000000000004,-0.15,26.200000000000003,45.7,-0.39,0.28
122536,6938885,-39.56388,-53.65713,9.5,-1057,0.2525,35.800000000000004,-0.13,26.3,51.5,-0.5,0.2
122536,6940534,-39.63759,-53.702958,11.8,-1073,0.25980000000000003,35.800000000000004,-0.08,26.200000000000003,51.5,-0.65,0.08
122536,6941825,-39.696145,-53.74034,11.8,-1073,0.2541,35.9,-0.04,26.3,53.,-0.74,-0.01
122536,6942785,-39.7396,-53.769365,9.,-1085,0.2472,35.9,0.,26.400000000000002,55.300000000000004,-0.79,-0.07
122536,6943656,-39.778123,-53.794057,12.1,-1088,0.263,36.,0.03,26.400000000000002,56.5,-0.8,-0.12
122536,6944986,-39.837598,-53.832877,10.9,-1100,0.2579,36.,0.08,26.5,54.800000000000004,-0.75,-0.17
122536,6947515,-39.939012,-53.918598,10.9,-1102,0.25630000000000003,35.9,0.15,26.3,49.300000000000004,-0.5700000000000001,-0.26
122536,6948734,-39.984122,-53.960255,10.7,-1101,0.26330000000000003,35.9,0.18,26.400000000000002,48.5,-0.46,-0.28
122536,6949935,-40.028125,-54.002338,9.8,-1087,0.2652,35.9,0.19,26.400000000000002,47.1,-0.37,-0.3
122536,6951175,-40.074017,-54.04493,9.,-1097,0.2634,35.9,0.22,26.400000000000002,53.5,-0.29,-0.31
122536,6952515,-40.122905,-54.091162,9.4,-1074,0.2609,35.9,0.23,26.400000000000002,56.800000000000004,-0.23,-0.31
122536,6953844,-40.16776,-54.138273,9.8,-1062,0.2768,35.9,0.25,26.400000000000002,53.,-0.17,-0.29
122536,6954976,-40.205907,-54.173602,8.8,-1063,0.2783,35.9,0.25,26.400000000000002,55.,-0.08,-0.26
122536,6955955,-40.238188,-54.2039,8.4,-1065,0.2795,35.9,0.25,26.400000000000002,57.6,0.01,-0.24
122536,6957072,-40.2754,-54.238488,8.8,-1060,0.2883,35.9,0.25,26.400000000000002,51.2,0.12,-0.2
122536,6957415,-40.28655,-54.248708,9.6,-1063,0.28600000000000003,35.9,0.25,26.400000000000002,48.6,0.15,-0.18
122536,6962803,-40.454942,-54.411762,8.2,-1026,0.27440000000000003,35.800000000000004,0.22,26.5,45.900000000000006,0.52,-0.06
122536,6962810,-40.45521,-54.412047,8.8,-1027,0.27440000000000003,35.800000000000004,0.22,26.5,45.900000000000006,0.52,-0.06
122536,6962811,-40.45521,-54.412047,8.8,-1027,0.27440000000000003,35.800000000000004,0.22,26.5,45.900000000000006,0.52,-0.06
122536,6962852,-40.45645,-54.413363,8.4,-1027,0.2743,35.800000000000004,0.22,26.5,46.1,0.52,-0.06
122536,6962853,-40.45645,-54.413363,8.4,-1027,0.2743,35.800000000000004,0.22,26.5,46.1,0.52,-0.06
122536,6962862,-40.456758,-54.413682,9.1,-1027,0.2743,35.800000000000004,0.22,26.5,46.2,0.52,-0.06
122536,6962863,-40.456758,-54.413682,9.1,-1027,0.2743,35.800000000000004,0.22,26.5,46.2,0.52,-0.06
122536,6962902,-40.458005,-54.414997,8.2,-1027,0.2742,35.800000000000004,0.22,26.5,46.400000000000006,0.52,-0.06
122536,6962903,-40.458005,-54.414997,8.2,-1027,0.2742,35.800000000000004,0.22,26.5,46.400000000000006,0.52,-0.06
122536,6962963,-40.459785,-54.416968,9.,-1026,0.2665,35.800000000000004,0.22,26.5,46.7,0.52,-0.06
122536,6963022,-40.461623,-54.418912,8.7,-1026,0.267,35.800000000000004,0.22,26.5,47.,0.52,-0.06
122536,6963023,-40.461623,-54.418912,8.7,-1026,0.267,35.800000000000004,0.22,26.5,47.,0.52,-0.06
122536,6963031,-40.461897,-54.419203,8.2,-1026,0.2671,35.800000000000004,0.22,26.5,47.,0.53,-0.06
122536,6963082,-40.463458,-54.420855,9.3,-1026,0.2675,35.800000000000004,0.22,26.5,47.2,0.53,-0.06
122536,6963083,-40.463458,-54.420855,9.3,-1026,0.2675,35.800000000000004,0.22,26.5,47.2,0.53,-0.06
122536,6963090,-40.463713,-54.421138,9.2,-1026,0.2676,35.800000000000004,0.22,26.5,47.2,0.53,-0.06
122536,6963091,-40.463713,-54.421138,9.2,-1026,0.2676,35.800000000000004,0.22,26.5,47.2,0.53,-0.06
122536,6963544,-40.477327,-54.435867,8.8,-1027,0.2706,35.800000000000004,0.21,26.5,48.800000000000004,0.53,-0.06
122536,6963986,-40.490615,-54.451257,9.5,-1025,0.2727,35.7,0.21,26.5,47.5,0.53,-0.07
122536,6967596,-40.59951,-54.592977,10.4,-1042,0.2684,35.7,0.19,26.400000000000002,41.800000000000004,0.46,-0.24
122536,6968742,-40.638245,-54.636968,9.5,-1017,0.24830000000000002,35.7,0.18,26.3,43.1,0.49,-0.31
122536,6968743,-40.638245,-54.636968,9.5,-1017,0.24830000000000002,35.7,0.18,26.3,43.1,0.49,-0.31
122536,6968761,-40.638912,-54.637745,9.1,-1017,0.249,35.7,0.18,26.3,43.1,0.49,-0.31
122536,6968762,-40.638912,-54.637745,9.1,-1017,0.249,35.7,0.18,26.3,43.1,0.49,-0.31
122536,6968771,-40.639232,-54.638145,9.6,-1017,0.2494,35.7,0.18,26.3,43.1,0.49,-0.31
122536,6968781,-40.639558,-54.638542,9.9,-1016,0.2497,35.7,0.18,26.3,43.2,0.49,-0.31
122536,6968793,-40.639928,-54.638963,9.2,-1016,0.2501,35.7,0.18,26.3,43.2,0.49,-0.31
122536,6968794,-40.639928,-54.638963,9.2,-1016,0.2501,35.7,0.18,26.3,43.2,0.49,-0.31
122536,6968831,-40.641308,-54.640443,10.2,-1015,0.2514,35.7,0.18,26.3,43.2,0.49,-0.32
122536,6968841,-40.641665,-54.640818,10.2,-1015,0.2518,35.7,0.18,26.3,43.2,0.49,-0.32
122536,6968941,-40.645005,-54.644672,9.7,-1013,0.25520000000000004,35.7,0.18,26.3,43.2,0.5,-0.32
122536,6969053,-40.648777,-54.648873,10.3,-1011,0.2589,35.7,0.18,26.3,43.300000000000004,0.5,-0.33
122536,6969213,-40.654287,-54.654975,9.5,-1007,0.2644,35.7,0.18,26.3,43.400000000000006,0.51,-0.33
122536,6972906,-40.782843,-54.795067,9.6,-1080,0.26630000000000004,35.800000000000004,0.14,26.200000000000003,43.7,0.72,-0.47000000000000003
122536,6997067,-41.623057,-55.71105,8.9,-1039,0.2523,35.,-0.36,24.5,30.700000000000003,0.63,-0.04
122536,6997247,-41.628718,-55.719095,9.6,-1039,0.23500000000000001,35.,-0.37,24.400000000000002,31.,0.61,-0.04
122536,6997280,-41.62967,-55.720497,9.2,-1039,0.23520000000000002,35.,-0.37,24.400000000000002,31.1,0.61,-0.04
122536,6997339,-41.631532,-55.723123,9.8,-1039,0.2356,35.,-0.37,24.3,31.200000000000003,0.61,-0.04
122536,6997378,-41.632808,-55.724895,9.5,-1039,0.23600000000000002,35.,-0.37,24.3,31.200000000000003,0.6,-0.04
122536,6997399,-41.633433,-55.725785,10.5,-1039,0.23620000000000002,35.,-0.37,24.3,31.3,0.6,-0.04
122536,7002842,-41.809608,-55.944048,9.8,-958,0.17980000000000002,34.2,-0.49,23.1,29.1,0.4,-0.07
122536,7003170,-41.820658,-55.95619,9.3,-963,0.16670000000000001,34.2,-0.49,23.,28.8,0.4,-0.07
122536,7003172,-41.820658,-55.95619,9.3,-963,0.16670000000000001,34.2,-0.49,23.,28.8,0.4,-0.07
122536,7003272,-41.823942,-55.95982,8.9,-964,0.22360000000000002,34.2,-0.49,23.,28.700000000000003,0.4,-0.07
122536,7003282,-41.824267,-55.96018,9.3,-964,0.223,34.2,-0.49,23.,28.700000000000003,0.4,-0.07
122536,7008994,-42.013258,-56.17714,10.,-864,0.262,34.,-0.55,22.900000000000002,33.800000000000004,0.23,-0.15
122536,7009032,-42.014637,-56.178678,9.7,-863,0.2611,34.,-0.55,22.900000000000002,33.800000000000004,0.23,-0.15
122536,7009033,-42.014637,-56.178678,9.7,-863,0.2611,34.,-0.55,22.900000000000002,33.800000000000004,0.23,-0.15
122536,7009053,-42.015385,-56.179525,9.6,-863,0.2606,34.,-0.55,22.900000000000002,33.7,0.23,-0.15
122536,7009054,-42.015385,-56.179525,9.6,-863,0.2606,34.,-0.55,22.900000000000002,33.7,0.23,-0.15
122536,7013006,-42.154898,-56.32847,10.4,-853,0.2812,33.9,-0.5700000000000001,22.900000000000002,32.800000000000004,0.15,-0.17
122536,7018536,-42.351912,-56.539635,10.2,-752,0.222,33.7,-0.6,22.700000000000003,35.2,0.13,-0.09
122536,7019893,-42.399845,-56.591715,9.7,-739,0.21030000000000001,33.6,-0.61,22.5,36.,0.11,-0.07
122536,7022395,-42.487667,-56.688333,10.5,-732,0.2019,33.5,-0.62,22.3,34.7,0.05,-0.04
122536,7024285,-42.555323,-56.763343,10.7,-695,0.2084,33.4,-0.62,22.200000000000003,33.800000000000004,-0.04,-0.01
122536,7025593,-42.602433,-56.81363,10.,-695,0.21230000000000002,33.4,-0.62,22.1,30.200000000000003,-0.1,0.01
122536,7026575,-42.636575,-56.849975,9.4,-682,0.22890000000000002,33.4,-0.62,22.1,31.200000000000003,-0.14,0.03
122536,7028026,-42.685382,-56.90594,9.6,-670,0.24380000000000002,33.4,-0.62,22.,30.200000000000003,-0.19,0.04
122536,7029294,-42.727548,-56.953552,8.9,-667,0.2543,33.5,-0.62,22.,32.6,-0.24,0.05
122536,7032954,-42.844335,-57.085923,8.3,-702,0.2247,33.4,-0.61,21.6,25.700000000000003,-0.3,0.02
122536,7035675,-42.931087,-57.187837,9.6,-775,0.22510000000000002,33.2,-0.62,21.3,24.8,-0.31,-0.03
122536,7037825,-42.998112,-57.268375,9.,-780,0.24300000000000002,33.6,-0.64,21.3,23.6,-0.29,-0.05
122536,7038234,-43.010952,-57.283635,7.9,-769,0.2536,33.7,-0.64,21.400000000000002,23.8,-0.28,-0.06
122536,7039025,-43.03564,-57.313008,9.7,-773,0.2461,33.7,-0.64,21.3,25.200000000000003,-0.28,-0.07
122536,7040375,-43.078983,-57.360775,10.1,-764,0.20220000000000002,33.6,-0.65,21.200000000000003,28.900000000000002,-0.27,-0.1
122536,7042983,-43.162998,-57.448733,9.4,-749,0.2962,33.300000000000004,-0.66,20.900000000000002,31.6,-0.26,-0.17
122536,7044005,-43.196318,-57.482157,8.6,-743,0.24500000000000002,33.1,-0.65,20.900000000000002,28.6,-0.25,-0.21
122536,7044465,-43.211147,-57.497223,8.,-743,0.1965,33.1,-0.65,20.900000000000002,26.1,-0.23,-0.23
122536,7045225,-43.235578,-57.521883,8.8,-743,0.2298,33.,-0.65,20.8,24.,-0.2,-0.25
122536,7045382,-43.240967,-57.527335,9.4,-744,0.22,33.,-0.65,20.8,24.1,-0.19,-0.25
122536,7045383,-43.240967,-57.527335,9.4,-744,0.22,33.,-0.65,20.8,24.1,-0.19,-0.25
122536,7045403,-43.241657,-57.528043,9.7,-744,0.2187,33.,-0.65,20.8,24.1,-0.19,-0.25
122536,7045412,-43.242005,-57.528403,9.3,-744,0.218,33.,-0.65,20.8,24.1,-0.19,-0.25
122536,7045421,-43.242315,-57.528698,8.9,-744,0.2175,33.,-0.65,20.8,24.1,-0.19,-0.25
122536,7045432,-43.242655,-57.52905,9.1,-744,0.21680000000000002,33.,-0.65,20.8,24.1,-0.19,-0.25
122536,7046545,-43.27819,-57.565532,8.2,-743,0.272,32.9,-0.64,20.6,24.700000000000003,-0.15,-0.28
122536,7046985,-43.292207,-57.579875,8.7,-742,0.29460000000000003,32.9,-0.64,20.6,24.6,-0.13,-0.28
122536,7047955,-43.322078,-57.611805,8.4,-742,0.2822,32.9,-0.64,20.5,24.5,-0.11,-0.28
122536,7049043,-43.355483,-57.650988,9.1,-750,0.2379,33.,-0.64,20.5,23.6,-0.1,-0.29
122536,7050315,-43.393068,-57.6972,8.8,-746,0.2318,32.7,-0.63,20.200000000000003,21.8,-0.09,-0.29
122536,7050835,-43.408142,-57.716155,8.4,-747,0.23850000000000002,32.5,-0.63,20.,21.200000000000003,-0.08,-0.28
122536,7051172,-43.418195,-57.728857,8.6,-750,0.2328,32.4,-0.63,19.8,20.900000000000002,-0.08,-0.28
122536,7051192,-43.418812,-57.729603,9.4,-750,0.233,32.4,-0.63,19.8,20.900000000000002,-0.07,-0.28
122536,7051213,-43.419443,-57.730432,9.3,-750,0.23320000000000002,32.4,-0.63,19.8,20.900000000000002,-0.07,-0.28
122536,7051223,-43.419752,-57.73083,9.2,-750,0.2333,32.4,-0.63,19.8,20.900000000000002,-0.07,-0.28
122536,7051252,-43.420652,-57.731952,9.5,-750,0.2335,32.4,-0.63,19.8,20.900000000000002,-0.07,-0.28
122536,7051273,-43.421268,-57.732757,9.2,-750,0.2338,32.300000000000004,-0.63,19.8,20.900000000000002,-0.07,-0.28
122536,7051312,-43.422467,-57.734262,9.9,-750,0.23420000000000002,32.300000000000004,-0.63,19.700000000000003,20.8,-0.07,-0.28
122536,7051432,-43.425993,-57.73885,8.2,-750,0.23570000000000002,32.300000000000004,-0.63,19.700000000000003,20.8,-0.07,-0.28
122536,7051453,-43.42655,-57.739623,7.7,-750,0.23600000000000002,32.300000000000004,-0.63,19.700000000000003,20.8,-0.07,-0.28
122536,7051532,-43.428912,-57.74251,8.7,-750,0.2371,32.300000000000004,-0.63,19.6,20.700000000000003,-0.07,-0.27
122536,7056426,-43.576788,-57.928543,8.4,-708,0.1688,31.900000000000002,-0.63,19.200000000000003,20.3,0.06,-0.16
122536,7057093,-43.597323,-57.953827,9.3,-705,0.1718,31.900000000000002,-0.63,19.1,20.400000000000002,0.07,-0.16
122536,7057102,-43.597608,-57.954153,9.2,-705,0.1718,31.900000000000002,-0.63,19.1,20.400000000000002,0.07,-0.16
122536,7057113,-43.597948,-57.954593,9.,-704,0.17170000000000002,31.900000000000002,-0.63,19.1,20.3,0.07,-0.16
122536,7057123,-43.598232,-57.954938,9.8,-704,0.17170000000000002,31.900000000000002,-0.63,19.1,20.3,0.07,-0.16
122536,7057152,-43.599158,-57.956017,9.1,-704,0.1716,31.900000000000002,-0.63,19.1,20.3,0.07,-0.16
122536,7057162,-43.599462,-57.95638,9.5,-704,0.1715,31.900000000000002,-0.63,19.1,20.3,0.07,-0.16
122536,7057173,-43.5998,-57.956763,9.2,-704,0.1715,31.900000000000002,-0.63,19.1,20.3,0.07,-0.16
122536,7057183,-43.600075,-57.957072,9.,-704,0.1714,31.900000000000002,-0.63,19.1,20.3,0.07,-0.16
122536,7057223,-43.601313,-57.958437,8.7,-704,0.1746,31.900000000000002,-0.63,19.1,20.400000000000002,0.07,-0.16
122536,7057233,-43.601587,-57.958778,8.3,-703,0.1746,31.900000000000002,-0.63,19.,20.400000000000002,0.07,-0.16
122536,7057272,-43.602735,-57.96023,9.,-703,0.17450000000000002,31.900000000000002,-0.63,19.,20.400000000000002,0.07,-0.16
122536,7057292,-43.603302,-57.961013,8.,-703,0.17450000000000002,31.900000000000002,-0.63,19.,20.400000000000002,0.07,-0.16
122536,7057293,-43.603302,-57.961013,8.,-703,0.17450000000000002,31.900000000000002,-0.63,19.,20.400000000000002,0.07,-0.16
122536,7057332,-43.60456,-57.962455,9.3,-703,0.17450000000000002,31.900000000000002,-0.63,19.,20.400000000000002,0.07,-0.16
122536,7057352,-43.605197,-57.963217,9.6,-702,0.1744,31.900000000000002,-0.63,19.,20.400000000000002,0.06,-0.16
122536,7057573,-43.612265,-57.971637,10.2,-701,0.1739,31.900000000000002,-0.63,19.,20.5,0.06,-0.16
122536,7061826,-43.748452,-58.13262,9.1,-736,0.1869,31.900000000000002,-0.61,18.400000000000002,22.1,-0.1,-0.26
122536,7427394,-47.640313,-60.62101,10.2,-97,0.19140000000000001,30.400000000000002,-0.42,15.200000000000001,30.400000000000002,0.11,-0.09
122536,7427424,-47.641632,-60.620228,10.2,-97,0.1915,30.400000000000002,-0.42,15.200000000000001,30.200000000000003,0.11,-0.09
122536,7427484,-47.644178,-60.618767,9.9,-98,0.1915,30.400000000000002,-0.42,15.200000000000001,29.900000000000002,0.11,-0.09
122536,7427523,-47.645905,-60.617763,10.2,-98,0.1915,30.400000000000002,-0.42,15.200000000000001,29.6,0.1,-0.09
122536,7427574,-47.648063,-60.616527,9.4,-98,0.1915,30.400000000000002,-0.43,15.200000000000001,29.3,0.1,-0.09
122536,7427603,-47.64935,-60.615813,10.3,-98,0.1915,30.400000000000002,-0.43,15.200000000000001,29.1,0.1,-0.09
122536,7427605,-47.64935,-60.615813,10.3,-98,0.1915,30.400000000000002,-0.43,15.200000000000001,29.1,0.1,-0.09
122536,7427625,-47.650242,-60.615288,10.2,-98,0.1915,30.400000000000002,-0.43,15.200000000000001,29.,0.09,-0.09
122536,7427626,-47.650242,-60.615288,10.2,-98,0.1915,30.400000000000002,-0.43,15.200000000000001,29.,0.09,-0.09
122536,7427633,-47.65063,-60.615065,10.2,-98,0.1915,30.400000000000002,-0.43,15.200000000000001,28.900000000000002,0.09,-0.09
122536,7427634,-47.65063,-60.615065,10.2,-98,0.1915,30.400000000000002,-0.43,15.200000000000001,28.900000000000002,0.09,-0.09
122536,7427643,-47.651052,-60.614807,9.7,-98,0.1915,30.400000000000002,-0.43,15.200000000000001,28.900000000000002,0.09,-0.09
122536,7427644,-47.651052,-60.614807,9.7,-98,0.1915,30.400000000000002,-0.43,15.200000000000001,28.900000000000002,0.09,-0.09
122536,7427664,-47.651918,-60.614322,10.3,-99,0.1915,30.400000000000002,-0.43,15.200000000000001,28.8,0.09,-0.09
122536,7427715,-47.65412,-60.613043,9.8,-99,0.19140000000000001,30.400000000000002,-0.43,15.3,28.400000000000002,0.09,-0.08
122536,7427723,-47.654505,-60.612813,10.,-99,0.19140000000000001,30.400000000000002,-0.43,15.3,28.400000000000002,0.09,-0.08
122536,7427764,-47.656235,-60.611807,10.2,-99,0.1913,30.400000000000002,-0.43,15.3,28.1,0.08,-0.08
122536,7427774,-47.656667,-60.611555,10.4,-99,0.1913,30.400000000000002,-0.43,15.3,28.1,0.08,-0.08
122536,7427805,-47.657988,-60.610768,9.1,-99,0.1913,30.400000000000002,-0.43,15.3,27.900000000000002,0.08,-0.08
122536,7427814,-47.658323,-60.610568,10.,-99,0.1913,30.400000000000002,-0.43,15.3,27.8,0.08,-0.08
122536,7433514,-47.910083,-60.467195,10.1,-113,0.2102,30.400000000000002,-0.42,15.600000000000001,21.400000000000002,0.02,-0.1
122536,7433523,-47.91052,-60.466952,10.,-113,0.21030000000000001,30.400000000000002,-0.42,15.600000000000001,21.400000000000002,0.02,-0.1
122536,7433524,-47.91052,-60.466952,10.,-113,0.21030000000000001,30.400000000000002,-0.42,15.600000000000001,21.400000000000002,0.02,-0.1
122536,7433545,-47.911438,-60.466478,9.9,-113,0.21050000000000002,30.400000000000002,-0.42,15.600000000000001,21.400000000000002,0.02,-0.1
122536,7433546,-47.911438,-60.466478,9.9,-113,0.21050000000000002,30.400000000000002,-0.42,15.600000000000001,21.400000000000002,0.02,-0.1
122536,7433555,-47.911832,-60.466273,9.9,-113,0.21050000000000002,30.400000000000002,-0.42,15.600000000000001,21.400000000000002,0.02,-0.1
122536,7433574,-47.912722,-60.465808,10.,-113,0.2107,30.400000000000002,-0.42,15.600000000000001,21.400000000000002,0.03,-0.1
122536,7433584,-47.913142,-60.46557,10.2,-113,0.21080000000000002,30.400000000000002,-0.42,15.600000000000001,21.400000000000002,0.03,-0.1
122536,7433644,-47.915853,-60.464095,10.5,-113,0.21130000000000002,30.400000000000002,-0.42,15.600000000000001,21.400000000000002,0.03,-0.1
122536,7433694,-47.918082,-60.462887,10.,-101,0.2121,30.400000000000002,-0.42,15.600000000000001,21.3,0.03,-0.1
122536,7433704,-47.918517,-60.462632,9.1,-101,0.2122,30.400000000000002,-0.42,15.600000000000001,21.3,0.03,-0.1
122536,7433715,-47.91895,-60.462372,9.1,-101,0.2122,30.400000000000002,-0.42,15.600000000000001,21.3,0.03,-0.1
122536,7433735,-47.91983,-60.461868,10.1,-101,0.2124,30.400000000000002,-0.42,15.600000000000001,21.3,0.03,-0.1
122536,7439133,-48.162668,-60.320597,10.9,-121,0.1804,30.6,-0.46,15.9,24.,0.18,0.
122536,7439163,-48.164043,-60.319837,10.1,-121,0.18050000000000002,30.6,-0.46,15.9,24.,0.18,0.
122536,7439272,-48.168983,-60.317037,10.3,-106,0.1865,30.6,-0.46,16.,24.,0.18,0.01
122536,7439282,-48.16939,-60.316807,10.3,-106,0.1865,30.6,-0.46,16.,24.,0.18,0.01
122536,7439341,-48.172108,-60.315338,10.2,-106,0.1862,30.6,-0.46,16.,23.900000000000002,0.17,0.01
122536,7439371,-48.173443,-60.31456,10.5,-106,0.18610000000000002,30.6,-0.46,16.,23.900000000000002,0.17,0.01
122536,7439372,-48.173443,-60.31456,10.5,-106,0.18610000000000002,30.6,-0.46,16.,23.900000000000002,0.17,0.01
122536,7439382,-48.173898,-60.31431,10.3,-106,0.186,30.6,-0.46,16.,23.900000000000002,0.17,0.01
122536,7439392,-48.17436,-60.314058,10.3,-106,0.186,30.6,-0.46,16.,23.900000000000002,0.17,0.01
122536,7439401,-48.174817,-60.313808,10.1,-106,0.1859,30.6,-0.46,16.,23.900000000000002,0.17,0.01
122536,7439402,-48.174817,-60.313808,10.1,-106,0.1859,30.6,-0.46,16.,23.900000000000002,0.17,0.01
122536,7439422,-48.175723,-60.313302,10.5,-106,0.18580000000000002,30.6,-0.46,16.,23.900000000000002,0.17,0.01
122536,7439432,-48.176168,-60.313037,10.1,-106,0.1857,30.6,-0.46,16.,23.900000000000002,0.17,0.01
122536,7439442,-48.176618,-60.312777,10.5,-106,0.1857,30.6,-0.46,16.,23.900000000000002,0.17,0.01
122536,7439451,-48.17707,-60.312522,10.8,-106,0.18560000000000001,30.6,-0.46,16.,23.900000000000002,0.17,0.01
122536,7439452,-48.17707,-60.312522,10.8,-106,0.18560000000000001,30.6,-0.46,16.,23.900000000000002,0.17,0.01
122536,7439502,-48.17928,-60.311287,10.5,-106,0.18530000000000002,30.6,-0.46,16.,23.900000000000002,0.17,0.01
122536,7439522,-48.180188,-60.310803,10.7,-106,0.1852,30.6,-0.46,16.,23.8,0.17,0.01
122536,7439542,-48.181093,-60.310323,11.,-106,0.185,30.6,-0.46,16.,23.8,0.17,0.01
122536,7442484,-48.313155,-60.235868,10.,-112,0.2028,30.6,-0.47000000000000003,16.2,22.3,0.08,0.07
122536,7444025,-48.383132,-60.196522,10.5,-103,0.187,30.6,-0.47000000000000003,16.1,22.1,0.09,0.07
122536,7445706,-48.45923,-60.154323,10.7,-106,0.2258,30.700000000000003,-0.48,16.2,25.8,0.11,0.07
122536,7446565,-48.498553,-60.133715,10.5,-108,0.2296,30.8,-0.48,16.3,28.,0.11,0.07
122536,7447795,-48.554195,-60.10423,11.,-99,0.2174,30.8,-0.48,16.3,29.700000000000003,0.1,0.09
122536,7449864,-48.64757,-60.056723,10.6,-104,0.2099,30.8,-0.49,16.2,28.200000000000003,0.09,0.12
122536,7450926,-48.695385,-60.032307,10.,-99,0.2028,30.8,-0.49,16.1,27.6,0.09,0.13
122536,7451255,-48.710308,-60.024525,10.8,-99,0.19110000000000002,30.8,-0.49,16.1,27.400000000000002,0.09,0.13
122536,7452194,-48.752975,-60.00221,10.3,-91,-99999,30.8,-0.49,16.1,27.3,0.09,0.14
122536,7453476,-48.810577,-59.969985,10.1,-101,0.2073,30.8,-0.49,16.,27.6,0.11,0.15
122536,7453845,-48.827167,-59.960275,10.5,-101,0.2092,30.8,-0.49,15.9,27.700000000000003,0.11,0.15
122536,7454694,-48.86558,-59.939482,9.8,-94,0.19920000000000002,30.8,-0.49,15.8,27.900000000000002,0.12,0.15
122536,7455066,-48.881963,-59.930745,10.,-95,0.1993,30.8,-0.48,15.8,28.,0.12,0.15
122536,7455835,-48.91645,-59.91189,10.3,-105,-99999,30.8,-0.48,15.700000000000001,28.6,0.13,0.15
122536,7456156,-48.931035,-59.90391,10.3,-96,-99999,30.8,-0.49,15.700000000000001,29.,0.13,0.14
122536,7456886,-48.964328,-59.885367,10.8,-95,-99999,30.8,-0.49,15.600000000000001,29.700000000000003,0.13,0.14
122536,7456906,-48.965298,-59.884842,10.6,-95,-99999,30.8,-0.49,15.600000000000001,29.700000000000003,0.13,0.14
122536,7457274,-48.982263,-59.87568,10.9,-95,-99999,30.8,-0.49,15.600000000000001,30.,0.14,0.14
122536,7458415,-49.034413,-59.84744,11.1,-82,-99999,30.900000000000002,-0.49,15.4,30.900000000000002,0.14,0.13
122536,7458776,-49.05109,-59.839018,11.,-82,-99999,30.900000000000002,-0.49,15.4,30.900000000000002,0.14,0.12
122536,7459635,-49.091,-59.818245,10.5,-82,-99999,30.900000000000002,-0.49,15.3,30.400000000000002,0.14,0.11
122536,7459994,-49.107915,-59.80967,10.8,-81,-99999,30.900000000000002,-0.49,15.200000000000001,30.,0.14,0.1
122536,7460635,-49.138108,-59.794683,11.,-80,0.19820000000000002,30.900000000000002,-0.49,15.100000000000001,29.1,0.14,0.09
122536,7461144,-49.161938,-59.783137,10.4,-79,0.1847,30.900000000000002,-0.49,15.100000000000001,28.5,0.13,0.08
122536,7462335,-49.217155,-59.756497,10.5,-61,0.1935,31.,-0.49,15.,28.3,0.12,0.07
122536,7463143,-49.2541,-59.73804,10.4,-58,0.1907,31.,-0.49,14.9,28.8,0.12,0.06
122536,7463494,-49.270103,-59.729987,10.4,-58,0.1903,31.1,-0.49,14.9,29.,0.12,0.06
122536,7464683,-49.324328,-59.70229,10.1,-56,0.1894,31.1,-0.5,14.8,29.700000000000003,0.11,0.04
122536,7465655,-49.368333,-59.679305,10.3,-45,0.1646,31.1,-0.5,14.600000000000001,30.,0.1,0.04
122536,7466485,-49.406212,-59.659932,10.2,-51,0.1603,31.200000000000003,-0.5,14.4,31.1,0.09,0.03
122536,7466843,-49.422658,-59.65136,10.7,-43,0.1714,31.200000000000003,-0.5,14.4,31.700000000000003,0.09,0.03
122536,7467284,-49.44267,-59.640785,10.1,-42,0.1714,31.200000000000003,-0.5,14.3,32.4,0.09,0.03
122536,7468184,-49.483768,-59.618872,10.8,-42,-99999,31.200000000000003,-0.5,14.,32.9,0.07,0.02
122536,7469354,-49.536755,-59.586568,10.2,-36,-99999,31.200000000000003,-0.5,13.8,33.7,0.06,0.01
122536,7469666,-49.55047,-59.57654,10.4,-41,-99999,31.200000000000003,-0.5,13.8,33.9,0.05,0.01
122536,7470785,-49.599895,-59.540775,10.7,-34,-99999,31.200000000000003,-0.5,13.700000000000001,34.1,0.04,0.
122536,7471883,-49.645938,-59.500127,10.3,-33,-99999,31.200000000000003,-0.5,13.8,35.300000000000004,0.04,0.
122536,7473104,-49.693142,-59.447585,10.3,-32,0.1588,31.200000000000003,-0.5,13.9,34.800000000000004,0.03,0.01
122536,7474466,-49.727587,-59.405378,5.9,-34,-99999,31.3,-0.5,14.,34.9,0.03,0.02
122536,7475610,-49.744273,-59.384577,4.1,-34,-99999,31.3,-0.5,14.,34.9,0.02,0.02
122536,7475620,-49.74448,-59.384355,4.2,-34,-99999,31.3,-0.5,14.,34.9,0.02,0.02
122536,7475621,-49.74448,-59.384355,4.2,-34,-99999,31.3,-0.5,14.,34.9,0.02,0.02
122536,7475647,-49.744603,-59.384193,4.3,-34,-99999,31.3,-0.5,14.,34.9,0.02,0.02
122536,7475650,-49.74489,-59.383828,4.,-34,-99999,31.3,-0.5,14.,34.9,0.02,0.02
122536,7475659,-49.74503,-59.38363,4.2,-34,-99999,31.3,-0.5,14.,34.9,0.02,0.02
122536,7475660,-49.74503,-59.38363,4.2,-34,-99999,31.3,-0.5,14.,34.9,0.02,0.02
122536,7475669,-49.745162,-59.383437,4.1,-34,-99999,31.3,-0.5,14.,34.9,0.02,0.02
122536,7475670,-49.745162,-59.383437,4.1,-34,-99999,31.3,-0.5,14.,34.9,0.02,0.02
122536,7475680,-49.745325,-59.383217,4.2,-34,-99999,31.3,-0.5,14.,34.9,0.02,0.02
122536,7475681,-49.745325,-59.383217,4.2,-34,-99999,31.3,-0.5,14.,34.9,0.02,0.02
122536,7475689,-49.745457,-59.38304,3.9,-34,-99999,31.3,-0.5,14.,34.9,0.02,0.02
122536,7475690,-49.745457,-59.38304,3.9,-34,-99999,31.3,-0.5,14.,34.9,0.02,0.02
122536,7475700,-49.74561,-59.382822,4.1,-34,-99999,31.3,-0.5,14.,34.9,0.02,0.02
122536,7475701,-49.74561,-59.382822,4.1,-34,-99999,31.3,-0.5,14.,34.9,0.02,0.02
122536,7475709,-49.745738,-59.382648,4.1,-34,-99999,31.3,-0.5,14.,34.9,0.02,0.02
122536,7475710,-49.745738,-59.382648,4.1,-34,-99999,31.3,-0.5,14.,34.9,0.02,0.02
122536,7475719,-49.745873,-59.382452,4.,-34,-99999,31.3,-0.5,14.,34.9,0.02,0.02
122536,7475720,-49.745873,-59.382452,4.,-34,-99999,31.3,-0.5,14.,34.9,0.02,0.02
122536,7475729,-49.746013,-59.382258,4.1,-34,-99999,31.3,-0.5,14.,34.9,0.02,0.02
122536,7475730,-49.746013,-59.382258,4.1,-34,-99999,31.3,-0.5,14.,34.9,0.02,0.02
122536,7475750,-49.746302,-59.381853,4.1,-34,-99999,31.3,-0.5,14.,34.9,0.02,0.02
122536,7475769,-49.746588,-59.381465,4.1,-34,-99999,31.3,-0.5,14.,34.9,0.02,0.02
122536,7475789,-49.746877,-59.381077,4.1,-34,-99999,31.3,-0.5,14.,34.800000000000004,0.02,0.02
122536,7475790,-49.746877,-59.381077,4.1,-34,-99999,31.3,-0.5,14.,34.800000000000004,0.02,0.02
122536,7475850,-49.747712,-59.379888,4.,-34,-99999,31.3,-0.5,14.,34.800000000000004,0.02,0.02
122536,7475910,-49.748533,-59.378682,4.,-34,-99999,31.3,-0.5,14.,34.800000000000004,0.02,0.02
122536,7481403,-49.79303,-59.22991,4.1,-38,0.22460000000000002,31.3,-0.49,14.100000000000001,35.,0.04,0.04
122536,7481414,-49.793142,-59.229635,3.9,-38,0.2247,31.3,-0.49,14.100000000000001,35.,0.04,0.04
122536,7481422,-49.793215,-59.229383,4.3,-38,0.2248,31.3,-0.49,14.100000000000001,35.,0.04,0.04
122536,7481432,-49.793297,-59.22913,4.2,-38,0.22490000000000002,31.3,-0.49,14.100000000000001,35.,0.04,0.04
122536,7481451,-49.793468,-59.228635,4.,-38,0.22510000000000002,31.3,-0.49,14.100000000000001,35.,0.04,0.04
122536,7481473,-49.793662,-59.228053,4.4,-38,0.2252,31.3,-0.49,14.100000000000001,35.,0.04,0.04
122536,7481474,-49.793662,-59.228053,4.4,-38,0.2252,31.3,-0.49,14.100000000000001,35.,0.04,0.04
122536,7481482,-49.793732,-59.22782,4.1,-38,0.2253,31.3,-0.49,14.100000000000001,35.,0.04,0.04
122536,7481483,-49.793732,-59.22782,4.1,-38,0.2253,31.3,-0.49,14.100000000000001,35.,0.04,0.04
122536,7481492,-49.79382,-59.22755,4.2,-38,0.22540000000000002,31.3,-0.49,14.100000000000001,35.,0.04,0.04
122536,7481493,-49.79382,-59.22755,4.2,-38,0.22540000000000002,31.3,-0.49,14.100000000000001,35.,0.04,0.04
122536,7481503,-49.793927,-59.22727,4.1,-38,0.2255,31.3,-0.49,14.100000000000001,35.,0.04,0.04
122536,7481505,-49.793927,-59.22727,4.1,-38,0.2255,31.3,-0.49,14.100000000000001,35.,0.04,0.04
122536,7481551,-49.79438,-59.226037,4.1,-38,0.22590000000000002,31.3,-0.49,14.100000000000001,35.,0.04,0.04
122536,7481552,-49.79438,-59.226037,4.1,-38,0.22590000000000002,31.3,-0.49,14.100000000000001,35.,0.04,0.04
122536,7481563,-49.794488,-59.225725,4.3,-38,0.226,31.3,-0.49,14.100000000000001,35.,0.04,0.04
122536,7481564,-49.794488,-59.225725,4.3,-38,0.226,31.3,-0.49,14.100000000000001,35.,0.04,0.04
122536,7481571,-49.79457,-59.225525,4.,-38,0.22610000000000002,31.3,-0.49,14.100000000000001,35.,0.04,0.04
122536,7481572,-49.79457,-59.225525,4.,-38,0.22610000000000002,31.3,-0.49,14.100000000000001,35.,0.04,0.04
122536,7481593,-49.794762,-59.224945,4.,-38,0.2263,31.3,-0.49,14.100000000000001,35.,0.04,0.04
122536,7481594,-49.794762,-59.224945,4.,-38,0.2263,31.3,-0.49,14.100000000000001,35.,0.04,0.04
122536,7481602,-49.794843,-59.224718,4.1,-38,0.2263,31.3,-0.49,14.100000000000001,35.,0.04,0.04
122536,7481603,-49.794843,-59.224718,4.1,-38,0.2263,31.3,-0.49,14.100000000000001,35.,0.04,0.04
122536,7481611,-49.794913,-59.224472,4.,-38,0.22640000000000002,31.3,-0.49,14.100000000000001,35.,0.04,0.04
122536,7481612,-49.794913,-59.224472,4.,-38,0.22640000000000002,31.3,-0.49,14.100000000000001,35.,0.04,0.04
122536,7481663,-49.795362,-59.223142,3.9,-38,0.2268,31.3,-0.49,14.100000000000001,35.,0.04,0.04
122536,7481682,-49.79553,-59.222623,4.1,-38,0.227,31.3,-0.49,14.100000000000001,34.9,0.04,0.04
122536,7481722,-49.79588,-59.221588,4.2,-38,0.2273,31.3,-0.49,14.100000000000001,34.9,0.04,0.04
122536,7481802,-49.796613,-59.219535,4.,-38,0.228,31.3,-0.49,14.100000000000001,34.9,0.04,0.04
122536,7481804,-49.796613,-59.219535,4.,-38,0.228,31.3,-0.49,14.100000000000001,34.9,0.04,0.04
122536,7483576,-49.812433,-59.173188,4.1,-38,0.229,31.3,-0.49,14.100000000000001,34.800000000000004,0.04,0.04
122536,7487253,-49.848252,-59.081503,4.1,-44,0.2089,31.3,-0.48,14.100000000000001,34.800000000000004,0.05,0.05
122536,7487262,-49.848322,-59.081272,4.1,-44,0.20900000000000002,31.3,-0.48,14.100000000000001,34.800000000000004,0.05,0.05
122536,7487272,-49.848398,-59.081022,3.9,-44,0.2092,31.3,-0.48,14.100000000000001,34.800000000000004,0.05,0.05
122536,7487293,-49.848552,-59.080482,4.,-44,0.2096,31.3,-0.48,14.100000000000001,34.800000000000004,0.05,0.05
122536,7487304,-49.848652,-59.080197,4.,-44,0.20980000000000001,31.3,-0.48,14.100000000000001,34.800000000000004,0.05,0.05
122536,7487313,-49.848732,-59.079945,4.2,-44,0.2099,31.3,-0.48,14.100000000000001,34.800000000000004,0.05,0.05
122536,7487352,-49.849033,-59.078958,4.,-44,0.2106,31.3,-0.48,14.100000000000001,34.9,0.05,0.05
122536,7487363,-49.849137,-59.078637,4.,-44,0.21080000000000002,31.3,-0.48,14.100000000000001,34.9,0.05,0.05
122536,7487364,-49.849137,-59.078637,4.,-44,0.21080000000000002,31.3,-0.48,14.100000000000001,34.9,0.05,0.05
122536,7487373,-49.849212,-59.078377,3.9,-44,0.21100000000000002,31.3,-0.48,14.100000000000001,34.9,0.05,0.05
122536,7487383,-49.849292,-59.078117,4.1,-44,0.2112,31.3,-0.48,14.100000000000001,34.9,0.05,0.05
122536,7487384,-49.849292,-59.078117,4.1,-44,0.2112,31.3,-0.48,14.100000000000001,34.9,0.05,0.05
122536,7487411,-49.849532,-59.077383,4.1,-44,0.2117,31.3,-0.48,14.100000000000001,34.9,0.05,0.05
122536,7487412,-49.849532,-59.077383,4.1,-44,0.2117,31.3,-0.48,14.100000000000001,34.9,0.05,0.05
122536,7487423,-49.849622,-59.07707,4.,-44,0.2119,31.3,-0.48,14.100000000000001,34.9,0.05,0.05
122536,7487424,-49.849622,-59.07707,4.,-44,0.2119,31.3,-0.48,14.100000000000001,34.9,0.05,0.05
122536,7487433,-49.84971,-59.076818,4.1,-44,0.2121,31.3,-0.48,14.100000000000001,34.9,0.05,0.05
122536,7487443,-49.849802,-59.076557,4.1,-44,0.21230000000000002,31.3,-0.48,14.100000000000001,34.9,0.06,0.05
122536,7487444,-49.849802,-59.076557,4.1,-44,0.21230000000000002,31.3,-0.48,14.100000000000001,34.9,0.06,0.05
122536,7487484,-49.850143,-59.075515,3.9,-44,0.21300000000000002,31.3,-0.48,14.100000000000001,34.9,0.06,0.05
122536,7487493,-49.850233,-59.07526,4.,-44,0.2132,31.3,-0.48,14.100000000000001,34.9,0.06,0.05
122536,7487503,-49.850317,-59.075003,4.3,-44,0.2134,31.3,-0.48,14.100000000000001,34.9,0.06,0.05
122536,7487511,-49.85038,-59.074793,4.,-44,0.2136,31.3,-0.48,14.100000000000001,34.9,0.06,0.05
122536,7487512,-49.85038,-59.074793,4.,-44,0.2136,31.3,-0.48,14.100000000000001,34.9,0.06,0.05
122536,7487563,-49.850827,-59.073455,4.4,-44,0.21450000000000002,31.3,-0.48,14.100000000000001,34.9,0.06,0.05
122536,7487564,-49.850827,-59.073455,4.4,-44,0.21450000000000002,31.3,-0.48,14.100000000000001,34.9,0.06,0.05
122536,7487632,-49.851448,-59.071703,4.1,-44,0.21580000000000002,31.3,-0.48,14.100000000000001,34.9,0.06,0.05
122536,7487692,-49.852012,-59.070158,4.2,-44,0.217,31.3,-0.48,14.100000000000001,34.9,0.06,0.05
122536,7488986,-49.856137,-59.061885,3.7,-44,0.2238,31.3,-0.48,14.100000000000001,34.9,0.06,0.05
122536,7493184,-49.820863,-59.148232,4.2,-45,0.2038,31.3,-0.49,14.100000000000001,34.800000000000004,0.05,0.05
122536,7493223,-49.820598,-59.149362,4.4,-45,0.2036,31.3,-0.49,14.100000000000001,34.800000000000004,0.05,0.05
122536,7493233,-49.820518,-59.149682,4.2,-45,0.2036,31.3,-0.49,14.100000000000001,34.800000000000004,0.05,0.05
122536,7493262,-49.820315,-59.150532,4.3,-45,0.2034,31.3,-0.49,14.100000000000001,34.800000000000004,0.05,0.05
122536,7493263,-49.820315,-59.150532,4.3,-45,0.2034,31.3,-0.49,14.100000000000001,34.800000000000004,0.05,0.05
122536,7493283,-49.820187,-59.151105,4.3,-45,0.2033,31.3,-0.49,14.100000000000001,34.800000000000004,0.05,0.05
122536,7493293,-49.820117,-59.151425,4.3,-45,0.20320000000000002,31.3,-0.49,14.100000000000001,34.800000000000004,0.05,0.05
122536,7493312,-49.819987,-59.151978,4.5,-45,0.2031,31.3,-0.49,14.100000000000001,34.800000000000004,0.05,0.05
122536,7493313,-49.819987,-59.151978,4.5,-45,0.2031,31.3,-0.49,14.100000000000001,34.800000000000004,0.05,0.05
122536,7493322,-49.81991,-59.152267,4.2,-45,0.2031,31.3,-0.49,14.100000000000001,34.800000000000004,0.05,0.05
122536,7493323,-49.81991,-59.152267,4.2,-45,0.2031,31.3,-0.49,14.100000000000001,34.800000000000004,0.05,0.05
122536,7493353,-49.819705,-59.153173,4.5,-45,0.2029,31.3,-0.49,14.100000000000001,34.800000000000004,0.05,0.05
122536,7493382,-49.819537,-59.154015,4.4,-45,0.20270000000000002,31.3,-0.49,14.100000000000001,34.800000000000004,0.05,0.05
122536,7493383,-49.819537,-59.154015,4.4,-45,0.20270000000000002,31.3,-0.49,14.100000000000001,34.800000000000004,0.05,0.05
122536,7493443,-49.819167,-59.155765,4.5,-45,0.2023,31.3,-0.49,14.100000000000001,34.800000000000004,0.05,0.05
122536,7493493,-49.818833,-59.157237,4.4,-45,0.202,31.3,-0.49,14.100000000000001,34.800000000000004,0.05,0.05
122536,7493503,-49.81877,-59.1575,4.,-45,0.2019,31.3,-0.49,14.100000000000001,34.800000000000004,0.05,0.05
122536,7510224,-49.654798,-59.560168,2.,-35,-99999,31.3,-0.5,13.700000000000001,36.9,0.02,-0.03
122536,7510241,-49.654795,-59.560403,1.8,-35,-99999,31.3,-0.5,13.700000000000001,36.9,0.02,-0.03
122536,7515901,-49.687443,-59.942813,10.5,-40,-99999,31.3,-0.48,13.4,33.300000000000004,0.,-0.12
122536,7516082,-49.688575,-59.95543,9.7,-40,-99999,31.3,-0.48,13.4,32.7,0.,-0.12
122536,7516083,-49.688575,-59.95543,9.7,-40,-99999,31.3,-0.48,13.4,32.7,0.,-0.12
122536,7516093,-49.688638,-59.956132,9.8,-40,-99999,31.3,-0.48,13.4,32.7,0.,-0.12
122536,7516143,-49.688952,-59.959625,10.1,-40,-99999,31.3,-0.48,13.4,32.5,0.,-0.12
122536,7516194,-49.689287,-59.963198,10.3,-40,-99999,31.3,-0.47000000000000003,13.4,32.4,0.,-0.12
122536,7516203,-49.689337,-59.96383,9.9,-40,-99999,31.3,-0.47000000000000003,13.4,32.300000000000004,0.,-0.12
122536,7516212,-49.689398,-59.964537,10.1,-40,-99999,31.3,-0.47000000000000003,13.4,32.300000000000004,0.,-0.12
122536,7521590,-49.725888,-60.334532,9.6,-44,0.1557,31.3,-0.44,13.8,33.5,-0.02,-0.03
122536,7521782,-49.72719,-60.346587,9.4,-44,0.15560000000000002,31.200000000000003,-0.44,13.8,33.7,-0.02,-0.03
122536,7521932,-49.728283,-60.35678,9.8,-44,0.1555,31.200000000000003,-0.44,13.8,33.800000000000004,-0.02,-0.02
122536,7521933,-49.728283,-60.35678,9.8,-44,0.1555,31.200000000000003,-0.44,13.8,33.800000000000004,-0.02,-0.02
122536,7521972,-49.72859,-60.359478,9.7,-44,0.1555,31.200000000000003,-0.44,13.8,33.800000000000004,-0.02,-0.02
122536,7521973,-49.72859,-60.359478,9.7,-44,0.1555,31.200000000000003,-0.44,13.8,33.800000000000004,-0.02,-0.02
122536,7521993,-49.728747,-60.360837,9.2,-44,0.1555,31.200000000000003,-0.44,13.8,33.800000000000004,-0.02,-0.02
122536,7522021,-49.72898,-60.362808,9.8,-44,0.1555,31.200000000000003,-0.44,13.8,33.800000000000004,-0.02,-0.02
122536,7522103,-49.729567,-60.368227,9.7,-44,0.1555,31.200000000000003,-0.44,13.8,33.800000000000004,-0.02,-0.02
122536,7522123,-49.72974,-60.36964,9.6,-44,0.1555,31.200000000000003,-0.44,13.8,33.800000000000004,-0.02,-0.02
122536,7522143,-49.729887,-60.371018,9.8,-44,0.1554,31.200000000000003,-0.44,13.8,33.800000000000004,-0.02,-0.02
122536,7527612,-49.770187,-60.73901,9.8,-45,0.1955,31.200000000000003,-0.46,13.9,28.400000000000002,0.03,0.12
122536,7527642,-49.770413,-60.741042,9.6,-45,0.1951,31.200000000000003,-0.46,13.9,28.400000000000002,0.03,0.12
122536,7527643,-49.770413,-60.741042,9.6,-45,0.1951,31.200000000000003,-0.46,13.9,28.400000000000002,0.03,0.12
122536,7527672,-49.770672,-60.743017,9.5,-45,0.1948,31.200000000000003,-0.46,13.9,28.5,0.03,0.12
122536,7527673,-49.770672,-60.743017,9.5,-45,0.1948,31.200000000000003,-0.46,13.9,28.5,0.03,0.12
122536,7527763,-49.771347,-60.748988,9.3,-45,0.19390000000000002,31.200000000000003,-0.46,13.9,28.6,0.03,0.12
122536,7527822,-49.771835,-60.753005,10.,-45,0.20040000000000002,31.200000000000003,-0.46,13.9,28.700000000000003,0.03,0.12
122536,7527823,-49.771835,-60.753005,10.,-45,0.20040000000000002,31.200000000000003,-0.46,13.9,28.700000000000003,0.03,0.12
122536,7527833,-49.771917,-60.753682,9.5,-45,0.20040000000000002,31.200000000000003,-0.46,13.9,28.700000000000003,0.03,0.12
122536,7527883,-49.772315,-60.757032,9.5,-45,0.2005,31.200000000000003,-0.46,13.9,28.8,0.03,0.12
122536,7527903,-49.772462,-60.75831,9.3,-45,0.2005,31.200000000000003,-0.46,13.9,28.8,0.03,0.12
122536,7527923,-49.77261,-60.759727,9.4,-45,0.2005,31.200000000000003,-0.46,13.9,28.8,0.03,0.12
122536,7529015,-49.781242,-60.833007,9.8,-45,0.2003,31.200000000000003,-0.47000000000000003,13.700000000000001,30.,0.04,0.11
122536,7529205,-49.782797,-60.84589,9.9,-45,0.2001,31.200000000000003,-0.47000000000000003,13.700000000000001,30.1,0.05,0.11
122536,7530635,-49.794173,-60.943147,10.,-45,0.19440000000000002,31.200000000000003,-0.47000000000000003,13.4,33.300000000000004,0.05,0.08
122536,7533385,-49.815437,-61.13143,9.7,-45,-99999,31.200000000000003,-0.48,12.700000000000001,37.,-0.01,0.02
122536,7534466,-49.824165,-61.206045,9.9,-45,-99999,31.200000000000003,-0.48,12.600000000000001,37.9,-0.04,-0.02
122536,7535396,-49.831792,-61.270857,10.2,-45,-99999,31.200000000000003,-0.48,12.700000000000001,38.800000000000004,-0.05,-0.03
122536,7536754,-49.842847,-61.365763,9.7,-45,-99999,31.200000000000003,-0.47000000000000003,12.8,37.,-0.02,-0.04
122536,7537664,-49.849393,-61.43038,10.4,-45,-99999,31.200000000000003,-0.47000000000000003,12.8,36.5,0.02,-0.03
122536,7539115,-49.861833,-61.534637,10.5,-45,-99999,31.1,-0.47000000000000003,12.4,35.9,0.09,0.
122536,7540015,-49.86891,-61.600348,10.7,-45,-99999,31.1,-0.46,12.100000000000001,37.1,0.13,-0.01
122536,7541565,-49.881652,-61.714658,10.7,-45,0.184,31.,-0.46,12.600000000000001,35.9,0.18,-0.11
122536,7541884,-49.884532,-61.738263,10.5,-45,0.184,31.,-0.46,12.8,32.5,0.19,-0.13
122536,7542684,-49.892172,-61.797748,10.7,-45,-99999,31.,-0.45,13.100000000000001,30.200000000000003,0.2,-0.12
122536,7543864,-49.902808,-61.887252,10.8,-45,0.1872,31.,-0.45,13.3,32.300000000000004,0.17,-0.02
122536,7544234,-49.90536,-61.915417,10.6,-45,0.184,31.,-0.45,13.3,32.800000000000004,0.16,0.03
122536,7545306,-49.914597,-61.996057,11.,-45,0.1845,31.,-0.45,12.600000000000001,29.900000000000002,0.13,0.04
122536,7546204,-49.922305,-62.064358,10.9,-45,0.1952,31.,-0.45,12.8,31.8,0.12,-0.01
122536,7546674,-49.926515,-62.100157,10.8,-45,0.19260000000000002,31.,-0.45,13.,31.400000000000002,0.12,-0.01
122536,7548705,-49.944292,-62.224747,6.4,-45,0.20020000000000002,31.,-0.45,13.4,28.400000000000002,0.1,0.05
122536,7549165,-49.949727,-62.24269,7.4,-45,0.1998,31.,-0.45,13.4,28.200000000000003,0.1,0.05
122536,7549884,-49.95728,-62.26578,4.,-45,0.2021,31.,-0.45,13.3,28.,0.1,0.04
122536,7550204,-49.960138,-62.27461,4.5,-45,0.1981,31.,-0.45,13.200000000000001,27.900000000000002,0.1,0.04
122536,7551514,-49.973462,-62.308998,4.5,-44,0.1966,31.,-0.46,13.100000000000001,27.6,0.11,0.02
122536,7552415,-49.985038,-62.329838,4.3,-44,0.1978,31.,-0.46,13.100000000000001,27.3,0.11,0.02
122536,7552966,-49.992372,-62.342165,4.3,-44,0.197,31.,-0.46,13.100000000000001,27.200000000000003,0.12,0.02
122536,7553724,-50.002558,-62.359467,4.2,-44,0.20070000000000002,31.,-0.46,13.,27.200000000000003,0.12,0.02
122536,7554074,-50.007263,-62.36746,4.5,-44,0.2001,31.,-0.46,12.9,27.8,0.12,0.02
122536,7554935,-50.01872,-62.386943,4.2,-44,0.199,31.,-0.46,12.8,29.200000000000003,0.13,0.03
122536,7555425,-50.025303,-62.397918,4.4,-44,0.1998,31.,-0.46,12.700000000000001,29.900000000000002,0.13,0.03
122536,7556114,-50.034642,-62.413155,4.4,-44,0.20040000000000002,31.,-0.47000000000000003,12.5,32.6,0.13,0.03
122536,7557425,-50.052985,-62.441092,4.3,-44,0.1996,31.,-0.47000000000000003,12.200000000000001,38.900000000000006,0.13,0.03
122536,7558695,-50.071697,-62.467975,4.5,-44,0.1988,31.,-0.47000000000000003,11.9,46.300000000000004,0.13,0.03
122536,7561245,-50.107692,-62.519562,4.,-44,0.1952,31.,-0.48,11.600000000000001,46.1,0.16,0.02
122536,7562524,-50.125822,-62.542685,4.,-44,0.20470000000000002,31.,-0.48,11.5,42.7,0.18,0.02
122536,7563973,-50.147055,-62.567057,4.1,-44,0.20020000000000002,31.,-0.48,11.4,38.5,0.19,0.02
122536,7563983,-50.147217,-62.567223,4.,-44,0.2001,31.,-0.48,11.4,38.5,0.19,0.02
122536,7563984,-50.147217,-62.567223,4.,-44,0.2001,31.,-0.48,11.4,38.5,0.19,0.02
122536,7563993,-50.147338,-62.56738,3.8,-44,0.2001,31.,-0.48,11.4,38.400000000000006,0.19,0.02
122536,7563994,-50.147338,-62.56738,3.8,-44,0.2001,31.,-0.48,11.4,38.400000000000006,0.19,0.02
122536,7564003,-50.14748,-62.567578,3.8,-44,0.2001,31.,-0.49,11.4,38.400000000000006,0.19,0.02
122536,7564013,-50.147607,-62.567727,4.1,-44,0.2,31.,-0.49,11.4,38.400000000000006,0.19,0.02
122536,7564024,-50.147768,-62.5679,3.9,-44,0.2,31.,-0.49,11.4,38.400000000000006,0.19,0.02
122536,7564032,-50.147893,-62.568043,3.7,-44,0.2,31.,-0.49,11.4,38.300000000000004,0.19,0.02
122536,7564033,-50.147893,-62.568043,3.7,-44,0.2,31.,-0.49,11.4,38.300000000000004,0.19,0.02
122536,7564103,-50.148918,-62.569198,3.8,-44,0.19970000000000002,31.,-0.49,11.4,38.2,0.2,0.02
122536,7564114,-50.149052,-62.569352,4.,-44,0.19970000000000002,31.,-0.49,11.4,38.1,0.2,0.02
122536,7564133,-50.14935,-62.569665,3.7,-44,0.1996,31.,-0.49,11.4,38.1,0.2,0.02
122536,7564144,-50.149508,-62.569845,4.,-44,0.1996,31.,-0.49,11.4,38.1,0.2,0.02
122536,7564163,-50.149787,-62.570193,4.,-44,0.1995,31.,-0.49,11.4,38.,0.2,0.02
122536,7564173,-50.149913,-62.570338,3.9,-44,0.1995,31.,-0.49,11.4,38.,0.2,0.02
122536,7569782,-50.233235,-62.588758,4.1,-44,0.189,31.1,-0.5,10.600000000000001,14.700000000000001,0.15,0.02
122536,7569783,-50.233235,-62.588758,4.1,-44,0.189,31.1,-0.5,10.600000000000001,14.700000000000001,0.15,0.02
122536,7569788,-50.233357,-62.588693,4.4,-44,0.189,31.1,-0.5,10.600000000000001,14.700000000000001,0.15,0.02
122536,7569789,-50.233357,-62.588693,4.4,-44,0.189,31.1,-0.5,10.600000000000001,14.700000000000001,0.15,0.02
122536,7569795,-50.233498,-62.58863,4.5,-44,0.189,31.1,-0.5,10.600000000000001,14.600000000000001,0.15,0.02
122536,7569796,-50.233498,-62.58863,4.5,-44,0.189,31.1,-0.5,10.600000000000001,14.600000000000001,0.15,0.02
122536,7569798,-50.23354,-62.58861,4.8,-44,0.189,31.1,-0.5,10.600000000000001,14.600000000000001,0.15,0.02
122536,7569803,-50.233647,-62.588572,4.6,-44,0.189,31.1,-0.5,10.600000000000001,14.600000000000001,0.14,0.02
122536,7569804,-50.233647,-62.588572,4.6,-44,0.189,31.1,-0.5,10.600000000000001,14.600000000000001,0.14,0.02
122536,7569805,-50.233715,-62.588548,5.1,-44,0.189,31.1,-0.5,10.600000000000001,14.600000000000001,0.14,0.02
122536,7569806,-50.233715,-62.588548,5.1,-44,0.189,31.1,-0.5,10.600000000000001,14.600000000000001,0.14,0.02
122536,7569809,-50.233807,-62.588525,5.2,-44,0.189,31.1,-0.5,10.600000000000001,14.5,0.14,0.02
122536,7569810,-50.233807,-62.588525,5.2,-44,0.189,31.1,-0.5,10.600000000000001,14.5,0.14,0.02
122536,7569815,-50.233943,-62.588473,5.7,-44,0.189,31.1,-0.5,10.600000000000001,14.5,0.14,0.02
122536,7569816,-50.233943,-62.588473,5.7,-44,0.189,31.1,-0.5,10.600000000000001,14.5,0.14,0.02
122536,7569818,-50.234023,-62.588452,6.3,-44,0.189,31.1,-0.5,10.600000000000001,14.5,0.14,0.02
122536,7569823,-50.234135,-62.588423,5.9,-44,0.189,31.1,-0.5,10.600000000000001,14.5,0.14,0.02
122536,7569825,-50.23423,-62.5884,7.,-44,0.1889,31.1,-0.5,10.600000000000001,14.4,0.14,0.02
122536,7569826,-50.23423,-62.5884,7.,-44,0.1889,31.1,-0.5,10.600000000000001,14.4,0.14,0.02
122536,7569828,-50.234288,-62.588387,6.1,-44,0.1889,31.1,-0.5,10.600000000000001,14.4,0.14,0.02
122536,7569831,-50.234413,-62.588352,6.7,-44,0.1889,31.1,-0.5,10.600000000000001,14.4,0.14,0.02
122536,7569843,-50.234773,-62.58823,7.1,-44,0.1889,31.1,-0.5,10.600000000000001,14.3,0.14,0.02
122536,7569863,-50.235495,-62.587987,8.4,-44,0.1888,31.1,-0.5,10.600000000000001,14.100000000000001,0.14,0.02
122536,7569873,-50.235887,-62.587895,8.,-44,0.1888,31.1,-0.5,10.600000000000001,14.,0.14,0.02
122536,7569883,-50.236293,-62.587802,9.2,-44,0.1887,31.1,-0.5,10.600000000000001,13.9,0.14,0.02
122536,7569891,-50.236668,-62.587715,9.3,-44,0.1887,31.1,-0.5,10.600000000000001,13.8,0.14,0.02
122536,7569892,-50.236668,-62.587715,9.3,-44,0.1887,31.1,-0.5,10.600000000000001,13.8,0.14,0.02
122536,7569923,-50.238032,-62.587337,9.8,-44,0.1885,31.1,-0.5,10.600000000000001,13.4,0.14,0.02
122536,7569932,-50.238437,-62.58722,10.3,-44,0.1885,31.1,-0.5,10.600000000000001,13.3,0.14,0.02
122536,7569943,-50.238948,-62.58709,10.3,-44,0.1884,31.1,-0.5,10.600000000000001,13.100000000000001,0.14,0.02
122536,7569951,-50.23937,-62.587,11.,-44,0.1884,31.1,-0.5,10.600000000000001,13.,0.14,0.02
122536,7569983,-50.240782,-62.586682,9.5,-44,0.1882,31.1,-0.5,10.600000000000001,12.8,0.14,0.02
122536,7569992,-50.241177,-62.586565,9.9,-44,0.1882,31.1,-0.5,10.600000000000001,12.9,0.14,0.02
122536,7570003,-50.241637,-62.586375,9.5,-44,0.18810000000000002,31.1,-0.5,10.600000000000001,12.9,0.14,0.02
122536,7570026,-50.242457,-62.585748,8.2,-44,0.188,31.1,-0.5,10.5,12.9,0.14,0.02
122536,7570036,-50.242752,-62.58538,8.1,-44,0.188,31.1,-0.5,10.5,12.9,0.14,0.02
122536,7570048,-50.243098,-62.58483,8.5,-44,0.188,31.1,-0.5,10.5,12.9,0.14,0.02
122536,7570049,-50.243098,-62.58483,8.5,-44,0.188,31.1,-0.5,10.5,12.9,0.14,0.02
122536,7570052,-50.24317,-62.584688,8.3,-44,0.188,31.1,-0.5,10.5,12.9,0.14,0.02
122536,7570063,-50.243402,-62.584105,8.6,-44,0.18810000000000002,31.1,-0.5,10.5,13.,0.14,0.02
122536,7570069,-50.243532,-62.583708,8.7,-44,0.18810000000000002,31.1,-0.5,10.5,13.,0.14,0.02
122536,7570070,-50.243532,-62.583708,8.7,-44,0.18810000000000002,31.1,-0.5,10.5,13.,0.14,0.02
122536,7570092,-50.24375,-62.582293,9.2,-44,0.1827,31.1,-0.5,10.5,13.,0.14,0.02
122536,7570099,-50.243752,-62.581817,9.5,-44,0.18280000000000002,31.1,-0.5,10.5,13.100000000000001,0.14,0.02
122536,7570101,-50.243745,-62.581613,9.4,-44,0.18280000000000002,31.1,-0.5,10.5,13.100000000000001,0.14,0.02
122536,7570102,-50.243745,-62.581613,9.4,-44,0.18280000000000002,31.1,-0.5,10.5,13.100000000000001,0.14,0.02
122536,7570109,-50.243743,-62.58113,9.8,-44,0.18280000000000002,31.1,-0.5,10.5,13.100000000000001,0.14,0.02
122536,7570242,-50.24364,-62.570868,11.,-44,0.184,31.200000000000003,-0.5,10.4,13.600000000000001,0.14,0.02
122536,7572346,-50.265475,-62.488828,4.2,-45,0.1889,31.200000000000003,-0.5,10.100000000000001,12.3,0.13,0.02
122536,7575664,-50.28257,-62.385237,4.4,-45,0.1892,31.200000000000003,-0.5,10.4,11.5,0.06,0.01
122536,7575674,-50.282623,-62.384928,4.6,-45,0.1893,31.200000000000003,-0.5,10.4,11.5,0.06,0.01
122536,7575682,-50.28266,-62.384655,4.3,-45,0.1893,31.200000000000003,-0.5,10.4,11.5,0.06,0.01
122536,7575683,-50.28266,-62.384655,4.3,-45,0.1893,31.200000000000003,-0.5,10.4,11.5,0.06,0.01
122536,7575693,-50.28271,-62.384318,4.4,-45,0.1894,31.200000000000003,-0.5,10.4,11.5,0.06,0.01
122536,7575694,-50.28271,-62.384318,4.4,-45,0.1894,31.200000000000003,-0.5,10.4,11.5,0.06,0.01
122536,7575703,-50.282745,-62.384028,4.1,-45,0.1895,31.200000000000003,-0.5,10.4,11.5,0.06,0.01
122536,7575742,-50.282897,-62.382765,4.3,-45,0.1897,31.200000000000003,-0.5,10.4,11.5,0.06,0.01
122536,7575753,-50.282943,-62.382433,4.6,-45,0.1898,31.200000000000003,-0.5,10.4,11.5,0.06,0.01
122536,7575754,-50.282943,-62.382433,4.6,-45,0.1898,31.200000000000003,-0.5,10.4,11.5,0.06,0.01
122536,7575773,-50.283028,-62.381818,4.4,-45,0.19,31.200000000000003,-0.5,10.4,11.5,0.06,0.01
122536,7575774,-50.283028,-62.381818,4.4,-45,0.19,31.200000000000003,-0.5,10.4,11.5,0.06,0.01
122536,7575783,-50.283075,-62.3815,4.5,-45,0.19,31.200000000000003,-0.5,10.4,11.5,0.06,0.01
122536,7575793,-50.283118,-62.38119,4.3,-45,0.19010000000000002,31.200000000000003,-0.5,10.4,11.5,0.06,0.01
122536,7575794,-50.283118,-62.38119,4.3,-45,0.19010000000000002,31.200000000000003,-0.5,10.4,11.5,0.06,0.01
122536,7575854,-50.28335,-62.379308,4.4,-45,0.1905,31.200000000000003,-0.5,10.4,11.5,0.06,0.01
122536,7575862,-50.283382,-62.379027,4.2,-45,0.19060000000000002,31.200000000000003,-0.5,10.4,11.5,0.06,0.01
122536,7575863,-50.283382,-62.379027,4.2,-45,0.19060000000000002,31.200000000000003,-0.5,10.4,11.5,0.06,0.01
122536,7575942,-50.283685,-62.376543,4.5,-45,0.19110000000000002,31.200000000000003,-0.5,10.4,11.5,0.06,0.01
122536,7575943,-50.283685,-62.376543,4.5,-45,0.19110000000000002,31.200000000000003,-0.5,10.4,11.5,0.06,0.01
122536,7575973,-50.283813,-62.37557,4.3,-45,0.1913,31.200000000000003,-0.5,10.4,11.5,0.06,0.01
122536,7575974,-50.283813,-62.37557,4.3,-45,0.1913,31.200000000000003,-0.5,10.4,11.5,0.06,0.01
122536,7575982,-50.283857,-62.375285,4.5,-45,0.19140000000000001,31.200000000000003,-0.5,10.4,11.5,0.06,0.01
122536,7575992,-50.283898,-62.374998,4.3,-45,0.1831,31.200000000000003,-0.5,10.4,11.5,0.06,0.01
122536,7575993,-50.283898,-62.374998,4.3,-45,0.1831,31.200000000000003,-0.5,10.4,11.5,0.06,0.01
122536,7576003,-50.28394,-62.37468,4.3,-45,0.1832,31.200000000000003,-0.5,10.4,11.5,0.06,0.01
122536,7576013,-50.283982,-62.374337,4.5,-45,0.18330000000000002,31.200000000000003,-0.5,10.4,11.5,0.06,0.01
122536,7576023,-50.284025,-62.373992,4.6,-45,0.18330000000000002,31.200000000000003,-0.5,10.4,11.5,0.06,0.01
122536,7576024,-50.284025,-62.373992,4.6,-45,0.18330000000000002,31.200000000000003,-0.5,10.4,11.5,0.06,0.01
122536,7576034,-50.28406,-62.373678,4.5,-45,0.1834,31.200000000000003,-0.5,10.4,11.5,0.06,0.01
122536,7576042,-50.284093,-62.373397,4.5,-45,0.1834,31.200000000000003,-0.5,10.4,11.5,0.06,0.01
122536,7576043,-50.284093,-62.373397,4.5,-45,0.1834,31.200000000000003,-0.5,10.4,11.5,0.06,0.01
122536,7576072,-50.284197,-62.372465,4.4,-45,0.1836,31.200000000000003,-0.5,10.4,11.5,0.06,0.01
122536,7576073,-50.284197,-62.372465,4.4,-45,0.1836,31.200000000000003,-0.5,10.4,11.5,0.06,0.01
122536,7576193,-50.284635,-62.368673,4.7,-45,0.18430000000000002,31.200000000000003,-0.5,10.4,11.5,0.06,0.01
122536,7576204,-50.284677,-62.368325,4.7,-45,0.1844,31.200000000000003,-0.5,10.4,11.5,0.06,0.01
122536,7577976,-50.290867,-62.313325,4.3,-45,0.18730000000000002,-99999.,-99999.,-99999.,-99999.,-99999.,-99999.
122536,7581704,-50.304855,-62.202453,4.2,-46,0.18780000000000002,-99999.,-99999.,-99999.,-99999.,-99999.,-99999.
122536,7581713,-50.304908,-62.202188,4.3,-46,0.18780000000000002,-99999.,-99999.,-99999.,-99999.,-99999.,-99999.
122536,7581724,-50.304968,-62.201873,4.1,-46,0.18780000000000002,-99999.,-99999.,-99999.,-99999.,-99999.,-99999.
122536,7598456,-50.442812,-61.812055,1.1,-44,0.1956,-99999.,-99999.,-99999.,-99999.,-99999.,-99999.
122536,7598462,-50.44285,-61.812055,0.7,-44,0.1956,-99999.,-99999.,-99999.,-99999.,-99999.,-99999.
122536,7598463,-50.44285,-61.812055,0.7,-44,0.1956,-99999.,-99999.,-99999.,-99999.,-99999.,-99999.
122536,7598474,-50.442907,-61.812063,0.8,-44,0.1956,-99999.,-99999.,-99999.,-99999.,-99999.,-99999.
122536,7598483,-50.44296,-61.812073,1.,-44,0.1956,-99999.,-99999.,-99999.,-99999.,-99999.,-99999.
122536,7598485,-50.44296,-61.812073,1.,-44,0.1956,-99999.,-99999.,-99999.,-99999.,-99999.,-99999.
122536,7598493,-50.442998,-61.81209,0.9,-44,0.1956,-99999.,-99999.,-99999.,-99999.,-99999.,-99999.
122536,7598502,-50.443032,-61.81211,1.2,-44,0.1956,-99999.,-99999.,-99999.,-99999.,-99999.,-99999.
122536,7598513,-50.443083,-61.812128,1.2,-44,0.1956,-99999.,-99999.,-99999.,-99999.,-99999.,-99999.
122536,7598514,-50.443083,-61.812128,1.2,-44,0.1956,-99999.,-99999.,-99999.,-99999.,-99999.,-99999.
122536,7598522,-50.44313,-61.812135,1.3,-44,0.1956,-99999.,-99999.,-99999.,-99999.,-99999.,-99999.
122536,7598523,-50.44313,-61.812135,1.3,-44,0.1956,-99999.,-99999.,-99999.,-99999.,-99999.,-99999.
122536,7598534,-50.443192,-61.812142,1.1,-44,0.1956,-99999.,-99999.,-99999.,-99999.,-99999.,-99999.
122536,7598535,-50.443192,-61.812142,1.1,-44,0.1956,-99999.,-99999.,-99999.,-99999.,-99999.,-99999.
122536,7598553,-50.443345,-61.812095,1.8,-44,0.1956,-99999.,-99999.,-99999.,-99999.,-99999.,-99999.
122536,7598562,-50.443428,-61.812067,1.7,-44,0.1956,-99999.,-99999.,-99999.,-99999.,-99999.,-99999.
122536,7598573,-50.443515,-61.812025,1.7,-44,0.1956,-99999.,-99999.,-99999.,-99999.,-99999.,-99999.
122536,7598582,-50.443603,-61.811987,1.8,-44,0.1956,-99999.,-99999.,-99999.,-99999.,-99999.,-99999.
122536,7598583,-50.443603,-61.811987,1.8,-44,0.1956,-99999.,-99999.,-99999.,-99999.,-99999.,-99999.
122536,7598590,-50.443677,-61.811937,2.4,-44,0.1956,-99999.,-99999.,-99999.,-99999.,-99999.,-99999.
122536,7598591,-50.443677,-61.811937,2.4,-44,0.1956,-99999.,-99999.,-99999.,-99999.,-99999.,-99999.
122536,7598594,-50.44371,-61.811917,2.1,-44,0.1957,-99999.,-99999.,-99999.,-99999.,-99999.,-99999.
122536,7598596,-50.443737,-61.811892,2.3,-44,0.1957,-99999.,-99999.,-99999.,-99999.,-99999.,-99999.
122536,7598597,-50.443737,-61.811892,2.3,-44,0.1957,-99999.,-99999.,-99999.,-99999.,-99999.,-99999.
122536,7598602,-50.443808,-61.811853,2.4,-44,0.1957,-99999.,-99999.,-99999.,-99999.,-99999.,-99999.
122536,7598613,-50.443922,-61.81176,2.9,-44,0.1957,-99999.,-99999.,-99999.,-99999.,-99999.,-99999.
122536,7598622,-50.444023,-61.811657,3.,-44,0.1957,-99999.,-99999.,-99999.,-99999.,-99999.,-99999.
122536,7598623,-50.444023,-61.811657,3.,-44,0.1957,-99999.,-99999.,-99999.,-99999.,-99999.,-99999.
122536,7598643,-50.444282,-61.811392,3.2,-44,0.1958,-99999.,-99999.,-99999.,-99999.,-99999.,-99999.
122536,7598661,-50.444513,-61.811113,3.2,-44,0.1958,-99999.,-99999.,-99999.,-99999.,-99999.,-99999.
122536,7598662,-50.444538,-61.811087,3.2,-44,0.1958,-99999.,-99999.,-99999.,-99999.,-99999.,-99999.
122536,7598667,-50.44459,-61.811012,3.2,-44,0.1958,-99999.,-99999.,-99999.,-99999.,-99999.,-99999.
122536,7598668,-50.44459,-61.811012,3.2,-44,0.1958,-99999.,-99999.,-99999.,-99999.,-99999.,-99999.
122536,7598670,-50.444613,-61.810985,3.1,-44,0.1958,-99999.,-99999.,-99999.,-99999.,-99999.,-99999.
122536,7598681,-50.444747,-61.810822,3.3,-44,0.19590000000000002,-99999.,-99999.,-99999.,-99999.,-99999.,-99999.
122536,7598683,-50.444785,-61.810783,3.4,-44,0.19590000000000002,-99999.,-99999.,-99999.,-99999.,-99999.,-99999.
122536,7598684,-50.444785,-61.810783,3.4,-44,0.19590000000000002,-99999.,-99999.,-99999.,-99999.,-99999.,-99999.
122536,7598686,-50.444808,-61.810755,3.3,-44,0.19590000000000002,-99999.,-99999.,-99999.,-99999.,-99999.,-99999.
122536,7598691,-50.444872,-61.810688,3.6,-44,0.19590000000000002,-99999.,-99999.,-99999.,-99999.,-99999.,-99999.
122536,7598693,-50.444912,-61.810643,3.6,-44,0.19590000000000002,-99999.,-99999.,-99999.,-99999.,-99999.,-99999.
122536,7598697,-50.444958,-61.810585,3.2,-44,0.19590000000000002,-99999.,-99999.,-99999.,-99999.,-99999.,-99999.
122536,7598698,-50.444958,-61.810585,3.2,-44,0.19590000000000002,-99999.,-99999.,-99999.,-99999.,-99999.,-99999.
122536,7598709,-50.445105,-61.81041,3.5,-44,0.196,-99999.,-99999.,-99999.,-99999.,-99999.,-99999.
122536,7598716,-50.445193,-61.810292,3.3,-44,0.196,-99999.,-99999.,-99999.,-99999.,-99999.,-99999.
122536,7598720,-50.445235,-61.81022,3.6,-44,0.196,-99999.,-99999.,-99999.,-99999.,-99999.,-99999.
122536,7598722,-50.445272,-61.810175,3.6,-44,0.196,-99999.,-99999.,-99999.,-99999.,-99999.,-99999.
122536,7598728,-50.445325,-61.810087,3.2,-44,0.196,-99999.,-99999.,-99999.,-99999.,-99999.,-99999.
122536,7598730,-50.445348,-61.810052,3.6,-44,0.196,-99999.,-99999.,-99999.,-99999.,-99999.,-99999.
122536,7598733,-50.445383,-61.81,3.6,-44,0.196,-99999.,-99999.,-99999.,-99999.,-99999.,-99999.
122536,7598738,-50.445433,-61.809932,3.6,-44,0.196,-99999.,-99999.,-99999.,-99999.,-99999.,-99999.
122536,7598744,-50.44552,-61.809802,4.,-44,0.1961,-99999.,-99999.,-99999.,-99999.,-99999.,-99999.
122536,7598754,-50.445653,-61.809618,4.1,-44,0.1961,-99999.,-99999.,-99999.,-99999.,-99999.,-99999.
122536,7598774,-50.445897,-61.809232,3.7,-44,0.1962,-99999.,-99999.,-99999.,-99999.,-99999.,-99999.
122536,7598782,-50.445998,-61.809032,3.7,-44,0.1962,-99999.,-99999.,-99999.,-99999.,-99999.,-99999.
122536,7598793,-50.44611,-61.808783,4.,-44,0.1962,-99999.,-99999.,-99999.,-99999.,-99999.,-99999.
122536,7598797,-50.446145,-61.808687,3.9,-44,0.1963,-99999.,-99999.,-99999.,-99999.,-99999.,-99999.
122536,7598803,-50.446195,-61.808517,3.9,-44,0.1963,-99999.,-99999.,-99999.,-99999.,-99999.,-99999.
122536,7598813,-50.44626,-61.808265,3.8,-44,0.1963,-99999.,-99999.,-99999.,-99999.,-99999.,-99999.
122536,7598821,-50.446175,-61.80859,3.9,-44,0.1963,-99999.,-99999.,-99999.,-99999.,-99999.,-99999.
122536,7604113,-50.425838,-61.803437,3.5,-44,0.1958,-99999.,-99999.,-99999.,-99999.,-99999.,-99999.
122536,7604302,-50.423045,-61.800712,3.6,-44,0.1961,-99999.,-99999.,-99999.,-99999.,-99999.,-99999.
122536,7604343,-50.42246,-61.800072,3.5,-44,0.1961,-99999.,-99999.,-99999.,-99999.,-99999.,-99999.
122536,7604362,-50.422168,-61.799795,3.5,-44,0.1962,-99999.,-99999.,-99999.,-99999.,-99999.,-99999.
122536,7604392,-50.421727,-61.799367,3.8,-44,0.1962,-99999.,-99999.,-99999.,-99999.,-99999.,-99999.
122536,7604422,-50.421273,-61.798917,3.5,-44,0.1963,-99999.,-99999.,-99999.,-99999.,-99999.,-99999.
122536,7604452,-50.420842,-61.798495,3.7,-44,0.1963,-99999.,-99999.,-99999.,-99999.,-99999.,-99999.
122536,7604463,-50.420688,-61.798327,3.3,-44,0.1963,-99999.,-99999.,-99999.,-99999.,-99999.,-99999.
122536,7604472,-50.420555,-61.798185,3.5,-44,0.1963,-99999.,-99999.,-99999.,-99999.,-99999.,-99999.
122536,7604503,-50.420125,-61.797738,3.6,-44,0.19640000000000002,-99999.,-99999.,-99999.,-99999.,-99999.,-99999.
122536,7604512,-50.419975,-61.797592,4.,-44,0.19640000000000002,-99999.,-99999.,-99999.,-99999.,-99999.,-99999.
122536,7604523,-50.419813,-61.797433,4.1,-44,0.19640000000000002,-99999.,-99999.,-99999.,-99999.,-99999.,-99999.
122536,7604541,-50.419545,-61.79713,4.1,-44,0.19640000000000002,-99999.,-99999.,-99999.,-99999.,-99999.,-99999.
122536,7604542,-50.419545,-61.79713,4.1,-44,0.19640000000000002,-99999.,-99999.,-99999.,-99999.,-99999.,-99999.
122536,7604702,-50.417182,-61.794862,3.6,-44,0.1967,-99999.,-99999.,-99999.,-99999.,-99999.,-99999.
122536,7604722,-50.416865,-61.794598,3.8,-44,0.1967,-99999.,-99999.,-99999.,-99999.,-99999.,-99999.
122536,7610013,-50.332098,-61.719608,4.2,-43,0.1885,-99999.,-99999.,-99999.,-99999.,-99999.,-99999.
122536,7610262,-50.327848,-61.715802,4.2,-43,0.1874,-99999.,-99999.,-99999.,-99999.,-99999.,-99999.
122536,7610292,-50.327322,-61.715313,4.,-43,0.18730000000000002,-99999.,-99999.,-99999.,-99999.,-99999.,-99999.
122536,7610294,-50.327322,-61.715313,4.,-43,0.18730000000000002,-99999.,-99999.,-99999.,-99999.,-99999.,-99999.
122536,7610333,-50.326662,-61.714727,4.5,-43,0.18710000000000002,-99999.,-99999.,-99999.,-99999.,-99999.,-99999.
122536,7610372,-50.325967,-61.714073,4.,-43,0.1869,-99999.,-99999.,-99999.,-99999.,-99999.,-99999.
122536,7610383,-50.325802,-61.713915,4.2,-43,0.1869,-99999.,-99999.,-99999.,-99999.,-99999.,-99999.
122536,7610393,-50.32564,-61.71376,3.9,-43,0.1869,-99999.,-99999.,-99999.,-99999.,-99999.,-99999.
122536,7610403,-50.325473,-61.713597,4.3,-43,0.18680000000000002,-99999.,-99999.,-99999.,-99999.,-99999.,-99999.
122536,7610412,-50.325295,-61.713433,4.4,-43,0.18680000000000002,-99999.,-99999.,-99999.,-99999.,-99999.,-99999.
122536,7610413,-50.325295,-61.713433,4.4,-43,0.18680000000000002,-99999.,-99999.,-99999.,-99999.,-99999.,-99999.
122536,7610432,-50.324972,-61.71312,4.3,-43,0.1867,-99999.,-99999.,-99999.,-99999.,-99999.,-99999.
122536,7610443,-50.324797,-61.712968,4.1,-43,0.18660000000000002,-99999.,-99999.,-99999.,-99999.,-99999.,-99999.
122536,7610453,-50.324623,-61.712815,4.1,-43,0.18660000000000002,-99999.,-99999.,-99999.,-99999.,-99999.,-99999.
122536,7610543,-50.323037,-61.711525,4.,-43,0.1862,-99999.,-99999.,-99999.,-99999.,-99999.,-99999.
122536,7610552,-50.322882,-61.711395,4.4,-43,0.1862,-99999.,-99999.,-99999.,-99999.,-99999.,-99999.
122536,7615851,-50.230007,-61.63332,4.2,-44,0.1874,-99999.,-99999.,-99999.,-99999.,-99999.,-99999.
122536,7615852,-50.230007,-61.63332,4.2,-44,0.1874,-99999.,-99999.,-99999.,-99999.,-99999.,-99999.
122536,7615872,-50.229653,-61.633042,4.4,-44,0.18730000000000002,-99999.,-99999.,-99999.,-99999.,-99999.,-99999.
122536,7615891,-50.229298,-61.632807,4.3,-44,0.18730000000000002,-99999.,-99999.,-99999.,-99999.,-99999.,-99999.
122536,7615941,-50.228398,-61.632053,3.9,-44,0.1872,-99999.,-99999.,-99999.,-99999.,-99999.,-99999.
122536,7615942,-50.228398,-61.632053,3.9,-44,0.1872,-99999.,-99999.,-99999.,-99999.,-99999.,-99999.
122536,7615949,-50.228277,-61.631945,4.6,-44,0.1872,-99999.,-99999.,-99999.,-99999.,-99999.,-99999.
122536,7616062,-50.22635,-61.6304,4.,-44,0.18710000000000002,-99999.,-99999.,-99999.,-99999.,-99999.,-99999.
122536,7616122,-50.22531,-61.629572,4.4,-44,0.187,-99999.,-99999.,-99999.,-99999.,-99999.,-99999.
122536,7616182,-50.224242,-61.628808,4.1,-44,0.1869,-99999.,-99999.,-99999.,-99999.,-99999.,-99999.
122536,7616202,-50.2239,-61.628558,3.7,-44,0.18680000000000002,-99999.,-99999.,-99999.,-99999.,-99999.,-99999.
122536,7616223,-50.22356,-61.628288,4.2,-44,0.18680000000000002,-99999.,-99999.,-99999.,-99999.,-99999.,-99999.
122536,7616226,-50.223492,-61.628238,4.2,-44,0.18680000000000002,-99999.,-99999.,-99999.,-99999.,-99999.,-99999.
122536,7616230,-50.22344,-61.628197,4.,-44,0.18680000000000002,-99999.,-99999.,-99999.,-99999.,-99999.,-99999.
122536,7616249,-50.223123,-61.627943,4.1,-44,0.1867,-99999.,-99999.,-99999.,-99999.,-99999.,-99999.
122536,7616252,-50.223053,-61.62789,4.3,-44,0.1867,-99999.,-99999.,-99999.,-99999.,-99999.,-99999.
122536,7616253,-50.223053,-61.62789,4.3,-44,0.1867,-99999.,-99999.,-99999.,-99999.,-99999.,-99999.
122536,7616254,-50.223018,-61.62786,4.2,-44,0.1867,-99999.,-99999.,-99999.,-99999.,-99999.,-99999.
122536,7616255,-50.223018,-61.62786,4.2,-44,0.1867,-99999.,-99999.,-99999.,-99999.,-99999.,-99999.
122536,7616259,-50.222945,-61.627803,4.2,-44,0.1867,-99999.,-99999.,-99999.,-99999.,-99999.,-99999.
122536,7616262,-50.222873,-61.627748,4.2,-44,0.1867,-99999.,-99999.,-99999.,-99999.,-99999.,-99999.
122536,7616272,-50.222697,-61.627608,4.4,-44,0.1867,-99999.,-99999.,-99999.,-99999.,-99999.,-99999.
122536,7616283,-50.222525,-61.627472,4.4,-44,0.1867,-99999.,-99999.,-99999.,-99999.,-99999.,-99999.
122536,7616291,-50.22237,-61.627335,4.6,-44,0.1867,-99999.,-99999.,-99999.,-99999.,-99999.,-99999.
122536,7616292,-50.22237,-61.627335,4.6,-44,0.1867,-99999.,-99999.,-99999.,-99999.,-99999.,-99999.
122536,7616302,-50.22219,-61.627192,4.4,-44,0.18660000000000002,-99999.,-99999.,-99999.,-99999.,-99999.,-99999.
122536,7616334,-50.221648,-61.626737,4.2,-44,0.18660000000000002,-99999.,-99999.,-99999.,-99999.,-99999.,-99999.
122536,7617314,-50.204883,-61.613428,3.9,-44,0.18710000000000002,-99999.,-99999.,-99999.,-99999.,-99999.,-99999.
122536,7617696,-50.198413,-61.608047,3.9,-44,0.1872,-99999.,-99999.,-99999.,-99999.,-99999.,-99999.
122536,7619855,-50.162703,-61.576632,4.3,-44,0.2078,-99999.,-99999.,-99999.,-99999.,-99999.,-99999.
122536,7620874,-50.146462,-61.561978,3.9,-44,0.1986,31.200000000000003,-0.5,11.,13.100000000000001,0.15,0.06
122536,7622704,-50.11793,-61.535615,3.8,-44,0.19210000000000002,31.3,-0.5,10.9,15.3,0.17,0.07
122536,7623187,-50.110503,-61.528835,3.7,-44,0.194,31.3,-0.5,10.9,15.9,0.17,0.07
122536,7624644,-50.087475,-61.508837,3.7,-44,0.20600000000000002,31.3,-0.5,10.9,17.6,0.19,0.08
122536,7625804,-50.069613,-61.493562,3.5,-44,0.18510000000000001,31.200000000000003,-0.5,11.,20.6,0.2,0.08
122536,7626126,-50.064648,-61.489648,3.8,-44,0.18580000000000002,31.200000000000003,-0.5,11.100000000000001,21.6,0.2,0.09
122536,7626915,-50.052287,-61.479597,3.3,-44,0.18760000000000002,31.200000000000003,-0.49,11.100000000000001,24.1,0.2,0.09
122536,7627225,-50.047702,-61.47526,4.5,-44,0.1884,31.200000000000003,-0.49,11.200000000000001,25.,0.2,0.1
122536,7628395,-50.030823,-61.459387,3.6,-44,0.18380000000000002,31.200000000000003,-0.49,11.3,28.,0.2,0.1
122536,7628766,-50.025482,-61.454703,3.4,-44,0.1814,31.200000000000003,-0.49,11.4,28.900000000000002,0.2,0.1
122536,7629573,-50.014735,-61.445253,3.4,-44,0.18150000000000002,31.1,-0.48,11.4,30.5,0.19,0.11
122536,7630565,-50.001403,-61.43398,3.3,-44,0.1821,31.1,-0.48,11.5,32.,0.19,0.11
122536,7630876,-49.997253,-61.430563,3.8,-45,0.1822,31.1,-0.48,11.600000000000001,32.300000000000004,0.18,0.1
122536,7632134,-49.980243,-61.417932,2.3,-45,0.18100000000000002,31.1,-0.48,11.700000000000001,33.5,0.18,0.09
122536,7633054,-49.968775,-61.407428,2.7,-45,0.1825,31.200000000000003,-0.48,11.8,34.1,0.17,0.08
122536,7634394,-49.951975,-61.393452,2.4,-45,-99999,31.200000000000003,-0.47000000000000003,11.9,34.800000000000004,0.16,0.06
122536,7635525,-49.957637,-61.385868,2.5,-45,-99999,31.200000000000003,-0.47000000000000003,11.9,34.300000000000004,0.16,0.06
122536,7636785,-49.968795,-61.378647,2.3,-45,0.1825,31.200000000000003,-0.47000000000000003,11.8,33.5,0.16,0.07
122536,7637286,-49.96897,-61.363105,8.7,-45,0.1831,31.200000000000003,-0.47000000000000003,11.9,33.1,0.16,0.06
122536,7638034,-49.971908,-61.315865,8.3,-45,0.1836,31.200000000000003,-0.47000000000000003,11.9,36.,0.15,0.04
122536,7638434,-49.97392,-61.292563,7.9,-45,0.1836,31.200000000000003,-0.47000000000000003,11.9,37.6,0.14,0.03
122536,7639244,-49.993525,-61.288417,6.8,-45,0.1836,31.200000000000003,-0.47000000000000003,11.8,37.4,0.17,0.05
122536,7639623,-50.004315,-61.286383,4.4,-44,0.1836,31.200000000000003,-0.47000000000000003,11.8,37.,0.18,0.05
122536,7640784,-50.027348,-61.286623,4.2,-44,0.1836,31.200000000000003,-0.48,11.600000000000001,34.6,0.22,0.05
122536,7641766,-50.047008,-61.288923,4.8,-44,0.1845,31.3,-0.48,11.4,32.5,0.25,0.06
122536,7643055,-50.073127,-61.29293,4.5,-44,0.19690000000000002,31.3,-0.49,11.100000000000001,29.8,0.28,0.06
122536,7644355,-50.099057,-61.298342,4.6,-44,0.1827,31.3,-0.49,10.9,24.6,0.25,0.06
122536,7645525,-50.122302,-61.300802,4.5,-44,0.1869,31.400000000000002,-0.5,10.8,19.200000000000003,0.19,0.05
122536,7646685,-50.145358,-61.302303,4.6,-44,0.18760000000000002,31.5,-0.5,10.600000000000001,13.8,0.14,0.04
122536,7646694,-50.145543,-61.302325,4.5,-44,0.18760000000000002,31.5,-0.5,10.600000000000001,13.700000000000001,0.14,0.04
122536,7646705,-50.145755,-61.302348,4.4,-44,0.18760000000000002,31.5,-0.5,10.600000000000001,13.700000000000001,0.14,0.04
122536,7646714,-50.145953,-61.302367,4.3,-44,0.18760000000000002,31.5,-0.5,10.600000000000001,13.600000000000001,0.14,0.04
122536,7646715,-50.145953,-61.302367,4.3,-44,0.18760000000000002,31.5,-0.5,10.600000000000001,13.600000000000001,0.14,0.04
122536,7646723,-50.146135,-61.302382,4.,-44,0.1875,31.5,-0.5,10.600000000000001,13.600000000000001,0.13,0.04
122536,7646724,-50.146135,-61.302382,4.,-44,0.1875,31.5,-0.5,10.600000000000001,13.600000000000001,0.13,0.04
122536,7646774,-50.147127,-61.302515,4.1,-44,0.1875,31.5,-0.5,10.600000000000001,13.4,0.13,0.04
122536,7646775,-50.147127,-61.302515,4.1,-44,0.1875,31.5,-0.5,10.600000000000001,13.4,0.13,0.04
122536,7646783,-50.147312,-61.302547,4.3,-44,0.1875,31.5,-0.5,10.600000000000001,13.3,0.13,0.04
122536,7646784,-50.147312,-61.302547,4.3,-44,0.1875,31.5,-0.5,10.600000000000001,13.3,0.13,0.04
122536,7646813,-50.147912,-61.30263,4.2,-44,0.1875,31.5,-0.5,10.600000000000001,13.200000000000001,0.13,0.04
122536,7646814,-50.147912,-61.30263,4.2,-44,0.1875,31.5,-0.5,10.600000000000001,13.200000000000001,0.13,0.04
122536,7646843,-50.148508,-61.30272,4.4,-44,0.1875,31.5,-0.5,10.600000000000001,13.,0.13,0.04
122536,7646844,-50.148508,-61.30272,4.4,-44,0.1875,31.5,-0.5,10.600000000000001,13.,0.13,0.04
122536,7646914,-50.149872,-61.302973,4.2,-44,0.1874,31.5,-0.5,10.600000000000001,12.700000000000001,0.13,0.04
122536,7647025,-50.152065,-61.303323,4.3,-44,0.1874,31.5,-0.5,10.600000000000001,12.200000000000001,0.12,0.04
122536,7652346,-50.25413,-61.325157,3.8,-43,0.1836,-99999.,-99999.,-99999.,-99999.,-99999.,-99999.
122536,7652355,-50.25432,-61.325218,4.,-43,0.1836,-99999.,-99999.,-99999.,-99999.,-99999.,-99999.
122536,7652356,-50.25432,-61.325218,4.,-43,0.1836,-99999.,-99999.,-99999.,-99999.,-99999.,-99999.
122536,7652365,-50.254487,-61.32527,4.2,-43,0.1836,-99999.,-99999.,-99999.,-99999.,-99999.,-99999.
122536,7652375,-50.254672,-61.325342,4.,-43,0.1836,-99999.,-99999.,-99999.,-99999.,-99999.,-99999.
122536,7652385,-50.254875,-61.325418,3.6,-43,0.1837,-99999.,-99999.,-99999.,-99999.,-99999.,-99999.
122536,7652386,-50.254875,-61.325418,3.6,-43,0.1837,-99999.,-99999.,-99999.,-99999.,-99999.,-99999.
122536,7652425,-50.25558,-61.325655,4.3,-43,0.1837,-99999.,-99999.,-99999.,-99999.,-99999.,-99999.
122536,7652435,-50.255763,-61.325702,4.1,-43,0.1837,-99999.,-99999.,-99999.,-99999.,-99999.,-99999.
122536,7652445,-50.25596,-61.325787,3.9,-43,0.18380000000000002,-99999.,-99999.,-99999.,-99999.,-99999.,-99999.
122536,7652455,-50.25612,-61.32585,3.9,-43,0.18380000000000002,-99999.,-99999.,-99999.,-99999.,-99999.,-99999.
122536,7652456,-50.25612,-61.32585,3.9,-43,0.18380000000000002,-99999.,-99999.,-99999.,-99999.,-99999.,-99999.
122536,7652465,-50.256325,-61.325922,3.8,-43,0.18380000000000002,-99999.,-99999.,-99999.,-99999.,-99999.,-99999.
122536,7652466,-50.256325,-61.325922,3.8,-43,0.18380000000000002,-99999.,-99999.,-99999.,-99999.,-99999.,-99999.
122536,7652474,-50.256488,-61.325982,3.9,-43,0.18380000000000002,-99999.,-99999.,-99999.,-99999.,-99999.,-99999.
122536,7652475,-50.256488,-61.325982,3.9,-43,0.18380000000000002,-99999.,-99999.,-99999.,-99999.,-99999.,-99999.
122536,7652485,-50.25667,-61.326037,4.2,-43,0.18380000000000002,-99999.,-99999.,-99999.,-99999.,-99999.,-99999.
122536,7652506,-50.257065,-61.326158,4.2,-43,0.1839,-99999.,-99999.,-99999.,-99999.,-99999.,-99999.
122536,7652514,-50.257227,-61.326197,4.2,-43,0.1839,-99999.,-99999.,-99999.,-99999.,-99999.,-99999.
122536,7652515,-50.257227,-61.326197,4.2,-43,0.1839,-99999.,-99999.,-99999.,-99999.,-99999.,-99999.
122536,7652526,-50.257432,-61.326267,4.1,-43,0.1839,-99999.,-99999.,-99999.,-99999.,-99999.,-99999.
122536,7652534,-50.257592,-61.32631,3.7,-43,0.1839,-99999.,-99999.,-99999.,-99999.,-99999.,-99999.
122536,7652535,-50.257592,-61.32631,3.7,-43,0.1839,-99999.,-99999.,-99999.,-99999.,-99999.,-99999.
122536,7652555,-50.257955,-61.326417,3.7,-43,0.184,-99999.,-99999.,-99999.,-99999.,-99999.,-99999.
122536,7652645,-50.25962,-61.326933,4.2,-43,0.1842,-99999.,-99999.,-99999.,-99999.,-99999.,-99999.
122536,7652646,-50.25962,-61.326933,4.2,-43,0.1842,-99999.,-99999.,-99999.,-99999.,-99999.,-99999.
122536,7652654,-50.259785,-61.32697,4.2,-43,0.1842,-99999.,-99999.,-99999.,-99999.,-99999.,-99999.
122536,7652655,-50.259785,-61.32697,4.2,-43,0.1842,-99999.,-99999.,-99999.,-99999.,-99999.,-99999.
122536,7652686,-50.260338,-61.327143,3.8,-43,0.18430000000000002,-99999.,-99999.,-99999.,-99999.,-99999.,-99999.
122536,7652714,-50.260867,-61.327292,3.9,-43,0.18430000000000002,-99999.,-99999.,-99999.,-99999.,-99999.,-99999.
122536,7655646,-50.311143,-61.346498,3.1,-42,0.186,-99999.,-99999.,-99999.,-99999.,-99999.,-99999.
122536,7658184,-50.354077,-61.364065,4.,-41,0.1879,-99999.,-99999.,-99999.,-99999.,-99999.,-99999.
122536,7658193,-50.354227,-61.36413,3.6,-41,0.1879,-99999.,-99999.,-99999.,-99999.,-99999.,-99999.
122536,7658194,-50.354227,-61.36413,3.6,-41,0.1879,-99999.,-99999.,-99999.,-99999.,-99999.,-99999.
122536,7658204,-50.354415,-61.364212,3.9,-41,0.1879,-99999.,-99999.,-99999.,-99999.,-99999.,-99999.
122536,7658205,-50.354415,-61.364212,3.9,-41,0.1879,-99999.,-99999.,-99999.,-99999.,-99999.,-99999.
122536,7658214,-50.354585,-61.364308,4.,-41,0.188,-99999.,-99999.,-99999.,-99999.,-99999.,-99999.
122536,7658233,-50.354903,-61.36443,4.1,-41,0.188,-99999.,-99999.,-99999.,-99999.,-99999.,-99999.
122536,7658244,-50.355087,-61.364513,3.8,-41,0.188,-99999.,-99999.,-99999.,-99999.,-99999.,-99999.
122536,7658245,-50.355087,-61.364513,3.8,-41,0.188,-99999.,-99999.,-99999.,-99999.,-99999.,-99999.
122536,7658264,-50.355418,-61.364688,3.6,-41,0.18810000000000002,-99999.,-99999.,-99999.,-99999.,-99999.,-99999.
122536,7658265,-50.355418,-61.364688,3.6,-41,0.18810000000000002,-99999.,-99999.,-99999.,-99999.,-99999.,-99999.
122536,7658274,-50.35558,-61.364748,3.7,-41,0.18810000000000002,-99999.,-99999.,-99999.,-99999.,-99999.,-99999.
122536,7658304,-50.356085,-61.364973,4.1,-41,0.1882,-99999.,-99999.,-99999.,-99999.,-99999.,-99999.
122536,7658305,-50.356085,-61.364973,4.1,-41,0.1882,-99999.,-99999.,-99999.,-99999.,-99999.,-99999.
122536,7658324,-50.356423,-61.365152,3.7,-41,0.1882,-99999.,-99999.,-99999.,-99999.,-99999.,-99999.
122536,7658334,-50.356583,-61.365228,3.5,-41,0.1882,-99999.,-99999.,-99999.,-99999.,-99999.,-99999.
122536,7658364,-50.357092,-61.365448,4.2,-41,0.1883,-99999.,-99999.,-99999.,-99999.,-99999.,-99999.
122536,7658365,-50.357092,-61.365448,4.2,-41,0.1883,-99999.,-99999.,-99999.,-99999.,-99999.,-99999.
122536,7658373,-50.35724,-61.36551,3.7,-41,0.1883,-99999.,-99999.,-99999.,-99999.,-99999.,-99999.
122536,7658434,-50.358263,-61.365945,3.6,-41,0.1884,-99999.,-99999.,-99999.,-99999.,-99999.,-99999.
122536,7658454,-50.358617,-61.366077,4.,-41,0.1885,-99999.,-99999.,-99999.,-99999.,-99999.,-99999.
122536,7658493,-50.359275,-61.366367,3.8,-41,0.18860000000000002,-99999.,-99999.,-99999.,-99999.,-99999.,-99999.
122536,7658524,-50.3598,-61.366593,3.8,-41,0.18860000000000002,-99999.,-99999.,-99999.,-99999.,-99999.,-99999.
122536,7658553,-50.360302,-61.366778,3.9,-41,0.1887,-99999.,-99999.,-99999.,-99999.,-99999.,-99999.
122536,7658554,-50.360302,-61.366778,3.9,-41,0.1887,-99999.,-99999.,-99999.,-99999.,-99999.,-99999.
122536,7658584,-50.360813,-61.366987,3.7,-41,0.1888,-99999.,-99999.,-99999.,-99999.,-99999.,-99999.
122536,7658613,-50.361335,-61.367185,3.9,-41,0.1889,-99999.,-99999.,-99999.,-99999.,-99999.,-99999.
122536,7658653,-50.36203,-61.367463,3.9,-41,0.1889,-99999.,-99999.,-99999.,-99999.,-99999.,-99999.
122536,7658903,-50.366267,-61.369102,3.4,-41,0.1895,-99999.,-99999.,-99999.,-99999.,-99999.,-99999.
122536,7660956,-50.397743,-61.392952,4.1,-42,0.1951,-99999.,-99999.,-99999.,-99999.,-99999.,-99999.
122536,7664082,-50.432398,-61.454888,3.7,-40,0.1952,-99999.,-99999.,-99999.,-99999.,-99999.,-99999.
122536,7664084,-50.432398,-61.454888,3.7,-40,0.1952,-99999.,-99999.,-99999.,-99999.,-99999.,-99999.
122536,7664103,-50.432642,-61.455315,4.1,-40,0.1951,-99999.,-99999.,-99999.,-99999.,-99999.,-99999.
122536,7664104,-50.432642,-61.455315,4.1,-40,0.1951,-99999.,-99999.,-99999.,-99999.,-99999.,-99999.
122536,7664112,-50.432728,-61.455475,4.2,-40,0.1951,-99999.,-99999.,-99999.,-99999.,-99999.,-99999.
122536,7664122,-50.432862,-61.455698,3.8,-40,0.195,-99999.,-99999.,-99999.,-99999.,-99999.,-99999.
122536,7664133,-50.432988,-61.455923,3.2,-40,0.195,-99999.,-99999.,-99999.,-99999.,-99999.,-99999.
122536,7664153,-50.43324,-61.45629,4.1,-40,0.19490000000000002,-99999.,-99999.,-99999.,-99999.,-99999.,-99999.
122536,7664162,-50.433338,-61.456468,3.9,-40,0.19490000000000002,-99999.,-99999.,-99999.,-99999.,-99999.,-99999.
122536,7664163,-50.433338,-61.456468,3.9,-40,0.19490000000000002,-99999.,-99999.,-99999.,-99999.,-99999.,-99999.
122536,7664171,-50.433442,-61.456643,4.1,-40,0.1948,-99999.,-99999.,-99999.,-99999.,-99999.,-99999.
122536,7664172,-50.433442,-61.456643,4.1,-40,0.1948,-99999.,-99999.,-99999.,-99999.,-99999.,-99999.
122536,7664193,-50.433705,-61.457088,3.9,-40,0.1947,-99999.,-99999.,-99999.,-99999.,-99999.,-99999.
122536,7664194,-50.433705,-61.457088,3.9,-40,0.1947,-99999.,-99999.,-99999.,-99999.,-99999.,-99999.
122536,7664213,-50.433938,-61.45749,3.9,-40,0.19460000000000002,-99999.,-99999.,-99999.,-99999.,-99999.,-99999.
122536,7664273,-50.434623,-61.4587,3.7,-40,0.2069,-99999.,-99999.,-99999.,-99999.,-99999.,-99999.
122536,7664282,-50.434712,-61.458897,3.8,-40,0.2068,-99999.,-99999.,-99999.,-99999.,-99999.,-99999.
122536,7664373,-50.43574,-61.460772,3.9,-40,0.20620000000000002,-99999.,-99999.,-99999.,-99999.,-99999.,-99999.
122536,7664374,-50.43574,-61.460772,3.9,-40,0.20620000000000002,-99999.,-99999.,-99999.,-99999.,-99999.,-99999.
122536,7664393,-50.43596,-61.461192,4.4,-40,0.20600000000000002,-99999.,-99999.,-99999.,-99999.,-99999.,-99999.
122536,7664394,-50.43596,-61.461192,4.4,-40,0.20600000000000002,-99999.,-99999.,-99999.,-99999.,-99999.,-99999.
122536,7664433,-50.436423,-61.462022,4.1,-40,0.20570000000000002,-99999.,-99999.,-99999.,-99999.,-99999.,-99999.
122536,7664442,-50.436547,-61.462175,4.3,-40,0.20570000000000002,-99999.,-99999.,-99999.,-99999.,-99999.,-99999.
122536,7664443,-50.436547,-61.462175,4.3,-40,0.20570000000000002,-99999.,-99999.,-99999.,-99999.,-99999.,-99999.
122536,7664494,-50.43714,-61.463173,3.5,-40,0.2053,-99999.,-99999.,-99999.,-99999.,-99999.,-99999.
122536,7664501,-50.437245,-61.463322,3.9,-40,0.2053,-99999.,-99999.,-99999.,-99999.,-99999.,-99999.
122536,7664542,-50.437673,-61.46415,4.3,-40,0.20500000000000002,-99999.,-99999.,-99999.,-99999.,-99999.,-99999.
122536,7664602,-50.438375,-61.465342,3.9,-40,0.2046,-99999.,-99999.,-99999.,-99999.,-99999.,-99999.
122536,7666687,-50.454737,-61.513665,3.7,-40,0.20220000000000002,-99999.,-99999.,-99999.,-99999.,-99999.,-99999.
122536,7686754,-50.504613,-61.876413,3.,-45,0.19310000000000002,-99999.,-99999.,-99999.,-99999.,-99999.,-99999.
122536,7686774,-50.504473,-61.876002,2.8,-45,0.1932,-99999.,-99999.,-99999.,-99999.,-99999.,-99999.
122536,7686775,-50.504473,-61.876002,2.8,-45,0.1932,-99999.,-99999.,-99999.,-99999.,-99999.,-99999.
122536,7686783,-50.50442,-61.875825,3.1,-45,0.1932,-99999.,-99999.,-99999.,-99999.,-99999.,-99999.
122536,7686883,-50.503797,-61.873847,3.,-45,0.18960000000000002,-99999.,-99999.,-99999.,-99999.,-99999.,-99999.
122536,7686884,-50.503797,-61.873847,3.,-45,0.18960000000000002,-99999.,-99999.,-99999.,-99999.,-99999.,-99999.
122536,7686894,-50.503717,-61.873643,2.6,-45,0.18960000000000002,-99999.,-99999.,-99999.,-99999.,-99999.,-99999.
122536,7686895,-50.503717,-61.873643,2.6,-45,0.18960000000000002,-99999.,-99999.,-99999.,-99999.,-99999.,-99999.
122536,7686903,-50.503678,-61.873455,2.8,-45,0.18960000000000002,-99999.,-99999.,-99999.,-99999.,-99999.,-99999.
122536,7686915,-50.503613,-61.873237,2.7,-45,0.18960000000000002,-99999.,-99999.,-99999.,-99999.,-99999.,-99999.
122536,7686943,-50.503413,-61.872678,2.5,-45,0.18960000000000002,-99999.,-99999.,-99999.,-99999.,-99999.,-99999.
122536,7686954,-50.503363,-61.87247,2.3,-45,0.18960000000000002,-99999.,-99999.,-99999.,-99999.,-99999.,-99999.
122536,7686955,-50.503363,-61.87247,2.3,-45,0.18960000000000002,-99999.,-99999.,-99999.,-99999.,-99999.,-99999.
122536,7686963,-50.503327,-61.872288,2.7,-45,0.18960000000000002,-99999.,-99999.,-99999.,-99999.,-99999.,-99999.
122536,7686975,-50.503265,-61.872073,2.8,-45,0.18960000000000002,-99999.,-99999.,-99999.,-99999.,-99999.,-99999.
122536,7687003,-50.50309,-61.871492,3.,-45,0.1897,-99999.,-99999.,-99999.,-99999.,-99999.,-99999.
122536,7687014,-50.50301,-61.87127,3.3,-45,0.1897,-99999.,-99999.,-99999.,-99999.,-99999.,-99999.
122536,7687023,-50.502942,-61.871087,3.4,-45,0.1897,-99999.,-99999.,-99999.,-99999.,-99999.,-99999.
122536,7687063,-50.502698,-61.87028,2.9,-45,0.1897,-99999.,-99999.,-99999.,-99999.,-99999.,-99999.
122536,7687083,-50.502552,-61.869865,3.1,-45,0.1897,-99999.,-99999.,-99999.,-99999.,-99999.,-99999.
122536,7687145,-50.502088,-61.868597,3.2,-45,0.1897,-99999.,-99999.,-99999.,-99999.,-99999.,-99999.
122536,7687233,-50.501497,-61.866762,3.3,-45,0.1898,-99999.,-99999.,-99999.,-99999.,-99999.,-99999.
122536,7687243,-50.501438,-61.866582,2.8,-45,0.1898,-99999.,-99999.,-99999.,-99999.,-99999.,-99999.
122536,7692414,-50.464513,-61.759293,3.6,-43,0.19590000000000002,-99999.,-99999.,-99999.,-99999.,-99999.,-99999.
122536,7692639,-50.462618,-61.754018,4.,-43,0.195,-99999.,-99999.,-99999.,-99999.,-99999.,-99999.
122536,7692655,-50.462618,-61.754018,4.,-43,0.195,-99999.,-99999.,-99999.,-99999.,-99999.,-99999.
122536,7692673,-50.462482,-61.75358,3.7,-43,0.19490000000000002,-99999.,-99999.,-99999.,-99999.,-99999.,-99999.
122536,7692674,-50.462482,-61.75358,3.7,-43,0.19490000000000002,-99999.,-99999.,-99999.,-99999.,-99999.,-99999.
122536,7692774,-50.461722,-61.75138,3.8,-43,0.1945,-99999.,-99999.,-99999.,-99999.,-99999.,-99999.
122536,7692805,-50.46148,-61.750678,3.7,-43,0.19440000000000002,-99999.,-99999.,-99999.,-99999.,-99999.,-99999.
122536,7692833,-50.46127,-61.750062,3.5,-43,0.1943,-99999.,-99999.,-99999.,-99999.,-99999.,-99999.
122536,7692834,-50.46127,-61.750062,3.5,-43,0.1943,-99999.,-99999.,-99999.,-99999.,-99999.,-99999.
122536,7692873,-50.460958,-61.749112,3.8,-43,0.2036,-99999.,-99999.,-99999.,-99999.,-99999.,-99999.
122536,7692875,-50.460958,-61.749112,3.8,-43,0.2036,-99999.,-99999.,-99999.,-99999.,-99999.,-99999.
122536,7692903,-50.460737,-61.748448,4.2,-43,0.20350000000000001,-99999.,-99999.,-99999.,-99999.,-99999.,-99999.
122536,7692914,-50.460668,-61.74823,3.9,-43,0.20350000000000001,-99999.,-99999.,-99999.,-99999.,-99999.,-99999.
122536,7692933,-50.460533,-61.74777,4.5,-43,0.2034,-99999.,-99999.,-99999.,-99999.,-99999.,-99999.
122536,7692934,-50.460533,-61.74777,4.5,-43,0.2034,-99999.,-99999.,-99999.,-99999.,-99999.,-99999.
122536,7692945,-50.460458,-61.74752,3.9,-43,0.2034,-99999.,-99999.,-99999.,-99999.,-99999.,-99999.
122536,7692955,-50.46037,-61.747307,3.8,-43,0.2034,-99999.,-99999.,-99999.,-99999.,-99999.,-99999.
122536,7692962,-50.460305,-61.7471,3.6,-43,0.2034,-99999.,-99999.,-99999.,-99999.,-99999.,-99999.
122536,7692963,-50.460305,-61.7471,3.6,-43,0.2034,-99999.,-99999.,-99999.,-99999.,-99999.,-99999.
122536,7692973,-50.460223,-61.74687,3.7,-43,0.2033,-99999.,-99999.,-99999.,-99999.,-99999.,-99999.
122536,7692984,-50.460142,-61.746643,4.1,-43,0.2033,-99999.,-99999.,-99999.,-99999.,-99999.,-99999.
122536,7692994,-50.46006,-61.746427,3.9,-43,0.2033,-99999.,-99999.,-99999.,-99999.,-99999.,-99999.
122536,7693023,-50.459805,-61.745752,2.8,-43,0.20320000000000002,-99999.,-99999.,-99999.,-99999.,-99999.,-99999.
122536,7693083,-50.4594,-61.744367,4.1,-43,0.203,-99999.,-99999.,-99999.,-99999.,-99999.,-99999.
122536,7693093,-50.459317,-61.744137,3.6,-43,0.203,-99999.,-99999.,-99999.,-99999.,-99999.,-99999.
122536,7693103,-50.45923,-61.743908,3.7,-43,0.203,-99999.,-99999.,-99999.,-99999.,-99999.,-99999.
122536,7698571,-50.413075,-61.61343,4.4,-42,0.1869,-99999.,-99999.,-99999.,-99999.,-99999.,-99999.
122536,7698612,-50.412733,-61.612382,3.4,-42,0.18710000000000002,-99999.,-99999.,-99999.,-99999.,-99999.,-99999.
122536,7698613,-50.412733,-61.612382,3.4,-42,0.18710000000000002,-99999.,-99999.,-99999.,-99999.,-99999.,-99999.
122536,7698631,-50.412565,-61.6119,3.9,-42,0.1872,-99999.,-99999.,-99999.,-99999.,-99999.,-99999.
122536,7698632,-50.412565,-61.6119,3.9,-42,0.1872,-99999.,-99999.,-99999.,-99999.,-99999.,-99999.
122536,7698683,-50.412142,-61.610587,4.,-42,0.1874,-99999.,-99999.,-99999.,-99999.,-99999.,-99999.
122536,7698832,-50.41086,-61.606667,4.2,-42,0.1879,-99999.,-99999.,-99999.,-99999.,-99999.,-99999.
122536,7698843,-50.410773,-61.606378,4.4,-42,0.188,-99999.,-99999.,-99999.,-99999.,-99999.,-99999.
122536,7698892,-50.410338,-61.605092,3.5,-42,0.1882,-99999.,-99999.,-99999.,-99999.,-99999.,-99999.
122536,7698923,-50.410063,-61.604265,4.2,-42,0.1883,-99999.,-99999.,-99999.,-99999.,-99999.,-99999.
122536,7700775,-50.392922,-61.555157,4.4,-42,0.1907,-99999.,-99999.,-99999.,-99999.,-99999.,-99999.
122536,7701046,-50.390285,-61.548062,4.1,-42,0.1918,-99999.,-99999.,-99999.,-99999.,-99999.,-99999.
122536,7701765,-50.383308,-61.52891,4.3,-42,0.1888,-99999.,-99999.,-99999.,-99999.,-99999.,-99999.
122536,7703255,-50.369677,-61.489993,3.4,-42,0.1865,-99999.,-99999.,-99999.,-99999.,-99999.,-99999.
122536,7704494,-50.35881,-61.455762,4.6,-41,0.186,-99999.,-99999.,-99999.,-99999.,-99999.,-99999.
122536,7705784,-50.347032,-61.420027,4.3,-41,0.1885,-99999.,-99999.,-99999.,-99999.,-99999.,-99999.
122536,7706225,-50.342833,-61.408018,4.5,-42,0.18630000000000002,-99999.,-99999.,-99999.,-99999.,-99999.,-99999.
122536,7706465,-50.3405,-61.401533,4.5,-42,0.1869,-99999.,-99999.,-99999.,-99999.,-99999.,-99999.
122536,7708305,-50.321605,-61.353532,3.9,-42,0.1865,-99999.,-99999.,-99999.,-99999.,-99999.,-99999.
122536,7709015,-50.314133,-61.335292,3.5,-42,0.1883,-99999.,-99999.,-99999.,-99999.,-99999.,-99999.
122536,7710343,-50.300737,-61.301673,4.3,-42,0.1903,-99999.,-99999.,-99999.,-99999.,-99999.,-99999.
122536,7711534,-50.288383,-61.271932,4.4,-42,0.188,-99999.,-99999.,-99999.,-99999.,-99999.,-99999.
122536,7711854,-50.28513,-61.263812,3.3,-42,0.1874,-99999.,-99999.,-99999.,-99999.,-99999.,-99999.
122536,7712015,-50.283502,-61.259772,3.5,-42,0.18710000000000002,-99999.,-99999.,-99999.,-99999.,-99999.,-99999.
122536,7712706,-50.276638,-61.242457,4.4,-43,0.1884,-99999.,-99999.,-99999.,-99999.,-99999.,-99999.
122536,7713026,-50.273588,-61.234307,3.9,-43,0.1877,-99999.,-99999.,-99999.,-99999.,-99999.,-99999.
122536,7713986,-50.265097,-61.209852,4.1,-42,0.18630000000000002,-99999.,-99999.,-99999.,-99999.,-99999.,-99999.
122536,7714915,-50.257747,-61.186337,4.1,-42,0.1862,-99999.,-99999.,-99999.,-99999.,-99999.,-99999.
122536,7715225,-50.255418,-61.178437,4.1,-42,0.1862,-99999.,-99999.,-99999.,-99999.,-99999.,-99999.
122536,7715565,-50.252997,-61.169793,3.6,-42,0.1862,-99999.,-99999.,-99999.,-99999.,-99999.,-99999.
122536,7716134,-50.248917,-61.155473,3.8,-44,0.2068,-99999.,-99999.,-99999.,-99999.,-99999.,-99999.
122536,7717416,-50.23857,-61.125205,3.7,-43,0.2054,31.5,-0.51,10.200000000000001,11.,0.05,0.
122536,7717746,-50.23582,-61.117642,3.5,-43,0.20070000000000002,-99999.,-99999.,-99999.,-99999.,-99999.,-99999.
122536,7718244,-50.231582,-61.106522,3.4,-43,0.2029,-99999.,-99999.,-99999.,-99999.,-99999.,-99999.
122536,7718614,-50.228443,-61.098335,3.8,-43,0.2041,-99999.,-99999.,-99999.,-99999.,-99999.,-99999.
122536,7719364,-50.222165,-61.08211,3.5,-44,0.1945,-99999.,-99999.,-99999.,-99999.,-99999.,-99999.
122536,7719884,-50.217872,-61.071192,3.7,-44,0.1971,-99999.,-99999.,-99999.,-99999.,-99999.,-99999.
122536,7720636,-50.212698,-61.054828,3.4,-43,0.20140000000000002,-99999.,-99999.,-99999.,-99999.,-99999.,-99999.
122536,7721115,-50.209887,-61.044253,3.,-43,0.2044,-99999.,-99999.,-99999.,-99999.,-99999.,-99999.
122536,7721514,-50.207405,-61.034998,3.3,-43,0.188,31.5,-0.51,10.100000000000001,11.,0.05,0.02
122536,7722305,-50.204937,-61.02963,1.,-43,0.18780000000000002,31.5,-0.51,10.100000000000001,11.,0.05,0.02
122536,7723949,-50.172705,-61.00714,8.7,-43,0.1897,31.5,-0.51,10.100000000000001,11.,0.05,0.02
122536,7724854,-50.142533,-60.979732,8.7,-44,-99999,31.5,-0.51,10.,18.5,0.1,0.01
122536,7725395,-50.12983,-60.968882,5.1,-44,-99999,31.5,-0.51,10.,22.3,0.13,0.01
122536,7726134,-50.116163,-60.958557,3.5,-44,0.1728,31.5,-0.51,9.9,26.200000000000003,0.15,0.01
122536,7727384,-50.098097,-60.942177,4.,-44,-99999,31.5,-0.5,9.9,31.400000000000002,0.2,0.01
122536,7728575,-50.081087,-60.926498,4.1,-44,-99999,31.5,-0.5,9.9,35.800000000000004,0.23,0.02
122536,7729945,-50.061765,-60.90791,3.,-44,-99999,31.5,-0.5,10.100000000000001,36.,0.23,0.03
122536,7731153,-50.045182,-60.8909,3.5,-44,-99999,31.5,-0.49,10.3,36.7,0.22,0.04
122536,7734983,-49.992335,-60.835128,3.7,-44,-99999,31.400000000000002,-0.48,11.,40.800000000000004,0.18,0.06
122536,7734992,-49.992222,-60.835005,3.8,-44,-99999,31.400000000000002,-0.48,11.,40.800000000000004,0.18,0.06
122536,7735003,-49.992053,-60.834822,3.5,-44,-99999,31.400000000000002,-0.48,11.,40.800000000000004,0.18,0.06
122536,7735023,-49.991778,-60.834513,3.6,-44,-99999,31.400000000000002,-0.48,11.,40.800000000000004,0.18,0.06
122536,7735033,-49.991632,-60.834372,3.9,-44,-99999,31.400000000000002,-0.48,11.,40.800000000000004,0.18,0.06
122536,7735043,-49.991488,-60.834218,4.,-44,-99999,31.400000000000002,-0.48,11.100000000000001,40.800000000000004,0.18,0.06
122536,7735051,-49.991378,-60.834098,3.2,-44,-99999,31.400000000000002,-0.48,11.100000000000001,40.800000000000004,0.18,0.06
122536,7735052,-49.991378,-60.834098,3.2,-44,-99999,31.400000000000002,-0.48,11.100000000000001,40.800000000000004,0.18,0.06
122536,7735063,-49.991217,-60.833898,4.1,-44,-99999,31.400000000000002,-0.48,11.100000000000001,40.800000000000004,0.18,0.06
122536,7735072,-49.991093,-60.833765,3.5,-44,-99999,31.400000000000002,-0.48,11.100000000000001,40.7,0.18,0.06
122536,7735083,-49.990938,-60.833597,3.5,-44,-99999,31.400000000000002,-0.48,11.100000000000001,40.7,0.18,0.06
122536,7735093,-49.99079,-60.83345,4.3,-44,-99999,31.400000000000002,-0.48,11.100000000000001,40.7,0.18,0.06
122536,7735103,-49.99065,-60.833305,3.8,-45,-99999,31.400000000000002,-0.48,11.100000000000001,40.7,0.18,0.06
122536,7735112,-49.990533,-60.833183,3.9,-45,-99999,31.400000000000002,-0.48,11.100000000000001,40.7,0.18,0.06
122536,7735132,-49.990233,-60.832872,3.5,-45,-99999,31.400000000000002,-0.48,11.100000000000001,40.7,0.18,0.06
122536,7735163,-49.989803,-60.832425,3.6,-45,-99999,31.400000000000002,-0.48,11.100000000000001,40.7,0.18,0.06
122536,7735203,-49.98923,-60.831815,3.9,-45,-99999,31.400000000000002,-0.48,11.100000000000001,40.6,0.18,0.06
122536,7735223,-49.988965,-60.831527,4.,-45,-99999,31.400000000000002,-0.48,11.100000000000001,40.6,0.18,0.06
122536,7740754,-49.909102,-60.738195,4.4,-44,-99999,31.3,-0.46,12.700000000000001,37.4,0.14,0.09
122536,7740763,-49.908957,-60.738003,4.1,-44,-99999,31.3,-0.46,12.700000000000001,37.4,0.14,0.09
122536,7740764,-49.908957,-60.738003,4.1,-44,-99999,31.3,-0.46,12.700000000000001,37.4,0.14,0.09
122536,7740784,-49.908662,-60.737612,4.4,-44,-99999,31.3,-0.46,12.700000000000001,37.4,0.14,0.09
122536,7740844,-49.907773,-60.736418,4.2,-44,-99999,31.3,-0.46,12.700000000000001,37.4,0.14,0.09
122536,7740855,-49.907605,-60.736197,4.6,-44,-99999,31.3,-0.46,12.700000000000001,37.4,0.14,0.09
122536,7740864,-49.907457,-60.736,4.4,-44,-99999,31.3,-0.46,12.700000000000001,37.4,0.14,0.09
122536,7740865,-49.907457,-60.736,4.4,-44,-99999,31.3,-0.46,12.700000000000001,37.4,0.14,0.09
122536,7740873,-49.907335,-60.735825,4.1,-44,-99999,31.3,-0.46,12.700000000000001,37.4,0.14,0.09
122536,7740883,-49.90719,-60.735617,4.1,-44,-99999,31.3,-0.46,12.700000000000001,37.4,0.14,0.09
122536,7740904,-49.906902,-60.735208,4.4,-44,-99999,31.3,-0.46,12.700000000000001,37.4,0.14,0.09
122536,7740915,-49.906738,-60.734995,4.7,-44,-99999,31.3,-0.46,12.700000000000001,37.4,0.14,0.09
122536,7740924,-49.906578,-60.734785,4.4,-44,-99999,31.3,-0.46,12.700000000000001,37.4,0.14,0.09
122536,7740933,-49.90645,-60.73461,4.3,-44,-99999,31.3,-0.46,12.700000000000001,37.4,0.14,0.09
122536,7740955,-49.90615,-60.734225,4.3,-44,-99999,31.3,-0.46,12.700000000000001,37.4,0.14,0.09
122536,7740974,-49.905868,-60.733852,4.3,-44,-99999,31.3,-0.46,12.700000000000001,37.4,0.14,0.09
122536,7741014,-49.90525,-60.733048,4.1,-44,-99999,31.3,-0.46,12.700000000000001,37.4,0.14,0.09
122536,7741015,-49.90525,-60.733048,4.1,-44,-99999,31.3,-0.46,12.700000000000001,37.4,0.14,0.09
122536,7741024,-49.905125,-60.732878,4.,-44,-99999,31.3,-0.46,12.700000000000001,37.4,0.14,0.09
122536,7741034,-49.904987,-60.732683,3.8,-44,-99999,31.3,-0.46,12.700000000000001,37.4,0.14,0.09
122536,7741044,-49.90484,-60.732447,4.1,-44,-99999,31.3,-0.46,12.700000000000001,37.4,0.14,0.09
122536,7741075,-49.9044,-60.731818,4.1,-44,-99999,31.3,-0.46,12.700000000000001,37.4,0.14,0.09
122536,7744355,-49.861052,-60.655085,4.6,-44,-99999,31.3,-0.45,13.5,33.1,0.11,0.1
122536,7746613,-49.837573,-60.59421,4.6,-44,0.1781,31.3,-0.44,13.600000000000001,33.,0.09,0.07
122536,7746701,-49.836772,-60.591677,4.5,-44,0.1781,31.3,-0.44,13.600000000000001,33.,0.09,0.07
122536,7746703,-49.836772,-60.591677,4.5,-44,0.1781,31.3,-0.44,13.600000000000001,33.,0.09,0.07
122536,7746720,-49.836588,-60.591142,4.7,-44,0.1781,31.3,-0.44,13.600000000000001,33.,0.09,0.07
122536,7746732,-49.836482,-60.590825,4.6,-44,0.1781,31.3,-0.44,13.600000000000001,33.,0.09,0.07
122536,7746733,-49.836482,-60.590825,4.6,-44,0.1781,31.3,-0.44,13.600000000000001,33.,0.09,0.07
122536,7746741,-49.836398,-60.59057,4.2,-44,0.1781,31.3,-0.44,13.600000000000001,33.1,0.09,0.06
122536,7746761,-49.836217,-60.589962,4.5,-44,0.1781,31.3,-0.44,13.600000000000001,33.1,0.09,0.06
122536,7746772,-49.83613,-60.589672,4.8,-44,0.1781,31.3,-0.44,13.600000000000001,33.1,0.09,0.06
122536,7746781,-49.836043,-60.58942,4.8,-44,0.1781,31.3,-0.44,13.600000000000001,33.1,0.09,0.06
122536,7746782,-49.836043,-60.58942,4.8,-44,0.1781,31.3,-0.44,13.600000000000001,33.1,0.09,0.06
122536,7746792,-49.83594,-60.58911,4.5,-44,0.1781,31.3,-0.44,13.700000000000001,33.1,0.09,0.06
122536,7746793,-49.83594,-60.58911,4.5,-44,0.1781,31.3,-0.44,13.700000000000001,33.1,0.09,0.06
122536,7746800,-49.835858,-60.588852,4.2,-44,0.1781,31.3,-0.44,13.700000000000001,33.1,0.09,0.06
122536,7746801,-49.835858,-60.588852,4.2,-44,0.1781,31.3,-0.44,13.700000000000001,33.1,0.09,0.06
122536,7746821,-49.835672,-60.588267,4.2,-44,0.1781,31.3,-0.44,13.700000000000001,33.1,0.09,0.06
122536,7746823,-49.835672,-60.588267,4.2,-44,0.1781,31.3,-0.44,13.700000000000001,33.1,0.09,0.06
122536,7746832,-49.835582,-60.58798,4.6,-44,0.1781,31.3,-0.44,13.700000000000001,33.1,0.09,0.06
122536,7746833,-49.835582,-60.58798,4.6,-44,0.1781,31.3,-0.44,13.700000000000001,33.1,0.09,0.06
122536,7746841,-49.835502,-60.587722,4.2,-44,0.1781,31.3,-0.44,13.700000000000001,33.1,0.09,0.06
122536,7746842,-49.835502,-60.587722,4.2,-44,0.1781,31.3,-0.44,13.700000000000001,33.1,0.09,0.06
122536,7746853,-49.835407,-60.587398,4.,-44,0.1781,31.3,-0.44,13.700000000000001,33.1,0.09,0.06
122536,7746892,-49.835052,-60.586243,4.5,-44,0.1781,31.3,-0.44,13.700000000000001,33.1,0.09,0.06
122536,7746893,-49.835052,-60.586243,4.5,-44,0.1781,31.3,-0.44,13.700000000000001,33.1,0.09,0.06
122536,7746901,-49.834975,-60.585988,4.8,-44,0.1781,31.3,-0.44,13.700000000000001,33.1,0.09,0.06
122536,7746902,-49.834975,-60.585988,4.8,-44,0.1781,31.3,-0.44,13.700000000000001,33.1,0.09,0.06
122536,7747042,-49.833728,-60.581978,4.9,-44,0.1781,31.3,-0.44,13.700000000000001,33.2,0.09,0.06
122536,7747233,-49.831962,-60.576568,4.3,-44,0.182,31.3,-0.44,13.700000000000001,33.2,0.09,0.06
122536,7749866,-49.821708,-60.498295,6.9,-44,0.2053,31.3,-0.44,13.5,31.900000000000002,0.09,0.01
122536,7752543,-49.809113,-60.411422,4.7,-44,0.1617,31.3,-0.44,13.4,36.7,0.09,0.
122536,7752554,-49.809008,-60.411103,5.,-44,0.1617,31.3,-0.44,13.4,36.7,0.09,0.
122536,7752564,-49.808938,-60.410818,4.6,-44,0.1617,31.3,-0.44,13.4,36.7,0.09,0.
122536,7752573,-49.808878,-60.41056,4.5,-44,0.1618,31.3,-0.44,13.4,36.7,0.09,0.
122536,7752602,-49.808587,-60.409668,3.9,-44,0.16190000000000002,31.3,-0.44,13.4,36.800000000000004,0.09,0.
122536,7752603,-49.808587,-60.409668,3.9,-44,0.16190000000000002,31.3,-0.44,13.4,36.800000000000004,0.09,0.
122536,7752623,-49.80838,-60.409058,4.7,-44,0.16190000000000002,31.3,-0.44,13.4,36.800000000000004,0.09,0.
122536,7752624,-49.80838,-60.409058,4.7,-44,0.16190000000000002,31.3,-0.44,13.4,36.800000000000004,0.09,0.
122536,7752633,-49.808302,-60.408787,4.7,-44,0.162,31.3,-0.44,13.4,36.800000000000004,0.09,0.
122536,7752643,-49.808202,-60.408467,4.4,-44,0.162,31.3,-0.44,13.4,36.800000000000004,0.09,0.
122536,7752734,-49.807392,-60.405765,3.9,-44,0.1623,31.3,-0.44,13.4,37.,0.09,0.
122536,7752743,-49.807298,-60.40548,4.,-44,0.1623,31.3,-0.44,13.4,37.,0.09,0.
122536,7752753,-49.807217,-60.40522,4.2,-44,0.1623,31.3,-0.44,13.4,37.,0.09,0.
122536,7752784,-49.806948,-60.404312,4.9,-44,0.16240000000000002,31.3,-0.44,13.4,37.1,0.09,0.
122536,7752803,-49.806787,-60.403708,4.7,-44,0.1625,31.3,-0.44,13.4,37.1,0.09,0.
122536,7752864,-49.806212,-60.40192,4.7,-44,0.1627,31.3,-0.44,13.4,37.2,0.09,0.
122536,7769565,-49.758885,-59.979093,1.8,-39,-99999,31.400000000000002,-0.46,12.9,40.6,0.04,-0.16
122536,7769583,-49.758748,-59.97918,1.3,-39,-99999,31.400000000000002,-0.46,12.9,40.6,0.04,-0.16
122536,7769603,-49.758607,-59.979193,1.8,-39,-99999,31.400000000000002,-0.46,12.9,40.6,0.04,-0.16
122536,7769625,-49.758442,-59.979185,3.2,-39,-99999,31.400000000000002,-0.46,12.9,40.6,0.04,-0.16
122536,7775004,-49.706187,-59.930493,3.6,-39,-99999,31.400000000000002,-0.47000000000000003,12.9,38.5,0.02,-0.17
122536,7775264,-49.709767,-59.92541,4.5,-39,-99999,31.400000000000002,-0.47000000000000003,12.9,38.6,0.02,-0.17
122536,7775265,-49.709767,-59.92541,4.5,-39,-99999,31.400000000000002,-0.47000000000000003,12.9,38.6,0.02,-0.17
122536,7775313,-49.71046,-59.924427,4.2,-39,-99999,31.400000000000002,-0.47000000000000003,12.9,38.7,0.02,-0.17
122536,7775314,-49.71046,-59.924427,4.2,-39,-99999,31.400000000000002,-0.47000000000000003,12.9,38.7,0.02,-0.17
122536,7775334,-49.710777,-59.923997,4.2,-39,-99999,31.400000000000002,-0.47000000000000003,12.9,38.7,0.02,-0.17
122536,7775335,-49.710777,-59.923997,4.2,-39,-99999,31.400000000000002,-0.47000000000000003,12.9,38.7,0.02,-0.17
122536,7775364,-49.711203,-59.923348,4.4,-39,-99999,31.400000000000002,-0.47000000000000003,12.9,38.7,0.02,-0.17
122536,7775374,-49.711335,-59.923162,3.9,-39,-99999,31.400000000000002,-0.47000000000000003,12.9,38.7,0.02,-0.17
122536,7775404,-49.711738,-59.922473,4.9,-39,-99999,31.400000000000002,-0.47000000000000003,12.9,38.7,0.02,-0.17
122536,7775424,-49.712035,-59.922102,4.2,-39,-99999,31.400000000000002,-0.47000000000000003,12.9,38.7,0.02,-0.17
122536,7775425,-49.712035,-59.922102,4.2,-39,-99999,31.400000000000002,-0.47000000000000003,12.9,38.7,0.02,-0.17
122536,7775433,-49.712172,-59.92195,3.9,-39,-99999,31.400000000000002,-0.47000000000000003,12.9,38.7,0.02,-0.17
122536,7775434,-49.712172,-59.92195,3.9,-39,-99999,31.400000000000002,-0.47000000000000003,12.9,38.7,0.02,-0.17
122536,7775445,-49.71233,-59.92175,4.3,-39,-99999,31.400000000000002,-0.47000000000000003,12.9,38.7,0.02,-0.17
122536,7775465,-49.712617,-59.921403,4.1,-39,-99999,31.400000000000002,-0.47000000000000003,12.9,38.7,0.02,-0.17
122536,7775484,-49.712895,-59.921022,4.5,-39,-99999,31.400000000000002,-0.47000000000000003,12.9,38.7,0.02,-0.17
122536,7775485,-49.712895,-59.921022,4.5,-39,-99999,31.400000000000002,-0.47000000000000003,12.9,38.7,0.02,-0.17
122536,7775494,-49.713005,-59.92085,3.8,-39,-99999,31.400000000000002,-0.47000000000000003,12.9,38.7,0.02,-0.17
122536,7775505,-49.713118,-59.920635,3.3,-39,-99999,31.400000000000002,-0.47000000000000003,12.9,38.7,0.02,-0.17
122536,7775513,-49.713268,-59.920482,3.8,-39,-99999,31.400000000000002,-0.47000000000000003,12.9,38.7,0.02,-0.17
122536,7775525,-49.71341,-59.920273,3.9,-39,-99999,31.400000000000002,-0.47000000000000003,12.9,38.7,0.02,-0.17
122536,7775533,-49.71352,-59.920145,3.7,-39,-99999,31.400000000000002,-0.48,12.9,38.7,0.02,-0.17
122536,7775564,-49.713908,-59.919598,3.9,-39,-99999,31.400000000000002,-0.48,12.9,38.800000000000004,0.02,-0.17
122536,7775585,-49.71415,-59.919213,4.,-39,-99999,31.400000000000002,-0.48,12.9,38.800000000000004,0.02,-0.17
122536,7775593,-49.714232,-59.919082,2.6,-39,-99999,31.400000000000002,-0.48,12.9,38.800000000000004,0.02,-0.17
122536,7781283,-49.77619,-59.804697,4.,-35,-99999,31.400000000000002,-0.48,12.700000000000001,41.800000000000004,0.02,-0.13
122536,7781292,-49.776305,-59.804503,3.3,-35,-99999,31.400000000000002,-0.48,12.700000000000001,41.800000000000004,0.02,-0.13
122536,7781314,-49.776548,-59.80408,3.4,-35,-99999,31.400000000000002,-0.48,12.700000000000001,41.800000000000004,0.02,-0.13
122536,7781333,-49.776705,-59.80372,3.9,-35,-99999,31.400000000000002,-0.48,12.700000000000001,41.800000000000004,0.02,-0.13
122536,7781343,-49.776773,-59.803557,2.8,-35,-99999,31.400000000000002,-0.48,12.700000000000001,41.800000000000004,0.02,-0.12
122536,7781374,-49.777068,-59.80292,3.7,-35,-99999,31.400000000000002,-0.48,12.700000000000001,41.800000000000004,0.02,-0.12
122536,7781392,-49.777292,-59.802527,4.4,-35,-99999,31.400000000000002,-0.48,12.700000000000001,41.800000000000004,0.02,-0.12
122536,7781483,-49.77827,-59.800535,2.5,-35,-99999,31.400000000000002,-0.48,12.700000000000001,41.800000000000004,0.02,-0.12
122536,7781513,-49.77858,-59.799918,4.2,-35,-99999,31.400000000000002,-0.48,12.700000000000001,41.800000000000004,0.02,-0.12
122536,7786395,-49.83437,-59.703973,3.8,-33,0.20120000000000002,31.400000000000002,-0.49,13.100000000000001,42.1,0.02,-0.07
122536,7787103,-49.842353,-59.689978,3.4,-33,0.195,31.400000000000002,-0.49,13.100000000000001,42.,0.02,-0.07
122536,7787215,-49.843603,-59.68765,3.9,-33,0.194,31.400000000000002,-0.49,13.100000000000001,42.,0.02,-0.07
122536,7787234,-49.843802,-59.68722,3.9,-33,0.1938,31.400000000000002,-0.49,13.200000000000001,41.900000000000006,0.02,-0.07
122536,7787273,-49.844245,-59.686495,3.6,-33,0.1935,31.400000000000002,-0.49,13.200000000000001,41.900000000000006,0.02,-0.07
122536,7787283,-49.844348,-59.686292,3.8,-33,0.19340000000000002,31.400000000000002,-0.49,13.200000000000001,41.900000000000006,0.02,-0.07
122536,7788554,-49.856905,-59.65861,4.7,-32,0.1995,31.400000000000002,-0.49,13.,40.800000000000004,0.02,-0.08
122536,7789586,-49.865868,-59.634972,3.8,-32,0.1996,31.400000000000002,-0.49,13.,40.1,0.03,-0.09
122536,7789686,-49.866712,-59.63265,4.5,-32,0.19990000000000002,31.400000000000002,-0.49,13.,40.1,0.03,-0.09
122536,7791256,-49.879132,-59.595178,3.9,-32,0.2031,31.400000000000002,-0.49,12.9,39.900000000000006,0.03,-0.1
122536,7792604,-49.889317,-59.56208,3.5,-31,0.2031,31.5,-0.49,13.,41.2,0.03,-0.09
122536,7793314,-49.895195,-59.545713,3.3,-31,0.2031,31.5,-0.49,13.,41.7,0.03,-0.08
122536,7794624,-49.906792,-59.515848,3.7,-31,0.21450000000000002,31.5,-0.49,13.100000000000001,42.300000000000004,0.02,-0.07
122536,7795166,-49.911142,-59.502837,3.8,-31,0.21450000000000002,31.5,-0.49,13.100000000000001,41.900000000000006,0.02,-0.07
122536,7795575,-49.914577,-59.493315,4.1,-32,0.22740000000000002,31.5,-0.49,13.200000000000001,41.7,0.02,-0.06
122536,7796795,-49.924772,-59.464753,3.9,-32,0.21330000000000002,31.5,-0.49,13.3,40.7,0.02,-0.04
122536,7797475,-49.930453,-59.449233,3.9,-32,0.2151,31.5,-0.49,13.4,40.400000000000006,0.02,-0.03
122536,7798385,-49.937022,-59.427475,3.3,-32,0.21830000000000002,31.5,-0.49,13.4,40.1,0.02,-0.02
122536,7798523,-49.937987,-59.424267,3.6,-32,0.2189,31.5,-0.49,13.4,40.1,0.02,-0.02
122536,7799424,-49.94445,-59.403583,3.6,-32,0.2222,31.400000000000002,-0.49,13.5,39.7,0.02,-0.01
122536,7800055,-49.949298,-59.388658,3.5,-33,0.2252,31.400000000000002,-0.49,13.5,39.300000000000004,0.02,-0.01
122536,7800754,-49.95448,-59.372503,3.3,-33,0.2275,31.400000000000002,-0.49,13.600000000000001,38.7,0.02,0.
122536,7800776,-49.954633,-59.372053,3.8,-33,0.22760000000000002,31.400000000000002,-0.49,13.600000000000001,38.7,0.02,0.
122536,7801735,-49.962227,-59.35079,2.8,-33,0.2275,31.400000000000002,-0.49,13.600000000000001,38.300000000000004,0.02,0.
122536,7802124,-49.965808,-59.343397,3.6,-33,0.2268,31.400000000000002,-0.49,13.600000000000001,38.400000000000006,0.03,0.
122536,7803035,-49.974792,-59.32607,2.6,-34,0.22710000000000002,31.400000000000002,-0.49,13.600000000000001,38.5,0.03,0.
122536,7804224,-49.985543,-59.302287,3.1,-35,0.22190000000000001,31.400000000000002,-0.49,13.600000000000001,38.6,0.03,0.
122536,7804544,-49.988392,-59.295803,3.3,-35,0.22110000000000002,31.400000000000002,-0.49,13.600000000000001,38.7,0.03,0.
122536,7805665,-49.99644,-59.27168,3.5,-35,0.223,31.400000000000002,-0.49,13.700000000000001,38.900000000000006,0.04,0.
122536,7807255,-50.007413,-59.238517,3.9,-36,0.22360000000000002,31.5,-0.49,13.600000000000001,39.6,0.04,0.
122536,7807966,-50.011783,-59.223038,3.5,-36,0.2237,31.5,-0.49,13.600000000000001,40.1,0.04,0.
122536,7809234,-50.01474,-59.206098,1.5,-36,0.2323,31.5,-0.49,13.600000000000001,40.800000000000004,0.04,0.
122536,7809628,-50.011565,-59.202285,2.5,-36,0.231,31.5,-0.49,13.600000000000001,40.800000000000004,0.04,0.
122536,7812994,-49.936843,-59.218993,10.5,-36,0.22590000000000002,31.400000000000002,-0.5,13.700000000000001,40.400000000000006,0.04,0.01
122536,7814244,-49.880358,-59.249643,10.3,-37,0.22160000000000002,31.400000000000002,-0.5,13.700000000000001,38.400000000000006,0.04,0.01
122536,7815528,-49.832037,-59.305873,8.,-36,0.2277,31.400000000000002,-0.5,13.700000000000001,36.7,0.03,0.01
122536,7823342,-49.874108,-59.107457,3.5,-40,0.2146,31.400000000000002,-0.5,13.700000000000001,36.2,0.08,0.04
122536,7823343,-49.874108,-59.107457,3.5,-40,0.2146,31.400000000000002,-0.5,13.700000000000001,36.2,0.08,0.04
122536,7823353,-49.874135,-59.107133,2.6,-40,0.2147,31.400000000000002,-0.5,13.700000000000001,36.2,0.08,0.04
122536,7823354,-49.874135,-59.107133,2.6,-40,0.2147,31.400000000000002,-0.5,13.700000000000001,36.2,0.08,0.04
122536,7823372,-49.874213,-59.106623,3.3,-40,0.215,31.400000000000002,-0.5,13.700000000000001,36.2,0.08,0.04
122536,7823383,-49.874228,-59.106347,3.7,-40,0.2151,31.400000000000002,-0.5,13.700000000000001,36.2,0.08,0.04
122536,7823402,-49.87426,-59.105907,3.8,-40,0.2154,31.400000000000002,-0.5,13.700000000000001,36.2,0.08,0.04
122536,7823422,-49.874322,-59.105382,2.8,-40,0.2156,31.400000000000002,-0.5,13.700000000000001,36.2,0.08,0.04
122536,7823432,-49.874358,-59.10512,3.2,-40,0.21580000000000002,31.400000000000002,-0.5,13.700000000000001,36.2,0.08,0.04
122536,7823433,-49.874358,-59.10512,3.2,-40,0.21580000000000002,31.400000000000002,-0.5,13.700000000000001,36.2,0.08,0.04
122536,7823443,-49.874417,-59.10484,4.3,-40,0.2159,31.400000000000002,-0.5,13.700000000000001,36.2,0.08,0.04
122536,7823444,-49.874417,-59.10484,4.3,-40,0.2159,31.400000000000002,-0.5,13.700000000000001,36.2,0.08,0.04
122536,7823462,-49.874488,-59.104358,3.3,-40,0.2162,31.400000000000002,-0.5,13.700000000000001,36.2,0.08,0.04
122536,7823482,-49.874562,-59.103825,2.3,-40,0.2165,31.400000000000002,-0.5,13.700000000000001,36.2,0.08,0.04
122536,7823492,-49.874593,-59.103567,3.4,-40,0.21660000000000001,31.400000000000002,-0.5,13.700000000000001,36.2,0.08,0.04
122536,7823503,-49.874625,-59.103293,4.4,-40,0.2167,31.400000000000002,-0.5,13.700000000000001,36.2,0.08,0.04
122536,7823504,-49.874625,-59.103293,4.4,-40,0.2167,31.400000000000002,-0.5,13.700000000000001,36.2,0.08,0.04
122536,7823513,-49.874652,-59.103055,3.8,-40,0.2169,31.400000000000002,-0.5,13.700000000000001,36.2,0.08,0.04
122536,7823522,-49.874673,-59.10284,3.3,-40,0.217,31.400000000000002,-0.5,13.700000000000001,36.2,0.08,0.04
122536,7823533,-49.874733,-59.10257,3.6,-40,0.21710000000000002,31.400000000000002,-0.5,13.700000000000001,36.2,0.08,0.04
122536,7823573,-49.87487,-59.101487,2.5,-40,0.2177,31.400000000000002,-0.5,13.700000000000001,36.2,0.08,0.04
122536,7823583,-49.874893,-59.101238,4.1,-40,0.21780000000000002,31.400000000000002,-0.5,13.700000000000001,36.2,0.08,0.04
122536,7823592,-49.874932,-59.101015,4.,-40,0.2179,31.400000000000002,-0.5,13.700000000000001,36.2,0.08,0.04
122536,7823593,-49.874932,-59.101015,4.,-40,0.2179,31.400000000000002,-0.5,13.700000000000001,36.2,0.08,0.04
122536,7827526,-49.893553,-59.00242,3.6,-45,0.2404,31.400000000000002,-0.5,13.700000000000001,35.9,0.11,0.06
122536,7829142,-49.901843,-58.96439,4.1,-50,0.23270000000000002,31.400000000000002,-0.49,13.700000000000001,35.9,0.12,0.07
122536,7829153,-49.90189,-58.964095,3.6,-50,0.23270000000000002,31.400000000000002,-0.49,13.700000000000001,35.9,0.12,0.07
122536,7829163,-49.90195,-58.963838,3.1,-50,0.2328,31.400000000000002,-0.49,13.700000000000001,35.9,0.12,0.07
122536,7829164,-49.90195,-58.963838,3.1,-50,0.2328,31.400000000000002,-0.49,13.700000000000001,35.9,0.12,0.07
122536,7829174,-49.901995,-58.963603,3.5,-50,0.2328,31.400000000000002,-0.49,13.700000000000001,35.9,0.12,0.07
122536,7829203,-49.902083,-58.962945,4.2,-50,0.233,31.400000000000002,-0.49,13.700000000000001,35.9,0.12,0.07
122536,7829223,-49.902182,-58.962505,3.5,-50,0.2331,31.400000000000002,-0.49,13.700000000000001,35.9,0.12,0.07
122536,7829224,-49.902182,-58.962505,3.5,-50,0.2331,31.400000000000002,-0.49,13.700000000000001,35.9,0.12,0.07
122536,7829233,-49.902212,-58.962255,3.1,-50,0.2331,31.400000000000002,-0.49,13.700000000000001,35.9,0.12,0.07
122536,7829234,-49.902212,-58.962255,3.1,-50,0.2331,31.400000000000002,-0.49,13.700000000000001,35.9,0.12,0.07
122536,7829243,-49.902265,-58.961995,4.4,-50,0.23320000000000002,31.400000000000002,-0.49,13.700000000000001,35.9,0.12,0.07
122536,7829244,-49.902265,-58.961995,4.4,-50,0.23320000000000002,31.400000000000002,-0.49,13.700000000000001,35.9,0.12,0.07
122536,7829263,-49.902357,-58.961512,3.6,-50,0.2333,31.400000000000002,-0.49,13.700000000000001,35.9,0.12,0.07
122536,7829283,-49.902472,-58.961007,4.4,-50,0.23340000000000002,31.400000000000002,-0.49,13.700000000000001,35.9,0.12,0.07
122536,7829284,-49.902472,-58.961007,4.4,-50,0.23340000000000002,31.400000000000002,-0.49,13.700000000000001,35.9,0.12,0.07
122536,7829293,-49.902542,-58.960765,3.3,-50,0.23340000000000002,31.400000000000002,-0.49,13.700000000000001,35.9,0.12,0.07
122536,7829294,-49.902542,-58.960765,3.3,-50,0.23340000000000002,31.400000000000002,-0.49,13.700000000000001,35.9,0.12,0.07
122536,7829323,-49.902673,-58.960075,3.5,-50,0.2336,31.400000000000002,-0.49,13.700000000000001,35.9,0.12,0.07
122536,7829324,-49.902673,-58.960075,3.5,-50,0.2336,31.400000000000002,-0.49,13.700000000000001,35.9,0.12,0.07
122536,7829343,-49.902815,-58.95958,3.9,-50,0.23370000000000002,31.400000000000002,-0.49,13.700000000000001,35.9,0.12,0.07
122536,7829345,-49.902815,-58.95958,3.9,-50,0.23370000000000002,31.400000000000002,-0.49,13.700000000000001,35.9,0.12,0.07
122536,7829353,-49.902888,-58.959352,3.9,-50,0.23370000000000002,31.400000000000002,-0.49,13.700000000000001,35.9,0.12,0.07
122536,7829354,-49.902888,-58.959352,3.9,-50,0.23370000000000002,31.400000000000002,-0.49,13.700000000000001,35.9,0.12,0.07
122536,7829383,-49.903083,-58.958585,3.5,-50,0.23390000000000002,31.400000000000002,-0.49,13.700000000000001,35.9,0.12,0.07
122536,7829384,-49.903083,-58.958585,3.5,-50,0.23390000000000002,31.400000000000002,-0.49,13.700000000000001,35.9,0.12,0.07
122536,7829414,-49.903255,-58.957797,3.6,-50,0.21230000000000002,31.400000000000002,-0.49,13.700000000000001,35.9,0.12,0.07
122536,7833005,-49.926115,-58.87634,3.7,-49,0.2253,31.400000000000002,-0.49,13.700000000000001,36.2,0.14,0.08
122536,7835013,-49.940355,-58.831247,3.2,-51,0.1855,31.400000000000002,-0.49,13.700000000000001,36.7,0.14,0.08
122536,7835034,-49.940537,-58.830802,3.8,-51,0.1857,31.400000000000002,-0.49,13.700000000000001,36.7,0.14,0.08
122536,7835043,-49.940608,-58.830592,3.,-51,0.18580000000000002,31.400000000000002,-0.49,13.700000000000001,36.7,0.14,0.08
122536,7835044,-49.940608,-58.830592,3.,-51,0.18580000000000002,31.400000000000002,-0.49,13.700000000000001,36.7,0.14,0.08
122536,7835052,-49.940685,-58.830387,4.3,-51,0.1859,31.400000000000002,-0.49,13.700000000000001,36.7,0.14,0.08
122536,7835063,-49.940775,-58.830142,3.1,-51,0.186,31.400000000000002,-0.49,13.700000000000001,36.7,0.14,0.08
122536,7835083,-49.940922,-58.829668,3.5,-51,0.18630000000000002,31.400000000000002,-0.49,13.700000000000001,36.7,0.14,0.08
122536,7835123,-49.941238,-58.828802,3.7,-51,0.1867,31.400000000000002,-0.49,13.700000000000001,36.7,0.14,0.08
122536,7835133,-49.941332,-58.828572,3.8,-51,0.18680000000000002,31.400000000000002,-0.49,13.700000000000001,36.7,0.14,0.08
122536,7835142,-49.94139,-58.828353,4.2,-51,0.187,31.400000000000002,-0.49,13.700000000000001,36.7,0.14,0.08
122536,7835143,-49.94139,-58.828353,4.2,-51,0.187,31.400000000000002,-0.49,13.700000000000001,36.7,0.14,0.08
122536,7835161,-49.941543,-58.827953,4.3,-51,0.1872,31.400000000000002,-0.49,13.700000000000001,36.7,0.14,0.08
122536,7835162,-49.941543,-58.827953,4.3,-51,0.1872,31.400000000000002,-0.49,13.700000000000001,36.7,0.14,0.08
122536,7835171,-49.941605,-58.827752,2.5,-51,0.18730000000000002,31.400000000000002,-0.49,13.700000000000001,36.7,0.14,0.08
122536,7835172,-49.941605,-58.827752,2.5,-51,0.18730000000000002,31.400000000000002,-0.49,13.700000000000001,36.7,0.14,0.08
122536,7835183,-49.941653,-58.827532,3.1,-51,0.1874,31.400000000000002,-0.49,13.700000000000001,36.7,0.14,0.08
122536,7835193,-49.941718,-58.827323,3.3,-51,0.1875,31.400000000000002,-0.49,13.700000000000001,36.7,0.14,0.08
122536,7835202,-49.941787,-58.827103,2.8,-51,0.18760000000000002,31.400000000000002,-0.49,13.700000000000001,36.7,0.14,0.08
122536,7835222,-49.941942,-58.826645,3.5,-51,0.1879,31.400000000000002,-0.49,13.700000000000001,36.7,0.14,0.08
122536,7835232,-49.94203,-58.826407,4.,-51,0.188,31.400000000000002,-0.49,13.700000000000001,36.7,0.14,0.08
122536,7835243,-49.942123,-58.82616,2.2,-51,0.18810000000000002,31.400000000000002,-0.49,13.700000000000001,36.7,0.14,0.08
122536,7835262,-49.942298,-58.825723,3.7,-51,0.1883,31.400000000000002,-0.49,13.700000000000001,36.800000000000004,0.14,0.08
122536,7835264,-49.942298,-58.825723,3.7,-51,0.1883,31.400000000000002,-0.49,13.700000000000001,36.800000000000004,0.14,0.08
122536,7835341,-49.942813,-58.824027,2.2,-51,0.1892,31.400000000000002,-0.49,13.700000000000001,36.800000000000004,0.14,0.08
122536,7835452,-49.943723,-58.821637,4.,-51,0.1904,31.400000000000002,-0.49,13.700000000000001,36.800000000000004,0.14,0.08
122536,7838616,-49.966685,-58.752678,3.6,-50,0.20320000000000002,31.400000000000002,-0.49,13.700000000000001,37.6,0.15,0.09
122536,7857764,-50.274987,-58.410875,8.5,-48,0.2019,31.6,-0.47000000000000003,13.200000000000001,42.400000000000006,0.08,0.09
122536,7857773,-50.275333,-58.410675,9.2,-48,0.2019,31.6,-0.47000000000000003,13.200000000000001,42.400000000000006,0.08,0.09
122536,7857774,-50.275333,-58.410675,9.2,-48,0.2019,31.6,-0.47000000000000003,13.200000000000001,42.400000000000006,0.08,0.09
122536,7857783,-50.275767,-58.410415,9.4,-48,0.2018,31.6,-0.47000000000000003,13.200000000000001,42.5,0.08,0.09
122536,7857784,-50.275767,-58.410415,9.4,-48,0.2018,31.6,-0.47000000000000003,13.200000000000001,42.5,0.08,0.09
122536,7857793,-50.276165,-58.410157,9.3,-48,0.2018,31.6,-0.47000000000000003,13.200000000000001,42.5,0.07,0.09
122536,7857794,-50.276165,-58.410157,9.3,-48,0.2018,31.6,-0.47000000000000003,13.200000000000001,42.5,0.07,0.09
122536,7857803,-50.276528,-58.40992,9.4,-48,0.2018,31.6,-0.47000000000000003,13.200000000000001,42.5,0.07,0.09
122536,7857814,-50.276975,-58.409592,10.2,-48,0.20170000000000002,31.6,-0.47000000000000003,13.200000000000001,42.5,0.07,0.09
122536,7857823,-50.277392,-58.409338,9.4,-48,0.20170000000000002,31.6,-0.47000000000000003,13.200000000000001,42.5,0.07,0.09
122536,7857833,-50.27777,-58.40911,10.4,-48,0.20170000000000002,31.6,-0.47000000000000003,13.200000000000001,42.5,0.07,0.09
122536,7857844,-50.278233,-58.408857,10.2,-48,0.2016,31.6,-0.47000000000000003,13.200000000000001,42.6,0.07,0.09
122536,7857853,-50.278645,-58.408647,10.1,-48,0.2016,31.6,-0.47000000000000003,13.200000000000001,42.6,0.07,0.09
122536,7857854,-50.278645,-58.408647,10.1,-48,0.2016,31.6,-0.47000000000000003,13.200000000000001,42.6,0.07,0.09
122536,7857863,-50.278985,-58.408487,9.6,-48,0.2016,31.6,-0.47000000000000003,13.200000000000001,42.6,0.07,0.09
122536,7857874,-50.279392,-58.408287,8.6,-48,0.2015,31.6,-0.47000000000000003,13.200000000000001,42.6,0.07,0.09
122536,7857883,-50.279757,-58.408058,8.,-48,0.2015,31.6,-0.47000000000000003,13.200000000000001,42.6,0.07,0.09
122536,7857884,-50.279757,-58.408058,8.,-48,0.2015,31.6,-0.47000000000000003,13.200000000000001,42.6,0.07,0.09
122536,7857892,-50.280095,-58.407835,9.1,-48,0.2015,31.6,-0.47000000000000003,13.200000000000001,42.6,0.07,0.09
122536,7857893,-50.280095,-58.407835,9.1,-48,0.2015,31.6,-0.47000000000000003,13.200000000000001,42.6,0.07,0.09
122536,7857904,-50.280513,-58.407552,9.9,-48,0.20140000000000002,31.6,-0.47000000000000003,13.200000000000001,42.7,0.07,0.09
122536,7857912,-50.280847,-58.407318,9.1,-48,0.20140000000000002,31.6,-0.47000000000000003,13.200000000000001,42.7,0.07,0.09
122536,7857913,-50.280847,-58.407318,9.1,-48,0.20140000000000002,31.6,-0.47000000000000003,13.200000000000001,42.7,0.07,0.09
122536,7857923,-50.281248,-58.407062,8.9,-48,0.20140000000000002,31.6,-0.47000000000000003,13.200000000000001,42.7,0.07,0.09
122536,7857943,-50.282112,-58.406547,9.5,-48,0.2013,31.6,-0.47000000000000003,13.200000000000001,42.7,0.07,0.09
122536,7857983,-50.283653,-58.405608,9.1,-48,0.20120000000000002,31.6,-0.47000000000000003,13.200000000000001,42.800000000000004,0.07,0.09
122536,7858003,-50.28448,-58.405072,8.2,-48,0.2011,31.6,-0.47000000000000003,13.200000000000001,42.800000000000004,0.07,0.09
122536,7858004,-50.28448,-58.405072,8.2,-48,0.2011,31.6,-0.47000000000000003,13.200000000000001,42.800000000000004,0.07,0.09
122536,7858024,-50.28525,-58.404595,9.,-48,0.201,31.6,-0.47000000000000003,13.200000000000001,42.900000000000006,0.07,0.09
122536,7858033,-50.28559,-58.404372,9.3,-48,0.201,31.6,-0.47000000000000003,13.200000000000001,42.900000000000006,0.07,0.09
122536,7858042,-50.285943,-58.404138,9.7,-48,0.20090000000000002,31.6,-0.47000000000000003,13.200000000000001,42.900000000000006,0.07,0.09
122536,7858055,-50.286433,-58.403847,9.2,-48,0.20090000000000002,31.6,-0.47000000000000003,13.200000000000001,42.900000000000006,0.07,0.09
122536,7858064,-50.286848,-58.403605,9.3,-48,0.2008,31.6,-0.47000000000000003,13.200000000000001,42.900000000000006,0.07,0.09
122536,7858072,-50.287223,-58.403385,9.7,-48,0.2008,31.6,-0.47000000000000003,13.200000000000001,43.,0.07,0.09
122536,7858073,-50.287223,-58.403385,9.7,-48,0.2008,31.6,-0.47000000000000003,13.200000000000001,43.,0.07,0.09
122536,7858084,-50.287667,-58.403105,9.2,-48,0.2008,31.6,-0.47000000000000003,13.200000000000001,43.,0.07,0.09
122536,7858092,-50.288033,-58.402895,8.3,-48,0.20070000000000002,31.6,-0.47000000000000003,13.200000000000001,43.,0.07,0.09
122536,7858102,-50.288392,-58.40269,9.3,-48,0.20070000000000002,31.6,-0.47000000000000003,13.200000000000001,43.,0.07,0.09
122536,7858103,-50.288392,-58.40269,9.3,-48,0.20070000000000002,31.6,-0.47000000000000003,13.200000000000001,43.,0.07,0.09
122536,7858114,-50.288865,-58.402387,9.6,-48,0.2006,31.6,-0.47000000000000003,13.200000000000001,43.,0.07,0.09
122536,7858123,-50.289283,-58.402145,9.8,-48,0.2006,31.6,-0.47000000000000003,13.200000000000001,43.1,0.07,0.09
122536,7858133,-50.289702,-58.401907,9.9,-48,0.2005,31.6,-0.47000000000000003,13.200000000000001,43.1,0.07,0.09
122536,7858134,-50.289702,-58.401907,9.9,-48,0.2005,31.6,-0.47000000000000003,13.200000000000001,43.1,0.07,0.09
122536,7858153,-50.290462,-58.401425,9.3,-48,0.20040000000000002,31.6,-0.47000000000000003,13.200000000000001,43.1,0.07,0.09
122536,7858185,-50.291717,-58.400587,9.5,-48,0.2071,31.6,-0.47000000000000003,13.200000000000001,43.2,0.07,0.09
122536,7863514,-50.50574,-58.258217,10.4,-43,0.20120000000000002,31.6,-0.46,12.5,43.300000000000004,0.11,0.03
122536,7863694,-50.513067,-58.252925,10.1,-43,0.20750000000000002,31.6,-0.46,12.5,42.7,0.12,0.03
122536,7863704,-50.513477,-58.252635,10.,-43,0.2079,31.6,-0.46,12.5,42.7,0.12,0.03
122536,7863713,-50.513858,-58.252355,10.4,-43,0.2082,31.6,-0.46,12.5,42.7,0.12,0.03
122536,7863773,-50.516355,-58.250557,8.4,-43,0.2106,31.6,-0.46,12.5,42.5,0.12,0.03
122536,7863784,-50.516798,-58.250253,8.7,-43,0.21100000000000002,31.6,-0.46,12.5,42.400000000000006,0.12,0.03
122536,7863814,-50.518022,-58.24941,10.,-45,0.21300000000000002,31.6,-0.46,12.5,42.300000000000004,0.12,0.03
122536,7863833,-50.518772,-58.248897,7.5,-45,0.21350000000000002,31.6,-0.46,12.5,42.300000000000004,0.12,0.03
122536,7863844,-50.519195,-58.248608,7.7,-45,0.2137,31.6,-0.46,12.5,42.2,0.12,0.03
122536,7863854,-50.519543,-58.248368,8.,-45,0.21400000000000002,31.6,-0.46,12.5,42.2,0.12,0.04
122536,7863864,-50.519938,-58.248092,10.,-45,0.2142,31.6,-0.46,12.5,42.2,0.12,0.04
122536,7863874,-50.520362,-58.247798,9.7,-45,0.21450000000000002,31.6,-0.46,12.5,42.1,0.12,0.04
122536,7863894,-50.521083,-58.247278,9.2,-45,0.215,31.6,-0.46,12.5,42.1,0.12,0.04
122536,7863904,-50.52151,-58.24696,8.,-45,0.21530000000000002,31.6,-0.46,12.5,42.,0.12,0.04
122536,7863934,-50.522655,-58.246123,9.9,-45,0.216,31.6,-0.46,12.5,41.900000000000006,0.12,0.04
122536,7863954,-50.523422,-58.245567,9.2,-45,0.2165,31.6,-0.46,12.5,41.900000000000006,0.12,0.04
122536,7863964,-50.52387,-58.245247,10.3,-45,0.2167,31.6,-0.46,12.5,41.800000000000004,0.12,0.04
122536,7863974,-50.524235,-58.245002,7.9,-45,0.217,31.6,-0.46,12.5,41.800000000000004,0.12,0.04
122536,7863984,-50.524622,-58.24474,9.1,-45,0.2172,31.6,-0.46,12.5,41.800000000000004,0.12,0.04
122536,7863994,-50.52506,-58.2444,10.3,-45,0.2175,31.6,-0.46,12.5,41.7,0.12,0.04
122536,7864004,-50.525465,-58.244098,9.4,-45,0.2177,31.6,-0.46,12.5,41.7,0.12,0.04
122536,7864014,-50.525828,-58.243828,9.6,-45,0.2179,31.6,-0.46,12.5,41.7,0.12,0.04
122536,7864034,-50.526648,-58.243247,9.5,-45,0.2184,31.5,-0.46,12.5,41.6,0.12,0.04
122536,7864074,-50.528167,-58.242325,8.1,-45,0.2192,31.5,-0.46,12.5,41.400000000000006,0.12,0.04
122536,7864084,-50.528598,-58.242022,8.4,-45,0.2194,31.5,-0.46,12.5,41.400000000000006,0.12,0.04
122536,7864094,-50.528947,-58.241765,7.8,-45,0.21960000000000002,31.5,-0.46,12.5,41.400000000000006,0.12,0.04
122536,7869474,-50.752392,-58.06548,10.,-39,0.189,31.6,-0.46,11.600000000000001,56.5,0.16,0.1
122536,7869482,-50.752812,-58.065127,9.7,-39,0.1889,31.6,-0.46,11.600000000000001,56.300000000000004,0.16,0.1
122536,7869483,-50.752812,-58.065127,9.7,-39,0.1889,31.6,-0.46,11.600000000000001,56.300000000000004,0.16,0.1
122536,7869523,-50.754517,-58.063675,10.6,-39,0.1885,31.6,-0.46,11.5,55.6,0.16,0.1
122536,7869583,-50.757118,-58.061483,10.4,-39,0.18780000000000002,31.6,-0.46,11.5,54.5,0.16,0.1
122536,7869603,-50.757967,-58.06076,10.6,-39,0.1875,31.6,-0.46,11.5,54.1,0.16,0.1
122536,7869673,-50.760972,-58.058192,10.5,-39,0.1865,31.6,-0.46,11.5,52.800000000000004,0.16,0.1
122536,7869674,-50.760972,-58.058192,10.5,-39,0.1865,31.6,-0.46,11.5,52.800000000000004,0.16,0.1
122536,7869683,-50.761397,-58.057825,10.8,-39,0.1864,31.6,-0.46,11.5,52.6,0.16,0.1
122536,7869684,-50.761397,-58.057825,10.8,-39,0.1864,31.6,-0.46,11.5,52.6,0.16,0.1
122536,7869762,-50.764748,-58.054913,10.6,-39,0.18510000000000001,31.6,-0.46,11.5,51.1,0.16,0.1
122536,7869763,-50.764748,-58.054913,10.6,-39,0.18510000000000001,31.6,-0.46,11.5,51.1,0.16,0.1
122536,7869774,-50.765218,-58.054497,10.8,-39,0.1849,31.6,-0.46,11.5,50.900000000000006,0.16,0.1
122536,7869804,-50.766518,-58.053402,10.5,-39,0.18430000000000002,31.6,-0.46,11.5,50.300000000000004,0.16,0.1
122536,7869843,-50.768177,-58.051995,10.1,-39,0.1836,31.6,-0.46,11.5,49.6,0.16,0.1
122536,7870565,-50.798852,-58.025202,10.4,-38,0.1753,31.6,-0.46,11.5,35.2,0.17,0.1
122536,7871965,-50.856807,-57.973265,10.1,-38,0.183,31.6,-0.46,11.8,40.900000000000006,0.16,0.07
122536,7872996,-50.900123,-57.933538,10.9,-37,0.19790000000000002,31.6,-0.46,12.,41.900000000000006,0.15,0.06
122536,7873186,-50.908213,-57.925988,11.1,-37,0.20020000000000002,31.6,-0.46,12.,46.300000000000004,0.15,0.06
122536,7874053,-50.945162,-57.891185,10.1,-36,0.17880000000000001,31.6,-0.46,12.100000000000001,70.10000000000001,0.13,0.05
122536,7875205,-50.993315,-57.844743,9.5,-34,0.1652,31.6,-0.46,12.4,57.7,0.09,0.06
122536,7875305,-50.998208,-57.839862,11.1,-34,0.1652,31.6,-0.46,12.4,55.5,0.09,0.06
122536,7875306,-50.998208,-57.839862,11.1,-34,0.1652,31.6,-0.46,12.4,55.5,0.09,0.06
122536,7875326,-50.999072,-57.839052,10.6,-34,0.1652,31.6,-0.46,12.4,55.2,0.09,0.06
122536,7875327,-50.999072,-57.839052,10.6,-34,0.1652,31.6,-0.46,12.4,55.2,0.09,0.06
122536,7875386,-51.001733,-57.837103,9.2,-28,0.1507,31.6,-0.46,12.5,54.400000000000006,0.08,0.06
122536,7875396,-51.002113,-57.836803,9.6,-28,0.1506,31.6,-0.46,12.5,54.300000000000004,0.08,0.06
122536,7875405,-51.002525,-57.836492,9.3,-28,0.1505,31.6,-0.46,12.5,54.2,0.08,0.06
122536,7875406,-51.002525,-57.836492,9.3,-28,0.1505,31.6,-0.46,12.5,54.2,0.08,0.06
122536,7875425,-51.003435,-57.835843,9.2,-28,0.1502,31.6,-0.46,12.5,53.900000000000006,0.08,0.06
122536,7875427,-51.003435,-57.835843,9.2,-28,0.1502,31.6,-0.46,12.5,53.900000000000006,0.08,0.06
122536,7875507,-51.006845,-57.83321,10.8,-34,0.1652,31.6,-0.46,12.5,52.900000000000006,0.08,0.06
122536,7875517,-51.00728,-57.832868,11.1,-34,0.1651,31.6,-0.46,12.5,52.800000000000004,0.08,0.06
122536,7875547,-51.008623,-57.831905,10.4,-34,0.1647,31.6,-0.46,12.5,52.400000000000006,0.08,0.06
122536,7875555,-51.00904,-57.831632,11.3,-34,0.1646,31.6,-0.46,12.5,52.300000000000004,0.08,0.06
122536,7875577,-51.009952,-57.830973,10.,-34,0.1643,31.6,-0.46,12.5,52.,0.08,0.06
122536,7876375,-51.046198,-57.811693,10.2,-33,0.15080000000000002,31.5,-0.45,12.8,42.1,0.05,0.06
122536,7877714,-51.108975,-57.780752,10.3,-26,-99999,31.5,-0.45,13.100000000000001,42.7,0.06,0.07
122536,7878054,-51.124472,-57.772933,9.1,-26,-99999,31.5,-0.44,13.,43.300000000000004,0.06,0.08
122536,7878445,-51.142647,-57.76389,10.8,-25,-99999,31.5,-0.44,12.700000000000001,43.900000000000006,0.08,0.08
122536,7878853,-51.16148,-57.754492,10.5,-25,-99999,31.5,-0.44,12.5,44.400000000000006,0.1,0.08
122536,7880205,-51.224672,-57.729678,10.9,-24,0.1885,31.6,-0.45,11.600000000000001,51.1,0.15,0.09
122536,7881366,-51.279388,-57.712177,10.6,-20,0.1996,31.6,-0.45,10.9,67.5,0.2,0.09
122536,7881685,-51.293967,-57.707785,10.5,-20,0.2025,31.6,-0.45,10.8,62.2,0.18,0.09
122536,7882574,-51.335168,-57.69675,9.2,-17,0.199,31.6,-0.46,10.600000000000001,34.7,0.13,0.09
122536,7883885,-51.394425,-57.685342,10.3,-21,0.1993,31.6,-0.46,10.4,13.4,0.09,0.08
122536,7884365,-51.416007,-57.681877,9.7,-23,0.19920000000000002,31.6,-0.46,10.4,13.4,0.09,0.08
122536,7885105,-51.448297,-57.677777,9.9,-18,0.1922,-99999.,-99999.,-99999.,-99999.,-99999.,-99999.
122536,7885666,-51.472055,-57.676038,8.9,-21,0.1907,-99999.,-99999.,-99999.,-99999.,-99999.,-99999.
122536,7886305,-51.497387,-57.67528,8.5,-24,0.1937,-99999.,-99999.,-99999.,-99999.,-99999.,-99999.
122536,7886783,-51.516247,-57.67657,8.4,-12,0.1983,-99999.,-99999.,-99999.,-99999.,-99999.,-99999.
122536,7887385,-51.541063,-57.677372,9.3,-14,0.19820000000000002,-99999.,-99999.,-99999.,-99999.,-99999.,-99999.
122536,7888725,-51.585477,-57.680165,6.6,-3,0.18680000000000002,-99999.,-99999.,-99999.,-99999.,-99999.,-99999.
122536,7889934,-51.610545,-57.661502,3.,-21,0.18680000000000002,-99999.,-99999.,-99999.,-99999.,-99999.,-99999.
122536,7891136,-51.626642,-57.65259,3.1,-23,-99999,-99999.,-99999.,-99999.,-99999.,-99999.,-99999.
122536,7891465,-51.6305,-57.651552,2.6,-23,-99999,-99999.,-99999.,-99999.,-99999.,-99999.,-99999.
122536,7892343,-51.638373,-57.659433,2.3,-23,-99999,-99999.,-99999.,-99999.,-99999.,-99999.,-99999.
122536,7896095,-51.645792,-57.684233,1.1,-18,-99999,-99999.,-99999.,-99999.,-99999.,-99999.,-99999.
122536,7898633,-51.646118,-57.68081,0.8,-19,-99999,-99999.,-99999.,-99999.,-99999.,-99999.,-99999.
122536,7899133,-51.644878,-57.679508,0.7,-18,-99999,-99999.,-99999.,-99999.,-99999.,-99999.,-99999.
122536,7899934,-51.651063,-57.694242,7.5,-19,-99999,-99999.,-99999.,-99999.,-99999.,-99999.,-99999.
122536,7905963,-51.673558,-57.836807,0.6,-1,0.18510000000000001,-99999.,-99999.,-99999.,-99999.,-99999.,-99999.
122536,7906022,-51.673593,-57.836587,0.6,-1,0.18510000000000001,-99999.,-99999.,-99999.,-99999.,-99999.,-99999.
122536,7906033,-51.673602,-57.836543,0.6,-1,0.18510000000000001,-99999.,-99999.,-99999.,-99999.,-99999.,-99999.
122536,7906044,-51.673602,-57.836507,0.5,-1,0.18510000000000001,-99999.,-99999.,-99999.,-99999.,-99999.,-99999.
122536,7906045,-51.673602,-57.836507,0.5,-1,0.18510000000000001,-99999.,-99999.,-99999.,-99999.,-99999.,-99999.
122536,7906053,-51.673603,-57.836472,0.6,-1,0.18510000000000001,-99999.,-99999.,-99999.,-99999.,-99999.,-99999.
122536,7906063,-51.673602,-57.836423,0.5,-1,0.18510000000000001,-99999.,-99999.,-99999.,-99999.,-99999.,-99999.
122536,7906123,-51.67357,-57.836165,0.5,-1,0.1852,-99999.,-99999.,-99999.,-99999.,-99999.,-99999.
122536,7906142,-51.67354,-57.836088,0.5,-1,0.1852,-99999.,-99999.,-99999.,-99999.,-99999.,-99999.
122536,7906143,-51.67354,-57.836088,0.5,-1,0.1852,-99999.,-99999.,-99999.,-99999.,-99999.,-99999.
122536,7906183,-51.673488,-57.835963,0.5,-1,0.1852,-99999.,-99999.,-99999.,-99999.,-99999.,-99999.
122536,7906224,-51.673502,-57.835852,0.3,-1,0.1852,-99999.,-99999.,-99999.,-99999.,-99999.,-99999.
122536,7910925,-51.665487,-57.779662,10.9,-4,-99999,-99999.,-99999.,-99999.,-99999.,-99999.,-99999.
122536,7911682,-51.656698,-57.722513,10.4,-19,-99999,-99999.,-99999.,-99999.,-99999.,-99999.,-99999.
122536,7911683,-51.656698,-57.722513,10.4,-19,-99999,-99999.,-99999.,-99999.,-99999.,-99999.,-99999.
122536,7911692,-51.65648,-57.721842,10.3,-19,-99999,-99999.,-99999.,-99999.,-99999.,-99999.,-99999.
122536,7911712,-51.65604,-57.720573,10.,-19,-99999,-99999.,-99999.,-99999.,-99999.,-99999.,-99999.
122536,7911713,-51.65604,-57.720573,10.,-19,-99999,-99999.,-99999.,-99999.,-99999.,-99999.,-99999.
122536,7911742,-51.655247,-57.718618,10.5,-19,-99999,-99999.,-99999.,-99999.,-99999.,-99999.,-99999.
122536,7911743,-51.655247,-57.718618,10.5,-19,-99999,-99999.,-99999.,-99999.,-99999.,-99999.,-99999.
122536,7911822,-51.652832,-57.714022,9.6,-19,-99999,-99999.,-99999.,-99999.,-99999.,-99999.,-99999.
122536,7911828,-51.652647,-57.713803,9.6,-19,-99999,-99999.,-99999.,-99999.,-99999.,-99999.,-99999.
122536,7911833,-51.6525,-57.713638,9.7,-18,-99999,-99999.,-99999.,-99999.,-99999.,-99999.,-99999.
122536,7911842,-51.652107,-57.713155,9.6,-18,-99999,-99999.,-99999.,-99999.,-99999.,-99999.,-99999.
122536,7911854,-51.65177,-57.712713,10.,-18,-99999,-99999.,-99999.,-99999.,-99999.,-99999.,-99999.
122536,7911862,-51.651477,-57.712295,9.6,-18,-99999,-99999.,-99999.,-99999.,-99999.,-99999.,-99999.
122536,7911902,-51.650095,-57.710463,8.7,-18,-99999,-99999.,-99999.,-99999.,-99999.,-99999.,-99999.
122536,7911903,-51.650095,-57.710463,8.7,-18,-99999,-99999.,-99999.,-99999.,-99999.,-99999.,-99999.
122536,7911912,-51.649783,-57.710182,9.3,-18,-99999,-99999.,-99999.,-99999.,-99999.,-99999.,-99999.
122536,7911913,-51.649783,-57.710182,9.3,-18,-99999,-99999.,-99999.,-99999.,-99999.,-99999.,-99999.
122536,7911918,-51.649572,-57.71002,8.9,-18,-99999,-99999.,-99999.,-99999.,-99999.,-99999.,-99999.
122536,7911919,-51.649572,-57.71002,8.9,-18,-99999,-99999.,-99999.,-99999.,-99999.,-99999.,-99999.
122536,7911929,-51.649137,-57.709718,8.5,-18,-99999,-99999.,-99999.,-99999.,-99999.,-99999.,-99999.
122536,7911930,-51.649137,-57.709718,8.5,-18,-99999,-99999.,-99999.,-99999.,-99999.,-99999.,-99999.
122536,7911932,-51.649025,-57.709645,9.3,-18,-99999,-99999.,-99999.,-99999.,-99999.,-99999.,-99999.
122536,7911933,-51.649025,-57.709645,9.3,-18,-99999,-99999.,-99999.,-99999.,-99999.,-99999.,-99999.
122536,7911939,-51.648843,-57.709515,8.8,-18,-99999,-99999.,-99999.,-99999.,-99999.,-99999.,-99999.
122536,7911942,-51.648667,-57.709402,8.9,-18,-99999,-99999.,-99999.,-99999.,-99999.,-99999.,-99999.
122536,7911943,-51.648667,-57.709402,8.9,-18,-99999,-99999.,-99999.,-99999.,-99999.,-99999.,-99999.
122536,7916347,-51.476148,-57.691117,8.4,-21,0.189,-99999.,-99999.,-99999.,-99999.,-99999.,-99999.
122536,7917533,-51.433685,-57.72411,8.7,-17,0.1898,31.6,-0.46,10.4,13.9,0.09,0.08
122536,7917542,-51.43336,-57.72437,8.6,-17,0.1899,31.6,-0.46,10.4,13.9,0.09,0.08
122536,7917543,-51.43336,-57.72437,8.6,-17,0.1899,31.6,-0.46,10.4,13.9,0.09,0.08
122536,7917553,-51.432963,-57.724693,8.6,-17,0.19,31.6,-0.46,10.4,13.9,0.09,0.08
122536,7917563,-51.432603,-57.724983,8.9,-17,0.19010000000000002,31.6,-0.46,10.4,13.9,0.09,0.08
122536,7917564,-51.432603,-57.724983,8.9,-17,0.19010000000000002,31.6,-0.46,10.4,13.9,0.09,0.08
122536,7917573,-51.432258,-57.725278,8.7,-17,0.1902,31.6,-0.46,10.4,13.9,0.09,0.08
122536,7917633,-51.430083,-57.727018,8.6,-16,0.19090000000000001,31.6,-0.46,10.4,13.9,0.09,0.08
122536,7917643,-51.429723,-57.727313,8.8,-16,0.191,31.6,-0.46,10.4,13.9,0.09,0.08
122536,7917683,-51.428265,-57.728477,8.6,-16,0.1915,31.6,-0.46,10.4,13.9,0.09,0.08
122536,7917782,-51.4247,-57.731375,8.7,-16,0.1927,31.6,-0.46,10.4,13.9,0.09,0.08
122536,7917793,-51.424302,-57.731688,8.7,-16,0.1928,31.6,-0.46,10.4,13.9,0.09,0.08
122536,7917832,-51.422883,-57.732793,8.7,-16,0.1933,31.6,-0.46,10.4,13.9,0.09,0.08
122536,7917833,-51.422883,-57.732793,8.7,-16,0.1933,31.6,-0.46,10.4,13.9,0.09,0.08
122536,7917842,-51.422517,-57.73307,9.,-16,0.19340000000000002,31.6,-0.46,10.4,13.9,0.09,0.08
122536,7917901,-51.420333,-57.734785,8.5,-15,0.19410000000000002,31.6,-0.46,10.4,13.9,0.09,0.08
122536,7918004,-51.41672,-57.73763,8.7,-15,0.1953,31.6,-0.46,10.4,13.9,0.09,0.08
122536,7921786,-51.32529,-57.923212,8.5,-10,0.1804,31.6,-0.46,10.600000000000001,10.9,0.23,0.05
122536,7923421,-51.289285,-58.014673,9.1,-8,0.1819,31.6,-0.46,10.600000000000001,10.9,0.11,0.08
122536,7923422,-51.289285,-58.014673,9.1,-8,0.1819,31.6,-0.46,10.600000000000001,10.9,0.11,0.08
122536,7923443,-51.288877,-58.015928,9.1,-8,0.18180000000000002,31.6,-0.46,10.600000000000001,10.9,0.11,0.08
122536,7923444,-51.288877,-58.015928,9.1,-8,0.18180000000000002,31.6,-0.46,10.600000000000001,10.9,0.11,0.08
122536,7923452,-51.288705,-58.016462,9.1,-8,0.1817,31.6,-0.46,10.600000000000001,10.9,0.11,0.08
122536,7923453,-51.288705,-58.016462,9.1,-8,0.1817,31.6,-0.46,10.600000000000001,10.9,0.11,0.08
122536,7923463,-51.288488,-58.017112,9.2,-8,0.1816,31.6,-0.46,10.600000000000001,10.9,0.11,0.08
122536,7923464,-51.288488,-58.017112,9.2,-8,0.1816,31.6,-0.46,10.600000000000001,10.9,0.11,0.08
122536,7923471,-51.288303,-58.01764,9.,-8,0.1816,31.6,-0.46,10.600000000000001,10.9,0.11,0.08
122536,7923473,-51.288303,-58.01764,9.,-8,0.1816,31.6,-0.46,10.600000000000001,10.9,0.11,0.08
122536,7923481,-51.288102,-58.018223,9.1,-8,0.18150000000000002,31.6,-0.46,10.600000000000001,10.9,0.11,0.08
122536,7923483,-51.288102,-58.018223,9.1,-8,0.18150000000000002,31.6,-0.46,10.600000000000001,10.9,0.11,0.08
122536,7923492,-51.287902,-58.018812,9.2,-8,0.1814,31.6,-0.46,10.600000000000001,10.9,0.11,0.08
122536,7923493,-51.287902,-58.018812,9.2,-8,0.1814,31.6,-0.46,10.600000000000001,10.9,0.11,0.08
122536,7923523,-51.287308,-58.020653,9.2,-8,0.1811,31.6,-0.46,10.600000000000001,10.9,0.11,0.08
122536,7923541,-51.28693,-58.021768,9.2,-8,0.18100000000000002,31.6,-0.46,10.600000000000001,10.9,0.11,0.08
122536,7923584,-51.286138,-58.02419,9.2,-9,0.1807,31.6,-0.46,10.600000000000001,10.9,0.11,0.08
122536,7923602,-51.285762,-58.025327,8.9,-9,0.18050000000000002,31.6,-0.46,10.600000000000001,10.9,0.11,0.08
122536,7923623,-51.28533,-58.026563,9.4,-9,0.18030000000000002,31.6,-0.46,10.600000000000001,10.9,0.11,0.08
122536,7923644,-51.284935,-58.027752,8.9,-9,0.1802,31.6,-0.46,10.600000000000001,10.9,0.11,0.08
122536,7923662,-51.284548,-58.028885,9.5,-9,0.18000000000000002,31.6,-0.46,10.600000000000001,10.9,0.11,0.08
122536,7923704,-51.283753,-58.031305,9.1,-9,0.1796,31.6,-0.46,10.600000000000001,10.9,0.11,0.08
122536,7923753,-51.28277,-58.034167,9.,-10,0.1792,31.6,-0.46,10.600000000000001,10.9,0.11,0.08
122536,7923764,-51.282543,-58.034842,9.1,-10,0.1791,31.6,-0.46,10.600000000000001,10.9,0.11,0.08
122536,7923933,-51.279205,-58.044822,9.2,-11,0.1845,31.6,-0.46,10.700000000000001,11.600000000000001,0.12,0.08
122536,7946283,-51.046013,-59.6032,9.8,-13,0.19190000000000002,-99999.,-99999.,-99999.,-99999.,-99999.,-99999.
122536,7946284,-51.046013,-59.6032,9.8,-13,0.19190000000000002,-99999.,-99999.,-99999.,-99999.,-99999.,-99999.
122536,7946293,-51.045923,-59.603853,9.4,-13,0.1918,-99999.,-99999.,-99999.,-99999.,-99999.,-99999.
122536,7946302,-51.045803,-59.604657,10.5,-13,0.19160000000000002,-99999.,-99999.,-99999.,-99999.,-99999.,-99999.
122536,7946312,-51.045697,-59.605378,10.2,-13,0.19140000000000001,-99999.,-99999.,-99999.,-99999.,-99999.,-99999.
122536,7946343,-51.045403,-59.607498,9.5,-14,0.19090000000000001,-99999.,-99999.,-99999.,-99999.,-99999.,-99999.
122536,7946352,-51.045308,-59.60813,9.5,-14,0.1907,-99999.,-99999.,-99999.,-99999.,-99999.,-99999.
122536,7946353,-51.045308,-59.60813,9.5,-14,0.1907,-99999.,-99999.,-99999.,-99999.,-99999.,-99999.
122536,7946362,-51.045185,-59.608928,10.1,-14,0.1905,-99999.,-99999.,-99999.,-99999.,-99999.,-99999.
122536,7946363,-51.045185,-59.608928,10.1,-14,0.1905,-99999.,-99999.,-99999.,-99999.,-99999.,-99999.
122536,7946412,-51.044658,-59.61249,9.9,-14,0.18960000000000002,-99999.,-99999.,-99999.,-99999.,-99999.,-99999.
122536,7946413,-51.044658,-59.61249,9.9,-14,0.18960000000000002,-99999.,-99999.,-99999.,-99999.,-99999.,-99999.
122536,7946423,-51.044528,-59.613288,9.3,-14,0.1894,-99999.,-99999.,-99999.,-99999.,-99999.,-99999.
122536,7946432,-51.044425,-59.61395,9.7,-14,0.1892,-99999.,-99999.,-99999.,-99999.,-99999.,-99999.
122536,7946433,-51.044425,-59.61395,9.7,-14,0.1892,-99999.,-99999.,-99999.,-99999.,-99999.,-99999.
122536,7946444,-51.044317,-59.614767,10.6,-14,0.189,-99999.,-99999.,-99999.,-99999.,-99999.,-99999.
122536,7946473,-51.04399,-59.616902,9.8,-14,0.1885,-99999.,-99999.,-99999.,-99999.,-99999.,-99999.
122536,7946483,-51.043863,-59.617717,9.7,-15,0.1883,-99999.,-99999.,-99999.,-99999.,-99999.,-99999.
122536,7946504,-51.043625,-59.619203,10.6,-15,0.1879,-99999.,-99999.,-99999.,-99999.,-99999.,-99999.